16.0,496.0,0.1928,-2.1605
32.0,496.0,4.2603,1.1381
48.0,496.0,2.1183,2.0441
64.0,496.0,0.2171,0.1966
80.0,496.0,3.5328,0.5358
96.0,496.0,4.4058,6.2056
112.0,496.0,1.9699,3.9551
128.0,496.0,3.4698,5.6925
144.0,496.0,5.4134,25.2409
160.0,496.0,3.5517,31.1539
176.0,496.0,4.3146,24.6876
192.0,496.0,4.03,25.9727
208.0,496.0,4.1367,29.055
224.0,496.0,4.2431,34.8343
240.0,496.0,7.3881,36.4616
256.0,496.0,4.4254,43.1961
272.0,496.0,0.223,50.2676
288.0,496.0,-0.6922,53.9282
304.0,496.0,-1.3111,51.0628
320.0,496.0,-0.358,42.0134
336.0,496.0,0.6968,36.4527
352.0,496.0,-0.3254,34.771
368.0,496.0,-1.1152,27.017
384.0,496.0,-1.9468,21.2765
400.0,496.0,-0.3229,17.0839
416.0,496.0,1.6436,9.8516
432.0,496.0,1.6186,10.779
448.0,496.0,4.9122,7.9718
464.0,496.0,4.0096,2.516
480.0,496.0,-1.5429,1.1202
496.0,496.0,0.5825,0.2323
16.0,480.0,3.4412,8.0576
32.0,480.0,0.5033,0.9893
48.0,480.0,0.5903,1.2006
64.0,480.0,0.7863,1.9449
80.0,480.0,0.8709,3.4126
96.0,480.0,2.3689,5.6894
112.0,480.0,1.7735,5.9433
128.0,480.0,1.5479,15.172
144.0,480.0,2.8992,14.5849
160.0,480.0,3.4948,24.8316
176.0,480.0,4.5729,23.115
192.0,480.0,5.9631,22.2805
208.0,480.0,-1.0746,27.6901
224.0,480.0,-0.8455,36.4321
240.0,480.0,3.2227,40.6183
256.0,480.0,0.754,42.7149
272.0,480.0,-2.1698,46.6568
288.0,480.0,-4.2166,50.1856
304.0,480.0,-7.3027,48.2012
320.0,480.0,-8.2848,43.1629
336.0,480.0,-4.5708,39.8794
352.0,480.0,-0.6512,35.3029
368.0,480.0,-1.997,21.735
384.0,480.0,-5.4787,15.2037
400.0,480.0,-3.0977,12.3817
416.0,480.0,-0.7895,10.758
432.0,480.0,1.4606,10.1557
448.0,480.0,3.3289,4.9152
464.0,480.0,3.5664,3.3491
480.0,480.0,2.0597,1.8078
496.0,480.0,2.0216,1.9664
16.0,464.0,1.6706,1.6598
32.0,464.0,-0.738,-0.6304
48.0,464.0,-0.9186,-1.3931
64.0,464.0,-0.8963,0.5503
80.0,464.0,0.7816,3.2688
96.0,464.0,0.9854,5.7734
112.0,464.0,1.022,10.3572
128.0,464.0,1.0607,15.4269
144.0,464.0,0.8036,18.7222
160.0,464.0,2.1332,22.7848
176.0,464.0,0.968,19.9749
192.0,464.0,4.3596,23.0848
208.0,464.0,-4.566,35.7143
224.0,464.0,-2.5751,39.373
240.0,464.0,0.7347,41.8495
256.0,464.0,0.4784,44.7447
272.0,464.0,-0.3782,47.3497
288.0,464.0,-5.4558,47.4707
304.0,464.0,-7.4068,47.7419
320.0,464.0,-4.8389,45.5391
336.0,464.0,-0.9562,42.1343
352.0,464.0,1.889,39.0718
368.0,464.0,-0.8041,21.694
384.0,464.0,-4.8708,12.6427
400.0,464.0,-2.8999,9.952
416.0,464.0,-0.6601,9.9314
432.0,464.0,2.0819,6.6158
448.0,464.0,1.5471,5.426
464.0,464.0,3.0354,2.4641
480.0,464.0,3.1944,1.6968
496.0,464.0,1.6581,2.0876
16.0,448.0,-0.8249,1.314
32.0,448.0,-0.4528,0.0467
48.0,448.0,-1.0885,-0.001
64.0,448.0,-0.8089,0.8812
80.0,448.0,-1.4307,0.9745
96.0,448.0,0.6385,6.0986
112.0,448.0,0.4994,10.6466
128.0,448.0,0.4695,15.1769
144.0,448.0,-5.5271,31.4695
160.0,448.0,-2.0216,28.5358
176.0,448.0,-3.73,19.6362
192.0,448.0,-1.2041,27.8201
208.0,448.0,-4.1464,37.1069
224.0,448.0,-1.7914,36.8729
240.0,448.0,-2.1208,44.0556
256.0,448.0,-2.2726,50.3353
272.0,448.0,-1.3824,52.3081
288.0,448.0,-3.8744,48.9096
304.0,448.0,-4.3039,46.7854
320.0,448.0,-1.8251,44.2183
336.0,448.0,1.683,41.2624
352.0,448.0,2.8095,38.9254
368.0,448.0,-0.8102,29.6671
384.0,448.0,-1.8637,19.7779
400.0,448.0,-1.2127,9.1465
416.0,448.0,-0.873,7.0063
432.0,448.0,-0.2401,6.7068
448.0,448.0,-0.223,4.4584
464.0,448.0,1.9873,2.6878
480.0,448.0,2.2547,1.255
496.0,448.0,1.4329,2.422
16.0,432.0,1.387,1.2705
32.0,432.0,-0.2542,0.0435
48.0,432.0,-0.1326,-1.0437
64.0,432.0,-0.0355,0.4623
80.0,432.0,0.1262,3.0884
96.0,432.0,0.3401,6.092
112.0,432.0,1.825,4.8786
128.0,432.0,-0.8862,11.9541
144.0,432.0,-3.4107,28.6087
160.0,432.0,-2.3096,30.7028
176.0,432.0,-3.8136,24.8137
192.0,432.0,-1.606,25.9089
208.0,432.0,-3.7157,32.4326
224.0,432.0,-4.5942,35.7374
240.0,432.0,-3.3667,43.0286
256.0,432.0,-1.5898,50.317
272.0,432.0,-1.1728,54.3774
288.0,432.0,-1.7666,50.9235
304.0,432.0,-1.24,46.2408
320.0,432.0,-1.7843,45.0357
336.0,432.0,-0.1686,41.3353
352.0,432.0,0.4395,37.0781
368.0,432.0,-4.4947,30.41
384.0,432.0,-2.3539,26.3971
400.0,432.0,0.8755,11.409
416.0,432.0,-0.9796,9.9566
432.0,432.0,-3.624,5.4329
448.0,432.0,-0.7261,1.4488
464.0,432.0,1.0864,1.5774
480.0,432.0,-1.2205,3.6179
496.0,432.0,0.7465,2.5282
16.0,416.0,5.3942,0.9674
32.0,416.0,-0.3452,-0.4868
48.0,416.0,-0.5844,-1.8566
64.0,416.0,0.3712,-0.2785
80.0,416.0,-0.0714,3.9181
96.0,416.0,-0.0962,6.7748
112.0,416.0,2.6577,3.8828
128.0,416.0,2.0638,10.428
144.0,416.0,1.1728,23.8709
160.0,416.0,-1.7662,21.0474
176.0,416.0,-4.4682,23.0333
192.0,416.0,-1.8988,18.4557
208.0,416.0,-2.0433,22.101
224.0,416.0,-3.4241,36.0159
240.0,416.0,-1.0036,44.1473
256.0,416.0,-2.3657,50.0587
272.0,416.0,-1.8042,54.0026
288.0,416.0,0.4808,51.0891
304.0,416.0,-2.4801,44.9438
320.0,416.0,-2.5599,43.9762
336.0,416.0,-2.529,40.6157
352.0,416.0,-0.1511,29.8073
368.0,416.0,-1.6115,28.2896
384.0,416.0,1.0706,22.5433
400.0,416.0,2.8177,13.8681
416.0,416.0,-0.4526,11.0357
432.0,416.0,-1.9115,4.9463
448.0,416.0,-0.1953,4.975
464.0,416.0,-0.3496,3.5176
480.0,416.0,0.0038,2.907
496.0,416.0,0.0162,2.4777
16.0,400.0,4.2818,1.2825
32.0,400.0,-0.3822,-0.518
48.0,400.0,-1.9436,-3.1916
64.0,400.0,0.1757,-1.1889
80.0,400.0,-0.4001,5.5644
96.0,400.0,-0.5151,8.2475
112.0,400.0,2.6545,4.7518
128.0,400.0,-2.0271,14.6221
144.0,400.0,2.3787,23.386
160.0,400.0,-0.639,13.3211
176.0,400.0,-2.5902,12.2622
192.0,400.0,-3.1927,16.0412
208.0,400.0,-3.2818,15.9288
224.0,400.0,-0.2859,35.8549
240.0,400.0,1.3268,45.7697
256.0,400.0,-1.3683,49.9191
272.0,400.0,-1.8402,52.6224
288.0,400.0,-0.1226,49.9609
304.0,400.0,-2.2644,44.9362
320.0,400.0,-2.581,44.9289
336.0,400.0,-1.7151,41.6399
352.0,400.0,2.2903,24.0879
368.0,400.0,6.0509,21.2055
384.0,400.0,1.0759,22.868
400.0,400.0,0.8207,16.6103
416.0,400.0,1.5665,9.3555
432.0,400.0,-0.2011,7.1779
448.0,400.0,-0.1022,5.0349
464.0,400.0,-0.0344,3.434
480.0,400.0,0.4671,2.9023
496.0,400.0,-3.0802,2.3888
16.0,384.0,6.0123,-2.6756
32.0,384.0,0.6731,-0.5915
48.0,384.0,0.6194,2.7042
64.0,384.0,-0.9612,5.5741
80.0,384.0,-1.0768,8.1742
96.0,384.0,-1.1199,10.8726
112.0,384.0,-1.4261,11.9743
128.0,384.0,-3.3701,15.8459
144.0,384.0,0.7843,19.3485
160.0,384.0,-0.5589,13.2099
176.0,384.0,-0.1032,11.713
192.0,384.0,0.4004,15.218
208.0,384.0,3.5423,19.2068
224.0,384.0,-0.1928,35.1524
240.0,384.0,2.9388,43.8938
256.0,384.0,3.1275,48.3051
272.0,384.0,1.5562,50.9378
288.0,384.0,0.3857,49.0847
304.0,384.0,-0.9199,44.5032
320.0,384.0,0.5703,43.4156
336.0,384.0,-3.2742,44.779
352.0,384.0,-0.7462,30.1874
368.0,384.0,4.3945,18.7939
384.0,384.0,-0.9911,20.4966
400.0,384.0,-2.919,15.106
416.0,384.0,1.0864,9.5415
432.0,384.0,-2.8391,5.5374
448.0,384.0,1.0794,5.0642
464.0,384.0,-1.3447,2.0681
480.0,384.0,0.9021,2.7669
496.0,384.0,-2.6247,0.6605
16.0,368.0,7.1274,-0.841
32.0,368.0,0.1116,-0.7547
48.0,368.0,0.5208,4.0058
64.0,368.0,-1.0354,7.4618
80.0,368.0,-1.4293,11.0076
96.0,368.0,-6.5495,21.4285
112.0,368.0,-1.914,15.8491
128.0,368.0,-0.1755,14.8415
144.0,368.0,-1.0242,13.0735
160.0,368.0,-2.1564,9.5922
176.0,368.0,-0.2174,12.816
192.0,368.0,2.8187,13.8903
208.0,368.0,-0.2647,29.7005
224.0,368.0,0.2121,36.5656
240.0,368.0,1.4185,43.0523
256.0,368.0,1.3359,47.9467
272.0,368.0,-0.1381,50.1099
288.0,368.0,-0.9024,50.6779
304.0,368.0,-2.1925,45.1246
320.0,368.0,-1.6308,39.9633
336.0,368.0,-0.5767,38.6005
352.0,368.0,-8.9617,32.3305
368.0,368.0,-4.702,23.6448
384.0,368.0,-5.0928,19.4038
400.0,368.0,-2.8011,11.6188
416.0,368.0,0.6731,6.0173
432.0,368.0,-1.6275,4.7091
448.0,368.0,1.893,6.2262
464.0,368.0,3.1815,3.7971
480.0,368.0,1.1141,2.8677
496.0,368.0,8.5302,-2.1608
16.0,352.0,3.4958,1.1955
32.0,352.0,2.6134,-0.8347
48.0,352.0,0.6703,5.2269
64.0,352.0,-0.9675,9.4633
80.0,352.0,-7.383,14.3011
96.0,352.0,-4.9221,24.3633
112.0,352.0,-2.1935,25.358
128.0,352.0,1.7149,18.6094
144.0,352.0,-1.8135,8.4581
160.0,352.0,-2.4796,7.7095
176.0,352.0,-1.7763,19.165
192.0,352.0,-2.0693,35.6022
208.0,352.0,-0.4875,39.6915
224.0,352.0,0.8875,43.4793
240.0,352.0,-0.1696,44.7523
256.0,352.0,-0.7801,48.061
272.0,352.0,-1.1433,50.6556
288.0,352.0,-1.4954,51.6504
304.0,352.0,-1.1108,46.0896
320.0,352.0,-1.609,40.5506
336.0,352.0,-1.0256,42.0069
352.0,352.0,-4.3861,38.7802
368.0,352.0,-1.2453,34.1209
384.0,352.0,0.9571,36.9797
400.0,352.0,1.24,35.5087
416.0,352.0,2.5688,18.7387
432.0,352.0,1.9887,12.7917
448.0,352.0,0.1663,1.0822
464.0,352.0,3.476,5.024
480.0,352.0,1.4412,3.0634
496.0,352.0,3.5019,-2.7067
16.0,336.0,5.2057,4.4775
32.0,336.0,2.9943,0.8898
48.0,336.0,0.7475,1.6991
64.0,336.0,-1.1757,10.7452
80.0,336.0,-5.4737,16.9853
96.0,336.0,0.3256,24.9346
112.0,336.0,-0.9586,28.9021
128.0,336.0,-0.128,19.1334
144.0,336.0,-4.3535,7.8766
160.0,336.0,-6.1878,8.2985
176.0,336.0,-4.6146,14.7497
192.0,336.0,-1.6853,26.6445
208.0,336.0,0.6905,37.2587
224.0,336.0,0.7504,46.6808
240.0,336.0,-0.6729,47.422
256.0,336.0,0.3046,48.1031
272.0,336.0,-1.7239,53.2097
288.0,336.0,-2.6405,53.1513
304.0,336.0,0.7332,49.8322
320.0,336.0,1.4601,47.5277
336.0,336.0,1.1862,41.5415
352.0,336.0,2.2009,41.3641
368.0,336.0,5.6374,45.0575
384.0,336.0,9.4696,46.933
400.0,336.0,7.4522,38.2212
416.0,336.0,8.1457,21.6148
432.0,336.0,5.3782,17.4952
448.0,336.0,2.1206,8.6167
464.0,336.0,-1.6687,2.2181
480.0,336.0,1.5743,2.9445
496.0,336.0,1.6895,2.1125
16.0,320.0,2.6495,-0.0862
32.0,320.0,0.5716,3.5175
48.0,320.0,7.8785,-0.8146
64.0,320.0,-1.354,11.3779
80.0,320.0,-4.2755,18.4786
96.0,320.0,-4.188,26.3849
112.0,320.0,-1.269,27.8076
128.0,320.0,-3.1239,10.7944
144.0,320.0,-7.601,3.4996
160.0,320.0,-12.2469,13.8475
176.0,320.0,-3.6407,24.757
192.0,320.0,0.5604,31.3379
208.0,320.0,1.4189,38.8121
224.0,320.0,-0.4045,43.7443
240.0,320.0,0.2789,44.6714
256.0,320.0,1.0487,46.0991
272.0,320.0,-1.642,49.5798
288.0,320.0,-4.9181,52.3817
304.0,320.0,-2.4757,51.7189
320.0,320.0,2.7851,48.32
336.0,320.0,3.3545,45.6924
352.0,320.0,4.674,47.2706
368.0,320.0,9.2464,46.9402
384.0,320.0,14.237,42.6004
400.0,320.0,9.4301,33.3624
416.0,320.0,6.3419,22.897
432.0,320.0,4.5645,19.1277
448.0,320.0,1.697,8.7807
464.0,320.0,0.4349,4.6322
480.0,320.0,1.0765,2.2797
496.0,320.0,0.5826,1.983
16.0,304.0,0.2666,1.7586
32.0,304.0,-0.0513,-0.1724
48.0,304.0,-0.522,7.5219
64.0,304.0,-1.6645,12.3095
80.0,304.0,-3.4723,15.9025
96.0,304.0,-1.3622,23.2126
112.0,304.0,-6.3986,26.3321
128.0,304.0,-4.8153,9.6874
144.0,304.0,-4.4771,-0.4585
160.0,304.0,-10.1597,13.167
176.0,304.0,0.1873,32.2147
192.0,304.0,1.1934,36.9268
208.0,304.0,-0.0546,41.366
224.0,304.0,-1.1263,42.223
240.0,304.0,-0.0887,45.4054
256.0,304.0,3.087,48.46
272.0,304.0,1.1877,47.3888
288.0,304.0,-2.359,49.5037
304.0,304.0,-1.8307,54.007
320.0,304.0,4.0993,52.4973
336.0,304.0,5.1603,48.1453
352.0,304.0,4.6169,48.995
368.0,304.0,3.7043,49.7124
384.0,304.0,2.9175,44.4181
400.0,304.0,4.4424,29.739
416.0,304.0,1.9278,23.4785
432.0,304.0,5.7358,11.038
448.0,304.0,0.268,2.5
464.0,304.0,-0.0597,1.6731
480.0,304.0,0.6033,1.8261
496.0,304.0,-0.1356,2.2047
16.0,288.0,0.8137,0.1188
32.0,288.0,0.0223,-0.1303
48.0,288.0,-1.3597,7.5004
64.0,288.0,-2.4736,12.8543
80.0,288.0,-2.5558,15.3336
96.0,288.0,-6.4732,23.4127
112.0,288.0,-5.3066,21.5469
128.0,288.0,-4.3446,15.1551
144.0,288.0,-0.466,5.4562
160.0,288.0,-2.64,10.1536
176.0,288.0,3.9783,27.1265
192.0,288.0,2.0649,37.6335
208.0,288.0,-0.0139,42.1068
224.0,288.0,-1.2115,42.8162
240.0,288.0,-1.4839,47.1109
256.0,288.0,0.9647,46.908
272.0,288.0,2.3596,46.5675
288.0,288.0,2.8673,49.3876
304.0,288.0,2.2888,56.0564
320.0,288.0,3.5666,56.23
336.0,288.0,5.076,50.1322
352.0,288.0,4.9313,48.1258
368.0,288.0,2.3447,49.6429
384.0,288.0,0.1102,45.6335
400.0,288.0,-1.4748,34.9888
416.0,288.0,-2.0271,16.917
432.0,288.0,2.42,5.8561
448.0,288.0,-2.408,4.6604
464.0,288.0,-0.769,-0.3443
480.0,288.0,-2.5711,0.6239
496.0,288.0,-0.4363,2.3179
16.0,272.0,1.3298,-1.0612
32.0,272.0,-1.6246,5.0062
48.0,272.0,-2.1769,7.3572
64.0,272.0,-3.2055,12.4652
80.0,272.0,-4.1451,24.0602
96.0,272.0,-6.5979,26.9526
112.0,272.0,-4.4991,12.6112
128.0,272.0,-10.058,6.2706
144.0,272.0,0.0172,7.465
160.0,272.0,0.366,11.9408
176.0,272.0,0.3834,22.2452
192.0,272.0,1.4288,38.0171
208.0,272.0,-1.3802,42.3996
224.0,272.0,-0.3592,42.9544
240.0,272.0,-0.2636,46.4441
256.0,272.0,-0.8181,45.4294
272.0,272.0,0.9588,46.0972
288.0,272.0,4.4758,52.2264
304.0,272.0,5.7137,54.9274
320.0,272.0,4.7853,53.4628
336.0,272.0,5.6061,49.1343
352.0,272.0,5.4604,47.6419
368.0,272.0,3.6907,48.7638
384.0,272.0,2.7346,46.9654
400.0,272.0,-4.6307,37.431
416.0,272.0,-3.2717,11.5711
432.0,272.0,-0.7048,5.5616
448.0,272.0,-0.9264,6.5531
464.0,272.0,-0.6857,3.7181
480.0,272.0,-0.9767,2.8709
496.0,272.0,-0.6916,2.2257
16.0,256.0,-0.5688,-5.7188
32.0,256.0,-1.8068,4.7814
48.0,256.0,-2.2476,6.8515
64.0,256.0,-7.9266,9.0849
80.0,256.0,-6.094,19.2879
96.0,256.0,-4.7363,28.8961
112.0,256.0,-5.386,23.4011
128.0,256.0,-5.1226,8.6939
144.0,256.0,0.3353,8.5325
160.0,256.0,1.939,14.1144
176.0,256.0,2.6112,22.5369
192.0,256.0,3.1496,34.8448
208.0,256.0,-0.1348,40.6723
224.0,256.0,-1.0719,43.2861
240.0,256.0,-3.5515,47.2946
256.0,256.0,-5.5325,49.0313
272.0,256.0,-1.8591,51.47
288.0,256.0,4.2191,54.4025
304.0,256.0,6.307,52.4597
320.0,256.0,4.2545,50.1783
336.0,256.0,1.2218,46.3158
352.0,256.0,1.5047,41.2613
368.0,256.0,3.7064,44.2509
384.0,256.0,3.1227,45.6579
400.0,256.0,-1.3372,34.2102
416.0,256.0,-2.5146,10.1074
432.0,256.0,-2.2236,6.4493
448.0,256.0,-1.6632,6.2254
464.0,256.0,-1.0773,3.854
480.0,256.0,-1.0941,3.0528
496.0,256.0,-0.7448,2.1612
16.0,240.0,-1.3731,2.8152
32.0,240.0,-1.9629,4.0731
48.0,240.0,-2.3594,5.9578
64.0,240.0,-3.6016,6.875
80.0,240.0,-5.6641,9.2211
96.0,240.0,-6.0774,23.1192
112.0,240.0,-3.8094,29.5033
128.0,240.0,-4.1964,18.9537
144.0,240.0,0.9434,14.2046
160.0,240.0,4.361,15.6353
176.0,240.0,5.4996,18.9005
192.0,240.0,6.8001,27.4118
208.0,240.0,1.9808,40.6322
224.0,240.0,-0.1749,45.0542
240.0,240.0,-5.4323,46.0865
256.0,240.0,-6.0717,50.3344
272.0,240.0,-3.2747,57.2334
288.0,240.0,2.5623,55.2773
304.0,240.0,4.125,50.5764
320.0,240.0,1.3416,50.4457
336.0,240.0,-0.5161,45.722
352.0,240.0,-1.2314,41.2697
368.0,240.0,-0.3851,43.4176
384.0,240.0,0.7397,37.1086
400.0,240.0,1.3193,27.4023
416.0,240.0,-2.0399,17.5554
432.0,240.0,-2.8364,6.6282
448.0,240.0,-4.43,4.1313
464.0,240.0,-1.0106,4.2439
480.0,240.0,-0.8257,3.3129
496.0,240.0,0.0999,-0.0
16.0,224.0,-1.2149,2.2957
32.0,224.0,-1.6968,2.9371
48.0,224.0,-1.0719,4.9681
64.0,224.0,-1.6315,6.7358
80.0,224.0,-1.5957,7.7568
96.0,224.0,-3.3615,14.8359
112.0,224.0,-5.8228,22.1951
128.0,224.0,-3.4773,19.7456
144.0,224.0,-0.2287,16.1613
160.0,224.0,3.1355,13.8256
176.0,224.0,6.1668,13.4552
192.0,224.0,3.0401,23.5043
208.0,224.0,2.4965,38.2725
224.0,224.0,-1.8005,42.8364
240.0,224.0,-2.705,41.7635
256.0,224.0,-1.6722,48.8182
272.0,224.0,2.9755,60.7136
288.0,224.0,3.7804,54.5956
304.0,224.0,1.5379,47.5199
320.0,224.0,-2.2213,44.8061
336.0,224.0,-1.1292,36.8114
352.0,224.0,-0.7851,38.7167
368.0,224.0,-2.8919,40.7864
384.0,224.0,-4.5893,30.0545
400.0,224.0,0.9302,18.4753
416.0,224.0,-6.3139,9.8112
432.0,224.0,-1.7072,10.8042
448.0,224.0,-1.282,7.1181
464.0,224.0,-0.6969,4.5955
480.0,224.0,0.0544,0.0271
496.0,224.0,0.2527,0.1009
16.0,208.0,-1.3436,2.1152
32.0,208.0,-1.1169,0.8957
48.0,208.0,-1.3626,-0.9087
64.0,208.0,-2.2964,4.0804
80.0,208.0,-2.2284,7.1562
96.0,208.0,-5.3814,11.6211
112.0,208.0,-5.8445,16.185
128.0,208.0,-2.1826,17.0259
144.0,208.0,-1.2403,15.274
160.0,208.0,0.8789,11.4275
176.0,208.0,5.3387,11.5889
192.0,208.0,2.0567,24.8636
208.0,208.0,1.763,36.3382
224.0,208.0,0.4894,40.1707
240.0,208.0,-0.1501,44.2972
256.0,208.0,-2.1397,56.6587
272.0,208.0,1.8734,61.6816
288.0,208.0,3.0832,49.1459
304.0,208.0,0.5106,42.9016
320.0,208.0,-2.9049,41.3437
336.0,208.0,-2.3962,35.3085
352.0,208.0,-4.2589,36.7851
368.0,208.0,-4.7068,38.0989
384.0,208.0,-7.2784,17.1631
400.0,208.0,-6.8136,10.4696
416.0,208.0,-3.0785,13.5777
432.0,208.0,-1.2798,10.4033
448.0,208.0,-0.9253,7.5165
464.0,208.0,-0.4133,4.9546
480.0,208.0,0.2359,-0.0425
496.0,208.0,0.2853,-0.0
16.0,192.0,-1.2498,1.4109
32.0,192.0,3.6104,2.776
48.0,192.0,-2.459,-0.6922
64.0,192.0,-4.2229,4.1967
80.0,192.0,-3.1199,6.0461
96.0,192.0,-5.1741,8.9382
112.0,192.0,-3.2177,13.1832
128.0,192.0,-2.8606,15.3507
144.0,192.0,1.1509,11.8387
160.0,192.0,2.425,11.2673
176.0,192.0,3.162,15.1325
192.0,192.0,4.5843,22.143
208.0,192.0,4.5279,27.7304
224.0,192.0,3.3073,41.0126
240.0,192.0,-0.655,48.3498
256.0,192.0,-6.4688,59.0433
272.0,192.0,-6.419,61.1897
288.0,192.0,-6.8571,45.3201
304.0,192.0,-5.5965,36.5953
320.0,192.0,-4.5603,37.101
336.0,192.0,-1.6016,38.195
352.0,192.0,-6.6442,38.7085
368.0,192.0,-1.6603,34.3296
384.0,192.0,-5.9618,13.7089
400.0,192.0,-6.1304,9.5963
416.0,192.0,-0.6462,14.1384
432.0,192.0,4.1637,15.4688
448.0,192.0,-0.4743,7.3758
464.0,192.0,-0.2023,5.1164
480.0,192.0,0.226,1.7223
496.0,192.0,0.1429,-0.0952
16.0,176.0,-2.3405,0.3691
32.0,176.0,-1.4527,1.4444
48.0,176.0,-2.7613,1.3704
64.0,176.0,-0.8949,2.1799
80.0,176.0,-3.5095,7.37
96.0,176.0,-3.1084,8.7992
112.0,176.0,-3.0434,14.1045
128.0,176.0,-1.9306,15.5064
144.0,176.0,1.0822,10.4836
160.0,176.0,1.049,11.381
176.0,176.0,1.6562,14.6769
192.0,176.0,5.5241,14.6299
208.0,176.0,6.5695,17.7315
224.0,176.0,2.4967,35.2985
240.0,176.0,2.9192,51.2602
256.0,176.0,-3.5952,58.5026
272.0,176.0,-7.16,60.8
288.0,176.0,-12.9597,48.8497
304.0,176.0,-11.5057,40.4877
320.0,176.0,-5.0762,38.9631
336.0,176.0,-1.808,40.7602
352.0,176.0,-6.9586,37.5212
368.0,176.0,-2.4288,33.5938
384.0,176.0,0.0099,22.505
400.0,176.0,-0.382,14.4503
416.0,176.0,0.2165,11.5959
432.0,176.0,2.5024,12.6951
448.0,176.0,-0.1894,7.0634
464.0,176.0,-0.2794,4.9638
480.0,176.0,-1.9054,3.2364
496.0,176.0,0.156,2.6232
16.0,160.0,-1.7141,-0.5026
32.0,160.0,-1.1533,1.0213
48.0,160.0,-1.4201,1.7162
64.0,160.0,-1.7652,3.0029
80.0,160.0,-2.8755,2.9402
96.0,160.0,-2.9015,6.9914
112.0,160.0,-3.6909,10.6474
128.0,160.0,-1.5303,11.2099
144.0,160.0,-0.0298,10.6976
160.0,160.0,1.6846,9.2657
176.0,160.0,2.2366,9.3161
192.0,160.0,3.2101,14.8506
208.0,160.0,4.8199,19.9215
224.0,160.0,2.2779,32.4886
240.0,160.0,4.5683,47.077
256.0,160.0,-0.6826,55.1355
272.0,160.0,-1.025,58.836
288.0,160.0,-5.7217,54.2011
304.0,160.0,-5.4596,49.341
320.0,160.0,-0.9844,44.7475
336.0,160.0,-2.1925,38.2809
352.0,160.0,-5.5214,27.4191
368.0,160.0,-7.3542,27.9022
384.0,160.0,-4.94,31.1535
400.0,160.0,4.9648,24.0967
416.0,160.0,4.0665,12.4414
432.0,160.0,0.0481,8.9613
448.0,160.0,-0.3434,5.8906
464.0,160.0,-0.552,4.2116
480.0,160.0,-3.0876,0.7811
496.0,160.0,0.2073,2.4525
16.0,144.0,-1.767,0.2741
32.0,144.0,-0.8359,0.6809
48.0,144.0,-1.0847,1.1993
64.0,144.0,-1.4246,2.296
80.0,144.0,-1.3494,4.0308
96.0,144.0,-2.2095,3.7241
112.0,144.0,-2.2821,5.9052
128.0,144.0,-1.3281,7.601
144.0,144.0,-0.1123,8.8205
160.0,144.0,2.5146,8.5485
176.0,144.0,0.8118,9.236
192.0,144.0,3.7539,17.5171
208.0,144.0,3.2789,36.9658
224.0,144.0,1.4662,46.1966
240.0,144.0,0.9005,50.4072
256.0,144.0,1.7422,54.5338
272.0,144.0,2.2104,57.2504
288.0,144.0,1.8938,55.7716
304.0,144.0,2.9997,53.6972
320.0,144.0,3.7899,45.4222
336.0,144.0,6.913,24.8957
352.0,144.0,5.5609,22.5895
368.0,144.0,0.1163,24.4768
384.0,144.0,-0.0269,24.2558
400.0,144.0,0.5547,14.6988
416.0,144.0,1.5036,7.2762
432.0,144.0,-2.7678,6.357
448.0,144.0,0.3597,5.3667
464.0,144.0,-0.9953,3.1805
480.0,144.0,-0.9227,2.3303
496.0,144.0,-0.9793,1.5577
16.0,128.0,1.087,-1.3401
32.0,128.0,-0.3477,-0.2102
48.0,128.0,-1.9075,-1.0113
64.0,128.0,1.0368,0.2659
80.0,128.0,-1.5808,2.0914
96.0,128.0,-1.2179,3.918
112.0,128.0,-2.9888,2.8782
128.0,128.0,0.0765,7.6937
144.0,128.0,-0.045,9.2754
160.0,128.0,1.7368,9.4004
176.0,128.0,2.1975,10.4279
192.0,128.0,4.1292,29.7173
208.0,128.0,-1.6607,42.7246
224.0,128.0,0.9863,47.8882
240.0,128.0,3.2341,53.4616
256.0,128.0,2.7971,55.7625
272.0,128.0,3.8618,54.2376
288.0,128.0,3.8485,54.8189
304.0,128.0,3.0247,53.8374
320.0,128.0,0.8987,45.8796
336.0,128.0,0.4353,15.6752
352.0,128.0,0.168,16.3792
368.0,128.0,-1.4627,18.3523
384.0,128.0,-1.2217,14.2334
400.0,128.0,-2.598,6.6477
416.0,128.0,-0.6044,3.96
432.0,128.0,-3.15,2.6016
448.0,128.0,-1.6674,3.023
464.0,128.0,-6.941,-2.8
480.0,128.0,3.0581,0.3038
496.0,128.0,-0.2073,0.8995
16.0,112.0,3.1479,0.2888
32.0,112.0,-0.2295,0.1465
48.0,112.0,-0.675,0.2041
64.0,112.0,-0.2157,0.2357
80.0,112.0,-1.0841,-0.0689
96.0,112.0,-0.6472,3.076
112.0,112.0,-2.9987,2.9673
128.0,112.0,0.457,8.4574
144.0,112.0,0.6466,9.9186
160.0,112.0,3.0529,8.2937
176.0,112.0,4.2231,9.424
192.0,112.0,3.1816,35.8608
208.0,112.0,-0.9087,42.7776
224.0,112.0,5.1695,48.7331
240.0,112.0,4.6808,54.6549
256.0,112.0,3.5275,52.1193
272.0,112.0,5.3059,49.9563
288.0,112.0,2.3912,53.1261
304.0,112.0,0.3716,49.4745
320.0,112.0,-0.452,45.4765
336.0,112.0,-4.9,29.0665
352.0,112.0,-8.2388,15.8548
368.0,112.0,-6.0778,14.8577
384.0,112.0,-3.0359,10.738
400.0,112.0,-4.928,7.1091
416.0,112.0,-1.1623,3.4021
432.0,112.0,-3.0613,2.2911
448.0,112.0,-1.9251,1.8919
464.0,112.0,-0.9039,-0.3298
480.0,112.0,0.0635,-0.0116
496.0,112.0,-1.3977,-0.0307
16.0,96.0,-0.3974,-0.3923
32.0,96.0,-0.1953,-0.385
48.0,96.0,-5.5225,-5.9614
64.0,96.0,0.7652,-4.8149
80.0,96.0,-0.8921,1.0939
96.0,96.0,1.4467,1.0817
112.0,96.0,-2.0338,3.8822
128.0,96.0,0.7858,6.8457
144.0,96.0,0.9314,7.4198
160.0,96.0,1.8621,8.0742
176.0,96.0,4.0039,9.8007
192.0,96.0,3.0544,33.0753
208.0,96.0,5.1506,43.7464
224.0,96.0,13.1498,47.5988
240.0,96.0,9.9939,46.855
256.0,96.0,3.8858,46.5977
272.0,96.0,3.6692,49.2565
288.0,96.0,1.0107,51.8227
304.0,96.0,0.4606,47.0276
320.0,96.0,1.6697,43.3981
336.0,96.0,-4.3774,38.5141
352.0,96.0,-6.1142,30.2004
368.0,96.0,-4.1783,17.1621
384.0,96.0,-5.9208,11.3794
400.0,96.0,-19.7713,-2.9698
416.0,96.0,-36.8791,-12.0273
432.0,96.0,-58.6364,-68.726
448.0,96.0,-90.2551,-48.0275
464.0,96.0,1.1663,0.033
480.0,96.0,0.6298,-0.8198
496.0,96.0,-1.2096,-1.2447
16.0,80.0,1.5444,0.7942
32.0,80.0,0.4305,0.2752
48.0,80.0,-1.3931,0.5489
64.0,80.0,0.8556,1.4147
80.0,80.0,-0.696,1.853
96.0,80.0,-0.3319,2.6239
112.0,80.0,-0.0092,3.6268
128.0,80.0,1.6851,4.2215
144.0,80.0,0.1394,6.2239
160.0,80.0,-0.7862,12.3194
176.0,80.0,2.8383,19.6106
192.0,80.0,4.0564,22.67
208.0,80.0,10.3689,41.736
224.0,80.0,14.8132,46.2292
240.0,80.0,10.8044,45.8187
256.0,80.0,1.8002,47.6616
272.0,80.0,-0.4053,50.1547
288.0,80.0,-2.129,50.9165
304.0,80.0,-2.5436,47.1338
320.0,80.0,-0.9327,42.8867
336.0,80.0,-1.3891,38.6126
352.0,80.0,-4.5172,23.8186
368.0,80.0,-6.5788,13.8023
384.0,80.0,-4.8525,10.318
400.0,80.0,-1.1089,5.6051
416.0,80.0,-45.4378,-14.877
432.0,80.0,-122.347,-67.603
448.0,80.0,-164.6403,-49.5192
464.0,80.0,-193.9664,-57.2951
480.0,80.0,-225.6603,-61.0881
496.0,80.0,-257.1605,-67.5417
16.0,64.0,-0.6994,0.4477
32.0,64.0,0.0641,0.2213
48.0,64.0,-0.8671,0.4894
64.0,64.0,-0.3878,1.0836
80.0,64.0,-0.4814,0.4433
96.0,64.0,-0.9064,1.1858
112.0,64.0,0.4303,4.2414
128.0,64.0,-0.9563,5.8388
144.0,64.0,0.3304,7.8245
160.0,64.0,2.0687,27.4776
176.0,64.0,2.8376,31.9235
192.0,64.0,5.8847,25.7044
208.0,64.0,8.7105,38.344
224.0,64.0,10.9446,44.0859
240.0,64.0,10.3775,45.6547
256.0,64.0,2.8124,46.8777
272.0,64.0,-3.3926,51.2669
288.0,64.0,-5.365,54.8449
304.0,64.0,-4.3613,52.8955
320.0,64.0,-4.1719,46.6541
336.0,64.0,-2.6711,39.9952
352.0,64.0,-1.0387,29.9593
368.0,64.0,-3.0106,11.562
384.0,64.0,-3.99,7.7019
400.0,64.0,-3.0684,4.5147
416.0,64.0,-2.9144,2.018
432.0,64.0,-148.1321,-75.9385
448.0,64.0,-190.3947,-57.8346
464.0,64.0,-362.2543,-1302.5994
480.0,64.0,-599.991,600.0458
496.0,64.0,-273.4582,-71.7613
16.0,48.0,0.7904,-0.0111
32.0,48.0,0.6144,-0.2146
48.0,48.0,0.5159,0.4654
64.0,48.0,-0.2663,1.0912
80.0,48.0,-0.9535,1.1236
96.0,48.0,-1.9495,2.4637
112.0,48.0,-1.0122,3.9715
128.0,48.0,-1.2848,4.0838
144.0,48.0,0.0462,12.3655
160.0,48.0,0.3099,27.1866
176.0,48.0,3.8269,28.5681
192.0,48.0,2.33,25.4511
208.0,48.0,1.5852,35.7279
224.0,48.0,5.9593,41.1398
240.0,48.0,7.3589,44.3922
256.0,48.0,1.6542,46.06
272.0,48.0,-3.4401,50.0965
288.0,48.0,-2.635,54.5601
304.0,48.0,-1.8038,56.2183
320.0,48.0,-1.6428,49.7316
336.0,48.0,-2.5364,40.3307
352.0,48.0,2.8635,23.3114
368.0,48.0,0.4402,13.8533
384.0,48.0,-3.1679,7.8243
400.0,48.0,-5.3032,4.8136
416.0,48.0,-2.594,1.9249
432.0,48.0,-3.6802,-0.4293
448.0,48.0,-208.3967,-54.8483
464.0,48.0,-1387.6893,90.0963
480.0,48.0,-266.4318,-66.8121
496.0,48.0,-288.7843,-73.2455
16.0,32.0,0.8831,-0.3735
32.0,32.0,1.6752,0.9958
48.0,32.0,1.3845,4.7539
64.0,32.0,-1.688,5.5969
80.0,32.0,-0.5129,1.9434
96.0,32.0,-1.1841,4.9957
112.0,32.0,-1.7519,5.1149
128.0,32.0,-0.5156,-0.6704
144.0,32.0,-0.1357,13.1568
160.0,32.0,-3.0087,28.2232
176.0,32.0,0.489,19.5549
192.0,32.0,1.6895,27.1433
208.0,32.0,-0.4988,41.5525
224.0,32.0,-0.0744,41.9676
240.0,32.0,0.1768,45.1288
256.0,32.0,-4.2404,48.2456
272.0,32.0,-4.8214,52.5267
288.0,32.0,0.0511,56.1293
304.0,32.0,2.6554,54.2923
320.0,32.0,3.7542,49.3883
336.0,32.0,0.8417,39.3328
352.0,32.0,-2.837,16.0795
368.0,32.0,0.0416,13.192
384.0,32.0,-0.6557,10.001
400.0,32.0,-1.8206,6.6191
416.0,32.0,-0.7046,0.8558
432.0,32.0,-180.3653,-81.7615
448.0,32.0,-222.8835,-56.0215
464.0,32.0,-250.6361,-63.618
480.0,32.0,3.9394,-0.0
496.0,32.0,0.0708,-0.0
16.0,16.0,5.5851,-7.453
32.0,16.0,-0.4505,-6.8155
48.0,16.0,0.2939,-6.6923
64.0,16.0,0.1978,-7.8598
80.0,16.0,-0.6415,0.8516
96.0,16.0,-0.7823,1.5452
112.0,16.0,-1.2724,-6.5907
128.0,16.0,1.8829,5.5168
144.0,16.0,-2.4687,11.5387
160.0,16.0,-2.0641,16.7086
176.0,16.0,-0.4646,17.1013
192.0,16.0,-0.6813,32.8075
208.0,16.0,-1.0408,42.318
224.0,16.0,-5.5265,37.3198
240.0,16.0,-9.0933,41.3767
256.0,16.0,-11.2665,53.6821
272.0,16.0,-8.4885,59.7837
288.0,16.0,-4.2992,61.3449
304.0,16.0,-2.2047,57.2062
320.0,16.0,-0.5887,44.1495
336.0,16.0,-0.0986,34.9538
352.0,16.0,-0.3509,25.2141
368.0,16.0,-0.0128,7.053
384.0,16.0,-1.3145,3.7966
400.0,16.0,-2.0073,2.3996
416.0,16.0,-1.033,1.9562
432.0,16.0,-193.3629,-13.6822
448.0,16.0,-210.259,-19.0643
464.0,16.0,-229.2224,-24.2687
480.0,16.0,0.0,-0.0
496.0,16.0,0.0,-0.0
