16.0,496.0,0.4902,1.8408
32.0,496.0,0.89,0.5087
48.0,496.0,0.6165,2.5158
64.0,496.0,-0.5882,2.9797
80.0,496.0,-0.008,3.1282
96.0,496.0,-3.3352,8.2467
112.0,496.0,-4.9847,12.6028
128.0,496.0,-6.5286,18.0556
144.0,496.0,-9.5731,24.2201
160.0,496.0,-12.0303,29.5487
176.0,496.0,-25.4753,44.3157
192.0,496.0,-14.6523,40.359
208.0,496.0,-16.4385,49.6181
224.0,496.0,-12.5343,58.2476
240.0,496.0,-8.9684,59.2171
256.0,496.0,-7.2853,61.8776
272.0,496.0,-7.6303,65.4749
288.0,496.0,-7.007,65.6704
304.0,496.0,-2.7702,55.8983
320.0,496.0,-1.3632,48.0002
336.0,496.0,-0.3792,37.6432
352.0,496.0,-0.7551,11.8286
368.0,496.0,0.1446,7.1241
384.0,496.0,-3.5873,7.0309
400.0,496.0,-3.768,8.4835
416.0,496.0,-1.6752,4.8529
432.0,496.0,0.281,2.8584
448.0,496.0,-2.4576,2.7216
464.0,496.0,-3.0401,1.6697
480.0,496.0,-3.2726,1.0172
496.0,496.0,-7.5819,0.4782
16.0,480.0,-1.5322,1.6933
32.0,480.0,1.3376,2.132
48.0,480.0,0.2697,2.5663
64.0,480.0,-0.3077,1.1095
80.0,480.0,0.1308,2.0891
96.0,480.0,-3.4932,7.9637
112.0,480.0,-5.3427,12.254
128.0,480.0,-6.6858,17.3729
144.0,480.0,-9.1267,22.8585
160.0,480.0,-8.2678,29.2955
176.0,480.0,-16.4061,36.709
192.0,480.0,-21.2259,39.5058
208.0,480.0,-15.6984,45.6537
224.0,480.0,-15.5859,48.0156
240.0,480.0,-15.3509,55.2984
256.0,480.0,-8.6157,58.5892
272.0,480.0,-6.2614,56.7183
288.0,480.0,-4.6495,57.2866
304.0,480.0,-1.9953,62.0054
320.0,480.0,-1.225,51.569
336.0,480.0,-0.3653,40.7574
352.0,480.0,1.5768,15.107
368.0,480.0,0.7536,10.0222
384.0,480.0,-1.7412,10.8076
400.0,480.0,-2.877,9.514
416.0,480.0,-1.347,6.6416
432.0,480.0,-0.2832,6.5895
448.0,480.0,-7.0234,4.7049
464.0,480.0,-10.5861,-15.9847
480.0,480.0,-13.1592,-21.5714
496.0,480.0,-16.213,-29.0357
16.0,464.0,0.8135,2.4136
32.0,464.0,0.7185,1.6478
48.0,464.0,0.8083,1.2489
64.0,464.0,-0.6435,-0.4375
80.0,464.0,-1.8682,1.2846
96.0,464.0,-3.4154,7.6092
112.0,464.0,-5.8513,11.9547
128.0,464.0,-7.1599,17.0773
144.0,464.0,-7.5237,21.8071
160.0,464.0,-4.5799,29.4014
176.0,464.0,-13.9874,35.3603
192.0,464.0,-17.1452,37.0071
208.0,464.0,-12.8361,38.6492
224.0,464.0,-12.8851,43.6384
240.0,464.0,-15.6685,52.4122
256.0,464.0,-12.4241,57.641
272.0,464.0,-6.8569,55.1537
288.0,464.0,-3.3401,58.5318
304.0,464.0,-1.823,69.4437
320.0,464.0,4.7607,70.0329
336.0,464.0,-0.6375,44.2426
352.0,464.0,-0.463,31.9335
368.0,464.0,-1.1349,8.9882
384.0,464.0,-2.5333,10.3443
400.0,464.0,-1.1677,8.7713
416.0,464.0,-0.3246,7.424
432.0,464.0,-0.2958,8.4448
448.0,464.0,-7.7733,-10.1632
464.0,464.0,-9.2322,-13.6508
480.0,464.0,-11.4386,-18.7089
496.0,464.0,-1.4034,1.8423
16.0,448.0,0.1022,0.9632
32.0,448.0,0.2937,0.4688
48.0,448.0,1.2239,1.3279
64.0,448.0,-0.219,0.948
80.0,448.0,-2.4681,1.3401
96.0,448.0,-3.4435,6.5521
112.0,448.0,-6.1911,10.7503
128.0,448.0,-7.5056,15.9326
144.0,448.0,-12.4666,21.4138
160.0,448.0,-6.1728,21.925
176.0,448.0,-6.5954,23.8106
192.0,448.0,-11.2267,30.7562
208.0,448.0,-7.7942,36.5677
224.0,448.0,-8.5346,40.8426
240.0,448.0,-10.2112,47.7047
256.0,448.0,-9.3723,53.2019
272.0,448.0,-5.386,57.646
288.0,448.0,-2.5131,69.4571
304.0,448.0,-2.4004,81.0446
320.0,448.0,2.0952,74.4705
336.0,448.0,-0.778,49.6599
352.0,448.0,-0.4517,36.7378
368.0,448.0,-0.0805,8.5806
384.0,448.0,-0.4684,9.5673
400.0,448.0,-1.3756,9.9047
416.0,448.0,-1.2396,8.9344
432.0,448.0,-0.8762,7.5556
448.0,448.0,1.273,6.0301
464.0,448.0,-3.0035,2.3502
480.0,448.0,-113.1657,-260.1662
496.0,448.0,-2.3727,3.396
16.0,432.0,1.9632,-1.1755
32.0,432.0,0.4423,0.0696
48.0,432.0,-0.3433,-0.4707
64.0,432.0,-0.0893,0.2722
80.0,432.0,1.0605,1.0651
96.0,432.0,-3.3615,5.7694
112.0,432.0,-6.0187,9.5479
128.0,432.0,-7.1013,14.2899
144.0,432.0,-23.9958,23.1041
160.0,432.0,-4.7922,26.7513
176.0,432.0,-6.5557,17.7591
192.0,432.0,-7.1037,17.6846
208.0,432.0,-4.8464,33.8087
224.0,432.0,-4.5036,38.7194
240.0,432.0,-5.3978,42.2842
256.0,432.0,-6.3599,50.8856
272.0,432.0,-4.8344,59.7231
288.0,432.0,-5.8252,76.1436
304.0,432.0,-3.253,87.59
320.0,432.0,-3.0861,78.6375
336.0,432.0,-1.0673,54.5683
352.0,432.0,-0.6558,41.3769
368.0,432.0,-0.5658,28.7408
384.0,432.0,0.4505,10.5146
400.0,432.0,0.8955,11.3804
416.0,432.0,1.2909,12.2395
432.0,432.0,-0.8581,7.4591
448.0,432.0,2.1404,6.6362
464.0,432.0,0.9834,5.2273
480.0,432.0,-9.1554,-17.1213
496.0,432.0,-12.1592,-23.7454
16.0,416.0,4.8115,-0.3273
32.0,416.0,0.1453,-0.5989
48.0,416.0,0.5157,0.2462
64.0,416.0,0.1276,0.3145
80.0,416.0,1.6262,0.7381
96.0,416.0,-2.9663,4.6811
112.0,416.0,-5.6436,8.1555
128.0,416.0,-9.24,4.878
144.0,416.0,-16.6918,17.9291
160.0,416.0,-10.5686,28.7025
176.0,416.0,-9.4952,21.1187
192.0,416.0,-5.2111,19.1854
208.0,416.0,0.7389,30.324
224.0,416.0,0.127,36.6407
240.0,416.0,3.5961,38.8554
256.0,416.0,-0.3294,46.8172
272.0,416.0,-2.8303,57.2632
288.0,416.0,-3.3529,80.1661
304.0,416.0,-2.6169,87.6423
320.0,416.0,-2.8103,77.1772
336.0,416.0,-2.2587,53.653
352.0,416.0,-0.7466,44.9143
368.0,416.0,-0.205,32.569
384.0,416.0,0.3633,23.4417
400.0,416.0,2.5578,10.2566
416.0,416.0,2.5196,9.8001
432.0,416.0,0.8766,6.7654
448.0,416.0,2.113,6.3759
464.0,416.0,1.7881,5.4207
480.0,416.0,-7.8004,-14.9784
496.0,416.0,-10.9126,-21.7684
16.0,400.0,2.1402,-0.581
32.0,400.0,-0.1202,-0.4614
48.0,400.0,-0.8602,-0.782
64.0,400.0,-0.3469,-0.2998
80.0,400.0,-1.3055,2.3781
96.0,400.0,-2.4903,3.9715
112.0,400.0,-4.6628,7.3306
128.0,400.0,-4.8285,7.9962
144.0,400.0,-6.925,11.006
160.0,400.0,-3.9072,18.5682
176.0,400.0,-4.3896,22.5557
192.0,400.0,-1.8497,27.4488
208.0,400.0,0.672,36.4496
224.0,400.0,1.2177,36.5477
240.0,400.0,7.021,40.2443
256.0,400.0,7.4757,44.8318
272.0,400.0,5.3429,52.1772
288.0,400.0,0.3292,74.1213
304.0,400.0,-1.7006,84.0107
320.0,400.0,-1.0223,73.9422
336.0,400.0,-2.7828,60.0174
352.0,400.0,-2.8784,48.5483
368.0,400.0,-0.1048,35.6688
384.0,400.0,0.6813,26.0855
400.0,400.0,1.2763,18.0457
416.0,400.0,0.8162,5.4886
432.0,400.0,2.1454,7.9929
448.0,400.0,1.5369,4.8845
464.0,400.0,0.8467,2.949
480.0,400.0,-2.0582,-2.3647
496.0,400.0,-3.2097,-4.766
16.0,384.0,2.7987,-0.3897
32.0,384.0,-0.2722,-0.0132
48.0,384.0,-1.4587,-2.0346
64.0,384.0,0.267,-1.7628
80.0,384.0,0.9871,-1.2878
96.0,384.0,-2.0445,3.4766
112.0,384.0,-3.1833,6.5154
128.0,384.0,-5.0882,3.4573
144.0,384.0,-7.1136,12.8799
160.0,384.0,-0.5056,19.4561
176.0,384.0,1.1932,25.4173
192.0,384.0,-0.316,32.4509
208.0,384.0,0.7139,33.317
224.0,384.0,0.3122,33.5714
240.0,384.0,4.3203,39.7741
256.0,384.0,7.6721,45.5414
272.0,384.0,7.7415,49.9908
288.0,384.0,2.5181,66.1266
304.0,384.0,-1.8572,76.5076
320.0,384.0,-3.0024,68.4683
336.0,384.0,-1.9922,58.6159
352.0,384.0,-1.6813,50.3431
368.0,384.0,0.8322,41.2718
384.0,384.0,3.5612,35.2886
400.0,384.0,2.3603,14.4779
416.0,384.0,1.9393,11.8781
432.0,384.0,2.9369,7.0955
448.0,384.0,0.6182,3.0312
464.0,384.0,-0.284,2.179
480.0,384.0,-1.1442,-0.7719
496.0,384.0,-1.9923,-2.2862
16.0,368.0,2.8782,-1.7054
32.0,368.0,-0.5651,-0.1141
48.0,368.0,1.564,0.4471
64.0,368.0,-0.6039,1.6827
80.0,368.0,0.1827,0.2291
96.0,368.0,-1.5897,3.2321
112.0,368.0,-1.9892,6.0878
128.0,368.0,-3.9429,6.6135
144.0,368.0,-0.2298,19.2667
160.0,368.0,0.8703,20.8065
176.0,368.0,9.5205,14.0413
192.0,368.0,6.385,17.7954
208.0,368.0,9.329,23.0923
224.0,368.0,3.1591,29.4783
240.0,368.0,4.0545,41.12
256.0,368.0,5.5288,48.2891
272.0,368.0,6.4396,50.8133
288.0,368.0,2.6604,65.6614
304.0,368.0,0.8215,71.6528
320.0,368.0,-4.5477,61.6207
336.0,368.0,-3.4208,56.4301
352.0,368.0,-2.066,51.1133
368.0,368.0,-0.6197,41.1196
384.0,368.0,0.4782,33.7553
400.0,368.0,4.9778,9.5346
416.0,368.0,1.5604,4.3001
432.0,368.0,1.7439,5.9879
448.0,368.0,0.5724,3.269
464.0,368.0,-0.6008,1.1951
480.0,368.0,-1.4202,-0.6744
496.0,368.0,-0.9855,0.0958
16.0,352.0,2.4921,-0.355
32.0,352.0,-0.8602,-0.1223
48.0,352.0,1.8505,0.8696
64.0,352.0,-0.2693,2.5408
80.0,352.0,-0.74,1.5686
96.0,352.0,-1.2629,2.6992
112.0,352.0,-1.3383,5.741
128.0,352.0,-0.7757,6.0465
144.0,352.0,1.6659,17.3639
160.0,352.0,2.7264,19.2226
176.0,352.0,7.1041,14.7305
192.0,352.0,8.5476,12.5494
208.0,352.0,11.7809,19.5267
224.0,352.0,6.7394,32.268
240.0,352.0,6.749,41.5648
256.0,352.0,9.1331,45.849
272.0,352.0,6.4434,48.4819
288.0,352.0,-0.095,59.0549
304.0,352.0,1.1528,69.6318
320.0,352.0,-0.0223,62.5671
336.0,352.0,-1.3205,58.308
352.0,352.0,-1.0052,52.3666
368.0,352.0,2.5738,40.6057
384.0,352.0,2.4897,27.6743
400.0,352.0,2.8946,9.4059
416.0,352.0,3.8513,5.9046
432.0,352.0,1.4514,4.9338
448.0,352.0,2.1597,1.2941
464.0,352.0,0.68,0.8554
480.0,352.0,-0.5177,0.3902
496.0,352.0,-2.2661,0.2821
16.0,336.0,5.6515,-0.3208
32.0,336.0,-0.6289,0.2161
48.0,336.0,-0.4185,1.6302
64.0,336.0,-0.0917,0.7406
80.0,336.0,-0.6527,1.4787
96.0,336.0,-1.2287,-0.3408
112.0,336.0,-1.3306,3.5484
128.0,336.0,-1.4347,7.2203
144.0,336.0,1.5703,13.7785
160.0,336.0,4.7649,19.0678
176.0,336.0,7.0452,16.9149
192.0,336.0,10.7176,14.3393
208.0,336.0,12.4083,17.2888
224.0,336.0,10.8595,32.156
240.0,336.0,10.0897,41.1722
256.0,336.0,10.7193,42.7671
272.0,336.0,6.7633,46.2936
288.0,336.0,2.9474,54.8763
304.0,336.0,0.5493,66.4635
320.0,336.0,2.0193,61.0058
336.0,336.0,0.5882,54.1222
352.0,336.0,-1.3302,46.6249
368.0,336.0,0.659,35.8549
384.0,336.0,2.5938,16.9386
400.0,336.0,1.3403,9.795
416.0,336.0,4.4081,6.6298
432.0,336.0,1.1022,3.663
448.0,336.0,2.018,2.9545
464.0,336.0,1.2444,1.963
480.0,336.0,-0.2834,1.0891
496.0,336.0,-2.7981,1.3309
16.0,320.0,2.8517,-0.4103
32.0,320.0,0.4539,-0.2005
48.0,320.0,-0.667,-0.1575
64.0,320.0,-0.5029,0.5731
80.0,320.0,-0.5873,1.0652
96.0,320.0,-2.7672,-0.0345
112.0,320.0,-0.6535,0.7526
128.0,320.0,-0.9607,5.6814
144.0,320.0,1.0233,16.5287
160.0,320.0,3.2475,25.6903
176.0,320.0,7.3536,22.9361
192.0,320.0,10.4242,18.619
208.0,320.0,17.4265,23.1346
224.0,320.0,16.766,30.7579
240.0,320.0,10.2985,37.3802
256.0,320.0,8.5167,43.0408
272.0,320.0,7.8709,48.4022
288.0,320.0,6.839,53.4662
304.0,320.0,1.2524,62.5544
320.0,320.0,-2.1872,61.4258
336.0,320.0,-3.0138,53.1893
352.0,320.0,-2.8372,43.7397
368.0,320.0,-3.3302,25.7675
384.0,320.0,-2.9579,6.4043
400.0,320.0,-1.1871,3.7897
416.0,320.0,0.8245,3.5154
432.0,320.0,-0.3149,3.82
448.0,320.0,0.3356,2.3766
464.0,320.0,-0.3496,-0.498
480.0,320.0,-1.7466,0.9298
496.0,320.0,-1.3859,3.2141
16.0,304.0,0.1848,0.296
32.0,304.0,0.2525,-0.4551
48.0,304.0,-1.6235,-1.0111
64.0,304.0,-0.3395,0.3394
80.0,304.0,-0.3818,0.787
96.0,304.0,-1.3922,-0.2876
112.0,304.0,0.4906,2.8181
128.0,304.0,-0.9781,7.9594
144.0,304.0,2.6781,14.8228
160.0,304.0,8.3057,22.4901
176.0,304.0,3.4178,29.0272
192.0,304.0,3.3443,26.7765
208.0,304.0,13.937,23.3997
224.0,304.0,13.2303,28.4847
240.0,304.0,10.0914,33.9434
256.0,304.0,4.7586,44.3336
272.0,304.0,6.5681,49.3059
288.0,304.0,8.8703,57.4896
304.0,304.0,5.7291,61.7434
320.0,304.0,-0.4,58.8429
336.0,304.0,-3.3003,50.3714
352.0,304.0,-2.7599,40.8566
368.0,304.0,-2.634,16.5079
384.0,304.0,-7.3984,4.7998
400.0,304.0,-1.6584,1.7828
416.0,304.0,-0.9756,0.9859
432.0,304.0,0.0473,2.0365
448.0,304.0,1.0145,2.5288
464.0,304.0,0.4141,-0.4438
480.0,304.0,-0.2878,1.7144
496.0,304.0,-0.4626,1.1165
16.0,288.0,0.3126,-0.1503
32.0,288.0,-0.1823,-0.3086
48.0,288.0,-0.2768,0.9508
64.0,288.0,-0.1986,-0.2796
80.0,288.0,-0.1126,0.6276
96.0,288.0,0.0378,1.4567
112.0,288.0,-0.2468,-1.4235
128.0,288.0,2.829,3.2999
144.0,288.0,4.3306,12.4426
160.0,288.0,5.7308,16.8736
176.0,288.0,-0.9209,25.0681
192.0,288.0,-1.8867,28.6423
208.0,288.0,1.195,28.8534
224.0,288.0,7.365,30.8542
240.0,288.0,8.5045,33.2541
256.0,288.0,7.432,40.246
272.0,288.0,8.9113,49.3706
288.0,288.0,9.0778,57.8016
304.0,288.0,6.8417,61.0752
320.0,288.0,1.528,55.8064
336.0,288.0,-0.7135,49.3351
352.0,288.0,-1.1404,38.2336
368.0,288.0,-3.8937,17.2163
384.0,288.0,-2.223,7.6468
400.0,288.0,-1.1608,0.7988
416.0,288.0,-5.2465,5.6055
432.0,288.0,-0.9473,3.447
448.0,288.0,-0.7322,2.8679
464.0,288.0,-0.0927,0.4213
480.0,288.0,0.3323,0.4335
496.0,288.0,-0.4367,1.056
16.0,272.0,1.1724,1.9754
32.0,272.0,-0.1776,-0.1917
48.0,272.0,1.265,0.8371
64.0,272.0,0.7336,-0.3357
80.0,272.0,0.3477,0.3925
96.0,272.0,0.6404,1.006
112.0,272.0,0.4011,4.553
128.0,272.0,0.8804,1.7801
144.0,272.0,3.8811,6.9063
160.0,272.0,4.8782,9.8822
176.0,272.0,4.4313,10.5738
192.0,272.0,0.4129,14.5748
208.0,272.0,2.755,17.8484
224.0,272.0,3.7306,26.0403
240.0,272.0,6.7474,29.257
256.0,272.0,12.0708,35.9333
272.0,272.0,15.07,49.8695
288.0,272.0,12.6371,56.0686
304.0,272.0,6.2943,59.8286
320.0,272.0,2.31,54.1292
336.0,272.0,1.022,46.1279
352.0,272.0,-1.8019,33.6905
368.0,272.0,-2.9943,19.8208
384.0,272.0,-1.0248,10.3346
400.0,272.0,-3.804,4.3097
416.0,272.0,-1.4797,4.7735
432.0,272.0,-2.445,6.9967
448.0,272.0,-1.4526,6.8142
464.0,272.0,0.3773,1.7258
480.0,272.0,-0.9392,1.5427
496.0,272.0,-0.5233,1.1535
16.0,256.0,0.0338,0.7126
32.0,256.0,-0.478,0.1854
48.0,256.0,-0.8438,-1.111
64.0,256.0,0.3515,-0.2958
80.0,256.0,0.0303,-0.2131
96.0,256.0,1.5495,3.2003
112.0,256.0,1.9237,1.4904
128.0,256.0,-0.157,1.5148
144.0,256.0,1.993,1.4381
160.0,256.0,3.9818,3.3453
176.0,256.0,3.0548,6.4013
192.0,256.0,2.1486,9.1162
208.0,256.0,4.7089,12.0298
224.0,256.0,11.4653,23.6998
240.0,256.0,6.0085,29.7977
256.0,256.0,5.3768,44.2724
272.0,256.0,12.5549,52.5206
288.0,256.0,16.1303,53.9633
304.0,256.0,4.6633,55.5544
320.0,256.0,-1.2865,51.4763
336.0,256.0,-2.3613,42.7565
352.0,256.0,-4.7373,33.5951
368.0,256.0,-5.3894,23.7289
384.0,256.0,-8.0296,17.5509
400.0,256.0,-3.3249,8.2554
416.0,256.0,-2.8357,6.2145
432.0,256.0,-0.6792,6.3492
448.0,256.0,-0.2666,5.5759
464.0,256.0,2.2579,2.1271
480.0,256.0,-3.117,-0.1608
496.0,256.0,-0.5894,1.5096
16.0,240.0,1.9148,5.7268
32.0,240.0,-0.4868,0.4234
48.0,240.0,-0.3813,-0.3714
64.0,240.0,0.1259,-0.0608
80.0,240.0,1.5989,-0.148
96.0,240.0,2.8959,-1.5156
112.0,240.0,2.0947,-1.5873
128.0,240.0,2.8831,0.0778
144.0,240.0,3.8521,0.4719
160.0,240.0,2.6859,3.0832
176.0,240.0,3.1395,8.9832
192.0,240.0,3.397,10.8902
208.0,240.0,4.726,18.52
224.0,240.0,8.902,27.3216
240.0,240.0,2.8597,39.8575
256.0,240.0,0.239,53.9259
272.0,240.0,3.4328,58.1018
288.0,240.0,5.5643,54.7541
304.0,240.0,0.6372,53.0937
320.0,240.0,-2.659,51.5867
336.0,240.0,-5.3503,43.8465
352.0,240.0,-7.041,33.7315
368.0,240.0,-6.2078,17.3973
384.0,240.0,-1.9987,8.7368
400.0,240.0,-1.5001,7.663
416.0,240.0,-0.7967,7.2723
432.0,240.0,0.3292,6.8117
448.0,240.0,0.7067,6.4726
464.0,240.0,-0.4633,3.4515
480.0,240.0,-3.8448,-0.1072
496.0,240.0,-0.4721,1.7638
16.0,224.0,7.4867,1.1951
32.0,224.0,0.1621,-0.4589
48.0,224.0,-0.3109,-0.7154
64.0,224.0,0.3798,0.4391
80.0,224.0,1.9329,-0.3254
96.0,224.0,2.9097,-0.948
112.0,224.0,2.2665,0.1825
128.0,224.0,5.471,1.1803
144.0,224.0,3.8578,1.4046
160.0,224.0,3.8172,4.6188
176.0,224.0,3.7544,7.9294
192.0,224.0,6.1319,8.7814
208.0,224.0,3.5887,19.668
224.0,224.0,5.6725,32.9807
240.0,224.0,0.8099,41.2462
256.0,224.0,1.7113,50.1448
272.0,224.0,0.2308,53.8389
288.0,224.0,-0.4559,53.9244
304.0,224.0,0.3117,50.971
320.0,224.0,0.4827,50.0618
336.0,224.0,-1.9669,44.0559
352.0,224.0,-8.5718,28.8754
368.0,224.0,-6.4642,18.4376
384.0,224.0,-3.4267,8.2954
400.0,224.0,-1.0811,8.5287
416.0,224.0,0.263,7.3378
432.0,224.0,1.8229,7.6551
448.0,224.0,0.8612,7.4417
464.0,224.0,-0.8942,4.7773
480.0,224.0,-0.2329,1.2609
496.0,224.0,-0.2008,1.6904
16.0,208.0,6.591,0.9331
32.0,208.0,0.7343,-0.4133
48.0,208.0,-0.1579,-3.974
64.0,208.0,0.3429,-0.7309
80.0,208.0,0.6121,-0.5983
96.0,208.0,5.6545,3.6802
112.0,208.0,4.1498,3.7739
128.0,208.0,3.1414,2.0725
144.0,208.0,-0.1383,2.0123
160.0,208.0,1.6872,4.4966
176.0,208.0,3.7498,6.2771
192.0,208.0,3.2419,8.1066
208.0,208.0,5.5002,20.1336
224.0,208.0,3.0891,37.4247
240.0,208.0,1.8904,42.0208
256.0,208.0,0.7317,51.8476
272.0,208.0,2.169,54.7409
288.0,208.0,3.0956,52.5358
304.0,208.0,2.7159,51.0857
320.0,208.0,4.2267,49.3513
336.0,208.0,3.7287,44.4529
352.0,208.0,-3.6266,31.8542
368.0,208.0,-5.4955,22.2599
384.0,208.0,0.4135,15.9185
400.0,208.0,2.0071,12.8952
416.0,208.0,1.2674,10.3979
432.0,208.0,1.0485,7.357
448.0,208.0,1.0054,4.689
464.0,208.0,-1.0475,2.4498
480.0,208.0,2.5772,1.4805
496.0,208.0,0.0315,1.7922
16.0,192.0,1.2791,0.7231
32.0,192.0,0.5945,-0.0641
48.0,192.0,-0.536,-0.8722
64.0,192.0,-0.1022,-0.1087
80.0,192.0,1.3517,-0.8495
96.0,192.0,3.2957,0.3536
112.0,192.0,4.1199,2.3458
128.0,192.0,2.0388,2.8767
144.0,192.0,0.1186,4.4683
160.0,192.0,-0.5899,5.3995
176.0,192.0,3.422,11.0001
192.0,192.0,0.7214,13.7688
208.0,192.0,2.4069,29.2797
224.0,192.0,1.3763,40.8611
240.0,192.0,2.1097,48.0532
256.0,192.0,2.5229,61.1185
272.0,192.0,4.4058,60.6987
288.0,192.0,6.057,52.9171
304.0,192.0,6.6185,53.3363
320.0,192.0,4.7155,49.877
336.0,192.0,2.2028,43.4708
352.0,192.0,-2.2057,31.1834
368.0,192.0,0.6382,28.6587
384.0,192.0,-0.2348,29.6957
400.0,192.0,1.4578,27.2303
416.0,192.0,4.6637,23.1562
432.0,192.0,4.4151,12.1672
448.0,192.0,2.3453,5.6814
464.0,192.0,0.0341,2.7569
480.0,192.0,2.622,0.7149
496.0,192.0,0.3286,-0.1505
16.0,176.0,-1.1845,-0.8665
32.0,176.0,0.1474,-0.6521
48.0,176.0,-0.845,2.2413
64.0,176.0,-0.0938,1.1875
80.0,176.0,1.1478,0.5749
96.0,176.0,0.0425,-0.3832
112.0,176.0,-3.6924,2.877
128.0,176.0,1.1752,2.7297
144.0,176.0,1.5143,4.5651
160.0,176.0,2.0981,6.1575
176.0,176.0,4.9515,9.5947
192.0,176.0,1.8808,18.1063
208.0,176.0,-0.6853,37.3985
224.0,176.0,0.7717,46.8409
240.0,176.0,-0.1656,51.1663
256.0,176.0,2.9997,57.3217
272.0,176.0,6.5653,57.8672
288.0,176.0,7.4087,51.228
304.0,176.0,9.4488,47.5283
320.0,176.0,4.6867,44.5301
336.0,176.0,1.1189,40.0906
352.0,176.0,-4.0791,27.8713
368.0,176.0,-0.3901,32.5783
384.0,176.0,0.7921,37.4922
400.0,176.0,1.4826,37.7932
416.0,176.0,2.2957,30.3547
432.0,176.0,3.7659,15.5081
448.0,176.0,2.1849,6.2614
464.0,176.0,-0.9674,4.1958
480.0,176.0,1.6453,1.7939
496.0,176.0,1.3573,-0.9871
16.0,160.0,-1.2907,-1.7326
32.0,160.0,-0.0492,-0.2684
48.0,160.0,-0.7765,0.7282
64.0,160.0,0.3368,0.498
80.0,160.0,-0.0528,2.5314
96.0,160.0,-0.4368,1.1814
112.0,160.0,-1.416,0.7418
128.0,160.0,-0.333,0.8331
144.0,160.0,1.3242,4.5976
160.0,160.0,1.6688,8.1658
176.0,160.0,1.695,14.1123
192.0,160.0,1.8779,21.6715
208.0,160.0,-0.4826,35.2659
224.0,160.0,2.5314,45.162
240.0,160.0,0.9796,48.2267
256.0,160.0,2.0645,54.4201
272.0,160.0,6.1108,56.1401
288.0,160.0,7.1699,52.0748
304.0,160.0,10.955,48.1316
320.0,160.0,11.9814,45.0825
336.0,160.0,7.5064,42.3096
352.0,160.0,2.7328,36.7615
368.0,160.0,1.6224,34.626
384.0,160.0,1.8663,34.3271
400.0,160.0,4.0901,29.0562
416.0,160.0,1.8368,25.2865
432.0,160.0,0.9012,14.8565
448.0,160.0,-0.9054,5.2256
464.0,160.0,-0.8114,3.0647
480.0,160.0,2.0102,0.9239
496.0,160.0,0.1717,1.2162
16.0,144.0,-0.6695,0.3757
32.0,144.0,-0.0877,0.5445
48.0,144.0,-1.7296,-1.0853
64.0,144.0,-0.0443,-0.3273
80.0,144.0,-0.8293,-0.6556
96.0,144.0,-0.6062,-0.1942
112.0,144.0,0.3519,0.1423
128.0,144.0,1.1768,0.6315
144.0,144.0,1.3918,0.9846
160.0,144.0,1.6415,3.7354
176.0,144.0,2.6102,9.536
192.0,144.0,2.0114,21.2438
208.0,144.0,2.5181,28.891
224.0,144.0,3.2129,38.6791
240.0,144.0,3.4254,42.3021
256.0,144.0,3.2667,55.582
272.0,144.0,5.8159,56.2489
288.0,144.0,5.5771,54.7504
304.0,144.0,10.0313,53.3894
320.0,144.0,16.1776,46.063
336.0,144.0,9.9659,40.9096
352.0,144.0,2.167,37.014
368.0,144.0,2.2022,34.1728
384.0,144.0,1.79,31.7446
400.0,144.0,8.3096,19.496
416.0,144.0,7.3343,14.3381
432.0,144.0,2.0716,4.8971
448.0,144.0,-0.4021,2.0958
464.0,144.0,-1.0775,1.4355
480.0,144.0,1.5751,0.2691
496.0,144.0,-0.3174,0.9993
16.0,128.0,3.4161,-2.0002
32.0,128.0,0.5758,0.0341
48.0,128.0,-1.6041,0.8242
64.0,128.0,-0.2703,0.2659
80.0,128.0,-1.5884,-1.861
96.0,128.0,-0.1118,-0.3901
112.0,128.0,0.2731,-0.856
128.0,128.0,1.4561,2.109
144.0,128.0,2.5497,3.0294
160.0,128.0,0.3624,5.4979
176.0,128.0,3.1942,9.6651
192.0,128.0,1.7592,19.662
208.0,128.0,2.4093,27.0056
224.0,128.0,3.578,35.0794
240.0,128.0,6.8272,40.2969
256.0,128.0,4.5341,56.979
272.0,128.0,4.9612,57.1817
288.0,128.0,5.4825,54.9789
304.0,128.0,2.7708,52.22
320.0,128.0,0.7341,39.5954
336.0,128.0,0.9415,35.0554
352.0,128.0,-0.9487,32.7923
368.0,128.0,-0.8051,29.9871
384.0,128.0,3.1412,33.1478
400.0,128.0,7.7597,15.4602
416.0,128.0,5.4567,5.9446
432.0,128.0,1.9773,2.1244
448.0,128.0,-0.9195,2.4796
464.0,128.0,-2.215,-0.1274
480.0,128.0,-1.2367,1.4069
496.0,128.0,-0.542,0.7361
16.0,112.0,7.2943,-1.9865
32.0,112.0,0.243,-0.079
48.0,112.0,-1.6056,0.0898
64.0,112.0,1.0092,-0.7181
80.0,112.0,0.4303,-3.4443
96.0,112.0,0.0173,0.9909
112.0,112.0,-0.0669,1.8467
128.0,112.0,0.4404,1.6621
144.0,112.0,0.1184,5.2927
160.0,112.0,-0.2251,6.6059
176.0,112.0,1.5162,9.2314
192.0,112.0,1.5697,13.1433
208.0,112.0,1.3695,25.4373
224.0,112.0,6.4438,35.1988
240.0,112.0,7.147,39.3494
256.0,112.0,4.1695,50.2998
272.0,112.0,4.8971,55.4958
288.0,112.0,4.99,50.3883
304.0,112.0,-1.1656,40.4268
320.0,112.0,-4.5315,37.6625
336.0,112.0,-1.5268,39.6629
352.0,112.0,-3.1738,37.6228
368.0,112.0,-2.4981,38.7047
384.0,112.0,2.7004,35.5467
400.0,112.0,4.052,9.8291
416.0,112.0,1.6764,4.2656
432.0,112.0,-1.0696,5.505
448.0,112.0,-2.6838,3.3997
464.0,112.0,-2.0353,1.0864
480.0,112.0,-1.135,1.5474
496.0,112.0,-1.1826,-2.5648
16.0,96.0,2.8612,0.6472
32.0,96.0,-0.6079,-0.0341
48.0,96.0,0.9972,-2.0258
64.0,96.0,0.6472,1.1057
80.0,96.0,-0.3582,2.0748
96.0,96.0,-0.2031,1.3609
112.0,96.0,1.3458,3.1265
128.0,96.0,-1.7746,5.1109
144.0,96.0,-2.0229,7.1098
160.0,96.0,-1.6033,7.0183
176.0,96.0,0.1806,7.4989
192.0,96.0,-1.792,12.3569
208.0,96.0,0.5075,19.1652
224.0,96.0,5.419,32.5127
240.0,96.0,-0.2815,44.4382
256.0,96.0,-2.9213,51.263
272.0,96.0,2.4775,52.7716
288.0,96.0,6.288,45.0268
304.0,96.0,2.9972,39.094
320.0,96.0,-0.9491,37.4157
336.0,96.0,-0.3798,38.6644
352.0,96.0,-4.0569,40.2603
368.0,96.0,-3.4466,38.4138
384.0,96.0,-4.0754,34.7424
400.0,96.0,-1.427,18.0049
416.0,96.0,-1.6958,7.0856
432.0,96.0,-3.1437,5.2824
448.0,96.0,-9.8358,1.4536
464.0,96.0,0.0834,1.3716
480.0,96.0,0.3784,-0.1694
496.0,96.0,-1.796,-0.1474
16.0,80.0,4.6738,-2.6642
32.0,80.0,-0.098,-0.9537
48.0,80.0,1.2926,-1.626
64.0,80.0,0.8392,0.0719
80.0,80.0,-0.9121,1.7595
96.0,80.0,2.5314,1.3115
112.0,80.0,-1.0113,3.5509
128.0,80.0,-2.3087,6.0972
144.0,80.0,-1.9634,5.3772
160.0,80.0,-0.6212,0.6607
176.0,80.0,-1.2706,9.1956
192.0,80.0,-0.543,14.7585
208.0,80.0,-4.4596,15.7099
224.0,80.0,-1.9627,33.4017
240.0,80.0,-11.1574,52.1738
256.0,80.0,-10.7199,59.0508
272.0,80.0,-6.5651,57.5308
288.0,80.0,1.5837,45.4365
304.0,80.0,2.3026,40.6546
320.0,80.0,0.3647,28.558
336.0,80.0,-4.1555,24.8219
352.0,80.0,-5.6795,30.3137
368.0,80.0,-3.8754,32.7993
384.0,80.0,-3.7575,22.9162
400.0,80.0,-5.8422,6.7579
416.0,80.0,-1.5076,4.6654
432.0,80.0,-3.9066,5.2399
448.0,80.0,0.0221,15.3854
464.0,80.0,1.7864,1.1051
480.0,80.0,0.178,-0.0378
496.0,80.0,-1.3485,-0.7679
16.0,64.0,-0.0113,0.3551
32.0,64.0,-0.1598,1.494
48.0,64.0,-0.7587,1.3493
64.0,64.0,1.0248,-0.7883
80.0,64.0,-0.1701,-0.7771
96.0,64.0,1.2112,0.2264
112.0,64.0,-2.0254,3.2827
128.0,64.0,-1.3353,5.5031
144.0,64.0,-1.3903,5.418
160.0,64.0,-1.8232,6.2136
176.0,64.0,-2.0714,8.3793
192.0,64.0,-2.9179,9.4339
208.0,64.0,-1.2188,5.9551
224.0,64.0,-0.5461,30.2563
240.0,64.0,-10.1955,52.3289
256.0,64.0,-12.1895,65.5369
272.0,64.0,-10.008,71.9952
288.0,64.0,-6.0163,54.8288
304.0,64.0,-4.0611,41.9714
320.0,64.0,-7.1409,24.1438
336.0,64.0,-5.7493,23.699
352.0,64.0,-3.4634,24.7021
368.0,64.0,-6.0425,24.4905
384.0,64.0,-0.5831,31.6751
400.0,64.0,-6.604,18.4765
416.0,64.0,-6.6772,10.6548
432.0,64.0,-5.4386,8.4332
448.0,64.0,-2.1321,13.7094
464.0,64.0,22.5096,89.0864
480.0,64.0,31.3826,111.5281
496.0,64.0,-2.2703,3.2869
16.0,48.0,-0.167,0.6246
32.0,48.0,-2.0445,4.4006
48.0,48.0,-0.4833,4.1019
64.0,48.0,-0.6531,2.0176
80.0,48.0,-0.8694,2.9894
96.0,48.0,-1.5453,3.7947
112.0,48.0,-1.8652,2.9022
128.0,48.0,-1.7294,2.3767
144.0,48.0,-1.6972,4.0576
160.0,48.0,-2.0089,5.5443
176.0,48.0,-3.6963,6.7444
192.0,48.0,-2.4971,8.5281
208.0,48.0,-3.2015,11.0895
224.0,48.0,1.8793,34.9489
240.0,48.0,-3.3855,51.3758
256.0,48.0,-7.5846,67.3296
272.0,48.0,-4.4985,77.9778
288.0,48.0,-7.2417,53.3548
304.0,48.0,-7.2845,39.7722
320.0,48.0,-6.2222,23.7139
336.0,48.0,0.8696,26.9339
352.0,48.0,-1.2787,27.2083
368.0,48.0,-3.2763,20.8971
384.0,48.0,-3.9963,28.1971
400.0,48.0,-4.5269,32.8474
416.0,48.0,-24.8223,-8.1365
432.0,48.0,-23.4549,-9.166
448.0,48.0,0.2739,-0.0
464.0,48.0,0.0,-0.0
480.0,48.0,31.8283,111.3998
496.0,48.0,502.9717,1700.0922
16.0,32.0,-0.6978,1.2177
32.0,32.0,-2.215,2.504
48.0,32.0,0.5638,3.3148
64.0,32.0,-1.9381,3.1761
80.0,32.0,-2.8641,4.8164
96.0,32.0,-2.0798,4.5956
112.0,32.0,-0.8238,2.5829
128.0,32.0,-1.4157,2.7487
144.0,32.0,-1.7627,3.8281
160.0,32.0,-0.8152,0.1989
176.0,32.0,-2.7752,3.7207
192.0,32.0,-3.9177,7.5226
208.0,32.0,-6.398,24.048
224.0,32.0,0.5487,41.7824
240.0,32.0,-3.4594,51.9369
256.0,32.0,-9.3512,60.3527
272.0,32.0,-18.0233,73.8394
288.0,32.0,-13.1201,74.0177
304.0,32.0,-7.847,47.0364
320.0,32.0,-5.5462,39.5731
336.0,32.0,-3.3831,33.0191
352.0,32.0,-1.1154,30.3349
368.0,32.0,-2.8868,19.4195
384.0,32.0,-1.7347,19.1259
400.0,32.0,-0.3613,14.7631
416.0,32.0,-30.2781,-12.9184
432.0,32.0,-28.8464,-13.115
448.0,32.0,0.1432,-0.0
464.0,32.0,-0.0576,-0.0
480.0,32.0,0.0452,-0.0
496.0,32.0,53.3326,183.2231
16.0,16.0,-0.8271,1.2683
32.0,16.0,-1.0461,1.2452
48.0,16.0,-0.5238,-7.2638
64.0,16.0,-2.5179,-1.6659
80.0,16.0,-1.7851,-1.9253
96.0,16.0,-1.9857,-3.4145
112.0,16.0,0.3574,-4.7617
128.0,16.0,-1.5301,2.2891
144.0,16.0,-1.7739,3.185
160.0,16.0,-2.2651,4.5057
176.0,16.0,-2.7948,7.9615
192.0,16.0,-3.285,4.4834
208.0,16.0,-3.0231,24.0888
224.0,16.0,-3.9675,35.1991
240.0,16.0,-5.3708,47.9099
256.0,16.0,-6.4962,57.3825
272.0,16.0,-8.2272,59.3751
288.0,16.0,-9.1419,73.941
304.0,16.0,-12.3722,55.0129
320.0,16.0,-5.6329,41.4744
336.0,16.0,-2.9932,29.5069
352.0,16.0,-2.1828,27.2144
368.0,16.0,-2.9066,18.3338
384.0,16.0,0.2308,14.0211
400.0,16.0,1.9588,9.4078
416.0,16.0,-38.9389,-22.7522
432.0,16.0,-427.1273,-393.3487
448.0,16.0,-2.3396,-0.057
464.0,16.0,0.0834,-0.0
480.0,16.0,0.0,-0.0
496.0,16.0,0.0,-0.0
