16.0,496.0,-0.2981,-3.698
32.0,496.0,-0.7675,0.7053
48.0,496.0,-0.6481,2.4618
64.0,496.0,1.5514,-0.2556
80.0,496.0,5.7688,-2.5337
96.0,496.0,4.8035,1.8827
112.0,496.0,4.6377,-0.2073
128.0,496.0,4.8407,-4.1475
144.0,496.0,2.6711,-0.5159
160.0,496.0,8.9872,30.9875
176.0,496.0,3.4113,45.6242
192.0,496.0,-0.7992,40.6515
208.0,496.0,-1.4896,36.0012
224.0,496.0,-3.4056,32.5403
240.0,496.0,-6.008,42.4715
256.0,496.0,-5.6637,53.4586
272.0,496.0,-6.5582,58.168
288.0,496.0,-6.4535,53.0069
304.0,496.0,-4.3489,45.5561
320.0,496.0,0.6447,39.5956
336.0,496.0,4.6064,36.1977
352.0,496.0,7.4566,33.8997
368.0,496.0,2.5303,28.167
384.0,496.0,1.8293,33.3124
400.0,496.0,4.0733,26.0456
416.0,496.0,-0.732,13.2111
432.0,496.0,1.6701,13.7415
448.0,496.0,3.2196,8.9478
464.0,496.0,-0.6521,2.474
480.0,496.0,-1.1923,-0.564
496.0,496.0,-5.4913,-3.2955
16.0,480.0,-0.3573,0.2254
32.0,480.0,-0.2048,1.2394
48.0,480.0,-2.8042,4.0003
64.0,480.0,1.3867,1.6032
80.0,480.0,2.3278,2.0908
96.0,480.0,3.8279,2.8891
112.0,480.0,3.6596,0.2029
128.0,480.0,3.3159,11.1013
144.0,480.0,2.8794,18.2623
160.0,480.0,3.9396,28.4679
176.0,480.0,-0.7193,39.0425
192.0,480.0,1.2873,41.4387
208.0,480.0,-0.425,37.9574
224.0,480.0,0.6895,36.515
240.0,480.0,-2.952,43.5944
256.0,480.0,-3.4595,49.7686
272.0,480.0,-6.4417,53.108
288.0,480.0,-9.6624,50.6701
304.0,480.0,-8.1743,45.0357
320.0,480.0,-2.0948,36.937
336.0,480.0,1.5255,33.5209
352.0,480.0,2.2617,30.2572
368.0,480.0,2.9789,25.1961
384.0,480.0,-1.0921,23.2887
400.0,480.0,0.139,19.1576
416.0,480.0,0.152,12.5004
432.0,480.0,2.9188,9.675
448.0,480.0,3.0596,5.7051
464.0,480.0,2.47,5.0184
480.0,480.0,2.3993,4.2528
496.0,480.0,-2.1435,1.2899
16.0,464.0,3.952,-0.7656
32.0,464.0,0.061,-0.5152
48.0,464.0,-0.7898,0.0679
64.0,464.0,2.3605,0.4515
80.0,464.0,4.2511,4.6341
96.0,464.0,2.4216,5.406
112.0,464.0,6.9613,4.7949
128.0,464.0,3.0708,10.5878
144.0,464.0,2.9522,17.3235
160.0,464.0,-0.955,34.2829
176.0,464.0,0.1825,35.5974
192.0,464.0,-0.514,36.4964
208.0,464.0,1.9934,33.3635
224.0,464.0,3.3669,33.9821
240.0,464.0,0.3902,41.2016
256.0,464.0,-3.7249,45.3192
272.0,464.0,-2.5463,47.5851
288.0,464.0,-5.2061,48.8651
304.0,464.0,-6.595,48.201
320.0,464.0,-4.188,43.4073
336.0,464.0,-1.3607,41.6691
352.0,464.0,1.4814,37.7642
368.0,464.0,2.2999,28.6856
384.0,464.0,2.9421,21.3013
400.0,464.0,1.359,14.5914
416.0,464.0,1.8021,10.5251
432.0,464.0,3.2667,3.8532
448.0,464.0,3.2024,3.2257
464.0,464.0,3.3884,2.8093
480.0,464.0,0.8938,0.4471
496.0,464.0,0.4662,1.4694
16.0,448.0,-0.9989,-1.5696
32.0,448.0,-0.6248,0.1907
48.0,448.0,-0.8066,0.3622
64.0,448.0,2.533,0.8802
80.0,448.0,1.2233,2.3171
96.0,448.0,1.8635,4.188
112.0,448.0,2.0281,6.5808
128.0,448.0,2.2349,10.9291
144.0,448.0,1.2598,9.4416
160.0,448.0,0.9184,29.5708
176.0,448.0,1.3123,37.3222
192.0,448.0,0.6744,30.7524
208.0,448.0,2.1271,26.2787
224.0,448.0,6.7692,25.5623
240.0,448.0,4.4336,39.006
256.0,448.0,-1.3802,42.9897
272.0,448.0,2.022,43.3844
288.0,448.0,2.0235,46.6167
304.0,448.0,1.2337,48.8344
320.0,448.0,1.9648,47.891
336.0,448.0,1.3075,46.2687
352.0,448.0,0.6662,40.0484
368.0,448.0,-0.7782,29.0173
384.0,448.0,4.0697,21.4605
400.0,448.0,2.2905,19.6629
416.0,448.0,1.8963,9.746
432.0,448.0,2.1549,3.5431
448.0,448.0,3.3344,3.6606
464.0,448.0,4.6818,1.4433
480.0,448.0,-0.3212,-0.2644
496.0,448.0,-0.2666,0.2157
16.0,432.0,0.7334,5.4003
32.0,432.0,-1.2794,0.2687
48.0,432.0,-0.8141,0.0561
64.0,432.0,0.176,0.0635
80.0,432.0,-0.6721,-0.5524
96.0,432.0,-0.6392,-0.1934
112.0,432.0,1.2744,6.3025
128.0,432.0,1.3548,10.0362
144.0,432.0,2.0889,10.6976
160.0,432.0,6.3721,15.8266
176.0,432.0,5.1262,24.979
192.0,432.0,-0.4183,22.8561
208.0,432.0,1.0851,18.643
224.0,432.0,2.751,20.0466
240.0,432.0,3.2713,36.359
256.0,432.0,4.4247,44.9499
272.0,432.0,7.0705,46.3818
288.0,432.0,6.5702,47.3595
304.0,432.0,5.2851,49.3099
320.0,432.0,4.3402,50.6788
336.0,432.0,2.6886,48.4783
352.0,432.0,0.3656,42.3777
368.0,432.0,-0.5281,32.3967
384.0,432.0,0.0042,24.7425
400.0,432.0,-3.0983,17.0467
416.0,432.0,-0.7858,6.9603
432.0,432.0,-0.5013,3.3251
448.0,432.0,2.2522,2.7174
464.0,432.0,3.978,1.3372
480.0,432.0,-2.1523,2.6381
496.0,432.0,-78.8754,-22.5802
16.0,416.0,4.9522,0.4055
32.0,416.0,-0.9378,-0.6578
48.0,416.0,-0.1476,0.3178
64.0,416.0,-0.35,0.2672
80.0,416.0,0.3564,1.8779
96.0,416.0,0.6048,3.6139
112.0,416.0,0.3497,5.708
128.0,416.0,0.6663,8.9256
144.0,416.0,1.0414,7.3597
160.0,416.0,2.3825,10.927
176.0,416.0,2.2213,18.4572
192.0,416.0,3.686,17.4652
208.0,416.0,0.3088,13.2948
224.0,416.0,-1.211,18.7786
240.0,416.0,1.8316,36.2371
256.0,416.0,7.5037,44.5446
272.0,416.0,10.0105,46.0512
288.0,416.0,7.9432,48.1619
304.0,416.0,4.6671,48.7808
320.0,416.0,1.8188,50.045
336.0,416.0,1.0183,49.5482
352.0,416.0,-0.0299,40.9227
368.0,416.0,0.6468,25.7978
384.0,416.0,-1.8583,22.5409
400.0,416.0,-0.5465,8.7189
416.0,416.0,-1.2051,-0.5604
432.0,416.0,-1.2274,-0.8421
448.0,416.0,1.156,2.0016
464.0,416.0,2.0138,1.1108
480.0,416.0,-177.6886,-67.3554
496.0,416.0,-233.8375,-89.6576
16.0,400.0,2.993,0.5278
32.0,400.0,-0.4795,-0.0179
48.0,400.0,-0.9275,-0.7425
64.0,400.0,2.4332,-7.1836
80.0,400.0,0.3114,2.1443
96.0,400.0,0.4695,3.5918
112.0,400.0,-1.3113,7.0976
128.0,400.0,-0.3654,6.1813
144.0,400.0,-1.9365,8.5751
160.0,400.0,-1.2381,13.1536
176.0,400.0,0.7036,19.853
192.0,400.0,8.6267,17.2438
208.0,400.0,4.3707,14.5842
224.0,400.0,-2.2249,22.8632
240.0,400.0,4.9341,36.5734
256.0,400.0,9.721,41.4728
272.0,400.0,9.8232,44.7073
288.0,400.0,7.2996,47.0013
304.0,400.0,5.0808,48.6774
320.0,400.0,1.6157,49.5518
336.0,400.0,-0.6044,48.118
352.0,400.0,-2.1461,36.8187
368.0,400.0,-1.3138,19.9087
384.0,400.0,1.4023,18.5825
400.0,400.0,-2.5524,13.3002
416.0,400.0,-4.558,7.9654
432.0,400.0,-19.4468,0.504
448.0,400.0,-1.3006,2.5694
464.0,400.0,-182.3527,-43.3782
480.0,400.0,-225.648,-54.4235
496.0,400.0,-297.356,-72.4709
16.0,384.0,5.4823,1.5245
32.0,384.0,-0.279,0.518
48.0,384.0,-1.767,-1.5263
64.0,384.0,4.6524,0.5774
80.0,384.0,0.3647,2.2503
96.0,384.0,-0.8764,4.678
112.0,384.0,-1.4181,4.2742
128.0,384.0,-2.1446,5.7974
144.0,384.0,0.6149,10.8828
160.0,384.0,1.0622,18.9981
176.0,384.0,1.8719,20.5465
192.0,384.0,3.056,18.7622
208.0,384.0,8.2144,24.959
224.0,384.0,7.9998,32.7351
240.0,384.0,7.7677,34.8909
256.0,384.0,9.8295,39.2653
272.0,384.0,10.5274,43.075
288.0,384.0,6.0127,46.203
304.0,384.0,5.2645,47.7564
320.0,384.0,2.368,48.0305
336.0,384.0,0.2869,45.3554
352.0,384.0,-3.1149,37.6703
368.0,384.0,-0.0141,26.0231
384.0,384.0,4.2562,20.3932
400.0,384.0,-2.1713,12.4042
416.0,384.0,-4.1401,7.5154
432.0,384.0,-26.4728,-3.9768
448.0,384.0,-51.6466,-13.1877
464.0,384.0,-186.329,-46.7272
480.0,384.0,-230.81,-58.7619
496.0,384.0,-1902.5272,-895.9324
16.0,368.0,7.3505,0.0961
32.0,368.0,-0.2611,0.271
48.0,368.0,-0.6857,0.062
64.0,368.0,5.8075,9.0101
80.0,368.0,0.4369,2.3285
96.0,368.0,0.9369,6.2902
112.0,368.0,-0.7797,3.2982
128.0,368.0,0.1003,3.4149
144.0,368.0,3.5044,6.0253
160.0,368.0,3.7245,17.137
176.0,368.0,2.981,20.8824
192.0,368.0,11.1099,22.5185
208.0,368.0,3.2539,27.9978
224.0,368.0,3.0516,32.2849
240.0,368.0,8.3672,38.4947
256.0,368.0,9.4196,38.5735
272.0,368.0,4.8388,43.1496
288.0,368.0,1.9875,48.7667
304.0,368.0,1.2049,48.2691
320.0,368.0,1.3121,44.4788
336.0,368.0,2.2753,39.7221
352.0,368.0,-2.5244,32.4543
368.0,368.0,-1.2709,27.8397
384.0,368.0,4.9484,15.007
400.0,368.0,-1.7866,13.5149
416.0,368.0,-3.3827,8.3936
432.0,368.0,1.7965,5.0079
448.0,368.0,-3.0756,4.4983
464.0,368.0,-0.7614,2.4019
480.0,368.0,-0.643,3.966
496.0,368.0,-947.2798,252.8271
16.0,352.0,2.5051,-0.3977
32.0,352.0,-0.4219,0.3702
48.0,352.0,1.3154,1.1818
64.0,352.0,0.3833,1.9692
80.0,352.0,-1.7378,0.3874
96.0,352.0,0.1965,1.8444
112.0,352.0,0.4999,2.9411
128.0,352.0,0.3275,4.4971
144.0,352.0,2.037,6.9111
160.0,352.0,3.8759,13.3106
176.0,352.0,3.1057,16.181
192.0,352.0,0.9688,27.1485
208.0,352.0,2.1526,39.9473
224.0,352.0,-0.9211,41.1036
240.0,352.0,2.0786,40.4161
256.0,352.0,1.1122,44.9503
272.0,352.0,-0.0574,46.0451
288.0,352.0,0.7284,48.0404
304.0,352.0,-2.1013,46.456
320.0,352.0,-2.2381,40.2348
336.0,352.0,-0.415,35.5822
352.0,352.0,-1.8766,31.3025
368.0,352.0,-0.0069,22.9288
384.0,352.0,2.062,13.9189
400.0,352.0,1.4246,9.7752
416.0,352.0,-2.1899,9.0782
432.0,352.0,3.3302,6.3696
448.0,352.0,3.6932,4.4006
464.0,352.0,-180.0453,-110.2418
480.0,352.0,-0.1614,4.0373
496.0,352.0,-1.5162,-0.8444
16.0,336.0,4.6535,-0.2634
32.0,336.0,-0.1329,0.0507
48.0,336.0,4.509,1.17
64.0,336.0,1.494,0.6212
80.0,336.0,-2.5808,3.0348
96.0,336.0,-0.7017,3.7031
112.0,336.0,-0.1015,5.2099
128.0,336.0,-0.7418,6.1747
144.0,336.0,-0.5597,12.2676
160.0,336.0,-0.8138,17.1641
176.0,336.0,-1.2064,23.0285
192.0,336.0,-1.5293,28.4232
208.0,336.0,-2.6966,43.7527
224.0,336.0,-2.854,37.3974
240.0,336.0,-2.2417,37.3291
256.0,336.0,-2.0828,41.79
272.0,336.0,-0.9504,48.2374
288.0,336.0,-2.2244,49.3721
304.0,336.0,-8.6596,46.9042
320.0,336.0,-9.5131,44.5337
336.0,336.0,-7.1421,40.4093
352.0,336.0,-4.3425,38.2351
368.0,336.0,-2.0027,33.3855
384.0,336.0,-0.1371,18.9007
400.0,336.0,0.6742,11.7678
416.0,336.0,0.4889,10.5024
432.0,336.0,6.4041,8.8661
448.0,336.0,7.8222,3.7771
464.0,336.0,-92.0733,-80.1894
480.0,336.0,-115.7293,-102.3255
496.0,336.0,-0.7004,-0.956
16.0,320.0,2.866,0.1654
32.0,320.0,-0.4368,-0.4213
48.0,320.0,0.3712,1.5156
64.0,320.0,1.6562,2.4763
80.0,320.0,-2.66,2.5723
96.0,320.0,0.0006,4.2965
112.0,320.0,-0.0357,6.426
128.0,320.0,0.0023,10.531
144.0,320.0,-1.8656,12.9623
160.0,320.0,-4.5811,18.0586
176.0,320.0,-5.1817,24.2516
192.0,320.0,-4.8567,40.0333
208.0,320.0,-4.5172,36.4342
224.0,320.0,-3.0497,35.6554
240.0,320.0,-2.6213,42.0088
256.0,320.0,-3.108,45.738
272.0,320.0,-3.937,49.4146
288.0,320.0,-7.6284,46.6715
304.0,320.0,-10.664,42.173
320.0,320.0,-13.122,42.2428
336.0,320.0,-11.0262,42.9468
352.0,320.0,-4.085,38.9296
368.0,320.0,0.5028,29.5593
384.0,320.0,-2.2312,17.2207
400.0,320.0,-0.6121,13.1216
416.0,320.0,-0.7471,13.7396
432.0,320.0,1.598,11.6568
448.0,320.0,5.3547,4.2961
464.0,320.0,-60.1156,-96.4899
480.0,320.0,-75.6368,-122.94
496.0,320.0,-655.336,-1535.4203
16.0,304.0,-0.3136,2.0094
32.0,304.0,-0.4759,-0.2476
48.0,304.0,0.1111,1.8864
64.0,304.0,-0.4057,3.7532
80.0,304.0,1.2003,2.4767
96.0,304.0,1.7057,6.88
112.0,304.0,1.2327,16.0135
128.0,304.0,-1.3985,15.1958
144.0,304.0,-4.0937,11.6112
160.0,304.0,-6.1825,12.1134
176.0,304.0,-7.8415,21.0833
192.0,304.0,-11.2305,38.1781
208.0,304.0,-9.7183,38.2917
224.0,304.0,-5.2759,38.2034
240.0,304.0,-3.5601,41.8795
256.0,304.0,-1.7675,44.9802
272.0,304.0,-2.1173,47.3541
288.0,304.0,-6.6711,47.9698
304.0,304.0,-11.0825,44.6653
320.0,304.0,-10.5482,40.398
336.0,304.0,-6.9889,41.0803
352.0,304.0,-3.937,37.9587
368.0,304.0,-1.565,26.4256
384.0,304.0,-1.6773,10.2757
400.0,304.0,-1.5736,9.2833
416.0,304.0,0.4087,11.7008
432.0,304.0,-0.375,9.8761
448.0,304.0,1.0775,5.328
464.0,304.0,1.3039,3.3278
480.0,304.0,-85.4054,-121.7676
496.0,304.0,-114.7195,-163.9296
16.0,288.0,0.7463,-0.4913
32.0,288.0,-0.2369,-0.3119
48.0,288.0,-0.6735,0.3065
64.0,288.0,-1.1079,4.9775
80.0,288.0,-1.3477,9.0983
96.0,288.0,-2.0709,13.5037
112.0,288.0,-0.2638,22.5914
128.0,288.0,-3.0001,21.3663
144.0,288.0,-2.6075,15.3275
160.0,288.0,-2.1927,9.8581
176.0,288.0,-4.0398,17.6741
192.0,288.0,-9.63,39.9052
208.0,288.0,-7.958,40.3595
224.0,288.0,-4.8594,39.6307
240.0,288.0,-2.9995,41.935
256.0,288.0,0.6121,42.2024
272.0,288.0,-0.1028,47.3284
288.0,288.0,-1.4025,51.852
304.0,288.0,-9.6413,46.8643
320.0,288.0,-5.4531,42.5907
336.0,288.0,-4.5401,40.5142
352.0,288.0,-5.5279,37.2084
368.0,288.0,-2.5745,26.9049
384.0,288.0,-1.1427,12.5599
400.0,288.0,-4.133,11.9232
416.0,288.0,-0.5564,11.7159
432.0,288.0,-1.1103,9.7851
448.0,288.0,-1.2119,5.0041
464.0,288.0,2.3724,1.7216
480.0,288.0,-2.3499,1.4475
496.0,288.0,-148.3831,-156.6832
16.0,272.0,0.947,-3.5812
32.0,272.0,-0.5928,-0.2001
48.0,272.0,-1.0698,-0.3798
64.0,272.0,-1.5751,6.0935
80.0,272.0,-2.1681,10.8452
96.0,272.0,-2.9538,16.1271
112.0,272.0,-3.9089,28.1502
128.0,272.0,-8.1961,31.6298
144.0,272.0,-6.3091,24.9146
160.0,272.0,-1.2114,13.287
176.0,272.0,-1.2115,15.7825
192.0,272.0,-2.6909,34.5745
208.0,272.0,-4.7121,40.2733
224.0,272.0,-3.8872,39.6883
240.0,272.0,-5.2671,40.9904
256.0,272.0,-2.8576,44.379
272.0,272.0,-0.2941,51.4704
288.0,272.0,2.0107,51.6729
304.0,272.0,-5.9896,45.826
320.0,272.0,-5.6339,41.9136
336.0,272.0,-7.276,38.394
352.0,272.0,-7.0501,27.7355
368.0,272.0,-1.4654,18.1843
384.0,272.0,-3.6037,11.8078
400.0,272.0,-4.3474,17.0891
416.0,272.0,-3.8527,17.7456
432.0,272.0,-2.4805,10.9333
448.0,272.0,-0.3582,5.1863
464.0,272.0,-96.2745,-19.6251
480.0,272.0,-120.2058,-26.9224
496.0,272.0,-155.5112,-37.6309
16.0,256.0,0.3653,0.1362
32.0,256.0,-0.5991,0.2699
48.0,256.0,-1.0897,1.506
64.0,256.0,-2.0869,6.5313
80.0,256.0,-3.0274,11.5423
96.0,256.0,-8.1648,19.3357
112.0,256.0,-5.3608,28.927
128.0,256.0,-7.8375,36.2482
144.0,256.0,-9.0847,36.6774
160.0,256.0,-2.1114,27.685
176.0,256.0,0.0368,17.0801
192.0,256.0,-4.5954,28.1954
208.0,256.0,-6.8356,44.9945
224.0,256.0,-3.5292,45.2265
240.0,256.0,-1.8246,41.563
256.0,256.0,-3.0718,47.3837
272.0,256.0,-2.3445,52.6512
288.0,256.0,2.5257,52.3136
304.0,256.0,0.3906,49.3176
320.0,256.0,-5.212,42.5356
336.0,256.0,-2.6657,37.3484
352.0,256.0,-1.7294,31.237
368.0,256.0,-6.4957,20.0245
384.0,256.0,-0.7941,25.1089
400.0,256.0,-0.5688,19.4825
416.0,256.0,-1.2556,13.9578
432.0,256.0,0.7967,9.5596
448.0,256.0,-70.2185,4.415
464.0,256.0,-183.244,-17.404
480.0,256.0,-228.8086,-23.8085
496.0,256.0,-300.3986,-33.4289
16.0,240.0,2.8193,2.5106
32.0,240.0,-0.4122,0.2613
48.0,240.0,-0.6832,3.5857
64.0,240.0,-2.3699,6.7744
80.0,240.0,-3.5369,11.9356
96.0,240.0,-5.7453,15.7816
112.0,240.0,-8.8409,22.8819
128.0,240.0,-2.6159,34.5118
144.0,240.0,-3.1105,40.5748
160.0,240.0,-2.9875,37.3566
176.0,240.0,-6.967,20.8399
192.0,240.0,-2.6855,29.5126
208.0,240.0,-8.2142,47.3742
224.0,240.0,-5.9944,50.2941
240.0,240.0,-0.9104,45.8277
256.0,240.0,-1.421,46.546
272.0,240.0,-4.4468,50.301
288.0,240.0,-0.1102,51.0529
304.0,240.0,0.3836,47.6763
320.0,240.0,-0.329,47.744
336.0,240.0,1.9327,46.9997
352.0,240.0,1.849,43.4998
368.0,240.0,0.9981,33.5656
384.0,240.0,0.6787,28.5686
400.0,240.0,0.4466,22.3344
416.0,240.0,-2.2527,17.0914
432.0,240.0,0.4217,7.6666
448.0,240.0,-0.5621,6.1071
464.0,240.0,-230.4275,9.3171
480.0,240.0,-287.629,9.9613
496.0,240.0,-379.0479,11.7479
16.0,224.0,6.4833,1.0841
32.0,224.0,3.1258,-0.774
48.0,224.0,0.9024,-1.7664
64.0,224.0,-2.9623,6.8189
80.0,224.0,-6.7192,5.9872
96.0,224.0,-5.007,15.4278
112.0,224.0,-3.854,21.9709
128.0,224.0,-3.6228,32.6561
144.0,224.0,-3.0607,38.4407
160.0,224.0,-6.8787,35.5997
176.0,224.0,-14.7907,24.3639
192.0,224.0,-1.8652,32.8644
208.0,224.0,-5.0934,47.3475
224.0,224.0,-5.8607,50.0752
240.0,224.0,-2.6995,46.7131
256.0,224.0,-0.4549,45.6112
272.0,224.0,-0.0708,50.4972
288.0,224.0,0.6996,50.8318
304.0,224.0,2.0144,47.3618
320.0,224.0,3.1704,46.5599
336.0,224.0,3.0455,44.8381
352.0,224.0,1.9001,42.0496
368.0,224.0,3.4185,38.838
384.0,224.0,6.6664,38.7468
400.0,224.0,13.047,41.6977
416.0,224.0,-1.4635,18.6487
432.0,224.0,-2.5543,3.1246
448.0,224.0,2.3312,4.5767
464.0,224.0,-232.3567,14.1738
480.0,224.0,-289.6521,16.4061
496.0,224.0,-1850.0361,-250.0
16.0,208.0,3.9148,0.21
32.0,208.0,2.9377,-0.3633
48.0,208.0,-1.5569,3.629
64.0,208.0,-3.3941,6.3302
80.0,208.0,-4.7311,10.6541
96.0,208.0,-5.7674,13.4037
112.0,208.0,-2.7502,26.2939
128.0,208.0,-4.8903,32.7824
144.0,208.0,-5.0549,33.1955
160.0,208.0,-13.8763,31.6507
176.0,208.0,-12.0295,29.4607
192.0,208.0,-3.9328,36.5753
208.0,208.0,-3.3524,49.4318
224.0,208.0,-4.06,50.4055
240.0,208.0,-3.3604,47.3328
256.0,208.0,-3.359,51.9093
272.0,208.0,-4.0377,55.7045
288.0,208.0,-2.4841,53.0424
304.0,208.0,0.268,46.8834
320.0,208.0,3.6543,42.3706
336.0,208.0,4.9368,44.7777
352.0,208.0,2.7266,45.0357
368.0,208.0,4.1666,43.4704
384.0,208.0,6.9937,42.7389
400.0,208.0,8.1549,35.5675
416.0,208.0,0.8479,19.9907
432.0,208.0,-4.2898,2.4187
448.0,208.0,2.121,2.7479
464.0,208.0,-216.6001,22.1659
480.0,208.0,-1111.884,501.8854
496.0,208.0,0.1829,-0.0
16.0,192.0,-0.2184,-0.0219
32.0,192.0,-1.0026,1.6001
48.0,192.0,-1.9719,2.9028
64.0,192.0,-4.0867,3.5973
80.0,192.0,-6.4533,11.1826
96.0,192.0,-9.6548,14.3185
112.0,192.0,-9.3691,23.6052
128.0,192.0,-7.5073,25.2293
144.0,192.0,-5.1882,21.5511
160.0,192.0,-6.4484,22.8573
176.0,192.0,-6.201,32.2174
192.0,192.0,-2.0161,38.8721
208.0,192.0,-3.6156,50.8577
224.0,192.0,-5.9395,54.2084
240.0,192.0,-6.2254,52.6676
256.0,192.0,-8.7477,56.3808
272.0,192.0,-10.9148,58.9256
288.0,192.0,-6.3486,63.0056
304.0,192.0,-0.8711,56.8325
320.0,192.0,3.746,46.0976
336.0,192.0,3.3369,44.589
352.0,192.0,3.2785,46.6297
368.0,192.0,8.4753,45.3783
384.0,192.0,8.4846,42.7803
400.0,192.0,5.299,33.2457
416.0,192.0,0.6235,19.6215
432.0,192.0,-10.2493,3.4542
448.0,192.0,0.9335,2.593
464.0,192.0,-185.316,21.4909
480.0,192.0,-229.4483,25.5685
496.0,192.0,0.1143,-0.0
16.0,176.0,-1.4536,-1.0832
32.0,176.0,-1.7229,1.6053
48.0,176.0,-2.2453,2.6162
64.0,176.0,-6.1319,3.7535
80.0,176.0,-7.4528,7.6954
96.0,176.0,-8.2098,11.2984
112.0,176.0,-5.6852,15.6744
128.0,176.0,-3.6186,19.8973
144.0,176.0,-3.3936,18.339
160.0,176.0,-3.8809,21.3802
176.0,176.0,-1.49,33.9066
192.0,176.0,-0.0875,38.8971
208.0,176.0,-2.0475,48.5016
224.0,176.0,-4.6669,52.2724
240.0,176.0,-4.109,51.9457
256.0,176.0,-4.4067,51.2457
272.0,176.0,-4.4397,58.1707
288.0,176.0,-5.1285,70.2192
304.0,176.0,-3.2085,63.4241
320.0,176.0,0.0683,48.7547
336.0,176.0,2.3582,44.9001
352.0,176.0,3.4376,44.4056
368.0,176.0,6.2334,42.9646
384.0,176.0,5.649,37.8872
400.0,176.0,4.4014,31.09
416.0,176.0,-0.3782,18.9697
432.0,176.0,-23.8452,15.4788
448.0,176.0,-0.2327,2.6089
464.0,176.0,-94.5895,32.1334
480.0,176.0,-116.3426,38.5817
496.0,176.0,-154.0155,50.023
16.0,160.0,-2.4485,-1.2783
32.0,160.0,-1.8214,1.1029
48.0,160.0,-2.1945,1.9224
64.0,160.0,-4.2046,0.1181
80.0,160.0,-3.8891,5.0505
96.0,160.0,-1.4883,10.8107
112.0,160.0,-3.1631,12.286
128.0,160.0,-1.0878,22.9578
144.0,160.0,-2.0485,22.8212
160.0,160.0,-4.0972,22.3507
176.0,160.0,0.898,31.9241
192.0,160.0,2.3386,36.1923
208.0,160.0,-0.8671,43.8173
224.0,160.0,-6.1674,49.0562
240.0,160.0,-5.7392,48.3299
256.0,160.0,-3.7344,48.3507
272.0,160.0,-2.4441,55.4499
288.0,160.0,-5.2355,69.5055
304.0,160.0,-6.7888,70.7993
320.0,160.0,-1.5787,54.2303
336.0,160.0,-1.4069,46.426
352.0,160.0,-0.1717,44.7931
368.0,160.0,1.1133,41.8732
384.0,160.0,2.0041,32.2491
400.0,160.0,0.8966,22.9643
416.0,160.0,-1.3838,13.5059
432.0,160.0,-2.9713,1.4164
448.0,160.0,-5.4449,2.4012
464.0,160.0,-41.5999,12.2866
480.0,160.0,0.0,-4.0735
496.0,160.0,-66.0729,15.6742
16.0,144.0,-1.7248,0.6979
32.0,144.0,-1.3796,0.7025
48.0,144.0,-1.6267,1.2441
64.0,144.0,-2.1258,2.8243
80.0,144.0,0.8526,-1.2836
96.0,144.0,-0.1074,1.6809
112.0,144.0,-2.6178,8.4705
128.0,144.0,0.0374,17.4665
144.0,144.0,-1.3498,22.9944
160.0,144.0,-4.7144,15.9
176.0,144.0,-3.289,21.0373
192.0,144.0,2.4017,32.4099
208.0,144.0,-1.479,38.0167
224.0,144.0,-6.5277,45.4067
240.0,144.0,-6.3786,46.0377
256.0,144.0,-4.5263,48.4751
272.0,144.0,-3.4105,52.2884
288.0,144.0,-4.6623,61.232
304.0,144.0,-5.8636,69.4531
320.0,144.0,1.0504,61.5801
336.0,144.0,-1.5018,52.6665
352.0,144.0,-1.4771,50.6125
368.0,144.0,0.8326,44.4222
384.0,144.0,0.3496,30.4882
400.0,144.0,0.9588,22.9029
416.0,144.0,2.1605,17.2489
432.0,144.0,3.496,8.9214
448.0,144.0,-13.9801,10.9244
464.0,144.0,-24.7611,10.7097
480.0,144.0,-30.3373,11.0201
496.0,144.0,-38.8772,12.621
16.0,128.0,2.0247,-2.3174
32.0,128.0,0.0896,-0.6424
48.0,128.0,-1.0069,0.8163
64.0,128.0,-1.1754,1.9033
80.0,128.0,-1.4936,3.3566
96.0,128.0,-1.4541,5.7017
112.0,128.0,-2.3365,9.4255
128.0,128.0,-0.5518,11.3827
144.0,128.0,-2.2562,10.7752
160.0,128.0,-4.1985,12.9044
176.0,128.0,-5.4592,21.9965
192.0,128.0,3.425,32.5985
208.0,128.0,-0.5957,34.8067
224.0,128.0,-0.5676,39.4002
240.0,128.0,-0.9235,45.6501
256.0,128.0,-1.6228,45.686
272.0,128.0,-1.5926,47.5666
288.0,128.0,-1.2754,53.0911
304.0,128.0,-0.8995,60.7264
320.0,128.0,0.514,63.9347
336.0,128.0,4.793,57.9998
352.0,128.0,5.8975,52.611
368.0,128.0,6.5611,52.383
384.0,128.0,2.7021,35.0654
400.0,128.0,2.4778,27.501
416.0,128.0,4.6076,20.0457
432.0,128.0,8.2088,13.5647
448.0,128.0,-4.77,10.6548
464.0,128.0,-9.5205,8.8265
480.0,128.0,1.3462,-0.3099
496.0,128.0,-1.1139,0.2842
16.0,112.0,3.7394,-1.9175
32.0,112.0,-0.3342,0.1108
48.0,112.0,-1.2043,1.6069
64.0,112.0,-0.6458,0.2676
80.0,112.0,-1.0923,2.2353
96.0,112.0,-1.0793,4.114
112.0,112.0,-0.9472,5.5292
128.0,112.0,-1.8625,7.3063
144.0,112.0,-2.7864,8.0452
160.0,112.0,-2.7174,12.833
176.0,112.0,-2.7267,21.0552
192.0,112.0,1.3103,21.8229
208.0,112.0,-0.1714,32.7095
224.0,112.0,2.3603,40.0864
240.0,112.0,3.5833,42.5402
256.0,112.0,2.6953,41.646
272.0,112.0,0.5009,43.7494
288.0,112.0,1.1505,52.0668
304.0,112.0,7.3591,60.7552
320.0,112.0,8.5571,65.2699
336.0,112.0,7.7826,58.5722
352.0,112.0,8.3273,50.0397
368.0,112.0,5.6004,50.6592
384.0,112.0,3.3554,45.9661
400.0,112.0,7.1766,25.0792
416.0,112.0,3.7756,15.0322
432.0,112.0,2.8551,7.9489
448.0,112.0,0.8636,4.4737
464.0,112.0,-6.9759,1.5375
480.0,112.0,0.5878,-0.9748
496.0,112.0,-0.4885,0.7288
16.0,96.0,-0.2151,-0.061
32.0,96.0,-0.3168,0.334
48.0,96.0,-1.1419,0.8873
64.0,96.0,-0.9918,0.3841
80.0,96.0,-0.8452,2.3472
96.0,96.0,1.292,-0.0082
112.0,96.0,-2.6527,2.2287
128.0,96.0,-2.722,5.9885
144.0,96.0,-0.5789,7.6881
160.0,96.0,0.1709,7.5455
176.0,96.0,0.2035,14.4579
192.0,96.0,0.8307,16.831
208.0,96.0,8.9275,31.254
224.0,96.0,1.7828,40.7772
240.0,96.0,-2.0615,41.954
256.0,96.0,-2.4828,41.1495
272.0,96.0,0.8064,42.7202
288.0,96.0,1.5598,53.0891
304.0,96.0,9.2085,62.1126
320.0,96.0,8.852,63.6786
336.0,96.0,3.5519,57.1762
352.0,96.0,1.7954,50.1318
368.0,96.0,2.1978,51.4498
384.0,96.0,-0.7189,46.176
400.0,96.0,5.2437,24.6834
416.0,96.0,3.2684,8.7513
432.0,96.0,-2.8374,27.2104
448.0,96.0,-4.8006,4.9274
464.0,96.0,-3.2462,60.6478
480.0,96.0,2.3218,-0.4707
496.0,96.0,0.321,-0.5016
16.0,80.0,0.8488,0.1797
32.0,80.0,-0.1205,-0.5281
48.0,80.0,-1.865,-3.388
64.0,80.0,-0.4231,1.3122
80.0,80.0,-1.1581,-0.2594
96.0,80.0,-0.3653,2.3289
112.0,80.0,-1.0956,2.161
128.0,80.0,-1.4202,5.9883
144.0,80.0,-0.9298,8.4558
160.0,80.0,0.5735,7.2634
176.0,80.0,2.4717,9.9142
192.0,80.0,0.7528,21.2107
208.0,80.0,0.2884,40.3646
224.0,80.0,0.6489,41.7849
240.0,80.0,-3.0918,43.6155
256.0,80.0,-3.5969,42.8404
272.0,80.0,-0.1299,50.083
288.0,80.0,0.9155,57.7944
304.0,80.0,2.8917,58.3778
320.0,80.0,2.4332,60.3481
336.0,80.0,-0.4253,54.9414
352.0,80.0,-2.7271,46.0892
368.0,80.0,1.6171,44.5755
384.0,80.0,2.4382,37.7319
400.0,80.0,4.3476,16.4389
416.0,80.0,0.7159,29.6102
432.0,80.0,-2.8038,29.6045
448.0,80.0,3.0313,61.7694
464.0,80.0,-39.2731,57.1529
480.0,80.0,-48.4722,64.9808
496.0,80.0,-64.7938,73.2131
16.0,64.0,-2.116,-0.3071
32.0,64.0,-0.0631,1.5673
48.0,64.0,-1.5446,2.7452
64.0,64.0,0.1259,3.7272
80.0,64.0,-1.1019,4.6215
96.0,64.0,0.7158,2.935
112.0,64.0,2.3567,1.7035
128.0,64.0,-0.1034,1.8728
144.0,64.0,-0.9962,3.4178
160.0,64.0,0.5682,5.1182
176.0,64.0,2.7039,8.9233
192.0,64.0,2.5654,22.8941
208.0,64.0,1.3386,37.7064
224.0,64.0,1.3653,40.9504
240.0,64.0,0.2794,43.2022
256.0,64.0,-0.0565,45.5652
272.0,64.0,1.1738,55.3478
288.0,64.0,0.7481,55.9978
304.0,64.0,0.9838,52.4412
320.0,64.0,-0.2989,52.4445
336.0,64.0,-4.0106,50.4082
352.0,64.0,-2.5452,43.387
368.0,64.0,-0.2937,42.518
384.0,64.0,1.6184,30.1308
400.0,64.0,-0.8518,29.9195
416.0,64.0,-0.4996,32.2214
432.0,64.0,-3.0883,33.0765
448.0,64.0,3.355,65.7833
464.0,64.0,-42.392,63.5899
480.0,64.0,199.9508,850.0199
496.0,64.0,-69.5946,78.2514
16.0,48.0,-2.0397,0.0992
32.0,48.0,-0.4366,0.6424
48.0,48.0,-0.1305,1.6722
64.0,48.0,-0.1102,1.1978
80.0,48.0,1.0643,1.0483
96.0,48.0,1.194,0.9043
112.0,48.0,3.6865,3.726
128.0,48.0,1.3227,4.2423
144.0,48.0,-0.4639,4.2429
160.0,48.0,1.6008,5.5099
176.0,48.0,4.3953,9.3023
192.0,48.0,4.5204,19.8519
208.0,48.0,7.7711,30.748
224.0,48.0,6.2275,33.8173
240.0,48.0,3.7617,41.0944
256.0,48.0,1.9672,49.2237
272.0,48.0,6.7627,56.8403
288.0,48.0,2.7231,52.3134
304.0,48.0,1.7542,46.9881
320.0,48.0,0.5243,46.1893
336.0,48.0,-2.0382,45.0258
352.0,48.0,-4.7596,38.2978
368.0,48.0,-3.8576,38.7985
384.0,48.0,-2.1313,23.1161
400.0,48.0,1.0366,13.2465
416.0,48.0,-1.0377,31.4665
432.0,48.0,-6.6031,31.2917
448.0,48.0,-0.0634,64.4074
464.0,48.0,8.4049,-0.0
480.0,48.0,8.4429,-0.0666
496.0,48.0,-916.7841,-150.0
16.0,32.0,1.6174,0.4414
32.0,32.0,0.3218,1.1248
48.0,32.0,0.2872,1.2383
64.0,32.0,-0.9232,2.3155
80.0,32.0,-0.0072,2.7012
96.0,32.0,-0.2359,0.5451
112.0,32.0,2.0445,1.8559
128.0,32.0,-0.659,2.5036
144.0,32.0,0.6193,5.9671
160.0,32.0,0.0061,7.408
176.0,32.0,-0.7299,8.8074
192.0,32.0,1.3863,17.7244
208.0,32.0,5.0922,30.2717
224.0,32.0,9.0157,31.694
240.0,32.0,4.5654,47.6864
256.0,32.0,6.4959,56.633
272.0,32.0,6.1869,59.0965
288.0,32.0,1.2316,53.7342
304.0,32.0,-0.4383,44.9257
320.0,32.0,-2.8799,40.9063
336.0,32.0,-2.4857,37.4115
352.0,32.0,-3.4571,30.5902
368.0,32.0,-2.582,30.4279
384.0,32.0,-7.0499,22.9088
400.0,32.0,-1.4132,12.5076
416.0,32.0,-1.6865,30.573
432.0,32.0,-6.5585,29.3827
448.0,32.0,4.2564,68.3496
464.0,32.0,5.8941,-0.0
480.0,32.0,7.2031,-0.0
496.0,32.0,-91.9961,76.8573
16.0,16.0,2.4195,-0.6758
32.0,16.0,-0.2434,-5.3606
48.0,16.0,0.5192,-9.3014
64.0,16.0,0.2741,-11.3588
80.0,16.0,-1.1015,-7.6292
96.0,16.0,0.5212,-0.0968
112.0,16.0,1.0147,-4.1386
128.0,16.0,-0.2674,0.732
144.0,16.0,0.2581,4.7873
160.0,16.0,-0.2155,5.8023
176.0,16.0,-2.7212,8.0395
192.0,16.0,-2.5623,19.45
208.0,16.0,-2.0176,34.4193
224.0,16.0,3.8214,36.6488
240.0,16.0,4.0501,50.9266
256.0,16.0,8.864,61.2185
272.0,16.0,4.3928,62.8704
288.0,16.0,-2.5423,55.7417
304.0,16.0,-4.2444,42.4639
320.0,16.0,-2.2845,42.0145
336.0,16.0,-8.5979,28.2669
352.0,16.0,-6.7722,25.3487
368.0,16.0,-4.2522,25.7545
384.0,16.0,-3.8038,22.5826
400.0,16.0,0.5541,14.9311
416.0,16.0,0.5808,9.6619
432.0,16.0,-5.8539,24.1984
448.0,16.0,-4.8198,21.4816
464.0,16.0,-80.7607,11.3083
480.0,16.0,0.0433,-0.0
496.0,16.0,-132.4389,-7.7339
