16.0,496.0,-0.0154,0.7524
32.0,496.0,0.0801,1.4765
48.0,496.0,0.1689,2.8846
64.0,496.0,0.2475,4.9768
80.0,496.0,0.5426,8.5574
96.0,496.0,1.2746,15.0149
112.0,496.0,1.1156,22.0501
128.0,496.0,-0.5001,37.6223
144.0,496.0,2.409,45.9356
160.0,496.0,0.7622,31.153
176.0,496.0,0.7961,29.043
192.0,496.0,1.0379,28.7836
208.0,496.0,1.0152,31.8319
224.0,496.0,1.0305,36.0984
240.0,496.0,0.7813,40.5037
256.0,496.0,-0.5657,54.6104
272.0,496.0,-1.3676,54.1262
288.0,496.0,-1.8492,52.8982
304.0,496.0,-1.9674,52.9352
320.0,496.0,-0.2306,44.5948
336.0,496.0,-2.6665,32.4169
352.0,496.0,4.7697,30.4218
368.0,496.0,4.2465,32.1661
384.0,496.0,3.4729,28.0096
400.0,496.0,4.9601,27.3952
416.0,496.0,4.4832,25.3033
432.0,496.0,7.2666,14.0877
448.0,496.0,5.8083,4.3861
464.0,496.0,3.3918,1.6996
480.0,496.0,0.9039,1.4738
496.0,496.0,1.805,1.7879
16.0,480.0,2.7061,-0.1982
32.0,480.0,-0.1226,0.4896
48.0,480.0,-3.2198,0.6622
64.0,480.0,0.6615,0.3361
80.0,480.0,0.564,8.2829
96.0,480.0,1.2272,13.8305
112.0,480.0,1.0139,20.0721
128.0,480.0,3.4084,37.3228
144.0,480.0,-1.0908,39.4241
160.0,480.0,-2.3947,29.1325
176.0,480.0,0.747,27.2672
192.0,480.0,1.06,27.5465
208.0,480.0,-0.7406,18.3626
224.0,480.0,0.3387,41.0608
240.0,480.0,1.2239,45.3001
256.0,480.0,0.5583,46.2135
272.0,480.0,-0.9253,47.4854
288.0,480.0,-1.5133,47.8451
304.0,480.0,-0.3933,48.6633
320.0,480.0,-1.4639,45.3199
336.0,480.0,-3.861,40.0887
352.0,480.0,1.0082,35.4923
368.0,480.0,1.1137,32.2973
384.0,480.0,0.7793,30.6915
400.0,480.0,4.4851,27.5957
416.0,480.0,4.1225,25.531
432.0,480.0,2.7092,10.4473
448.0,480.0,3.8605,5.2801
464.0,480.0,4.6951,2.9917
480.0,480.0,0.5905,-0.563
496.0,480.0,1.2166,2.3037
16.0,464.0,2.1313,2.5848
32.0,464.0,0.045,-0.0931
48.0,464.0,-1.9125,-1.7843
64.0,464.0,0.1902,5.6371
80.0,464.0,0.4661,8.7153
96.0,464.0,3.4983,5.6793
112.0,464.0,2.2993,13.4605
128.0,464.0,3.108,23.6788
144.0,464.0,-2.6033,31.1152
160.0,464.0,3.348,24.2016
176.0,464.0,0.5157,27.1324
192.0,464.0,0.8291,27.9441
208.0,464.0,6.249,16.7803
224.0,464.0,0.9733,35.4259
240.0,464.0,-0.63,44.4071
256.0,464.0,2.2949,46.6135
272.0,464.0,1.4828,48.7392
288.0,464.0,1.1711,50.1478
304.0,464.0,1.2341,50.1026
320.0,464.0,-2.4546,46.6455
336.0,464.0,-4.2616,40.519
352.0,464.0,0.4522,36.183
368.0,464.0,-1.8497,30.2996
384.0,464.0,-0.5486,29.4827
400.0,464.0,4.0747,29.9461
416.0,464.0,-1.2583,19.6569
432.0,464.0,-0.9277,10.7548
448.0,464.0,-1.3218,7.5371
464.0,464.0,1.7578,3.8746
480.0,464.0,0.8411,-0.2441
496.0,464.0,1.0416,2.7678
16.0,448.0,-0.6626,1.9709
32.0,448.0,0.2365,0.6739
48.0,448.0,0.4637,-0.4635
64.0,448.0,0.0667,5.9621
80.0,448.0,0.148,8.6959
96.0,448.0,0.4294,12.3655
112.0,448.0,2.0338,10.7412
128.0,448.0,2.7473,13.6261
144.0,448.0,-1.8152,25.2649
160.0,448.0,2.6421,27.0641
176.0,448.0,0.3414,20.1704
192.0,448.0,1.3395,6.9408
208.0,448.0,0.4905,30.2587
224.0,448.0,0.8174,34.7425
240.0,448.0,-0.2625,44.319
256.0,448.0,2.4334,47.3139
272.0,448.0,0.9846,50.705
288.0,448.0,1.4145,52.3472
304.0,448.0,1.1829,52.9306
320.0,448.0,2.2192,50.3653
336.0,448.0,1.5791,43.4441
352.0,448.0,-2.7008,35.2148
368.0,448.0,-2.3191,35.9699
384.0,448.0,0.1505,39.2284
400.0,448.0,0.4543,36.183
416.0,448.0,0.8816,23.0766
432.0,448.0,1.2026,16.7089
448.0,448.0,0.5388,5.5666
464.0,448.0,-0.4951,2.4206
480.0,448.0,-1.606,6.1369
496.0,448.0,0.4548,2.9972
16.0,432.0,2.2676,1.9674
32.0,432.0,-0.0277,0.9407
48.0,432.0,0.4236,4.6235
64.0,432.0,0.093,7.0088
80.0,432.0,0.1024,9.2093
96.0,432.0,-0.8928,17.2663
112.0,432.0,0.6447,14.1195
128.0,432.0,-2.45,14.3843
144.0,432.0,-2.8183,21.7876
160.0,432.0,0.3918,27.8099
176.0,432.0,-0.3643,25.7736
192.0,432.0,0.4287,26.7498
208.0,432.0,0.3149,30.8455
224.0,432.0,-1.2424,36.4946
240.0,432.0,1.7347,40.4425
256.0,432.0,2.8217,46.0665
272.0,432.0,0.7759,50.2157
288.0,432.0,-0.1608,51.3855
304.0,432.0,0.1011,54.1603
320.0,432.0,3.3096,51.745
336.0,432.0,4.7998,42.0906
352.0,432.0,1.0496,35.1456
368.0,432.0,-1.1705,36.6077
384.0,432.0,-0.148,40.1035
400.0,432.0,-2.1822,36.0828
416.0,432.0,0.6804,24.4831
432.0,432.0,1.0347,17.6093
448.0,432.0,0.9506,10.9733
464.0,432.0,0.6492,6.598
480.0,432.0,0.2094,4.3963
496.0,432.0,0.1652,2.8821
16.0,416.0,5.3337,0.7107
32.0,416.0,0.3307,0.1781
48.0,416.0,0.3491,5.6319
64.0,416.0,-0.1721,8.4616
80.0,416.0,-0.2794,10.2824
96.0,416.0,-1.0017,16.4751
112.0,416.0,-3.4973,12.1426
128.0,416.0,-3.6758,11.396
144.0,416.0,-6.3835,17.5613
160.0,416.0,-1.4605,18.9518
176.0,416.0,0.2403,18.6205
192.0,416.0,2.7967,18.5444
208.0,416.0,-3.1935,30.2485
224.0,416.0,-2.7456,38.6509
240.0,416.0,0.9991,42.4446
256.0,416.0,1.544,44.8488
272.0,416.0,-0.6203,47.3986
288.0,416.0,-1.161,50.1776
304.0,416.0,-2.0926,52.3554
320.0,416.0,-2.5633,50.984
336.0,416.0,-1.1774,39.3072
352.0,416.0,2.3783,35.0718
368.0,416.0,0.8085,38.8206
384.0,416.0,-1.5358,41.3874
400.0,416.0,-2.1574,36.5423
416.0,416.0,3.5,22.5578
432.0,416.0,1.5774,18.3964
448.0,416.0,1.116,11.0978
464.0,416.0,0.1157,5.8197
480.0,416.0,-0.7355,3.2713
496.0,416.0,-2.0813,-0.6836
16.0,400.0,1.8089,-0.7326
32.0,400.0,0.6407,4.9482
48.0,400.0,0.3805,6.6633
64.0,400.0,-0.5296,9.716
80.0,400.0,-1.3063,14.0932
96.0,400.0,0.5821,14.348
112.0,400.0,-0.0206,11.1956
128.0,400.0,-1.1925,8.951
144.0,400.0,-3.6486,15.0112
160.0,400.0,-0.7631,18.0124
176.0,400.0,1.9417,19.8668
192.0,400.0,0.9237,28.7029
208.0,400.0,-2.1173,35.4252
224.0,400.0,-1.98,43.3918
240.0,400.0,-0.5274,46.8174
256.0,400.0,0.0202,45.6072
272.0,400.0,0.1551,45.5303
288.0,400.0,-0.045,48.3284
304.0,400.0,-3.0262,48.9878
320.0,400.0,-4.8128,43.0296
336.0,400.0,-3.231,37.1622
352.0,400.0,-1.3138,36.8652
368.0,400.0,-1.5236,40.0196
384.0,400.0,-1.4526,42.3704
400.0,400.0,0.168,40.3347
416.0,400.0,2.6318,28.9238
432.0,400.0,9.1526,13.5555
448.0,400.0,0.4275,9.524
464.0,400.0,3.2957,2.0191
480.0,400.0,-0.4555,-0.3664
496.0,400.0,-0.6815,1.3527
16.0,384.0,3.1702,0.7128
32.0,384.0,0.3285,5.6998
48.0,384.0,0.078,7.5799
64.0,384.0,-3.6966,10.1786
80.0,384.0,-0.8209,16.0973
96.0,384.0,-0.2293,14.9181
112.0,384.0,-0.3357,9.7599
128.0,384.0,-3.0277,10.1095
144.0,384.0,-2.6915,15.4938
160.0,384.0,-0.3284,22.9185
176.0,384.0,2.9272,28.0943
192.0,384.0,2.0388,32.6172
208.0,384.0,-2.05,42.2123
224.0,384.0,-2.5587,47.0232
240.0,384.0,-4.0216,47.6402
256.0,384.0,-3.5887,46.8523
272.0,384.0,0.654,43.4353
288.0,384.0,0.5684,45.2326
304.0,384.0,-2.2125,46.6127
320.0,384.0,-3.5259,41.8268
336.0,384.0,-3.9297,40.6542
352.0,384.0,-2.4134,41.3982
368.0,384.0,-0.691,41.4011
384.0,384.0,0.8333,42.7126
400.0,384.0,3.656,41.0297
416.0,384.0,2.5232,29.192
432.0,384.0,4.6337,13.7972
448.0,384.0,3.846,7.4142
464.0,384.0,1.232,0.0134
480.0,384.0,-9.0059,-5.7212
496.0,384.0,-12.6444,-10.2588
16.0,368.0,3.6715,-1.095
32.0,368.0,-0.1327,6.5331
48.0,368.0,-0.4925,8.7096
64.0,368.0,-1.0113,10.5371
80.0,368.0,-0.997,17.9367
96.0,368.0,-4.9591,14.875
112.0,368.0,-5.966,2.9032
128.0,368.0,-4.9181,7.8632
144.0,368.0,-2.2505,16.3286
160.0,368.0,-0.2592,19.8893
176.0,368.0,-0.4528,32.5813
192.0,368.0,0.3708,36.4965
208.0,368.0,-0.597,42.5367
224.0,368.0,-3.6074,47.06
240.0,368.0,-5.979,48.5081
256.0,368.0,-5.6141,46.5326
272.0,368.0,-2.6594,41.782
288.0,368.0,-2.1688,41.9844
304.0,368.0,-1.4904,44.2196
320.0,368.0,-1.3062,44.4988
336.0,368.0,-3.1754,46.335
352.0,368.0,-2.549,44.0891
368.0,368.0,0.8606,41.4406
384.0,368.0,4.143,43.1423
400.0,368.0,5.6053,40.9748
416.0,368.0,5.7608,23.0879
432.0,368.0,1.6335,10.2058
448.0,368.0,3.133,6.209
464.0,368.0,2.4004,1.2129
480.0,368.0,-29.6153,-26.146
496.0,368.0,-40.0922,-37.0119
16.0,352.0,0.5499,-0.3109
32.0,352.0,-0.5593,6.9531
48.0,352.0,-1.051,9.2867
64.0,352.0,-2.4279,13.6406
80.0,352.0,-1.2169,17.0942
96.0,352.0,-4.3922,8.2726
112.0,352.0,-6.6683,3.4336
128.0,352.0,-3.896,5.8317
144.0,352.0,-3.2446,12.4018
160.0,352.0,-0.2357,15.4642
176.0,352.0,-0.7362,30.4451
192.0,352.0,0.9018,36.4855
208.0,352.0,1.3237,37.5374
224.0,352.0,-3.7777,42.4232
240.0,352.0,-4.2229,49.1896
256.0,352.0,-3.0872,50.1143
272.0,352.0,-2.0679,41.6592
288.0,352.0,-1.0515,37.4464
304.0,352.0,-2.6426,41.7645
320.0,352.0,-1.3565,44.3058
336.0,352.0,-1.0351,46.302
352.0,352.0,-2.0075,43.0054
368.0,352.0,0.3569,39.5453
384.0,352.0,4.7476,37.2475
400.0,352.0,3.5007,35.1942
416.0,352.0,1.104,17.745
432.0,352.0,-0.9872,8.1797
448.0,352.0,1.0252,5.2172
464.0,352.0,-25.7542,-20.5022
480.0,352.0,-32.2062,-27.8768
496.0,352.0,-43.4108,-38.9522
16.0,336.0,3.6158,0.8476
32.0,336.0,-1.0731,7.0044
48.0,336.0,-1.7107,9.2084
64.0,336.0,-4.2141,14.5868
80.0,336.0,-5.3167,21.8575
96.0,336.0,-3.4895,8.1587
112.0,336.0,-6.9389,3.9917
128.0,336.0,-1.9531,5.6677
144.0,336.0,-1.3189,4.2149
160.0,336.0,-0.4704,8.1705
176.0,336.0,0.9298,20.5303
192.0,336.0,3.5799,31.756
208.0,336.0,1.8005,33.0582
224.0,336.0,-2.8439,30.9202
240.0,336.0,-2.8193,42.6008
256.0,336.0,-2.2491,52.5799
272.0,336.0,-2.0494,42.2884
288.0,336.0,-0.3048,31.9241
304.0,336.0,-2.228,44.4563
320.0,336.0,-2.9736,45.273
336.0,336.0,-3.1248,43.9318
352.0,336.0,-1.5905,43.198
368.0,336.0,0.165,39.8615
384.0,336.0,0.5285,34.8749
400.0,336.0,0.1385,27.622
416.0,336.0,-3.0174,10.4061
432.0,336.0,-1.758,7.3486
448.0,336.0,0.6445,3.8952
464.0,336.0,-28.0488,-20.3792
480.0,336.0,-34.741,-27.3573
496.0,336.0,-351.6224,-345.1481
16.0,320.0,3.0413,0.527
32.0,320.0,-1.8357,7.2114
48.0,320.0,-2.4191,9.2328
64.0,320.0,-5.0182,12.0216
80.0,320.0,-6.7369,20.1193
96.0,320.0,-6.6948,9.8125
112.0,320.0,-5.1744,5.7295
128.0,320.0,-0.1059,5.6963
144.0,320.0,0.6983,5.5487
160.0,320.0,0.256,7.9702
176.0,320.0,0.9983,14.0285
192.0,320.0,1.967,23.3053
208.0,320.0,1.8339,25.8848
224.0,320.0,1.8431,24.2271
240.0,320.0,0.0116,38.4823
256.0,320.0,-2.767,49.8146
272.0,320.0,-4.459,44.1477
288.0,320.0,-3.7586,36.8364
304.0,320.0,-1.3844,38.0262
320.0,320.0,-1.7872,41.1303
336.0,320.0,-3.6791,41.9657
352.0,320.0,-2.2919,40.3389
368.0,320.0,-2.4778,36.8469
384.0,320.0,-4.6183,27.5642
400.0,320.0,-8.5579,14.7892
416.0,320.0,-2.8299,7.4295
432.0,320.0,-3.2528,5.4491
448.0,320.0,-1.6121,4.0108
464.0,320.0,-0.8631,4.0125
480.0,320.0,-1.049,-0.4293
496.0,320.0,-45.7039,-29.6768
16.0,304.0,-0.4499,0.1738
32.0,304.0,-2.4331,7.3417
48.0,304.0,-2.9502,9.2564
64.0,304.0,-4.5614,8.4248
80.0,304.0,-7.0377,13.1132
96.0,304.0,-7.024,10.7286
112.0,304.0,-4.5208,9.8463
128.0,304.0,-3.7064,9.7914
144.0,304.0,0.0944,12.1042
160.0,304.0,1.1921,12.6478
176.0,304.0,2.0592,13.4132
192.0,304.0,3.4561,12.7106
208.0,304.0,4.7812,13.0842
224.0,304.0,-1.5461,27.6018
240.0,304.0,-0.256,42.3813
256.0,304.0,0.5747,47.5754
272.0,304.0,-1.3121,45.697
288.0,304.0,-0.671,42.3811
304.0,304.0,0.4206,40.8991
320.0,304.0,0.0853,43.8145
336.0,304.0,-0.4417,41.9504
352.0,304.0,0.1249,35.5259
368.0,304.0,-3.2854,32.5058
384.0,304.0,-4.8355,27.0327
400.0,304.0,-8.3591,17.0238
416.0,304.0,-2.1105,10.5198
432.0,304.0,-2.0344,6.4829
448.0,304.0,-4.5609,3.5959
464.0,304.0,-2.5681,0.8778
480.0,304.0,-0.8169,0.5247
496.0,304.0,-59.3248,-3.1722
16.0,288.0,-2.637,5.4727
32.0,288.0,-4.0134,4.7256
48.0,288.0,-4.3945,8.3439
64.0,288.0,-2.1719,10.2804
80.0,288.0,-3.4559,14.4077
96.0,288.0,-3.3703,13.3753
112.0,288.0,-4.035,14.2466
128.0,288.0,-5.2673,13.3013
144.0,288.0,-1.0683,16.0624
160.0,288.0,1.4807,12.6207
176.0,288.0,1.4708,11.1788
192.0,288.0,2.4508,7.0448
208.0,288.0,3.7676,10.3254
224.0,288.0,-2.1189,34.5331
240.0,288.0,-1.3264,45.0531
256.0,288.0,-0.7015,53.178
272.0,288.0,1.6214,53.0005
288.0,288.0,2.6226,44.7119
304.0,288.0,4.9007,37.7544
320.0,288.0,3.932,38.2004
336.0,288.0,2.4517,37.1843
352.0,288.0,1.5078,31.8571
368.0,288.0,-7.4427,24.05
384.0,288.0,-8.1013,15.5445
400.0,288.0,-5.5426,11.4281
416.0,288.0,-2.441,8.2859
432.0,288.0,-3.4651,8.9413
448.0,288.0,-17.8758,17.2403
464.0,288.0,-1.6144,2.2535
480.0,288.0,-2.6573,2.0645
496.0,288.0,-55.1475,58.6436
16.0,272.0,-2.8185,4.5986
32.0,272.0,-4.9498,5.6429
48.0,272.0,-5.3972,8.4707
64.0,272.0,-2.2711,13.4642
80.0,272.0,-2.5463,15.0782
96.0,272.0,-2.8696,11.059
112.0,272.0,-0.172,9.1106
128.0,272.0,-1.3493,13.1807
144.0,272.0,0.2195,17.2844
160.0,272.0,1.9026,14.2372
176.0,272.0,2.1856,10.1557
192.0,272.0,4.5998,8.176
208.0,272.0,3.0788,11.0302
224.0,272.0,-2.5883,38.6288
240.0,272.0,-4.7049,48.3789
256.0,272.0,-6.366,56.7423
272.0,272.0,-3.4067,59.4761
288.0,272.0,-1.0815,45.0785
304.0,272.0,1.0462,32.538
320.0,272.0,1.6441,32.6612
336.0,272.0,-0.3119,32.789
352.0,272.0,-0.9199,32.1148
368.0,272.0,-9.1833,24.836
384.0,272.0,-6.6502,15.28
400.0,272.0,-3.6505,7.6237
416.0,272.0,-7.9403,0.1972
432.0,272.0,-14.7717,9.0971
448.0,272.0,-5.7369,2.2926
464.0,272.0,-44.8774,38.6125
480.0,272.0,-195.4874,210.1414
496.0,272.0,-65.3244,61.4612
16.0,256.0,-2.5743,3.7851
32.0,256.0,-2.2686,2.7195
48.0,256.0,-3.455,4.5895
64.0,256.0,-4.2578,12.8885
80.0,256.0,-5.6641,13.7419
96.0,256.0,-3.1996,11.7256
112.0,256.0,1.6115,10.9938
128.0,256.0,3.8803,14.6889
144.0,256.0,5.3497,15.4093
160.0,256.0,7.4238,17.3601
176.0,256.0,6.9626,12.8365
192.0,256.0,4.9274,9.6769
208.0,256.0,2.582,15.1066
224.0,256.0,-0.5411,37.7697
240.0,256.0,-3.2692,50.0982
256.0,256.0,-9.1764,57.231
272.0,256.0,-9.7933,60.0597
288.0,256.0,-5.566,48.8531
304.0,256.0,-3.2038,36.5055
320.0,256.0,-4.7176,30.5885
336.0,256.0,-4.3613,29.9389
352.0,256.0,-1.4948,30.3617
368.0,256.0,-3.4515,26.5984
384.0,256.0,-1.6958,17.2874
400.0,256.0,-2.3285,11.1153
416.0,256.0,-3.4161,7.2187
432.0,256.0,-6.0802,0.3698
448.0,256.0,-8.6277,-2.3993
464.0,256.0,-49.5669,38.2503
480.0,256.0,-60.6265,45.9628
496.0,256.0,-241.5587,450.1267
16.0,240.0,-2.3169,3.0418
32.0,240.0,1.3083,0.8862
48.0,240.0,-2.927,-0.0683
64.0,240.0,-4.0966,2.7105
80.0,240.0,-4.0079,9.9651
96.0,240.0,-0.5062,14.2004
112.0,240.0,3.4571,16.486
128.0,240.0,5.2702,17.3512
144.0,240.0,5.769,16.5174
160.0,240.0,7.8657,19.2749
176.0,240.0,9.3809,16.4259
192.0,240.0,6.1449,13.2957
208.0,240.0,7.1976,19.4611
224.0,240.0,4.1101,36.5492
240.0,240.0,0.3096,48.9433
256.0,240.0,0.8751,54.6881
272.0,240.0,-3.3689,54.9726
288.0,240.0,-2.6266,53.1899
304.0,240.0,-1.2587,43.7037
320.0,240.0,-1.6241,33.4379
336.0,240.0,-1.338,29.9477
352.0,240.0,0.3166,31.8546
368.0,240.0,0.1797,28.4536
384.0,240.0,0.8312,17.2998
400.0,240.0,-2.1088,11.5713
416.0,240.0,-1.1467,11.0695
432.0,240.0,-1.4685,8.6824
448.0,240.0,-77.4424,-10.912
464.0,240.0,-89.544,7.9835
480.0,240.0,-110.8771,8.1804
496.0,240.0,0.1549,-0.0
16.0,224.0,-1.8189,2.1134
32.0,224.0,3.2766,1.0103
48.0,224.0,-3.6285,1.4454
64.0,224.0,-4.1553,4.7409
80.0,224.0,-1.9165,5.0055
96.0,224.0,2.3125,13.2698
112.0,224.0,1.5436,17.1724
128.0,224.0,3.7514,17.1978
144.0,224.0,3.43,21.7943
160.0,224.0,5.1369,25.9073
176.0,224.0,7.7271,19.9345
192.0,224.0,9.0206,15.7648
208.0,224.0,10.1915,26.9482
224.0,224.0,19.8004,40.5514
240.0,224.0,13.1981,47.3885
256.0,224.0,-0.5069,53.1282
272.0,224.0,-5.6425,64.366
288.0,224.0,-5.5954,56.8264
304.0,224.0,1.5545,46.7657
320.0,224.0,4.8016,36.8294
336.0,224.0,4.3049,33.1867
352.0,224.0,2.9207,38.1166
368.0,224.0,1.6596,32.3807
384.0,224.0,1.4702,18.0132
400.0,224.0,1.1211,12.3629
416.0,224.0,1.0777,8.3725
432.0,224.0,-0.8539,9.911
448.0,224.0,1.1766,7.7036
464.0,224.0,-82.406,-7.3202
480.0,224.0,-102.9136,-11.0397
496.0,224.0,-1.5432,-0.0
16.0,208.0,-1.6534,1.6009
32.0,208.0,-1.9001,2.0846
48.0,208.0,-3.6306,3.7064
64.0,208.0,-1.7927,3.9385
80.0,208.0,-1.0885,5.1146
96.0,208.0,0.2264,10.4708
112.0,208.0,-2.2589,16.7461
128.0,208.0,2.701,17.7464
144.0,208.0,2.7521,25.5442
160.0,208.0,3.3234,27.4035
176.0,208.0,5.2198,16.2422
192.0,208.0,4.6875,21.4075
208.0,208.0,8.9163,38.9282
224.0,208.0,11.9658,46.0003
240.0,208.0,7.5197,47.81
256.0,208.0,0.114,55.653
272.0,208.0,-8.0288,68.3691
288.0,208.0,-7.8268,62.0966
304.0,208.0,0.8629,51.5718
320.0,208.0,4.7577,42.8757
336.0,208.0,4.2313,39.7692
352.0,208.0,5.3394,40.4535
368.0,208.0,5.422,31.3929
384.0,208.0,3.266,19.1881
400.0,208.0,0.5978,15.5027
416.0,208.0,2.961,12.4062
432.0,208.0,2.1168,7.9187
448.0,208.0,1.5512,5.2681
464.0,208.0,-75.5257,-32.5212
480.0,208.0,-1005.6034,-648.2521
496.0,208.0,-2.7296,0.0614
16.0,192.0,-2.3243,0.0916
32.0,192.0,-1.7414,2.126
48.0,192.0,-1.6293,2.5687
64.0,192.0,-1.034,5.2906
80.0,192.0,-1.2785,6.1953
96.0,192.0,-1.4935,10.7613
112.0,192.0,-4.4998,18.7138
128.0,192.0,-0.0702,20.1004
144.0,192.0,1.9794,23.4924
160.0,192.0,0.1537,27.7288
176.0,192.0,1.3321,17.3931
192.0,192.0,1.1757,23.8995
208.0,192.0,6.1424,34.2489
224.0,192.0,-0.1736,48.7757
240.0,192.0,-1.0921,54.6156
256.0,192.0,-0.6445,55.7634
272.0,192.0,-3.187,59.7229
288.0,192.0,-3.5269,64.7821
304.0,192.0,1.3279,55.542
320.0,192.0,3.0024,49.0925
336.0,192.0,3.9505,44.1864
352.0,192.0,6.5983,37.7445
368.0,192.0,5.3438,33.0593
384.0,192.0,3.0005,24.2071
400.0,192.0,0.3403,16.1211
416.0,192.0,3.5244,14.9075
432.0,192.0,4.4081,10.9076
448.0,192.0,-1.8969,4.0796
464.0,192.0,-66.6764,-33.8359
480.0,192.0,-83.6954,-44.375
496.0,192.0,0.1091,2.2476
16.0,176.0,-2.5253,-0.7389
32.0,176.0,-1.4595,1.9255
48.0,176.0,-1.8311,2.2203
64.0,176.0,-2.1215,0.9983
80.0,176.0,-1.0792,2.1662
96.0,176.0,-1.2257,7.056
112.0,176.0,-3.1139,12.3379
128.0,176.0,-0.3653,16.5497
144.0,176.0,-5.4571,30.545
160.0,176.0,-5.2908,31.3381
176.0,176.0,-2.2953,27.91
192.0,176.0,-4.1653,39.266
208.0,176.0,-6.5952,43.0744
224.0,176.0,-5.7861,58.2035
240.0,176.0,-5.0711,70.719
256.0,176.0,-1.0748,65.7185
272.0,176.0,0.3464,59.824
288.0,176.0,-1.2373,62.668
304.0,176.0,0.4236,57.5178
320.0,176.0,0.7782,51.284
336.0,176.0,8.8839,44.9059
352.0,176.0,8.5787,37.9622
368.0,176.0,6.9872,33.7749
384.0,176.0,3.557,23.9677
400.0,176.0,2.5381,18.881
416.0,176.0,2.2524,13.0289
432.0,176.0,1.5474,7.9359
448.0,176.0,-58.8212,-31.5815
464.0,176.0,-60.8038,-34.2661
480.0,176.0,-76.3763,-44.4548
496.0,176.0,0.0,4.6686
16.0,160.0,-1.8639,0.989
32.0,160.0,-0.9875,1.3276
48.0,160.0,-0.9513,1.7599
64.0,160.0,-1.0563,3.3225
80.0,160.0,-0.5421,3.2154
96.0,160.0,-1.9302,4.0382
112.0,160.0,-1.7611,5.772
128.0,160.0,-3.5925,19.9574
144.0,160.0,-6.4243,27.8101
160.0,160.0,-11.0661,27.7361
176.0,160.0,-16.3574,35.903
192.0,160.0,-26.0496,48.2599
208.0,160.0,-27.2861,58.3887
224.0,160.0,-19.9329,71.1927
240.0,160.0,-5.2828,79.6263
256.0,160.0,-2.5246,75.256
272.0,160.0,-1.6958,68.255
288.0,160.0,-2.9297,65.1567
304.0,160.0,1.5007,59.173
320.0,160.0,1.5743,53.2751
336.0,160.0,7.65,45.7478
352.0,160.0,6.3663,40.2624
368.0,160.0,6.8724,32.9567
384.0,160.0,4.2007,20.4506
400.0,160.0,3.4302,16.0582
416.0,160.0,-0.466,9.7595
432.0,160.0,-0.2214,4.9288
448.0,160.0,-15.9498,-4.6869
464.0,160.0,-17.6923,-7.2375
480.0,160.0,0.2275,-0.1667
496.0,160.0,-24.3108,-11.7572
16.0,144.0,-0.7656,0.9882
32.0,144.0,1.1686,0.6044
48.0,144.0,-0.3267,1.1115
64.0,144.0,-0.7632,2.5947
80.0,144.0,-1.0992,4.7775
96.0,144.0,-1.4249,8.7134
112.0,144.0,-1.8759,14.2263
128.0,144.0,-2.8761,28.6911
144.0,144.0,-2.3832,27.6817
160.0,144.0,-10.8164,24.1232
176.0,144.0,-30.3591,39.4966
192.0,144.0,-36.7064,51.4496
208.0,144.0,-30.2143,60.1234
224.0,144.0,-21.2496,72.0448
240.0,144.0,-13.5878,80.8916
256.0,144.0,-8.1511,85.9398
272.0,144.0,-5.4932,87.3243
288.0,144.0,-3.2612,69.7496
304.0,144.0,1.2159,58.353
320.0,144.0,1.6079,52.466
336.0,144.0,1.7582,43.5843
352.0,144.0,1.8887,37.5237
368.0,144.0,2.8126,29.2425
384.0,144.0,0.8379,19.2579
400.0,144.0,3.2713,11.4992
416.0,144.0,0.1898,5.5004
432.0,144.0,-0.4196,0.7517
448.0,144.0,-0.8232,2.1671
464.0,144.0,-9.7005,-1.012
480.0,144.0,-14.6133,-6.6751
496.0,144.0,-14.1645,-6.7228
16.0,128.0,2.862,-1.4851
32.0,128.0,-0.0547,-0.3557
48.0,128.0,-2.4313,0.9647
64.0,128.0,0.0868,0.2489
80.0,128.0,-0.034,1.0904
96.0,128.0,-1.1687,8.341
112.0,128.0,-1.5715,13.4658
128.0,128.0,-5.6334,24.2203
144.0,128.0,-0.325,31.4312
160.0,128.0,-5.4998,23.1943
176.0,128.0,-13.6183,36.8261
192.0,128.0,-20.2309,54.6993
208.0,128.0,-14.5674,69.9696
224.0,128.0,-8.9666,78.224
240.0,128.0,-13.9175,83.3374
256.0,128.0,-11.104,88.4941
272.0,128.0,-3.484,85.0126
288.0,128.0,-2.4801,69.5705
304.0,128.0,-1.9476,56.7839
320.0,128.0,-0.8987,51.7826
336.0,128.0,1.0323,43.4502
352.0,128.0,0.2841,35.4393
368.0,128.0,-4.6755,20.9244
384.0,128.0,-1.1051,17.9789
400.0,128.0,0.4364,12.1849
416.0,128.0,0.046,4.6469
432.0,128.0,-1.9886,-0.1154
448.0,128.0,-3.4782,1.0386
464.0,128.0,1.7828,13.7299
480.0,128.0,0.9317,-2.1227
496.0,128.0,0.3544,-4.3509
16.0,112.0,6.6986,-0.7761
32.0,112.0,0.4333,0.2559
48.0,112.0,-1.9785,1.2749
64.0,112.0,0.2712,0.429
80.0,112.0,2.1822,-1.1219
96.0,112.0,-0.7566,7.909
112.0,112.0,-0.9772,12.5248
128.0,112.0,-3.1942,16.3113
144.0,112.0,-0.268,27.9478
160.0,112.0,-1.1644,23.5321
176.0,112.0,-2.3581,28.0941
192.0,112.0,-7.32,43.1393
208.0,112.0,-6.3316,59.713
224.0,112.0,-8.8015,74.9355
240.0,112.0,-12.4432,77.5536
256.0,112.0,-13.8237,83.0271
272.0,112.0,-6.1239,79.089
288.0,112.0,-5.6355,64.9426
304.0,112.0,-2.8938,56.8777
320.0,112.0,-3.5324,53.2036
336.0,112.0,2.2739,47.6181
352.0,112.0,-1.2648,34.9717
368.0,112.0,-8.6599,14.9551
384.0,112.0,-2.0706,13.0583
400.0,112.0,-2.6375,11.0888
416.0,112.0,-1.3857,6.4604
432.0,112.0,50.8557,94.6774
448.0,112.0,-0.7221,0.4099
464.0,112.0,0.1041,0.996
480.0,112.0,0.3935,-0.3218
496.0,112.0,1.4284,-1.1297
16.0,96.0,3.2757,-1.2003
32.0,96.0,-1.3601,-2.0567
48.0,96.0,-3.2488,-2.807
64.0,96.0,-0.1404,1.328
80.0,96.0,-0.2835,3.2543
96.0,96.0,-0.2271,6.039
112.0,96.0,-0.3226,10.2205
128.0,96.0,-0.5281,8.9558
144.0,96.0,-2.2703,21.1723
160.0,96.0,4.8643,26.9531
176.0,96.0,5.7688,26.4517
192.0,96.0,-3.6741,35.3699
208.0,96.0,-4.6541,51.5959
224.0,96.0,-12.101,60.4486
240.0,96.0,-13.3684,63.3419
256.0,96.0,-13.4026,67.9756
272.0,96.0,-10.4773,73.1453
288.0,96.0,-5.7463,63.4724
304.0,96.0,-5.1569,61.8568
320.0,96.0,-4.763,59.511
336.0,96.0,-0.6403,49.0263
352.0,96.0,-1.9335,34.8082
368.0,96.0,-1.7727,25.0687
384.0,96.0,-0.7404,9.4187
400.0,96.0,-2.2692,5.691
416.0,96.0,2.6208,34.6566
432.0,96.0,44.8214,112.4165
448.0,96.0,5.8359,3.6295
464.0,96.0,40.2468,150.9365
480.0,96.0,1.5396,0.975
496.0,96.0,0.293,2.758
16.0,80.0,2.4309,0.4267
32.0,80.0,0.5047,0.6269
48.0,80.0,0.9937,1.2575
64.0,80.0,1.0107,1.6874
80.0,80.0,0.5554,1.9569
96.0,80.0,-0.0898,1.1944
112.0,80.0,0.1689,8.2402
128.0,80.0,-0.2232,12.425
144.0,80.0,0.1961,13.452
160.0,80.0,-0.7902,17.848
176.0,80.0,1.2398,17.8198
192.0,80.0,-1.1011,21.3789
208.0,80.0,0.543,53.5997
224.0,80.0,-3.4515,58.0029
240.0,80.0,-4.5921,59.9566
256.0,80.0,-6.0167,63.8783
272.0,80.0,-6.0188,70.8735
288.0,80.0,-4.0453,69.5171
304.0,80.0,-3.2066,67.3508
320.0,80.0,-2.6327,62.2372
336.0,80.0,-3.8948,50.3513
352.0,80.0,-2.3868,35.138
368.0,80.0,-2.1417,25.0901
384.0,80.0,-1.0033,8.186
400.0,80.0,-3.2087,4.9246
416.0,80.0,-2.0403,2.6363
432.0,80.0,31.7798,138.9332
448.0,80.0,29.0988,157.2825
464.0,80.0,1089.3017,1591.4696
480.0,80.0,24.7964,212.2411
496.0,80.0,41.8083,244.1737
16.0,64.0,1.6577,-0.3529
32.0,64.0,0.5938,0.1553
48.0,64.0,0.0002,-0.0856
64.0,64.0,0.4877,-0.7833
80.0,64.0,1.7082,0.6268
96.0,64.0,-0.5646,1.77
112.0,64.0,-0.7586,2.3325
128.0,64.0,4.3247,8.309
144.0,64.0,1.997,13.4445
160.0,64.0,-1.9407,19.5673
176.0,64.0,-0.2504,20.2356
192.0,64.0,0.8766,19.7306
208.0,64.0,2.8032,41.0776
224.0,64.0,5.0108,53.167
240.0,64.0,2.4292,56.2838
256.0,64.0,-2.3699,59.0296
272.0,64.0,-9.8721,64.4802
288.0,64.0,-11.203,68.2398
304.0,64.0,-5.4367,56.9185
320.0,64.0,-2.3905,56.6225
336.0,64.0,0.8446,51.5272
352.0,64.0,-2.9372,35.6941
368.0,64.0,-1.1446,22.3463
384.0,64.0,-2.1835,11.797
400.0,64.0,-2.5177,5.9813
416.0,64.0,-2.2341,2.1025
432.0,64.0,-3.9955,1.9981
448.0,64.0,-66.0416,204.9753
464.0,64.0,-83.2877,247.0606
480.0,64.0,-94.0349,278.709
496.0,64.0,-104.5105,321.8596
16.0,48.0,0.2815,0.8583
32.0,48.0,0.5177,0.0538
48.0,48.0,-0.2937,-1.2064
64.0,48.0,-1.3569,-0.7851
80.0,48.0,0.8017,1.2966
96.0,48.0,-0.5146,2.4111
112.0,48.0,-1.7708,3.1944
128.0,48.0,4.418,7.1375
144.0,48.0,0.6189,15.0005
160.0,48.0,-5.8073,22.7318
176.0,48.0,-4.7777,22.5544
192.0,48.0,1.219,17.2207
208.0,48.0,4.2898,31.5905
224.0,48.0,7.6965,44.0342
240.0,48.0,6.7072,45.7335
256.0,48.0,3.2162,49.9588
272.0,48.0,-8.2947,55.529
288.0,48.0,-13.5277,65.4203
304.0,48.0,-4.6855,57.2556
320.0,48.0,-4.6651,52.7127
336.0,48.0,-3.8145,45.1547
352.0,48.0,-3.5353,35.0667
368.0,48.0,-1.6073,28.9223
384.0,48.0,-3.072,15.9636
400.0,48.0,-1.2251,5.4031
416.0,48.0,-2.4443,7.165
432.0,48.0,-96.2177,197.0703
448.0,48.0,-99.0228,215.5845
464.0,48.0,-129.8785,268.7518
480.0,48.0,-11.2888,-0.0814
496.0,48.0,-148.5878,342.9747
16.0,32.0,3.1948,0.3267
32.0,32.0,-0.3063,0.8177
48.0,32.0,-0.0687,1.8242
64.0,32.0,-1.129,0.6908
80.0,32.0,1.0883,0.6935
96.0,32.0,0.4429,1.4755
112.0,32.0,2.6991,2.3106
128.0,32.0,3.4203,8.0565
144.0,32.0,-1.4488,10.4744
160.0,32.0,-2.0426,16.2569
176.0,32.0,0.5936,17.6466
192.0,32.0,-0.766,16.7074
208.0,32.0,5.9258,25.0668
224.0,32.0,7.8669,35.7393
240.0,32.0,8.7303,40.1234
256.0,32.0,7.8794,47.1321
272.0,32.0,-1.9882,50.6422
288.0,32.0,-6.2107,60.0071
304.0,32.0,-1.5457,64.5668
320.0,32.0,-5.0231,51.6611
336.0,32.0,-4.055,44.4349
352.0,32.0,-8.9277,40.5602
368.0,32.0,-5.2742,29.6595
384.0,32.0,-3.7346,11.3922
400.0,32.0,-3.6106,6.5336
416.0,32.0,-58.3648,71.7265
432.0,32.0,-177.5108,151.5676
448.0,32.0,-182.4111,164.3378
464.0,32.0,-1906.4213,906.5838
480.0,32.0,-4.1859,-0.0
496.0,32.0,-282.0385,258.0383
16.0,16.0,5.2057,-5.7566
32.0,16.0,0.5072,-3.8937
48.0,16.0,-0.6298,-7.4432
64.0,16.0,0.1072,-6.596
80.0,16.0,-0.1699,-6.2504
96.0,16.0,0.5765,1.6493
112.0,16.0,0.7715,3.969
128.0,16.0,-0.7364,5.4859
144.0,16.0,1.3758,2.6306
160.0,16.0,-0.2553,13.0552
176.0,16.0,2.4319,8.581
192.0,16.0,-2.0729,12.2885
208.0,16.0,3.4226,27.7244
224.0,16.0,4.3793,34.1548
240.0,16.0,5.6934,36.7008
256.0,16.0,1.5026,48.1471
272.0,16.0,0.0357,50.9541
288.0,16.0,-1.1471,57.9292
304.0,16.0,-4.4014,61.6827
320.0,16.0,-5.2893,50.9481
336.0,16.0,-4.669,44.3727
352.0,16.0,-7.8419,32.4463
368.0,16.0,-4.6991,26.1444
384.0,16.0,-2.3031,8.2369
400.0,16.0,-4.3106,5.4688
416.0,16.0,-2.335,4.8771
432.0,16.0,-226.1249,171.2646
448.0,16.0,-226.5468,170.0988
464.0,16.0,-274.0584,221.2708
480.0,16.0,0.0,-0.0
496.0,16.0,-344.6844,249.8162
