16.0,496.0,-1.8919,-3.1479
32.0,496.0,1.1906,1.1024
48.0,496.0,1.3695,1.627
64.0,496.0,-0.4646,0.683
80.0,496.0,3.0504,-1.2234
96.0,496.0,2.002,3.1664
112.0,496.0,1.7643,2.5061
128.0,496.0,0.9441,2.9013
144.0,496.0,1.4084,6.3318
160.0,496.0,-0.3866,25.9335
176.0,496.0,0.0814,34.5144
192.0,496.0,1.9638,29.8897
208.0,496.0,2.1013,34.865
224.0,496.0,4.2303,37.248
240.0,496.0,3.5057,43.3338
256.0,496.0,1.2836,46.6284
272.0,496.0,1.7685,49.7217
288.0,496.0,3.4407,50.3397
304.0,496.0,2.9165,51.0746
320.0,496.0,1.6642,52.2121
336.0,496.0,-0.2628,50.4759
352.0,496.0,1.9466,45.0459
368.0,496.0,1.3422,29.8149
384.0,496.0,2.1105,16.4221
400.0,496.0,2.0044,11.5709
416.0,496.0,2.6843,12.0196
432.0,496.0,0.6699,14.4173
448.0,496.0,2.2255,8.9602
464.0,496.0,2.9419,6.0507
480.0,496.0,0.3691,2.9335
496.0,496.0,2.0953,2.608
16.0,480.0,0.6352,0.4723
32.0,480.0,1.5417,2.2943
48.0,480.0,1.0855,1.6499
64.0,480.0,1.3877,1.611
80.0,480.0,8.111,1.4404
96.0,480.0,5.9017,3.4197
112.0,480.0,5.9219,3.2145
128.0,480.0,-0.3908,5.9595
144.0,480.0,-1.2985,11.1553
160.0,480.0,2.0079,24.4785
176.0,480.0,3.5402,32.0704
192.0,480.0,2.4107,28.9375
208.0,480.0,2.705,32.5884
224.0,480.0,4.9557,30.5143
240.0,480.0,6.4474,35.3376
256.0,480.0,4.3434,45.9408
272.0,480.0,3.7914,48.3753
288.0,480.0,7.6672,47.1233
304.0,480.0,7.8329,47.5527
320.0,480.0,4.644,50.3542
336.0,480.0,1.4702,50.2047
352.0,480.0,1.6644,41.3767
368.0,480.0,3.3121,21.7836
384.0,480.0,-0.9712,16.3994
400.0,480.0,4.3774,12.3402
416.0,480.0,4.0535,13.3059
432.0,480.0,4.2196,10.6379
448.0,480.0,3.4941,4.6209
464.0,480.0,4.011,4.0613
480.0,480.0,2.9129,1.6275
496.0,480.0,0.3843,0.8932
16.0,464.0,4.6991,-1.1099
32.0,464.0,0.2483,-0.444
48.0,464.0,-1.0281,-0.9048
64.0,464.0,-0.7132,0.6565
80.0,464.0,1.2955,2.852
96.0,464.0,2.9896,1.5131
112.0,464.0,1.4269,7.2131
128.0,464.0,-3.1961,11.5831
144.0,464.0,-3.0975,21.1433
160.0,464.0,7.6885,28.3367
176.0,464.0,5.3946,27.3251
192.0,464.0,2.5923,27.8244
208.0,464.0,3.1773,29.6736
224.0,464.0,5.3532,23.0196
240.0,464.0,1.8135,40.0986
256.0,464.0,3.7033,45.4782
272.0,464.0,6.7087,45.8267
288.0,464.0,8.4375,46.347
304.0,464.0,5.7297,46.9086
320.0,464.0,2.2078,50.8259
336.0,464.0,0.1823,51.0649
352.0,464.0,0.16,40.6719
368.0,464.0,-0.7931,20.8565
384.0,464.0,-1.3693,20.8273
400.0,464.0,3.8118,16.7145
416.0,464.0,3.4887,12.3407
432.0,464.0,4.4504,6.6792
448.0,464.0,5.0146,3.0378
464.0,464.0,3.8216,4.2747
480.0,464.0,1.766,0.7793
496.0,464.0,0.5556,0.2439
16.0,448.0,1.09,0.6025
32.0,448.0,0.164,0.5501
48.0,448.0,-1.4814,2.9762
64.0,448.0,-1.0834,0.7175
80.0,448.0,1.028,3.4042
96.0,448.0,1.1588,5.1282
112.0,448.0,1.372,8.3839
128.0,448.0,1.7004,12.3478
144.0,448.0,-1.7002,21.0979
160.0,448.0,2.4324,22.25
176.0,448.0,3.7798,21.9893
192.0,448.0,4.4432,18.124
208.0,448.0,-1.0714,19.4304
224.0,448.0,0.0154,22.3387
240.0,448.0,2.7622,35.3569
256.0,448.0,5.2593,41.074
272.0,448.0,8.6891,41.4858
288.0,448.0,9.3372,43.9293
304.0,448.0,6.3585,46.936
320.0,448.0,4.0146,49.0807
336.0,448.0,0.8457,47.8136
352.0,448.0,-1.1173,40.7127
368.0,448.0,-1.6575,24.3996
384.0,448.0,-1.7515,20.2503
400.0,448.0,0.7462,13.8609
416.0,448.0,1.3021,8.0687
432.0,448.0,1.8759,3.9167
448.0,448.0,3.3575,1.712
464.0,448.0,3.0579,0.3036
480.0,448.0,0.4751,0.2798
496.0,448.0,-36.0592,-20.1497
16.0,432.0,1.4942,1.5732
32.0,432.0,-0.153,0.4732
48.0,432.0,-1.096,3.932
64.0,432.0,-1.0214,0.8097
80.0,432.0,-1.6825,2.4368
96.0,432.0,0.3858,5.356
112.0,432.0,0.7081,8.7297
128.0,432.0,1.4371,12.3495
144.0,432.0,4.4317,17.9159
160.0,432.0,3.0849,19.2738
176.0,432.0,2.7952,15.2258
192.0,432.0,6.0684,13.9898
208.0,432.0,-0.2899,17.0731
224.0,432.0,-1.8843,20.6966
240.0,432.0,5.2753,32.629
256.0,432.0,6.6395,39.0631
272.0,432.0,10.0899,39.8245
288.0,432.0,10.6804,43.1402
304.0,432.0,7.7047,46.4188
320.0,432.0,7.258,47.1973
336.0,432.0,3.3541,43.8852
352.0,432.0,-1.5724,39.5229
368.0,432.0,1.1387,24.4772
384.0,432.0,-2.4818,14.5468
400.0,432.0,-2.0752,8.1104
416.0,432.0,-1.1059,4.2023
432.0,432.0,-1.2461,3.8504
448.0,432.0,1.0002,2.4883
464.0,432.0,2.4216,0.9775
480.0,432.0,-60.2865,-33.7857
496.0,432.0,-77.7069,-43.8484
16.0,416.0,3.043,0.4272
32.0,416.0,-0.8057,0.0137
48.0,416.0,0.1257,2.9877
64.0,416.0,-0.6689,0.6849
80.0,416.0,0.2736,3.522
96.0,416.0,0.4568,5.1733
112.0,416.0,0.8457,8.1981
128.0,416.0,1.3262,11.5005
144.0,416.0,4.8948,14.5603
160.0,416.0,2.0231,18.4134
176.0,416.0,4.3329,17.1303
192.0,416.0,3.8094,18.7109
208.0,416.0,2.9323,27.106
224.0,416.0,5.5128,34.8505
240.0,416.0,6.4835,38.1762
256.0,416.0,5.6995,39.0646
272.0,416.0,6.0511,42.7435
288.0,416.0,4.4741,48.3212
304.0,416.0,3.7809,46.8718
320.0,416.0,2.8584,42.5457
336.0,416.0,1.639,39.9733
352.0,416.0,-1.1864,37.3968
368.0,416.0,2.3693,23.7448
384.0,416.0,-0.7969,14.6381
400.0,416.0,-3.3718,8.9989
416.0,416.0,-2.3493,2.0916
432.0,416.0,-1.7614,-0.2151
448.0,416.0,0.4055,0.3723
464.0,416.0,1.2335,2.2083
480.0,416.0,-167.0178,-94.6672
496.0,416.0,-219.6926,-124.9715
16.0,400.0,0.635,0.4959
32.0,400.0,-0.6502,0.3975
48.0,400.0,-0.6674,0.2491
64.0,400.0,0.1621,-0.2522
80.0,400.0,0.5077,3.1366
96.0,400.0,1.6998,5.3051
112.0,400.0,0.1921,5.8954
128.0,400.0,-0.9552,7.2554
144.0,400.0,0.2031,12.2396
160.0,400.0,4.4193,17.5735
176.0,400.0,7.5491,19.4281
192.0,400.0,3.1937,24.4766
208.0,400.0,-0.5308,33.8345
224.0,400.0,2.6882,37.2099
240.0,400.0,6.7577,37.1845
256.0,400.0,5.5546,37.961
272.0,400.0,2.3815,45.0424
288.0,400.0,1.8538,48.5687
304.0,400.0,-1.0519,47.0345
320.0,400.0,-2.8862,42.5264
336.0,400.0,-0.7887,37.6976
352.0,400.0,-0.9478,31.1842
368.0,400.0,-1.0269,25.0309
384.0,400.0,0.4328,20.7787
400.0,400.0,-1.397,12.3997
416.0,400.0,-3.2111,6.7008
432.0,400.0,-16.02,-3.9545
448.0,400.0,-49.7897,-25.5277
464.0,400.0,-158.6864,-89.0919
480.0,400.0,-197.6257,-111.6945
496.0,400.0,-260.4186,-147.6889
16.0,384.0,2.6508,0.7912
32.0,384.0,-0.3113,0.1987
48.0,384.0,-0.7521,-1.2287
64.0,384.0,0.8942,-0.2867
80.0,384.0,4.0558,1.7443
96.0,384.0,1.4666,5.3459
112.0,384.0,-0.0401,5.7009
128.0,384.0,-2.7998,6.7448
144.0,384.0,0.1776,11.4801
160.0,384.0,4.2345,19.2932
176.0,384.0,6.1241,24.7484
192.0,384.0,1.2457,26.8724
208.0,384.0,-0.3586,39.2487
224.0,384.0,-0.2748,41.1539
240.0,384.0,1.9495,40.6662
256.0,384.0,0.1518,45.4651
272.0,384.0,-0.3351,47.0438
288.0,384.0,-1.3062,47.9795
304.0,384.0,-6.1869,48.6385
320.0,384.0,-8.0931,45.2902
336.0,384.0,-3.4679,37.8632
352.0,384.0,-2.0967,31.5023
368.0,384.0,-3.1143,25.4698
384.0,384.0,0.7891,21.0756
400.0,384.0,-0.8319,13.4837
416.0,384.0,-2.5733,7.8171
432.0,384.0,0.6962,2.0378
448.0,384.0,0.1719,2.2537
464.0,384.0,-1.4954,1.7584
480.0,384.0,-218.6308,-123.107
496.0,384.0,-1903.2695,-1090.044
16.0,368.0,5.2183,1.3197
32.0,368.0,-0.3212,-0.0578
48.0,368.0,0.7185,1.1607
64.0,368.0,0.2724,1.8175
80.0,368.0,1.2205,-0.3109
96.0,368.0,4.7983,1.8837
112.0,368.0,-0.1629,6.4241
128.0,368.0,-1.0031,6.8274
144.0,368.0,-1.2837,13.9623
160.0,368.0,1.6068,10.4824
176.0,368.0,2.3592,24.9269
192.0,368.0,4.7684,29.0361
208.0,368.0,-1.3256,36.4733
224.0,368.0,-5.5342,35.4313
240.0,368.0,-5.4785,38.092
256.0,368.0,-3.2259,45.0928
272.0,368.0,-5.6946,48.1398
288.0,368.0,-8.6327,44.9224
304.0,368.0,-8.2657,45.6753
320.0,368.0,-11.1588,45.0527
336.0,368.0,-6.4884,42.1423
352.0,368.0,-1.3876,36.8422
368.0,368.0,-0.2495,25.1936
384.0,368.0,0.3298,19.2976
400.0,368.0,1.4795,17.0689
416.0,368.0,-2.1735,8.3119
432.0,368.0,3.7277,4.8988
448.0,368.0,2.0905,1.9289
464.0,368.0,-165.0479,-91.6626
480.0,368.0,-205.8829,-115.3913
496.0,368.0,-271.8274,-152.8556
16.0,352.0,3.0809,3.2536
32.0,352.0,-0.2483,0.6775
48.0,352.0,-0.4568,1.779
64.0,352.0,0.7055,2.9184
80.0,352.0,-1.1209,3.7125
96.0,352.0,-1.4933,3.1725
112.0,352.0,-0.4242,4.7344
128.0,352.0,0.8545,6.7606
144.0,352.0,-4.4945,15.7202
160.0,352.0,-7.2178,19.7763
176.0,352.0,-2.2848,27.4073
192.0,352.0,-0.4948,29.566
208.0,352.0,-2.8215,25.967
224.0,352.0,-4.8149,32.6921
240.0,352.0,-4.491,40.1798
256.0,352.0,-1.4994,46.7239
272.0,352.0,-1.556,51.1946
288.0,352.0,-5.4274,48.7234
304.0,352.0,-7.9058,41.5588
320.0,352.0,-6.7654,43.4126
336.0,352.0,-1.3733,42.6296
352.0,352.0,1.7338,36.8656
368.0,352.0,2.0786,25.0702
384.0,352.0,-0.1448,15.9742
400.0,352.0,0.0107,17.9441
416.0,352.0,2.7517,15.391
432.0,352.0,3.6612,7.909
448.0,352.0,3.7584,3.887
464.0,352.0,-142.0054,-77.074
480.0,352.0,-177.9623,-97.7185
496.0,352.0,-238.1624,-131.3153
16.0,336.0,3.492,2.1032
32.0,336.0,0.0158,0.5232
48.0,336.0,-0.5493,1.082
64.0,336.0,-1.3624,1.28
80.0,336.0,0.7719,2.5141
96.0,336.0,-2.5469,8.676
112.0,336.0,-5.1422,13.3936
128.0,336.0,-2.8498,8.5379
144.0,336.0,-5.8767,14.1068
160.0,336.0,-11.6047,19.7994
176.0,336.0,-13.6745,25.8392
192.0,336.0,-6.1541,30.7003
208.0,336.0,-3.2309,33.564
224.0,336.0,-2.4536,39.5998
240.0,336.0,-0.4967,41.8133
256.0,336.0,-0.3765,47.419
272.0,336.0,1.0616,54.3711
288.0,336.0,-2.8122,52.2758
304.0,336.0,-6.8777,44.3741
320.0,336.0,-3.2139,41.6666
336.0,336.0,2.5763,38.7653
352.0,336.0,2.2657,37.3072
368.0,336.0,0.2453,27.2228
384.0,336.0,-1.6087,14.5025
400.0,336.0,0.474,8.7692
416.0,336.0,0.1823,7.0513
432.0,336.0,-0.564,5.3963
448.0,336.0,3.6356,2.5377
464.0,336.0,-58.5429,-27.1014
480.0,336.0,-73.6671,-35.7213
496.0,336.0,-1.5745,-2.4748
16.0,320.0,2.4532,0.074
32.0,320.0,0.2302,-0.2264
48.0,320.0,0.9174,-0.0267
64.0,320.0,-0.0427,-0.3256
80.0,320.0,2.0334,1.0571
96.0,320.0,-4.9614,12.797
112.0,320.0,-3.2234,21.406
128.0,320.0,-2.4019,13.9332
144.0,320.0,-0.2548,11.9442
160.0,320.0,-2.4208,13.3062
176.0,320.0,-5.6082,18.7511
192.0,320.0,-3.3447,39.0568
208.0,320.0,-5.2366,42.042
224.0,320.0,-2.7376,39.6645
240.0,320.0,-1.0321,44.2831
256.0,320.0,-3.0777,48.6486
272.0,320.0,-2.879,52.8324
288.0,320.0,-3.5484,49.8213
304.0,320.0,-7.2283,46.0196
320.0,320.0,-4.6555,44.7611
336.0,320.0,0.4234,38.2833
352.0,320.0,1.2049,33.2363
368.0,320.0,0.9895,30.1113
384.0,320.0,-2.5993,17.712
400.0,320.0,-2.6297,10.2198
416.0,320.0,-1.2287,9.8856
432.0,320.0,1.5896,7.2788
448.0,320.0,3.5332,4.7506
464.0,320.0,-1.314,0.7538
480.0,320.0,-47.0752,-10.5691
496.0,320.0,-63.7625,-15.7999
16.0,304.0,-0.4087,0.1085
32.0,304.0,0.0725,-0.0963
48.0,304.0,1.5495,0.8314
64.0,304.0,3.3695,0.4398
80.0,304.0,-2.4081,9.8979
96.0,304.0,-3.1355,14.299
112.0,304.0,-5.5477,25.5945
128.0,304.0,-2.7603,21.4159
144.0,304.0,1.6504,17.259
160.0,304.0,4.7199,10.5486
176.0,304.0,0.4763,10.6834
192.0,304.0,-2.5612,38.6066
208.0,304.0,-6.0858,45.8452
224.0,304.0,-2.9572,42.1074
240.0,304.0,-0.0385,42.367
256.0,304.0,-0.9861,48.3517
272.0,304.0,-5.0463,52.0863
288.0,304.0,-2.4591,49.0248
304.0,304.0,-2.4189,44.1937
320.0,304.0,-3.6892,39.533
336.0,304.0,-1.0988,37.2465
352.0,304.0,-0.7912,31.458
368.0,304.0,0.4915,16.8924
384.0,304.0,-2.4139,10.318
400.0,304.0,-4.8943,12.6348
416.0,304.0,-3.1837,12.776
432.0,304.0,1.3559,11.409
448.0,304.0,2.6573,7.2382
464.0,304.0,0.9737,3.0758
480.0,304.0,-3.0573,0.7584
496.0,304.0,-38.048,19.6342
16.0,288.0,1.0935,-1.6598
32.0,288.0,-0.1587,-0.3468
48.0,288.0,-0.1862,-1.5944
64.0,288.0,-2.1173,6.2351
80.0,288.0,-3.014,11.6842
96.0,288.0,-10.2301,19.2091
112.0,288.0,-5.7707,29.294
128.0,288.0,-4.3459,34.267
144.0,288.0,-6.0566,28.0342
160.0,288.0,1.2863,11.511
176.0,288.0,-3.5707,13.5059
192.0,288.0,-4.6358,38.0718
208.0,288.0,-6.5662,46.8493
224.0,288.0,-3.1927,45.7804
240.0,288.0,0.3147,40.509
256.0,288.0,-0.297,45.2299
272.0,288.0,-3.0886,49.1644
288.0,288.0,-2.5837,48.8483
304.0,288.0,-0.5323,45.5469
320.0,288.0,-0.4257,44.1469
336.0,288.0,0.086,44.4275
352.0,288.0,-0.2859,33.2639
368.0,288.0,-5.8247,9.6437
384.0,288.0,-2.29,6.5866
400.0,288.0,-1.1777,19.0902
416.0,288.0,-1.973,10.7025
432.0,288.0,0.0414,11.3523
448.0,288.0,1.3485,7.2042
464.0,288.0,1.296,2.2985
480.0,288.0,-47.8642,58.7184
496.0,288.0,-64.2628,76.4206
16.0,272.0,1.0944,-6.3404
32.0,272.0,-0.1877,-0.5054
48.0,272.0,-1.3422,3.751
64.0,272.0,-2.8173,7.5952
80.0,272.0,-3.8003,13.2682
96.0,272.0,-5.3659,16.0473
112.0,272.0,-5.2805,29.0413
128.0,272.0,-5.4373,35.9173
144.0,272.0,-4.2852,32.0211
160.0,272.0,-5.7863,13.2566
176.0,272.0,-7.4598,15.3814
192.0,272.0,-5.1729,37.7596
208.0,272.0,-7.374,45.0975
224.0,272.0,-7.2239,46.8899
240.0,272.0,-4.5237,44.7348
256.0,272.0,-2.0424,45.4657
272.0,272.0,-3.3136,52.6226
288.0,272.0,-1.3346,56.2742
304.0,272.0,0.9827,47.9816
320.0,272.0,1.6169,41.1266
336.0,272.0,-0.1591,41.8022
352.0,272.0,-1.9941,46.0909
368.0,272.0,0.9492,32.6395
384.0,272.0,0.4211,27.7056
400.0,272.0,-1.1463,23.5796
416.0,272.0,-1.2363,18.76
432.0,272.0,1.6483,9.0603
448.0,272.0,-1.5734,5.0102
464.0,272.0,-45.2828,60.7066
480.0,272.0,-54.7395,71.144
496.0,272.0,-72.9524,93.1794
16.0,256.0,-0.1713,-1.7666
32.0,256.0,-0.3119,0.0401
48.0,256.0,-1.6946,4.1483
64.0,256.0,-3.5244,8.255
80.0,256.0,-9.1667,11.2703
96.0,256.0,-6.6393,18.1746
112.0,256.0,-2.951,29.7567
128.0,256.0,-4.7501,36.3459
144.0,256.0,-4.9974,30.558
160.0,256.0,-6.889,11.7857
176.0,256.0,-5.9814,14.2378
192.0,256.0,-2.8307,37.0108
208.0,256.0,-5.4884,46.8782
224.0,256.0,-7.0845,47.8119
240.0,256.0,-6.5994,45.9808
256.0,256.0,-3.574,47.6362
272.0,256.0,-4.4767,61.0596
288.0,256.0,-2.5667,62.7375
304.0,256.0,0.6084,48.3654
320.0,256.0,3.4035,38.4205
336.0,256.0,2.8252,42.8093
352.0,256.0,0.9417,43.5808
368.0,256.0,1.9131,40.5062
384.0,256.0,3.8143,39.2948
400.0,256.0,4.7487,40.5285
416.0,256.0,-0.5872,20.1411
432.0,256.0,-16.2235,28.4205
448.0,256.0,0.6927,3.8559
464.0,256.0,-58.2614,70.7404
480.0,256.0,-70.6622,84.1127
496.0,256.0,-398.3944,631.4367
16.0,240.0,2.82,2.5059
32.0,240.0,-0.8892,2.5422
48.0,240.0,-1.9559,4.2418
64.0,240.0,-3.7386,8.214
80.0,240.0,-5.6622,11.0563
96.0,240.0,-7.0776,21.2221
112.0,240.0,-6.5002,29.7722
128.0,240.0,-6.4899,32.7835
144.0,240.0,-6.0219,21.2715
160.0,240.0,-6.6067,14.5548
176.0,240.0,-3.7268,22.9542
192.0,240.0,0.3227,39.5359
208.0,240.0,-1.5606,48.6012
224.0,240.0,-3.7613,51.0809
240.0,240.0,-4.9913,49.3624
256.0,240.0,-6.2046,52.2324
272.0,240.0,-6.5479,64.7942
288.0,240.0,-7.4465,63.9523
304.0,240.0,-2.3001,48.5777
320.0,240.0,1.4782,41.3549
336.0,240.0,3.9335,41.1936
352.0,240.0,4.0352,43.5398
368.0,240.0,4.2173,45.9978
384.0,240.0,9.4194,44.4836
400.0,240.0,8.009,40.6713
416.0,240.0,-0.6378,21.749
432.0,240.0,-24.1025,34.5375
448.0,240.0,-3.6295,1.8806
464.0,240.0,-109.0589,102.0068
480.0,240.0,-133.7919,123.5738
496.0,240.0,0.0771,-0.0
16.0,224.0,4.8874,-0.0479
32.0,224.0,-1.089,2.9727
48.0,224.0,-1.4196,1.0086
64.0,224.0,-3.9445,7.9306
80.0,224.0,-5.0686,9.2493
96.0,224.0,-6.7087,20.7064
112.0,224.0,-8.9594,29.1731
128.0,224.0,-8.3355,30.2805
144.0,224.0,-9.026,22.6896
160.0,224.0,-5.4596,23.8274
176.0,224.0,-2.9177,33.4652
192.0,224.0,2.4921,37.784
208.0,224.0,0.4282,45.9856
224.0,224.0,-2.9814,49.3147
240.0,224.0,-1.7555,50.0135
256.0,224.0,-4.9337,55.5183
272.0,224.0,-9.5413,65.4581
288.0,224.0,-9.083,62.3529
304.0,224.0,-1.7645,55.0497
320.0,224.0,1.2775,50.8245
336.0,224.0,0.1593,44.5515
352.0,224.0,4.4966,43.9339
368.0,224.0,6.2836,44.569
384.0,224.0,11.0462,40.6336
400.0,224.0,7.3803,33.884
416.0,224.0,1.4648,10.2293
432.0,224.0,-4.6555,2.8795
448.0,224.0,-5.4869,1.2775
464.0,224.0,-157.1673,129.931
480.0,224.0,-193.683,158.7445
496.0,224.0,0.3149,0.0628
16.0,208.0,3.4351,0.7786
32.0,208.0,-0.0668,0.3136
48.0,208.0,-3.216,-0.1923
64.0,208.0,-3.652,5.3991
80.0,208.0,-7.416,10.358
96.0,208.0,-6.7101,18.2838
112.0,208.0,-3.063,24.4415
128.0,208.0,-5.3896,26.8787
144.0,208.0,-6.1312,19.6081
160.0,208.0,0.9104,21.3554
176.0,208.0,4.4092,33.4581
192.0,208.0,5.183,39.2315
208.0,208.0,1.3607,44.6867
224.0,208.0,-1.3266,46.9687
240.0,208.0,-1.7454,45.2003
256.0,208.0,-4.5479,52.54
272.0,208.0,-8.1724,59.4332
288.0,208.0,-8.065,58.4141
304.0,208.0,-1.0775,57.9737
320.0,208.0,3.4615,59.0488
336.0,208.0,1.4879,54.085
352.0,208.0,2.4267,46.834
368.0,208.0,4.2126,44.161
384.0,208.0,4.4529,39.5439
400.0,208.0,0.7828,27.9589
416.0,208.0,-2.141,21.1856
432.0,208.0,-7.3021,3.792
448.0,208.0,-1.1074,2.6506
464.0,208.0,-187.673,147.9821
480.0,208.0,-1183.7034,783.174
496.0,208.0,0.3124,-0.0
16.0,192.0,1.6111,2.8208
32.0,192.0,-1.387,2.1349
48.0,192.0,-1.9421,3.275
64.0,192.0,-5.5315,4.8798
80.0,192.0,-5.6398,9.1875
96.0,192.0,-4.1603,13.5944
112.0,192.0,-3.7996,19.9535
128.0,192.0,-2.8488,26.2108
144.0,192.0,-1.174,22.1603
160.0,192.0,4.3844,22.8907
176.0,192.0,5.9225,33.2764
192.0,192.0,4.2486,40.5693
208.0,192.0,2.2427,43.4267
224.0,192.0,-1.9537,41.4886
240.0,192.0,-2.7283,43.5242
256.0,192.0,-3.1301,47.8542
272.0,192.0,-5.2778,50.6205
288.0,192.0,-6.0408,54.9505
304.0,192.0,-1.5182,57.5579
320.0,192.0,6.7823,63.5555
336.0,192.0,8.8634,64.0411
352.0,192.0,7.4209,55.7873
368.0,192.0,4.1842,48.0976
384.0,192.0,-0.6775,37.2751
400.0,192.0,-0.2594,23.9616
416.0,192.0,-6.161,23.1326
432.0,192.0,-3.2404,3.751
448.0,192.0,-0.4837,2.7018
464.0,192.0,-187.2078,146.343
480.0,192.0,-1184.9133,784.4349
496.0,192.0,0.186,-0.0465
16.0,176.0,-1.3811,-0.428
32.0,176.0,-1.5536,1.8575
48.0,176.0,-1.9058,2.8192
64.0,176.0,-4.9868,4.4861
80.0,176.0,-2.9663,5.9027
96.0,176.0,0.4318,8.2005
112.0,176.0,-2.2322,16.4318
128.0,176.0,-2.7775,25.4322
144.0,176.0,-2.5146,23.3309
160.0,176.0,1.5633,23.1373
176.0,176.0,2.4563,30.5389
192.0,176.0,2.7933,37.4727
208.0,176.0,4.4346,45.4977
224.0,176.0,-0.1867,42.4906
240.0,176.0,-1.033,42.8274
256.0,176.0,-0.0351,45.9282
272.0,176.0,-2.7296,48.3202
288.0,176.0,-4.0474,54.6705
304.0,176.0,1.5282,62.0941
320.0,176.0,8.2289,66.6536
336.0,176.0,10.6297,60.9795
352.0,176.0,10.4731,51.3268
368.0,176.0,11.0512,52.0624
384.0,176.0,3.5826,34.9259
400.0,176.0,3.5267,19.7889
416.0,176.0,-1.7376,13.9675
432.0,176.0,-39.2445,41.5908
448.0,176.0,-2.3212,1.178
464.0,176.0,-185.6605,147.4592
480.0,176.0,-228.2896,179.6242
496.0,176.0,-849.9788,899.9779
16.0,160.0,-2.124,-1.4217
32.0,160.0,-1.3815,1.6124
48.0,160.0,-1.5176,2.3506
64.0,160.0,-0.5756,0.1482
80.0,160.0,0.2792,4.4792
96.0,160.0,0.6495,7.5623
112.0,160.0,-1.4578,11.1198
128.0,160.0,-3.7605,16.0158
144.0,160.0,-2.31,15.683
160.0,160.0,0.0149,12.9187
176.0,160.0,-2.6075,20.5757
192.0,160.0,0.8196,32.4928
208.0,160.0,3.0781,33.0931
224.0,160.0,4.9673,45.0045
240.0,160.0,2.346,46.8763
256.0,160.0,3.9995,45.8422
272.0,160.0,1.4402,47.9656
288.0,160.0,-3.1687,58.8844
304.0,160.0,4.6009,68.2163
320.0,160.0,8.8348,65.6265
336.0,160.0,6.8993,54.9767
352.0,160.0,8.2548,47.7295
368.0,160.0,10.8082,45.9896
384.0,160.0,8.8787,44.3052
400.0,160.0,4.4189,21.8851
416.0,160.0,1.5514,14.6545
432.0,160.0,-32.1089,36.022
448.0,160.0,-94.173,75.1253
464.0,160.0,-132.7532,112.358
480.0,160.0,0.1667,-2.5354
496.0,160.0,0.0,0.0498
16.0,144.0,-1.8415,0.5423
32.0,144.0,-0.9479,1.0251
48.0,144.0,-0.989,1.6184
64.0,144.0,-1.1186,3.1321
80.0,144.0,-0.8293,3.4018
96.0,144.0,-1.9621,8.975
112.0,144.0,-2.3996,11.2255
128.0,144.0,-3.3962,11.6831
144.0,144.0,-3.4346,8.164
160.0,144.0,-1.2514,8.7494
176.0,144.0,-0.4793,16.9098
192.0,144.0,0.2558,24.3961
208.0,144.0,5.3421,29.4283
224.0,144.0,4.7749,37.5717
240.0,144.0,-3.3558,46.6566
256.0,144.0,-0.301,44.5984
272.0,144.0,1.9659,46.5551
288.0,144.0,-1.7368,57.7333
304.0,144.0,3.3897,62.6337
320.0,144.0,5.4644,56.4907
336.0,144.0,3.8452,50.6914
352.0,144.0,4.8683,46.526
368.0,144.0,4.863,43.6493
384.0,144.0,2.0411,37.6709
400.0,144.0,1.5167,17.6447
416.0,144.0,1.2285,13.0802
432.0,144.0,6.179,8.8337
448.0,144.0,-38.8484,37.5012
464.0,144.0,-77.8644,75.1752
480.0,144.0,-94.3692,88.8333
496.0,144.0,-117.0728,110.4451
16.0,128.0,1.7021,-1.5079
32.0,128.0,-0.248,-0.4484
48.0,128.0,-0.6758,1.0671
64.0,128.0,-0.8356,2.2861
80.0,128.0,-1.1546,3.5443
96.0,128.0,0.0546,7.8501
112.0,128.0,-2.2436,4.8456
128.0,128.0,-1.2342,8.3466
144.0,128.0,-2.9757,6.6122
160.0,128.0,-0.5489,6.7793
176.0,128.0,3.4775,12.9637
192.0,128.0,0.6361,21.5889
208.0,128.0,3.8492,36.1666
224.0,128.0,1.4738,38.6974
240.0,128.0,-5.0505,45.5784
256.0,128.0,-2.5866,44.2589
272.0,128.0,3.4056,45.4985
288.0,128.0,4.7756,54.6124
304.0,128.0,2.3867,55.2151
320.0,128.0,-0.8022,51.4704
336.0,128.0,-3.5759,45.623
352.0,128.0,-1.5636,41.489
368.0,128.0,2.463,42.3479
384.0,128.0,-0.7828,34.0109
400.0,128.0,-0.4173,14.5348
416.0,128.0,3.0539,14.8268
432.0,128.0,5.3579,9.9976
448.0,128.0,4.6547,3.9923
464.0,128.0,-31.6947,21.003
480.0,128.0,-35.3947,25.027
496.0,128.0,0.3,0.0488
16.0,112.0,5.0406,1.6851
32.0,112.0,-0.5577,0.0916
48.0,112.0,-2.6596,-0.2035
64.0,112.0,-0.4019,-0.2104
80.0,112.0,-1.096,2.6318
96.0,112.0,-1.0163,4.124
112.0,112.0,-3.0512,3.648
128.0,112.0,-0.5634,5.7852
144.0,112.0,-1.6565,6.9227
160.0,112.0,1.4545,4.4952
176.0,112.0,3.5589,9.4011
192.0,112.0,1.4408,22.6988
208.0,112.0,0.2426,36.1855
224.0,112.0,0.0839,37.6125
240.0,112.0,1.6323,45.8969
256.0,112.0,-0.561,47.7762
272.0,112.0,3.8393,51.1589
288.0,112.0,5.2393,54.6545
304.0,112.0,2.5976,49.6557
320.0,112.0,1.3203,47.7352
336.0,112.0,0.3073,47.5264
352.0,112.0,-0.6302,42.2558
368.0,112.0,1.4593,41.0099
384.0,112.0,0.0359,39.8783
400.0,112.0,-1.1976,25.9998
416.0,112.0,4.0447,11.8078
432.0,112.0,0.597,6.2616
448.0,112.0,-0.5964,2.1832
464.0,112.0,-4.7989,0.5341
480.0,112.0,1.8591,-1.0206
496.0,112.0,-0.5016,-0.3407
16.0,96.0,-0.0107,0.1708
32.0,96.0,-0.0532,0.3397
48.0,96.0,-2.8231,-1.5224
64.0,96.0,-1.3124,-0.0849
80.0,96.0,-0.7624,1.9512
96.0,96.0,1.0462,1.432
112.0,96.0,-2.0132,3.2351
128.0,96.0,-0.8575,6.1672
144.0,96.0,0.2029,6.3377
160.0,96.0,0.6454,5.1712
176.0,96.0,1.8984,9.3948
192.0,96.0,3.8807,19.6136
208.0,96.0,2.3787,34.8505
224.0,96.0,2.2837,36.5772
240.0,96.0,2.536,47.9527
256.0,96.0,-2.9505,54.6139
272.0,96.0,1.4984,60.751
288.0,96.0,3.2671,57.5312
304.0,96.0,3.1773,48.3229
320.0,96.0,3.5357,42.6443
336.0,96.0,3.9253,44.8986
352.0,96.0,0.7496,42.1022
368.0,96.0,0.6977,37.6661
384.0,96.0,-0.6453,38.5162
400.0,96.0,7.1012,21.945
416.0,96.0,-47.6239,-21.4225
432.0,96.0,-64.4726,-36.5672
448.0,96.0,-81.6594,-50.0454
464.0,96.0,-6.1249,5.304
480.0,96.0,1.741,-1.4679
496.0,96.0,-0.6973,-1.6474
16.0,80.0,0.7801,0.5306
32.0,80.0,0.4356,0.1255
48.0,80.0,-0.5316,-0.9645
64.0,80.0,1.2802,-1.0874
80.0,80.0,-0.4801,1.3758
96.0,80.0,-0.3736,1.1272
112.0,80.0,-1.0513,2.3983
128.0,80.0,0.3653,5.316
144.0,80.0,1.1023,5.6957
160.0,80.0,1.6098,6.2138
176.0,80.0,3.2454,10.0628
192.0,80.0,3.964,18.9886
208.0,80.0,4.8311,33.7439
224.0,80.0,5.5458,35.4774
240.0,80.0,-0.9838,48.4636
256.0,80.0,-5.9845,63.295
272.0,80.0,-0.2987,65.5439
288.0,80.0,3.4506,55.2414
304.0,80.0,0.6538,43.1606
320.0,80.0,-0.3309,36.7645
336.0,80.0,-0.0988,35.8442
352.0,80.0,-2.8217,36.1307
368.0,80.0,-5.1569,30.1388
384.0,80.0,-17.9165,14.3583
400.0,80.0,-34.7154,-1.9455
416.0,80.0,-65.0525,-32.1607
432.0,80.0,-80.0134,-47.4651
448.0,80.0,-95.2209,-61.6288
464.0,80.0,-172.2962,-118.0725
480.0,80.0,-193.708,-136.1282
496.0,80.0,-205.5891,-140.8909
16.0,64.0,-0.926,0.1942
32.0,64.0,0.844,1.1011
48.0,64.0,-0.4768,1.9039
64.0,64.0,0.3651,3.3278
80.0,64.0,0.1907,3.4397
96.0,64.0,-0.3044,1.3985
112.0,64.0,1.2657,1.268
128.0,64.0,0.9144,2.7075
144.0,64.0,-0.1684,4.4031
160.0,64.0,2.4736,6.0946
176.0,64.0,3.8195,9.354
192.0,64.0,3.1334,21.3572
208.0,64.0,1.8126,34.5709
224.0,64.0,4.8254,35.5549
240.0,64.0,-2.5344,50.8457
256.0,64.0,-6.567,65.8094
272.0,64.0,-6.5174,64.6938
288.0,64.0,-3.3257,49.9523
304.0,64.0,-3.1416,39.6544
320.0,64.0,-3.8448,36.4414
336.0,64.0,-0.9922,33.4078
352.0,64.0,-4.928,30.3011
368.0,64.0,-15.0032,22.9942
384.0,64.0,-19.0324,10.1436
400.0,64.0,-42.3262,-9.1995
416.0,64.0,-79.3027,-42.1823
432.0,64.0,-137.8582,-72.7998
448.0,64.0,-446.3278,-408.3943
464.0,64.0,-244.577,-150.4406
480.0,64.0,-275.6854,-172.0159
496.0,64.0,-1658.4644,-1200.0473
16.0,48.0,0.1442,0.4887
32.0,48.0,-0.2131,-0.4335
48.0,48.0,-0.6666,-0.0608
64.0,48.0,0.602,0.4152
80.0,48.0,1.4263,1.5688
96.0,48.0,-0.6157,1.7677
112.0,48.0,1.4578,1.5158
128.0,48.0,0.3613,3.788
144.0,48.0,3.0027,6.4291
160.0,48.0,1.1705,7.696
176.0,48.0,3.4346,8.7179
192.0,48.0,-0.7906,22.6561
208.0,48.0,-1.5669,41.2439
224.0,48.0,-0.3412,44.0308
240.0,48.0,-3.2316,49.9029
256.0,48.0,-10.03,60.7735
272.0,48.0,-14.5369,64.2654
288.0,48.0,-9.4761,53.7342
304.0,48.0,-5.7354,42.7446
320.0,48.0,-4.8147,37.7224
336.0,48.0,-0.2136,33.6279
352.0,48.0,-5.6396,27.5598
368.0,48.0,-13.892,14.3692
384.0,48.0,-11.6148,17.0019
400.0,48.0,-9.8066,6.5645
416.0,48.0,-84.5257,-44.7493
432.0,48.0,-151.3651,-78.582
448.0,48.0,-166.4122,-91.2408
464.0,48.0,4.6598,-0.0
480.0,48.0,4.6942,-0.0765
496.0,48.0,-334.1187,-196.898
16.0,32.0,1.3035,0.6935
32.0,32.0,-0.0206,0.9432
48.0,32.0,0.1808,0.7149
64.0,32.0,0.802,1.7029
80.0,32.0,0.8396,2.8208
96.0,32.0,-0.5615,2.2213
112.0,32.0,0.8795,2.1357
128.0,32.0,-0.2438,2.3645
144.0,32.0,2.4628,7.2788
160.0,32.0,1.9556,8.9161
176.0,32.0,0.8668,19.6719
192.0,32.0,-2.8799,34.4112
208.0,32.0,-3.3213,47.6547
224.0,32.0,-1.4164,49.4289
240.0,32.0,-3.2898,50.0528
256.0,32.0,-10.0605,58.8491
272.0,32.0,-15.4406,72.1968
288.0,32.0,-10.1423,65.1897
304.0,32.0,-4.5429,47.1146
320.0,32.0,-3.3972,42.7191
336.0,32.0,-0.8984,38.3919
352.0,32.0,-5.7327,26.7883
368.0,32.0,-9.6956,13.7167
384.0,32.0,-5.4182,13.2971
400.0,32.0,-1.4023,4.1115
416.0,32.0,-1.9377,-2.3291
432.0,32.0,-166.8344,-85.1587
448.0,32.0,-177.693,-94.2727
464.0,32.0,-1100.1168,-408.8722
480.0,32.0,4.3236,-0.0
496.0,32.0,-370.0077,-213.1928
16.0,16.0,2.4614,-4.6053
32.0,16.0,0.3475,-5.6427
48.0,16.0,1.041,-8.2745
64.0,16.0,0.3034,-0.0433
80.0,16.0,0.477,0.3656
96.0,16.0,0.6088,1.2855
112.0,16.0,0.3801,-2.652
128.0,16.0,2.4155,0.0259
144.0,16.0,-1.0296,4.425
160.0,16.0,4.4296,6.1869
176.0,16.0,0.4177,21.1772
192.0,16.0,-2.3077,35.4647
208.0,16.0,0.4206,45.7291
224.0,16.0,-0.4095,45.3369
240.0,16.0,-2.5354,45.1975
256.0,16.0,-4.0092,53.076
272.0,16.0,-7.7792,55.6891
288.0,16.0,-10.6913,65.3681
304.0,16.0,-5.1872,51.1822
320.0,16.0,-1.9903,45.3506
336.0,16.0,0.2117,40.7972
352.0,16.0,-1.4622,23.7068
368.0,16.0,-2.7435,15.382
384.0,16.0,-3.541,12.0573
400.0,16.0,0.8198,8.6994
416.0,16.0,1.9388,4.8092
432.0,16.0,-159.0776,-68.0042
448.0,16.0,-157.9971,-69.301
464.0,16.0,-216.0614,-101.4992
480.0,16.0,-3.1994,-0.0
496.0,16.0,-251.2535,-115.0836
