16.0,496.0,-3.3222,3.3455
32.0,496.0,0.1196,1.0294
48.0,496.0,0.2775,2.8966
64.0,496.0,0.1442,5.2063
80.0,496.0,-0.6378,4.9166
96.0,496.0,0.8371,5.0686
112.0,496.0,1.128,6.987
128.0,496.0,1.774,12.2103
144.0,496.0,3.8095,17.4223
160.0,496.0,7.0374,20.4517
176.0,496.0,2.2263,37.1887
192.0,496.0,1.1894,43.4435
208.0,496.0,-1.1854,37.7676
224.0,496.0,-3.2904,41.5546
240.0,496.0,-1.4589,49.8108
256.0,496.0,1.9987,47.2401
272.0,496.0,4.0718,44.7405
288.0,496.0,3.4092,50.2022
304.0,496.0,-0.7982,53.3394
320.0,496.0,-2.0327,53.3672
336.0,496.0,-2.2659,47.8712
352.0,496.0,0.9781,35.9091
368.0,496.0,4.2612,27.5373
384.0,496.0,7.1331,25.5362
400.0,496.0,1.6193,14.7784
416.0,496.0,0.7485,9.7399
432.0,496.0,0.8236,1.8341
448.0,496.0,-1.5619,2.7716
464.0,496.0,-1.631,1.5965
480.0,496.0,-1.2745,0.0219
496.0,496.0,-2.0782,0.2134
16.0,480.0,-1.7054,3.8225
32.0,480.0,0.5041,2.9308
48.0,480.0,0.1722,3.2028
64.0,480.0,-0.1982,1.7349
80.0,480.0,1.0685,3.3886
96.0,480.0,6.0543,5.3513
112.0,480.0,2.7096,6.599
128.0,480.0,-0.0328,21.1134
144.0,480.0,1.0805,32.3524
160.0,480.0,0.6546,38.4098
176.0,480.0,1.3077,41.9508
192.0,480.0,1.3597,37.4304
208.0,480.0,0.462,28.7804
224.0,480.0,0.8144,33.7027
240.0,480.0,1.7485,41.2935
256.0,480.0,4.0491,44.4601
272.0,480.0,4.95,45.5093
288.0,480.0,5.4201,51.3371
304.0,480.0,0.2117,54.1349
320.0,480.0,-0.8324,51.9587
336.0,480.0,-1.9754,47.0356
352.0,480.0,-1.2302,41.1198
368.0,480.0,3.7048,31.7127
384.0,480.0,0.3902,17.5339
400.0,480.0,1.2828,13.8753
416.0,480.0,0.6506,9.2018
432.0,480.0,0.1847,6.3467
448.0,480.0,-1.6865,2.0741
464.0,480.0,-1.1509,2.6512
480.0,480.0,-1.3329,2.322
496.0,480.0,-1.6937,0.6439
16.0,464.0,0.0353,1.8167
32.0,464.0,0.5777,2.2228
48.0,464.0,1.5934,2.6215
64.0,464.0,1.8513,2.3582
80.0,464.0,3.6827,1.956
96.0,464.0,6.9761,6.164
112.0,464.0,3.9255,8.7481
128.0,464.0,0.3147,29.7146
144.0,464.0,-1.3798,39.8769
160.0,464.0,-0.3605,42.9997
176.0,464.0,1.8078,39.7303
192.0,464.0,3.4203,33.712
208.0,464.0,4.0495,32.5632
224.0,464.0,6.1857,36.3741
240.0,464.0,5.9599,41.1366
256.0,464.0,5.731,43.2644
272.0,464.0,3.805,45.159
288.0,464.0,3.2583,50.5112
304.0,464.0,0.9375,53.1088
320.0,464.0,2.1021,50.9504
336.0,464.0,1.001,47.851
352.0,464.0,-2.4553,40.9031
368.0,464.0,1.0004,22.611
384.0,464.0,-0.4599,11.6226
400.0,464.0,0.3813,14.3549
416.0,464.0,2.3306,9.2104
432.0,464.0,0.2244,5.76
448.0,464.0,-0.8465,1.4383
464.0,464.0,-0.2352,1.3983
480.0,464.0,-0.6485,1.3983
496.0,464.0,-1.3374,2.1219
16.0,448.0,-0.4246,0.0175
32.0,448.0,0.539,1.4729
48.0,448.0,1.8044,2.33
64.0,448.0,2.2615,1.437
80.0,448.0,4.1861,1.2329
96.0,448.0,3.7775,4.0262
112.0,448.0,2.3834,11.6144
128.0,448.0,2.6506,30.3486
144.0,448.0,-1.5659,41.5453
160.0,448.0,-0.613,41.6126
176.0,448.0,2.3256,36.3213
192.0,448.0,4.0855,34.1803
208.0,448.0,3.1517,36.005
224.0,448.0,2.2751,40.3662
240.0,448.0,3.0306,43.3405
256.0,448.0,3.0403,44.6968
272.0,448.0,2.4584,44.0548
288.0,448.0,0.4074,48.0351
304.0,448.0,-1.1473,52.6176
320.0,448.0,1.5753,51.7105
336.0,448.0,3.0321,48.7804
352.0,448.0,2.0287,39.5853
368.0,448.0,-1.2142,20.4792
384.0,448.0,-0.4486,10.7347
400.0,448.0,0.625,11.8176
416.0,448.0,2.9385,8.1499
432.0,448.0,-0.5351,4.652
448.0,448.0,-0.7965,2.5911
464.0,448.0,0.3143,2.6794
480.0,448.0,-0.149,1.6972
496.0,448.0,-0.6191,-1.5371
16.0,432.0,4.9513,-0.4871
32.0,432.0,-0.2031,-0.1825
48.0,432.0,2.0357,1.0653
64.0,432.0,1.5953,0.5955
80.0,432.0,3.2757,1.5259
96.0,432.0,3.8427,2.429
112.0,432.0,0.8472,16.0082
128.0,432.0,-0.7545,33.6924
144.0,432.0,0.5239,41.4299
160.0,432.0,2.1996,41.9962
176.0,432.0,3.0113,36.1855
192.0,432.0,1.5638,31.209
208.0,432.0,0.8648,35.2402
224.0,432.0,-1.6191,42.0197
240.0,432.0,2.2989,41.4511
256.0,432.0,0.1156,43.5146
272.0,432.0,-1.1545,46.2557
288.0,432.0,-1.5791,51.0311
304.0,432.0,-1.2175,52.2476
320.0,432.0,-1.1383,50.3731
336.0,432.0,1.9726,50.5241
352.0,432.0,2.1864,43.3161
368.0,432.0,-4.0642,21.2461
384.0,432.0,-1.4931,9.5388
400.0,432.0,2.4355,8.5726
416.0,432.0,3.9288,6.9761
432.0,432.0,4.3966,4.8609
448.0,432.0,-4.2191,-1.1122
464.0,432.0,-4.6202,-2.2011
480.0,432.0,-0.403,-0.8188
496.0,432.0,-0.9295,-1.4051
16.0,416.0,3.9782,-1.078
32.0,416.0,-0.835,-0.1335
48.0,416.0,2.2097,1.2747
64.0,416.0,2.1008,3.4103
80.0,416.0,3.0609,3.1639
96.0,416.0,4.8056,3.0874
112.0,416.0,-0.4757,17.8747
128.0,416.0,-3.4245,35.9468
144.0,416.0,-0.0443,41.7788
160.0,416.0,0.8055,45.4218
176.0,416.0,2.8589,40.6689
192.0,416.0,0.6376,30.6812
208.0,416.0,-0.7925,33.9439
224.0,416.0,2.5436,37.2644
240.0,416.0,0.6413,40.9264
256.0,416.0,-2.684,43.9756
272.0,416.0,-4.0266,45.8395
288.0,416.0,-1.3996,51.3927
304.0,416.0,0.1423,54.1471
320.0,416.0,-0.865,52.4532
336.0,416.0,1.3796,52.8189
352.0,416.0,3.5452,50.9981
368.0,416.0,0.1842,28.9473
384.0,416.0,-1.4284,13.9303
400.0,416.0,-1.9672,6.6036
416.0,416.0,-2.3417,4.7026
432.0,416.0,1.3397,1.2957
448.0,416.0,-8.372,-4.6822
464.0,416.0,-7.627,-4.8389
480.0,416.0,-1.2419,-0.8938
496.0,416.0,-2.0908,-0.7256
16.0,400.0,2.6133,0.3941
32.0,400.0,1.8436,2.1355
48.0,400.0,2.0958,1.9419
64.0,400.0,2.0704,4.3837
80.0,400.0,3.9352,3.7842
96.0,400.0,5.5902,2.9963
112.0,400.0,1.7515,9.1158
128.0,400.0,-0.1104,27.3119
144.0,400.0,-0.0282,39.0602
160.0,400.0,-0.4827,42.9724
176.0,400.0,2.6648,41.3639
192.0,400.0,3.3293,30.1188
208.0,400.0,0.7252,33.107
224.0,400.0,0.9525,37.7647
240.0,400.0,-0.0755,41.132
256.0,400.0,-2.9175,39.7953
272.0,400.0,-4.5208,46.8031
288.0,400.0,-0.227,53.8824
304.0,400.0,0.8982,55.3305
320.0,400.0,1.8169,56.8197
336.0,400.0,3.6512,55.299
352.0,400.0,4.4107,50.4442
368.0,400.0,-0.287,28.9314
384.0,400.0,-0.7605,18.0346
400.0,400.0,-2.9432,1.173
416.0,400.0,-5.2206,-1.8337
432.0,400.0,-27.6449,-21.8195
448.0,400.0,-27.2424,-22.9754
464.0,400.0,-25.2326,-21.9723
480.0,400.0,-3.5002,-1.2627
496.0,400.0,-3.4155,1.5303
16.0,384.0,2.754,0.3962
32.0,384.0,5.5887,-2.4662
48.0,384.0,1.4713,2.3205
64.0,384.0,1.1902,4.1548
80.0,384.0,2.6478,3.932
96.0,384.0,5.2879,4.5492
112.0,384.0,4.7005,6.8056
128.0,384.0,2.9909,19.1639
144.0,384.0,1.9367,33.8245
160.0,384.0,0.5465,37.5618
176.0,384.0,4.5206,37.1666
192.0,384.0,7.2111,29.3867
208.0,384.0,2.347,29.3074
224.0,384.0,0.6175,38.3991
240.0,384.0,-0.0852,41.8912
256.0,384.0,-1.0695,46.8208
272.0,384.0,-1.3176,50.0855
288.0,384.0,1.2703,52.6901
304.0,384.0,1.889,55.0703
320.0,384.0,3.5534,55.7848
336.0,384.0,2.541,52.2495
352.0,384.0,3.7096,47.9446
368.0,384.0,-0.3821,28.8672
384.0,384.0,-3.6724,17.3573
400.0,384.0,-8.4217,5.5312
416.0,384.0,-28.0183,-18.2134
432.0,384.0,-33.7211,-24.7481
448.0,384.0,-36.7008,-27.7329
464.0,384.0,-1.9361,0.576
480.0,384.0,-2.5335,0.2211
496.0,384.0,-3.0506,-2.0336
16.0,368.0,5.2326,-0.7566
32.0,368.0,4.8962,0.2039
48.0,368.0,0.5676,1.2835
64.0,368.0,-0.1183,3.6848
80.0,368.0,1.4641,5.3514
96.0,368.0,3.5957,4.8147
112.0,368.0,3.3995,6.7753
128.0,368.0,-1.2936,14.3005
144.0,368.0,2.0742,26.0136
160.0,368.0,0.3155,35.244
176.0,368.0,4.9236,36.3747
192.0,368.0,5.4758,32.9323
208.0,368.0,1.4099,33.2031
224.0,368.0,0.6472,37.4317
240.0,368.0,1.0633,44.5284
256.0,368.0,0.6115,48.0742
272.0,368.0,3.536,49.5249
288.0,368.0,4.566,52.553
304.0,368.0,3.3703,57.2449
320.0,368.0,3.507,54.7133
336.0,368.0,2.2966,49.1701
352.0,368.0,3.187,41.5476
368.0,368.0,-0.7567,27.6828
384.0,368.0,-3.7315,7.5748
400.0,368.0,-8.7425,5.051
416.0,368.0,-30.6891,-19.3981
432.0,368.0,-39.0251,-27.0007
448.0,368.0,-351.4446,-359.7637
464.0,368.0,-46.7827,-31.9757
480.0,368.0,-1.9165,0.7439
496.0,368.0,-2.651,-0.1318
16.0,352.0,2.9871,-1.5148
32.0,352.0,5.6923,1.5945
48.0,352.0,0.215,0.3469
64.0,352.0,-0.2195,2.0773
80.0,352.0,1.8961,3.9619
96.0,352.0,2.6051,6.4964
112.0,352.0,2.5009,7.0116
128.0,352.0,-1.6104,11.9429
144.0,352.0,-0.2974,23.1878
160.0,352.0,1.1883,36.8233
176.0,352.0,-2.4818,30.7417
192.0,352.0,-1.1387,34.7551
208.0,352.0,-1.2314,36.2259
224.0,352.0,-2.3893,42.0454
240.0,352.0,-1.8154,47.3034
256.0,352.0,1.4238,48.9624
272.0,352.0,4.2767,52.9236
288.0,352.0,6.5496,54.2734
304.0,352.0,6.0818,55.3844
320.0,352.0,2.7761,53.7582
336.0,352.0,3.0134,49.608
352.0,352.0,-0.8566,37.2713
368.0,352.0,-1.0173,27.0388
384.0,352.0,-2.6316,9.342
400.0,352.0,0.1505,8.3364
416.0,352.0,-3.0645,6.2172
432.0,352.0,-5.5916,4.9828
448.0,352.0,-68.2932,-36.8198
464.0,352.0,-73.0548,-38.7207
480.0,352.0,-87.1538,-46.693
496.0,352.0,-1.5228,4.4874
16.0,336.0,6.4966,-0.0919
32.0,336.0,1.7391,1.2015
48.0,336.0,1.0323,5.1229
64.0,336.0,-0.0467,3.0212
80.0,336.0,2.3691,2.3083
96.0,336.0,5.2691,4.7941
112.0,336.0,1.5248,9.6578
128.0,336.0,2.2655,11.9982
144.0,336.0,5.9753,25.8261
160.0,336.0,1.936,25.5051
176.0,336.0,-8.2581,25.4353
192.0,336.0,-9.7239,37.1552
208.0,336.0,-4.7028,41.7
224.0,336.0,-1.7979,44.2274
240.0,336.0,-1.1864,48.0377
256.0,336.0,1.3723,49.836
272.0,336.0,3.4388,52.8311
288.0,336.0,3.1267,54.3844
304.0,336.0,2.2146,52.1658
320.0,336.0,1.61,53.0312
336.0,336.0,1.0073,51.3271
352.0,336.0,-3.6701,40.7442
368.0,336.0,-1.3754,16.778
384.0,336.0,-2.4349,8.042
400.0,336.0,-1.1778,6.7944
416.0,336.0,-2.9055,6.1932
432.0,336.0,-4.3413,5.6664
448.0,336.0,-68.623,-34.4259
464.0,336.0,-74.3879,-37.3725
480.0,336.0,-90.6638,-46.7748
496.0,336.0,-88.3151,-34.4634
16.0,320.0,4.9215,2.733
32.0,320.0,-0.024,0.0017
48.0,320.0,1.2611,1.2168
64.0,320.0,0.8022,3.7502
80.0,320.0,0.9911,3.248
96.0,320.0,1.23,5.3652
112.0,320.0,5.6122,6.9042
128.0,320.0,8.7271,9.8564
144.0,320.0,3.1712,14.4154
160.0,320.0,-4.8603,16.6346
176.0,320.0,-9.4931,18.7769
192.0,320.0,-6.6423,36.0176
208.0,320.0,-5.3579,46.5574
224.0,320.0,-1.5289,49.2697
240.0,320.0,-0.2308,49.789
256.0,320.0,1.0277,50.8682
272.0,320.0,0.1717,52.3445
288.0,320.0,-1.5478,52.6974
304.0,320.0,-1.5432,47.7215
320.0,320.0,0.2338,47.0751
336.0,320.0,-0.5882,47.6814
352.0,320.0,-0.5346,46.2301
368.0,320.0,-2.5515,24.8127
384.0,320.0,2.3277,11.7325
400.0,320.0,-1.0984,7.3215
416.0,320.0,-2.8576,6.5088
432.0,320.0,-0.5417,7.0562
448.0,320.0,-2.3247,5.316
464.0,320.0,-60.2118,-20.9389
480.0,320.0,-589.7751,-192.5566
496.0,320.0,-90.8361,-33.9571
16.0,304.0,1.4328,0.4097
32.0,304.0,-0.0259,-0.3231
48.0,304.0,-1.5156,-0.1476
64.0,304.0,-0.544,0.2169
80.0,304.0,1.9581,0.9724
96.0,304.0,0.9376,4.6113
112.0,304.0,-0.2919,7.4792
128.0,304.0,-1.7097,9.9421
144.0,304.0,-14.2427,14.2107
160.0,304.0,-9.2358,11.561
176.0,304.0,-10.2367,13.2269
192.0,304.0,-2.0588,35.475
208.0,304.0,-3.0905,47.5632
224.0,304.0,-2.0136,48.4287
240.0,304.0,-1.5265,49.0536
256.0,304.0,-1.903,51.2943
272.0,304.0,-4.2738,53.7846
288.0,304.0,-5.2616,50.3647
304.0,304.0,-3.9385,45.8708
320.0,304.0,-2.7325,42.2882
336.0,304.0,0.0967,41.7866
352.0,304.0,1.9957,45.219
368.0,304.0,-0.6416,25.6626
384.0,304.0,-0.2964,11.2741
400.0,304.0,0.3452,9.9047
416.0,304.0,0.1564,9.8989
432.0,304.0,3.1197,10.5377
448.0,304.0,2.2617,7.2798
464.0,304.0,-51.8368,-15.9373
480.0,304.0,-64.7908,-21.8681
496.0,304.0,0.0584,-0.0292
16.0,288.0,0.647,-0.5184
32.0,288.0,-0.5388,0.069
48.0,288.0,0.0969,0.3201
64.0,288.0,0.2739,-0.1842
80.0,288.0,-0.3708,0.6266
96.0,288.0,0.5511,3.7901
112.0,288.0,-1.1558,6.1231
128.0,288.0,-2.8148,8.1578
144.0,288.0,-18.6134,17.6237
160.0,288.0,-11.7016,8.9813
176.0,288.0,-8.2582,10.2673
192.0,288.0,-2.5578,34.6334
208.0,288.0,0.9298,45.5978
224.0,288.0,-0.9192,47.9736
240.0,288.0,-1.3695,49.8453
256.0,288.0,-1.6939,50.3662
272.0,288.0,-6.1895,52.0655
288.0,288.0,-7.3647,52.3075
304.0,288.0,-4.2294,48.9643
320.0,288.0,-2.3096,44.2041
336.0,288.0,-1.3916,41.3963
352.0,288.0,1.6853,38.1701
368.0,288.0,-0.5417,24.7845
384.0,288.0,-0.7017,17.7762
400.0,288.0,-0.9813,7.7658
416.0,288.0,0.3521,7.6078
432.0,288.0,1.5364,8.6235
448.0,288.0,0.1688,7.7982
464.0,288.0,-39.5291,-9.7276
480.0,288.0,-49.6575,-14.0726
496.0,288.0,0.0402,-0.0
16.0,272.0,1.0885,-3.0533
32.0,272.0,-0.5297,-0.4297
48.0,272.0,-0.658,-0.2041
64.0,272.0,0.0547,-0.0864
80.0,272.0,0.8722,0.421
96.0,272.0,2.0071,0.3914
112.0,272.0,-1.8032,4.936
128.0,272.0,-3.268,6.9797
144.0,272.0,-6.4859,6.34
160.0,272.0,-5.7646,6.4682
176.0,272.0,-5.6011,16.2445
192.0,272.0,-1.8826,34.4862
208.0,272.0,1.005,41.6758
224.0,272.0,-1.0386,48.8497
240.0,272.0,-5.7566,54.6448
256.0,272.0,-5.4798,50.5785
272.0,272.0,-4.3152,49.3156
288.0,272.0,-5.5185,54.9129
304.0,272.0,-3.4744,51.6935
320.0,272.0,-1.6815,46.7508
336.0,272.0,-0.3626,41.4036
352.0,272.0,1.4051,33.954
368.0,272.0,-1.0466,20.6911
384.0,272.0,-3.8057,9.7139
400.0,272.0,-1.7035,10.5972
416.0,272.0,-0.4848,6.7303
432.0,272.0,0.124,7.0452
448.0,272.0,-3.3806,7.0097
464.0,272.0,-10.2491,-0.233
480.0,272.0,-12.9207,-1.7511
496.0,272.0,0.0,-0.0151
16.0,256.0,1.107,-0.6308
32.0,256.0,-0.4885,-0.0168
48.0,256.0,-2.8917,0.9449
64.0,256.0,-0.1619,0.4322
80.0,256.0,1.7418,1.4576
96.0,256.0,2.8742,-0.605
112.0,256.0,-0.8291,3.8788
128.0,256.0,-1.9059,6.0876
144.0,256.0,-6.0745,9.8637
160.0,256.0,-4.722,13.9465
176.0,256.0,-0.729,22.3272
192.0,256.0,4.4235,32.9639
208.0,256.0,2.5841,39.2517
224.0,256.0,1.6724,45.0377
240.0,256.0,-4.5998,56.4596
256.0,256.0,-8.1324,55.7547
272.0,256.0,-2.3769,50.4133
288.0,256.0,-0.1484,51.4395
304.0,256.0,-1.3899,50.9638
320.0,256.0,0.3515,47.798
336.0,256.0,1.5306,37.7918
352.0,256.0,3.7296,24.9166
368.0,256.0,-5.0686,18.387
384.0,256.0,-2.5965,11.141
400.0,256.0,-2.7484,9.4971
416.0,256.0,-1.8829,4.1056
432.0,256.0,0.6851,4.9997
448.0,256.0,-6.2554,1.7708
464.0,256.0,-6.0434,0.7937
480.0,256.0,-7.3879,-0.0898
496.0,256.0,0.0,0.0496
16.0,240.0,3.6751,2.3819
32.0,240.0,-0.4242,0.3744
48.0,240.0,-2.9572,-0.9214
64.0,240.0,-0.5205,0.0494
80.0,240.0,0.3719,0.7019
96.0,240.0,1.5505,-0.0443
112.0,240.0,1.2012,0.2777
128.0,240.0,1.3655,1.2703
144.0,240.0,-0.9445,7.9058
160.0,240.0,-0.6222,14.3154
176.0,240.0,1.6954,22.9961
192.0,240.0,8.6206,33.6126
208.0,240.0,5.958,40.596
224.0,240.0,5.7219,46.7524
240.0,240.0,1.5657,54.7699
256.0,240.0,-4.0995,57.8905
272.0,240.0,-0.219,52.2848
288.0,240.0,1.8885,48.4186
304.0,240.0,1.4208,51.1763
320.0,240.0,2.1566,49.7942
336.0,240.0,0.5611,34.3386
352.0,240.0,0.6092,17.5959
368.0,240.0,-7.5901,12.1767
384.0,240.0,-7.9527,11.1622
400.0,240.0,-4.2904,7.7055
416.0,240.0,-3.2986,-0.8492
432.0,240.0,-3.277,-2.01
448.0,240.0,-2.9045,2.136
464.0,240.0,-2.6327,1.2528
480.0,240.0,-3.0402,0.7142
496.0,240.0,-0.0576,-0.0
16.0,224.0,8.47,1.3617
32.0,224.0,-0.2811,-0.375
48.0,224.0,-2.4063,-2.4675
64.0,224.0,-0.3717,-0.4557
80.0,224.0,3.5997,1.1677
96.0,224.0,0.9439,0.7086
112.0,224.0,1.4141,-0.0666
128.0,224.0,1.5408,1.2808
144.0,224.0,3.5063,7.6963
160.0,224.0,2.1044,15.8821
176.0,224.0,4.7073,19.2156
192.0,224.0,3.8179,24.1798
208.0,224.0,2.6751,45.4933
224.0,224.0,-1.2566,51.6634
240.0,224.0,-3.3949,54.1576
256.0,224.0,-6.201,55.3886
272.0,224.0,-0.3517,52.9802
288.0,224.0,2.6608,48.2761
304.0,224.0,1.4347,46.7876
320.0,224.0,1.2133,45.6413
336.0,224.0,-0.9709,29.5962
352.0,224.0,-1.2539,12.3375
368.0,224.0,-8.0832,7.6176
384.0,224.0,-9.0197,10.4288
400.0,224.0,-4.0173,11.882
416.0,224.0,0.0771,6.8674
432.0,224.0,-2.405,2.9734
448.0,224.0,-2.109,1.5715
464.0,224.0,-1.7385,0.9198
480.0,224.0,-0.057,0.057
496.0,224.0,0.0801,-0.0
16.0,208.0,8.5379,1.4194
32.0,208.0,-0.1207,-0.7744
48.0,208.0,-0.7835,-2.8929
64.0,208.0,-0.1268,-0.4795
80.0,208.0,3.7504,4.3795
96.0,208.0,1.1267,3.1153
112.0,208.0,1.3003,2.9093
128.0,208.0,5.5681,1.3899
144.0,208.0,2.2955,1.9566
160.0,208.0,0.7658,6.2929
176.0,208.0,3.5627,14.5481
192.0,208.0,8.1728,24.7185
208.0,208.0,0.4791,45.9654
224.0,208.0,-3.2906,50.9125
240.0,208.0,-4.2364,52.2924
256.0,208.0,-5.0352,55.5151
272.0,208.0,-3.6072,54.455
288.0,208.0,-0.9428,46.5754
304.0,208.0,-0.2001,44.7245
320.0,208.0,1.3384,40.9166
336.0,208.0,-1.1157,27.4017
352.0,208.0,-3.3289,7.655
368.0,208.0,-4.5033,5.8441
384.0,208.0,-4.6165,7.0284
400.0,208.0,-5.1615,5.6793
416.0,208.0,-0.9813,5.2591
432.0,208.0,-0.1509,4.0218
448.0,208.0,-1.4107,1.2645
464.0,208.0,-1.0653,0.8765
480.0,208.0,0.14,-2.1084
496.0,208.0,0.2012,-0.0
16.0,192.0,1.2171,0.2052
32.0,192.0,0.2979,-0.2541
48.0,192.0,-0.0896,-0.0626
64.0,192.0,-0.6077,0.4128
80.0,192.0,-0.1684,3.1326
96.0,192.0,-0.1394,0.3765
112.0,192.0,2.7948,2.0172
128.0,192.0,0.901,5.1005
144.0,192.0,1.2231,8.1146
160.0,192.0,-2.6239,9.5966
176.0,192.0,0.6609,16.1118
192.0,192.0,-0.3418,28.6878
208.0,192.0,-2.3687,44.4017
224.0,192.0,-2.2312,50.0628
240.0,192.0,-3.2654,53.5273
256.0,192.0,-3.3545,57.1503
272.0,192.0,-3.7622,54.8971
288.0,192.0,-1.2394,51.0595
304.0,192.0,0.8181,49.4011
320.0,192.0,2.78,41.2884
336.0,192.0,-1.2504,25.7872
352.0,192.0,-5.0396,6.1316
368.0,192.0,-2.4216,3.8368
384.0,192.0,-1.7271,3.1878
400.0,192.0,-1.9951,-0.4408
416.0,192.0,-2.8667,0.9295
432.0,192.0,-2.2484,0.3384
448.0,192.0,-0.8716,1.6581
464.0,192.0,-0.6335,1.0791
480.0,192.0,-0.4866,0.6893
496.0,192.0,0.087,-0.029
16.0,176.0,-1.0355,-0.8272
32.0,176.0,0.4528,-0.2293
48.0,176.0,-1.6733,1.3695
64.0,176.0,-0.6001,0.7175
80.0,176.0,-1.2709,0.2733
96.0,176.0,-0.0093,0.3345
112.0,176.0,0.152,4.422
128.0,176.0,0.1007,5.7875
144.0,176.0,0.3338,8.5309
160.0,176.0,1.8227,7.127
176.0,176.0,-0.2352,19.372
192.0,176.0,-1.7937,22.6831
208.0,176.0,-4.3135,42.4124
224.0,176.0,-4.1721,48.3976
240.0,176.0,-5.4295,53.7609
256.0,176.0,-5.8956,60.4647
272.0,176.0,-2.5282,59.3575
288.0,176.0,3.022,56.2906
304.0,176.0,4.3322,51.8326
320.0,176.0,-1.2738,34.5172
336.0,176.0,-1.6051,24.7842
352.0,176.0,-3.8082,8.3565
368.0,176.0,-2.1111,5.5027
384.0,176.0,-1.0338,6.5655
400.0,176.0,1.7044,1.5015
416.0,176.0,-1.4301,-2.1471
432.0,176.0,-0.8486,2.4852
448.0,176.0,-0.5848,1.7156
464.0,176.0,-0.3574,1.1777
480.0,176.0,-0.2565,0.7196
496.0,176.0,-0.1852,0.3967
16.0,160.0,-1.7147,-0.4776
32.0,160.0,-0.2438,0.0179
48.0,160.0,-2.343,-0.9066
64.0,160.0,-0.6199,-0.3841
80.0,160.0,-0.658,-2.7504
96.0,160.0,-0.8677,3.2722
112.0,160.0,-0.909,5.4079
128.0,160.0,-0.9545,7.3442
144.0,160.0,-0.9198,10.2207
160.0,160.0,1.0571,8.7053
176.0,160.0,0.4097,13.9112
192.0,160.0,-4.1162,22.1674
208.0,160.0,-5.8712,38.6423
224.0,160.0,-6.1651,46.0438
240.0,160.0,-5.74,54.1046
256.0,160.0,-5.4827,59.5293
272.0,160.0,-2.9831,62.7991
288.0,160.0,-0.2813,59.5882
304.0,160.0,1.9804,50.7605
320.0,160.0,-1.6785,35.5993
336.0,160.0,-1.8568,26.0743
352.0,160.0,-2.8818,6.7825
368.0,160.0,-1.774,5.5019
384.0,160.0,-1.7242,4.3604
400.0,160.0,-1.1794,5.5914
416.0,160.0,-0.8008,4.5853
432.0,160.0,-0.4767,3.3746
448.0,160.0,-0.3886,2.7422
464.0,160.0,0.1345,-0.7698
480.0,160.0,-0.1494,1.2046
496.0,160.0,-0.251,0.6644
16.0,144.0,-1.9331,0.8242
32.0,144.0,-0.9464,0.3531
48.0,144.0,-1.9863,-1.161
64.0,144.0,-0.359,-0.3544
80.0,144.0,-1.0279,-1.7614
96.0,144.0,-1.0984,3.7107
112.0,144.0,-1.5459,6.5289
128.0,144.0,-5.7865,15.7045
144.0,144.0,-0.3891,11.0453
160.0,144.0,-1.6775,5.6875
176.0,144.0,0.4395,15.4511
192.0,144.0,0.1959,20.7289
208.0,144.0,-2.6484,37.2234
224.0,144.0,-2.9989,46.1203
240.0,144.0,-4.9597,54.7632
256.0,144.0,-4.6156,57.2464
272.0,144.0,-2.6989,61.1324
288.0,144.0,-4.9252,57.5928
304.0,144.0,-3.0439,49.6763
320.0,144.0,-1.8339,36.1028
336.0,144.0,-4.5782,15.9327
352.0,144.0,-5.2324,8.0975
368.0,144.0,-1.8387,7.0982
384.0,144.0,-4.0352,6.785
400.0,144.0,-0.3574,8.3133
416.0,144.0,-0.1643,6.5866
432.0,144.0,-0.0946,4.8421
448.0,144.0,0.8583,1.0729
464.0,144.0,0.0456,0.4358
480.0,144.0,0.3227,0.9169
496.0,144.0,-0.4325,0.7522
16.0,128.0,1.0563,-3.2043
32.0,128.0,-0.4866,-0.4915
48.0,128.0,-1.7515,0.9245
64.0,128.0,0.0881,0.3639
80.0,128.0,-1.2365,0.4541
96.0,128.0,-1.0313,3.7119
112.0,128.0,-1.6636,7.4499
128.0,128.0,-5.1731,10.5429
144.0,128.0,-3.3792,16.239
160.0,128.0,-4.0779,16.6397
176.0,128.0,-3.5521,18.4706
192.0,128.0,2.7641,19.9781
208.0,128.0,2.1118,37.5874
224.0,128.0,-1.4997,47.9204
240.0,128.0,-4.0304,52.4683
256.0,128.0,-0.1293,53.356
272.0,128.0,2.4643,56.1499
288.0,128.0,-0.8057,52.8717
304.0,128.0,-3.3285,41.8139
320.0,128.0,-4.4037,41.9142
336.0,128.0,-2.2755,32.5792
352.0,128.0,-3.5524,25.1471
368.0,128.0,-0.5415,17.3404
384.0,128.0,-0.295,13.52
400.0,128.0,-0.3372,4.8124
416.0,128.0,-2.4416,11.5744
432.0,128.0,1.5284,13.7613
448.0,128.0,1.7332,6.9529
464.0,128.0,0.0723,2.2392
480.0,128.0,0.572,0.4534
496.0,128.0,-2.3403,0.0925
16.0,112.0,4.3947,-0.0557
32.0,112.0,-0.2783,-0.1791
48.0,112.0,-2.3346,-0.1213
64.0,112.0,-0.4175,0.2754
80.0,112.0,0.8453,0.5259
96.0,112.0,4.385,1.9003
112.0,112.0,-1.2234,7.4453
128.0,112.0,-6.5775,11.8557
144.0,112.0,-8.7406,25.0381
160.0,112.0,-7.3721,31.3749
176.0,112.0,-2.8624,29.0676
192.0,112.0,-1.1063,22.7806
208.0,112.0,4.351,30.1456
224.0,112.0,3.3947,41.2439
240.0,112.0,4.7262,47.8807
256.0,112.0,7.023,52.9446
272.0,112.0,1.2247,52.9242
288.0,112.0,-3.6818,43.1946
304.0,112.0,-2.9158,35.6447
320.0,112.0,-1.9781,36.9886
336.0,112.0,-1.2352,36.6879
352.0,112.0,1.9939,33.7414
368.0,112.0,4.015,24.0261
384.0,112.0,3.8063,16.2327
400.0,112.0,0.3325,12.5605
416.0,112.0,-0.8064,12.6949
432.0,112.0,1.943,10.3842
448.0,112.0,0.9422,3.8307
464.0,112.0,-1.4454,0.7732
480.0,112.0,0.0055,0.6134
496.0,112.0,-2.2848,1.6611
16.0,96.0,1.7557,2.8061
32.0,96.0,-0.2119,-0.0223
48.0,96.0,-2.387,-1.5678
64.0,96.0,-1.366,-0.2909
80.0,96.0,2.043,-5.1512
96.0,96.0,1.4343,-2.928
112.0,96.0,-0.5058,6.7728
128.0,96.0,-1.5543,13.1591
144.0,96.0,-5.0541,30.5195
160.0,96.0,-6.5128,41.8766
176.0,96.0,-6.0982,37.462
192.0,96.0,-4.4136,28.1727
208.0,96.0,-0.1522,29.6
224.0,96.0,5.3822,35.6165
240.0,96.0,9.6836,43.3941
256.0,96.0,6.1579,52.2478
272.0,96.0,-3.5545,51.6697
288.0,96.0,-8.3954,44.4239
304.0,96.0,-7.0288,35.8255
320.0,96.0,-2.3745,29.9818
336.0,96.0,-0.3162,34.9577
352.0,96.0,2.6075,37.5227
368.0,96.0,1.8152,19.9844
384.0,96.0,4.677,15.0434
400.0,96.0,1.2226,14.8207
416.0,96.0,0.1072,15.2864
432.0,96.0,3.3491,11.6896
448.0,96.0,-1.6762,5.891
464.0,96.0,-1.1593,2.3674
480.0,96.0,0.5415,-1.0876
496.0,96.0,-2.2722,-4.4971
16.0,80.0,7.7974,-1.6747
32.0,80.0,-0.0059,-0.0692
48.0,80.0,-3.1425,1.7664
64.0,80.0,-0.8213,-0.0093
80.0,80.0,2.3569,-0.7599
96.0,80.0,1.6058,-0.4656
112.0,80.0,3.5366,-1.1198
128.0,80.0,-0.0481,2.9812
144.0,80.0,-0.7545,22.7379
160.0,80.0,-2.8605,39.562
176.0,80.0,-5.4745,34.654
192.0,80.0,-4.0491,23.3459
208.0,80.0,-0.6042,28.1376
224.0,80.0,3.9085,37.6131
240.0,80.0,9.1547,44.6886
256.0,80.0,9.1814,52.5267
272.0,80.0,3.1534,50.6165
288.0,80.0,-2.5547,45.7958
304.0,80.0,-6.287,39.85
320.0,80.0,-1.9621,27.9932
336.0,80.0,1.7286,27.2709
352.0,80.0,2.5169,35.8067
368.0,80.0,-1.2897,20.3396
384.0,80.0,2.0855,13.3463
400.0,80.0,1.0435,19.487
416.0,80.0,2.1475,21.1838
432.0,80.0,5.9092,14.6757
448.0,80.0,3.3926,9.094
464.0,80.0,2.2125,3.2124
480.0,80.0,2.6163,1.1494
496.0,80.0,3.7071,-0.7849
16.0,64.0,7.3648,-0.0893
32.0,64.0,0.0505,-0.0359
48.0,64.0,-1.8551,0.6554
64.0,64.0,1.8055,0.4848
80.0,64.0,1.8446,2.1313
96.0,64.0,1.4532,1.2699
112.0,64.0,1.7408,-0.5323
128.0,64.0,1.3075,3.9129
144.0,64.0,1.7439,11.6322
160.0,64.0,0.4644,27.4035
176.0,64.0,-2.6171,29.5067
192.0,64.0,-2.2236,20.3918
208.0,64.0,-0.2821,27.492
224.0,64.0,5.1565,39.8424
240.0,64.0,6.4846,48.5071
256.0,64.0,5.0564,52.1923
272.0,64.0,2.2732,50.3759
288.0,64.0,0.3122,47.0766
304.0,64.0,-2.6487,41.9271
320.0,64.0,-3.15,26.1669
336.0,64.0,-0.3696,22.4867
352.0,64.0,4.8002,31.6143
368.0,64.0,-1.1061,26.9978
384.0,64.0,5.6158,17.959
400.0,64.0,3.6047,24.3711
416.0,64.0,5.0917,26.8152
432.0,64.0,4.4889,17.9518
448.0,64.0,3.9803,11.1227
464.0,64.0,2.177,3.5341
480.0,64.0,3.0346,-0.9064
496.0,64.0,3.6997,0.0164
16.0,48.0,3.66,-0.3382
32.0,48.0,-0.1625,-0.4007
48.0,48.0,-1.1097,-0.4549
64.0,48.0,0.7814,0.5268
80.0,48.0,0.856,2.6487
96.0,48.0,1.4565,2.2398
112.0,48.0,0.8978,1.9325
128.0,48.0,2.7697,3.392
144.0,48.0,1.6884,4.8592
160.0,48.0,0.346,9.0082
176.0,48.0,1.8782,14.9431
192.0,48.0,-3.529,21.3306
208.0,48.0,-1.6319,34.1217
224.0,48.0,1.8412,43.0727
240.0,48.0,3.9305,49.736
256.0,48.0,0.7507,54.7892
272.0,48.0,-2.3518,54.5204
288.0,48.0,-1.4494,49.0868
304.0,48.0,-4.9175,39.2042
320.0,48.0,-5.3383,20.7144
336.0,48.0,-2.0994,17.6519
352.0,48.0,2.3216,18.404
368.0,48.0,4.2379,17.8831
384.0,48.0,8.1255,19.91
400.0,48.0,8.2634,22.4403
416.0,48.0,4.1845,22.925
432.0,48.0,0.5121,16.041
448.0,48.0,1.6207,9.8146
464.0,48.0,1.0546,5.9193
480.0,48.0,2.5545,3.1229
496.0,48.0,-50.6773,67.8195
16.0,32.0,0.9575,0.1225
32.0,32.0,-0.6245,0.2035
48.0,32.0,-1.1482,-3.0031
64.0,32.0,0.5682,-2.0304
80.0,32.0,1.4894,0.1711
96.0,32.0,2.4582,0.4608
112.0,32.0,1.2392,1.6272
128.0,32.0,1.9712,1.6459
144.0,32.0,2.2165,3.418
160.0,32.0,0.349,4.7461
176.0,32.0,0.976,10.8263
192.0,32.0,-2.9654,27.6114
208.0,32.0,3.0737,33.8118
224.0,32.0,5.8424,41.2569
240.0,32.0,4.7392,49.4789
256.0,32.0,1.7307,55.3215
272.0,32.0,-2.7098,53.862
288.0,32.0,-3.8315,48.5769
304.0,32.0,-9.1436,36.5744
320.0,32.0,-7.8587,18.0611
336.0,32.0,-3.0939,8.9085
352.0,32.0,-0.3136,19.2535
368.0,32.0,1.5779,17.7615
384.0,32.0,4.6011,12.2828
400.0,32.0,2.5997,12.373
416.0,32.0,-0.1051,13.0447
432.0,32.0,-2.0966,11.722
448.0,32.0,-2.389,8.6174
464.0,32.0,-0.782,4.4353
480.0,32.0,-4.7274,4.9498
496.0,32.0,-64.0579,84.4763
16.0,16.0,2.1555,-7.9628
32.0,16.0,-0.0906,-2.4361
48.0,16.0,-0.2712,-4.8637
64.0,16.0,-0.1278,-5.7268
80.0,16.0,1.05,-6.8727
96.0,16.0,0.8741,-2.261
112.0,16.0,0.5091,-2.6794
128.0,16.0,1.132,-1.7031
144.0,16.0,1.1456,1.5375
160.0,16.0,1.6088,2.4651
176.0,16.0,-1.1263,4.2807
192.0,16.0,1.9344,20.6297
208.0,16.0,3.484,21.3037
224.0,16.0,6.8197,34.4404
240.0,16.0,0.6826,47.8966
256.0,16.0,-0.289,52.9444
272.0,16.0,-1.976,50.1837
288.0,16.0,-3.0125,46.5508
304.0,16.0,-2.9667,39.4255
320.0,16.0,-7.1093,31.2162
336.0,16.0,-2.7385,22.3113
352.0,16.0,-0.8042,17.3231
368.0,16.0,-2.8318,9.9768
384.0,16.0,-0.7391,8.1877
400.0,16.0,-0.0942,7.1341
416.0,16.0,-2.5799,7.9081
432.0,16.0,-3.2322,12.1262
448.0,16.0,-3.0605,11.9801
464.0,16.0,-1.3714,6.7078
480.0,16.0,-65.1196,86.7903
496.0,16.0,-594.4796,746.8502
