16.0,496.0,0.9274,3.4628
32.0,496.0,1.6596,3.9608
48.0,496.0,-0.3546,2.9552
64.0,496.0,1.4643,0.2237
80.0,496.0,4.0007,0.9865
96.0,496.0,2.7327,3.0809
112.0,496.0,1.0344,5.2792
128.0,496.0,0.8093,10.9996
144.0,496.0,0.1259,12.122
160.0,496.0,0.5394,19.2005
176.0,496.0,2.8082,23.6637
192.0,496.0,-0.3256,27.8011
208.0,496.0,-3.9679,36.2274
224.0,496.0,-4.7184,32.4984
240.0,496.0,-2.5904,29.6431
256.0,496.0,-0.6016,33.2329
272.0,496.0,1.1518,28.278
288.0,496.0,0.2064,27.5723
304.0,496.0,-2.0325,35.4055
320.0,496.0,-3.3642,40.1079
336.0,496.0,-3.5772,40.3292
352.0,496.0,-2.7843,30.6376
368.0,496.0,-4.2173,14.1842
384.0,496.0,-1.2367,7.8024
400.0,496.0,-3.0554,5.0571
416.0,496.0,-2.4416,7.4419
432.0,496.0,-3.6003,8.1547
448.0,496.0,-5.1437,6.5973
464.0,496.0,-6.2803,5.0575
480.0,496.0,-4.9763,1.3811
496.0,496.0,-6.9946,-1.0775
16.0,480.0,0.6124,3.5208
32.0,480.0,1.8061,1.6483
48.0,480.0,0.5152,1.7933
64.0,480.0,0.601,3.9907
80.0,480.0,1.9547,4.3146
96.0,480.0,1.8175,3.364
112.0,480.0,3.3577,2.7853
128.0,480.0,-0.4621,12.0142
144.0,480.0,1.7284,14.7009
160.0,480.0,3.562,15.6307
176.0,480.0,3.6049,23.4552
192.0,480.0,1.1118,34.5629
208.0,480.0,-3.8588,38.8958
224.0,480.0,-5.0234,34.0197
240.0,480.0,-2.2947,31.1779
256.0,480.0,-0.9802,36.9394
272.0,480.0,-0.8846,42.5247
288.0,480.0,-1.3824,41.0098
304.0,480.0,-0.5625,39.6454
320.0,480.0,-2.5991,36.1282
336.0,480.0,-1.7265,35.651
352.0,480.0,0.4456,28.4683
368.0,480.0,-2.4994,7.9538
384.0,480.0,-1.4627,3.8218
400.0,480.0,-3.8179,4.0224
416.0,480.0,-2.7552,4.5788
432.0,480.0,-0.704,2.7027
448.0,480.0,-3.3598,3.8898
464.0,480.0,-117.1993,-59.148
480.0,480.0,-146.2853,-75.6444
496.0,480.0,-187.2958,-98.6807
16.0,464.0,-0.7055,1.005
32.0,464.0,1.2569,1.3386
48.0,464.0,0.8467,2.4559
64.0,464.0,0.5217,2.4597
80.0,464.0,0.2108,3.7451
96.0,464.0,-0.0807,4.8685
112.0,464.0,-0.7138,8.6132
128.0,464.0,0.4528,13.2441
144.0,464.0,2.0872,14.5332
160.0,464.0,-4.8233,24.4973
176.0,464.0,-6.3782,30.1541
192.0,464.0,-7.5946,35.0886
208.0,464.0,-2.9753,40.46
224.0,464.0,-1.4849,45.6608
240.0,464.0,-1.277,46.9278
256.0,464.0,-1.8185,43.5884
272.0,464.0,1.3577,46.6171
288.0,464.0,-1.918,43.6546
304.0,464.0,-1.8,42.2979
320.0,464.0,-1.9486,37.6195
336.0,464.0,0.9819,33.9699
352.0,464.0,1.3586,28.2892
368.0,464.0,-2.393,9.7424
384.0,464.0,-1.3403,6.5149
400.0,464.0,-3.6991,6.7318
416.0,464.0,-3.4325,7.1339
432.0,464.0,-0.7099,9.4501
448.0,464.0,-84.3808,-40.2422
464.0,464.0,-98.3767,-49.0671
480.0,464.0,-122.9003,-63.0679
496.0,464.0,-157.6964,-82.7988
16.0,448.0,-0.7654,3.6808
32.0,448.0,-0.0076,6.9481
48.0,448.0,1.5583,9.4797
64.0,448.0,-0.0647,1.7471
80.0,448.0,-2.9675,2.8913
96.0,448.0,-2.212,1.6445
112.0,448.0,-2.2634,9.7164
128.0,448.0,-3.6674,14.9396
144.0,448.0,-5.4638,21.2052
160.0,448.0,-7.7202,27.678
176.0,448.0,-9.555,33.6298
192.0,448.0,-20.9267,46.5967
208.0,448.0,-11.9183,46.8897
224.0,448.0,-4.2299,46.9618
240.0,448.0,-2.1461,49.1989
256.0,448.0,0.2726,45.886
272.0,448.0,-3.014,53.5215
288.0,448.0,-3.8879,58.5047
304.0,448.0,-1.9874,46.8868
320.0,448.0,-1.8512,40.7421
336.0,448.0,-1.4498,32.2847
352.0,448.0,-4.7586,16.6584
368.0,448.0,-0.9611,12.9946
384.0,448.0,-0.9647,8.8581
400.0,448.0,-0.086,9.6096
416.0,448.0,0.572,9.063
432.0,448.0,1.5932,7.0425
448.0,448.0,-0.1141,3.6337
464.0,448.0,-105.2547,-53.3619
480.0,448.0,-1291.6278,-709.5028
496.0,448.0,-2.4359,2.0369
16.0,432.0,0.7257,2.2318
32.0,432.0,-0.2712,0.3817
48.0,432.0,-0.094,1.5547
64.0,432.0,-0.6922,0.494
80.0,432.0,-1.0891,-0.2213
96.0,432.0,-0.2665,-0.7006
112.0,432.0,-3.7911,10.53
128.0,432.0,-6.311,16.8619
144.0,432.0,-8.7513,23.6011
160.0,432.0,-11.3897,30.0915
176.0,432.0,-22.0909,42.2928
192.0,432.0,-21.8208,43.6024
208.0,432.0,-25.3759,47.0917
224.0,432.0,-25.2613,50.4471
240.0,432.0,-12.9681,47.5697
256.0,432.0,-6.7228,51.9156
272.0,432.0,-6.0339,61.1643
288.0,432.0,-3.5543,62.4359
304.0,432.0,-2.1459,51.296
320.0,432.0,-1.8446,44.347
336.0,432.0,-1.1282,35.3978
352.0,432.0,-5.3995,11.091
368.0,432.0,1.5474,11.8311
384.0,432.0,1.3443,9.943
400.0,432.0,1.1415,11.4275
416.0,432.0,0.9863,9.9091
432.0,432.0,2.0098,7.3305
448.0,432.0,0.4555,6.7665
464.0,432.0,-6.2466,0.5066
480.0,432.0,-109.1669,-56.4262
496.0,432.0,-2.4624,-1.8692
16.0,416.0,3.3163,0.7309
32.0,416.0,-0.8703,-0.4766
48.0,416.0,-0.0788,0.1968
64.0,416.0,-0.6544,0.2895
80.0,416.0,-1.1326,-0.1257
96.0,416.0,-3.0885,6.3609
112.0,416.0,-5.2643,11.0147
128.0,416.0,-8.7592,17.9416
144.0,416.0,-11.717,24.7583
160.0,416.0,-17.7195,43.2121
176.0,416.0,-14.3227,42.6313
192.0,416.0,-15.9086,44.7083
208.0,416.0,-20.554,50.5665
224.0,416.0,-26.0002,53.5481
240.0,416.0,-15.4654,55.0716
256.0,416.0,-5.7674,56.6635
272.0,416.0,-3.1324,63.1228
288.0,416.0,-2.8807,69.3476
304.0,416.0,-3.2982,66.4526
320.0,416.0,-2.0142,48.4374
336.0,416.0,-0.9736,39.0428
352.0,416.0,0.0527,28.8228
368.0,416.0,0.7152,21.0028
384.0,416.0,2.9964,10.1252
400.0,416.0,-0.3263,13.6139
416.0,416.0,-0.2851,6.6635
432.0,416.0,0.19,7.1466
448.0,416.0,1.861,6.6092
464.0,416.0,1.0082,3.8036
480.0,416.0,-86.4938,-44.2161
496.0,416.0,-115.4961,-60.5795
16.0,400.0,1.6132,-2.9598
32.0,400.0,-0.4452,-0.5085
48.0,400.0,-1.4277,0.1902
64.0,400.0,-1.1694,0.4812
80.0,400.0,1.5137,-1.6829
96.0,400.0,-3.2085,6.2847
112.0,400.0,-5.6798,10.8083
128.0,400.0,-9.5752,17.6963
144.0,400.0,-12.7822,24.3527
160.0,400.0,-24.7738,37.3514
176.0,400.0,-17.5354,38.2288
192.0,400.0,-17.4978,43.0447
208.0,400.0,-18.8482,47.1981
224.0,400.0,-16.415,52.3006
240.0,400.0,-9.4952,56.5218
256.0,400.0,-4.6101,61.067
272.0,400.0,-4.6284,65.6841
288.0,400.0,-5.2687,68.0376
304.0,400.0,-3.3766,68.3884
320.0,400.0,-2.067,60.0204
336.0,400.0,4.2223,43.0624
352.0,400.0,0.8291,31.5185
368.0,400.0,1.4929,22.6799
384.0,400.0,4.3465,8.6895
400.0,400.0,2.8496,13.4342
416.0,400.0,0.8934,5.8317
432.0,400.0,-0.7717,5.1218
448.0,400.0,0.9758,3.5576
464.0,400.0,0.5823,3.1511
480.0,400.0,-2.5061,1.165
496.0,400.0,-2.8906,1.5985
16.0,384.0,3.5595,-0.8226
32.0,384.0,0.4799,-0.1534
48.0,384.0,-1.0546,-0.3082
64.0,384.0,0.7334,-0.6676
80.0,384.0,0.7627,-0.6084
96.0,384.0,-3.255,6.2396
112.0,384.0,-5.6328,10.2817
128.0,384.0,-9.2507,16.5328
144.0,384.0,-17.4561,24.6574
160.0,384.0,-28.6577,35.0395
176.0,384.0,-22.5094,33.4869
192.0,384.0,-17.565,37.3011
208.0,384.0,-16.103,38.8874
224.0,384.0,-13.8981,41.3282
240.0,384.0,-11.0615,54.4775
256.0,384.0,-9.2306,66.2695
272.0,384.0,-9.8459,69.837
288.0,384.0,-6.1314,70.7932
304.0,384.0,-2.944,70.1933
320.0,384.0,-1.1318,62.8819
336.0,384.0,1.8909,48.4556
352.0,384.0,0.7492,35.7802
368.0,384.0,1.4975,25.7394
384.0,384.0,4.1826,10.1139
400.0,384.0,4.0737,12.8616
416.0,384.0,2.2686,9.8215
432.0,384.0,-0.6527,4.6721
448.0,384.0,-0.6138,3.8038
464.0,384.0,-3.1675,3.1816
480.0,384.0,-2.3378,1.0258
496.0,384.0,-3.8836,0.8717
16.0,368.0,5.1071,-0.9661
32.0,368.0,0.222,0.2926
48.0,368.0,0.775,0.1484
64.0,368.0,0.0078,1.1139
80.0,368.0,0.3628,0.5032
96.0,368.0,-2.5924,5.1521
112.0,368.0,-4.5167,8.7024
128.0,368.0,-7.4291,13.6009
144.0,368.0,-12.7954,17.3456
160.0,368.0,-14.4133,24.3448
176.0,368.0,-16.1852,33.1484
192.0,368.0,-13.6715,31.6719
208.0,368.0,-7.7608,28.1591
224.0,368.0,-6.6517,33.1738
240.0,368.0,-6.3337,49.0088
256.0,368.0,-8.1314,62.7239
272.0,368.0,-6.6002,75.6462
288.0,368.0,-1.7393,76.965
304.0,368.0,-1.4559,75.1446
320.0,368.0,0.5419,67.8217
336.0,368.0,-0.9859,49.9289
352.0,368.0,4.7363,23.4867
368.0,368.0,2.1068,28.4591
384.0,368.0,3.0228,9.2466
400.0,368.0,2.3417,11.2181
416.0,368.0,2.7157,11.6011
432.0,368.0,0.9123,6.069
448.0,368.0,-1.2125,7.9378
464.0,368.0,-0.9278,2.424
480.0,368.0,-1.0057,1.9364
496.0,368.0,-1.2389,1.4952
16.0,352.0,3.5152,-0.1841
32.0,352.0,-0.0568,-0.0761
48.0,352.0,-0.0217,-0.1545
64.0,352.0,-1.3983,1.232
80.0,352.0,-1.2001,1.9115
96.0,352.0,-2.0134,4.1692
112.0,352.0,-3.4235,7.4446
128.0,352.0,-5.2882,11.1368
144.0,352.0,-7.1392,12.3381
160.0,352.0,-4.5805,16.3261
176.0,352.0,-7.4736,17.7597
192.0,352.0,-5.1247,19.8065
208.0,352.0,-0.3544,19.5009
224.0,352.0,-0.1608,30.448
240.0,352.0,-0.2611,42.4805
256.0,352.0,-2.0468,53.3113
272.0,352.0,-8.8177,74.4616
288.0,352.0,-7.39,77.0674
304.0,352.0,-5.8504,79.8979
320.0,352.0,-2.4036,78.1672
336.0,352.0,-7.1121,55.047
352.0,352.0,-1.1036,34.2377
368.0,352.0,-0.3372,29.528
384.0,352.0,3.4794,22.1858
400.0,352.0,2.6918,15.1867
416.0,352.0,2.0766,8.8819
432.0,352.0,-0.5259,4.7951
448.0,352.0,-0.3302,1.6716
464.0,352.0,0.4185,0.4311
480.0,352.0,-0.8741,1.643
496.0,352.0,-1.0148,1.2621
16.0,336.0,6.6841,0.3632
32.0,336.0,-0.0523,0.0343
48.0,336.0,-2.2259,-0.8987
64.0,336.0,-1.5358,0.4988
80.0,336.0,-0.9338,1.4205
96.0,336.0,1.3111,-0.5091
112.0,336.0,-0.2554,1.8251
128.0,336.0,-0.9747,5.1352
144.0,336.0,-1.2806,12.7008
160.0,336.0,0.112,10.9427
176.0,336.0,-2.252,8.7347
192.0,336.0,-1.4608,10.5999
208.0,336.0,2.2848,18.3146
224.0,336.0,3.9356,27.3193
240.0,336.0,4.3522,35.4361
256.0,336.0,1.8595,49.6515
272.0,336.0,-4.9313,67.9335
288.0,336.0,-9.3275,75.8434
304.0,336.0,-5.6173,82.5266
320.0,336.0,-1.8698,76.0906
336.0,336.0,-1.9238,57.6706
352.0,336.0,3.2536,48.6612
368.0,336.0,3.7668,41.964
384.0,336.0,4.4783,25.2203
400.0,336.0,8.1219,7.0934
416.0,336.0,1.9113,8.4311
432.0,336.0,-2.0418,1.215
448.0,336.0,-0.351,-0.6712
464.0,336.0,0.5697,0.004
480.0,336.0,0.2708,1.4282
496.0,336.0,-0.5776,0.8143
16.0,320.0,3.933,-0.6569
32.0,320.0,0.0448,-0.1713
48.0,320.0,-0.9846,0.1633
64.0,320.0,-0.9809,0.6334
80.0,320.0,-0.1053,1.2479
96.0,320.0,-0.3254,-1.6247
112.0,320.0,-1.4212,-0.1518
128.0,320.0,-0.8665,8.9668
144.0,320.0,0.2464,17.6535
160.0,320.0,-0.2005,10.1223
176.0,320.0,-0.0662,6.8306
192.0,320.0,1.9798,9.4862
208.0,320.0,3.3806,18.1196
224.0,320.0,3.9995,27.5677
240.0,320.0,4.8389,33.9819
256.0,320.0,2.1135,51.7015
272.0,320.0,-0.4013,67.9569
288.0,320.0,0.045,81.1857
304.0,320.0,-0.9378,85.9444
320.0,320.0,4.4361,71.6089
336.0,320.0,6.555,58.6332
352.0,320.0,10.9276,53.1126
368.0,320.0,6.0871,45.8565
384.0,320.0,5.7852,21.3379
400.0,320.0,6.4829,7.2586
416.0,320.0,1.6681,7.358
432.0,320.0,1.182,3.5542
448.0,320.0,0.248,1.1862
464.0,320.0,-0.9729,0.7792
480.0,320.0,-0.1421,1.1078
496.0,320.0,-0.3377,0.5332
16.0,304.0,0.8125,-0.8564
32.0,304.0,0.247,-0.4866
48.0,304.0,-1.1007,-0.2993
64.0,304.0,-0.729,0.5627
80.0,304.0,1.5534,1.5118
96.0,304.0,-1.0733,-0.7797
112.0,304.0,-0.4692,1.6863
128.0,304.0,-0.9207,6.4791
144.0,304.0,1.9358,11.871
160.0,304.0,1.7969,11.7397
176.0,304.0,3.4058,6.7144
192.0,304.0,5.5994,8.8396
208.0,304.0,7.2567,14.7346
224.0,304.0,6.073,31.6702
240.0,304.0,2.7515,37.2847
256.0,304.0,4.076,47.3066
272.0,304.0,5.0379,71.4279
288.0,304.0,4.4243,84.9415
304.0,304.0,2.4673,87.356
320.0,304.0,-1.424,76.9373
336.0,304.0,5.7709,61.9345
352.0,304.0,10.1851,50.457
368.0,304.0,8.5833,43.4933
384.0,304.0,-0.4793,17.3359
400.0,304.0,2.4105,4.9938
416.0,304.0,3.4882,2.8728
432.0,304.0,-1.1578,2.4088
448.0,304.0,0.865,2.3903
464.0,304.0,-1.2508,0.2407
480.0,304.0,-1.4019,-2.4994
496.0,304.0,-0.1779,0.6204
16.0,288.0,1.144,-2.2671
32.0,288.0,-0.057,-0.5507
48.0,288.0,-0.7864,-0.6664
64.0,288.0,-0.3439,-0.1099
80.0,288.0,14.5638,10.1112
96.0,288.0,-0.2907,0.1122
112.0,288.0,1.5812,1.866
128.0,288.0,2.3706,6.6708
144.0,288.0,4.6965,11.4107
160.0,288.0,3.7117,10.1227
176.0,288.0,7.0429,10.0241
192.0,288.0,10.6861,11.9286
208.0,288.0,9.1476,13.5162
224.0,288.0,6.6338,29.6783
240.0,288.0,5.2017,38.9977
256.0,288.0,6.1728,47.4211
272.0,288.0,4.0224,70.1656
288.0,288.0,3.4864,78.8202
304.0,288.0,2.4292,77.9476
320.0,288.0,-2.1339,79.2002
336.0,288.0,1.2514,69.3861
352.0,288.0,3.6339,47.1287
368.0,288.0,4.2915,36.7298
384.0,288.0,-2.2411,10.9074
400.0,288.0,-0.4011,2.3745
416.0,288.0,0.0204,1.021
432.0,288.0,0.1354,2.9361
448.0,288.0,4.1859,2.0054
464.0,288.0,0.1053,0.4375
480.0,288.0,0.321,0.1755
496.0,288.0,-0.0012,1.0245
16.0,272.0,1.4265,-1.9314
32.0,272.0,-0.2333,-0.4738
48.0,272.0,-0.2222,-2.2888
64.0,272.0,0.3756,-0.4585
80.0,272.0,15.4004,10.6664
96.0,272.0,16.3036,11.9864
112.0,272.0,1.5343,1.2941
128.0,272.0,5.8023,5.6723
144.0,272.0,6.6677,10.4374
160.0,272.0,6.7951,11.4519
176.0,272.0,9.5798,8.2153
192.0,272.0,13.0428,10.7365
208.0,272.0,8.5508,18.7065
224.0,272.0,4.6926,34.9104
240.0,272.0,2.4847,44.628
256.0,272.0,1.6598,51.6739
272.0,272.0,0.7534,62.1666
288.0,272.0,-1.0565,75.6798
304.0,272.0,-4.0483,74.1262
320.0,272.0,1.6899,75.4782
336.0,272.0,-0.0191,70.6612
352.0,272.0,-1.3243,49.7925
368.0,272.0,-0.7067,34.8289
384.0,272.0,-1.3512,9.7565
400.0,272.0,-1.8562,2.1643
416.0,272.0,-6.2208,4.1086
432.0,272.0,-3.3712,0.5381
448.0,272.0,0.0291,2.7071
464.0,272.0,0.0879,1.2381
480.0,272.0,0.42,1.779
496.0,272.0,0.4188,1.6254
16.0,256.0,0.3576,4.332
32.0,256.0,-0.3675,0.2899
48.0,256.0,-1.4252,-1.6792
64.0,256.0,0.1278,0.0923
80.0,256.0,302.1437,202.289
96.0,256.0,17.1581,12.0766
112.0,256.0,3.6139,4.5416
128.0,256.0,6.0123,5.5233
144.0,256.0,5.5283,5.2143
160.0,256.0,7.4657,6.7963
176.0,256.0,9.9009,8.1129
192.0,256.0,7.9708,13.703
208.0,256.0,6.3501,15.6794
224.0,256.0,1.1005,30.5819
240.0,256.0,-0.5129,45.3114
256.0,256.0,-0.1244,52.8671
272.0,256.0,-0.2581,60.1173
288.0,256.0,-3.731,71.1296
304.0,256.0,-1.2087,73.712
320.0,256.0,1.52,74.9027
336.0,256.0,1.5602,71.9801
352.0,256.0,-0.8461,55.4293
368.0,256.0,-1.8089,32.9304
384.0,256.0,2.2766,9.8387
400.0,256.0,-1.5026,2.3155
416.0,256.0,-0.1537,2.4233
432.0,256.0,-0.8371,5.9587
448.0,256.0,-0.9586,7.2987
464.0,256.0,1.1604,2.8334
480.0,256.0,0.8381,3.0485
496.0,256.0,0.9141,2.426
16.0,240.0,3.0718,1.3903
32.0,240.0,-0.9356,0.7593
48.0,240.0,-1.7017,1.0321
64.0,240.0,-0.6948,0.3759
80.0,240.0,15.8494,10.4869
96.0,240.0,3.2343,-0.7591
112.0,240.0,0.4078,3.0102
128.0,240.0,4.0789,4.7541
144.0,240.0,5.1941,4.2099
160.0,240.0,4.4064,4.9782
176.0,240.0,6.0644,6.5718
192.0,240.0,4.5849,11.6938
208.0,240.0,4.7075,13.3476
224.0,240.0,1.1301,24.275
240.0,240.0,-0.3756,38.0369
256.0,240.0,2.4065,48.011
272.0,240.0,3.1727,58.1463
288.0,240.0,2.4426,67.2359
304.0,240.0,5.5202,72.5111
320.0,240.0,4.4399,71.5626
336.0,240.0,-0.3239,64.6488
352.0,240.0,-0.5821,51.5171
368.0,240.0,-2.6197,33.246
384.0,240.0,2.8393,8.2619
400.0,240.0,-2.4109,12.1072
416.0,240.0,-0.2567,4.1424
432.0,240.0,0.7177,5.62
448.0,240.0,0.3126,5.8208
464.0,240.0,2.8395,4.2458
480.0,240.0,0.8104,3.9262
496.0,240.0,1.1977,3.2609
16.0,224.0,8.9117,1.7672
32.0,224.0,-0.6563,-0.0286
48.0,224.0,-1.4088,1.0113
64.0,224.0,-0.3662,0.1616
80.0,224.0,14.7982,9.6174
96.0,224.0,2.4525,-0.7069
112.0,224.0,0.5499,1.2371
128.0,224.0,2.2888,1.404
144.0,224.0,3.7319,0.5943
160.0,224.0,1.5875,7.5224
176.0,224.0,2.0523,7.9943
192.0,224.0,3.0518,9.1888
208.0,224.0,4.4338,14.8762
224.0,224.0,5.8697,23.4877
240.0,224.0,2.9202,41.9657
256.0,224.0,6.8579,50.0631
272.0,224.0,8.7841,57.1117
288.0,224.0,10.298,64.0135
304.0,224.0,9.726,67.2974
320.0,224.0,6.675,62.9202
336.0,224.0,-3.8845,59.1431
352.0,224.0,-9.7914,47.9839
368.0,224.0,-5.6557,27.7958
384.0,224.0,-3.6362,20.4106
400.0,224.0,-2.5438,12.1522
416.0,224.0,-3.3548,7.4612
432.0,224.0,-0.5568,8.2939
448.0,224.0,-0.518,6.7474
464.0,224.0,3.2238,4.9891
480.0,224.0,0.2237,1.845
496.0,224.0,1.1509,3.5354
16.0,208.0,8.7065,1.5718
32.0,208.0,-0.2018,-0.4421
48.0,208.0,-0.6195,-0.4915
64.0,208.0,0.4217,-0.5514
80.0,208.0,2.1688,1.0967
96.0,208.0,4.6043,-0.9493
112.0,208.0,1.5301,-0.918
128.0,208.0,3.1908,0.0584
144.0,208.0,5.2841,-0.0622
160.0,208.0,3.1385,2.8118
176.0,208.0,1.7275,4.034
192.0,208.0,5.2919,9.0401
208.0,208.0,6.4043,13.4445
224.0,208.0,11.2938,18.9442
240.0,208.0,6.0785,43.4401
256.0,208.0,7.1665,50.8041
272.0,208.0,12.7247,57.7591
288.0,208.0,14.0631,62.5776
304.0,208.0,11.3165,63.2654
320.0,208.0,10.5534,58.1532
336.0,208.0,-1.9932,52.3884
352.0,208.0,-12.9828,45.8387
368.0,208.0,-10.8168,27.5761
384.0,208.0,-8.5318,13.2313
400.0,208.0,-5.6406,6.1867
416.0,208.0,-1.4502,5.5616
432.0,208.0,-0.8244,5.7692
448.0,208.0,-0.6231,7.036
464.0,208.0,1.5276,6.4617
480.0,208.0,1.8349,4.3938
496.0,208.0,1.3177,3.3049
16.0,192.0,0.3901,-1.7239
32.0,192.0,0.7412,0.1132
48.0,192.0,-0.1326,0.3206
64.0,192.0,0.2304,-0.1394
80.0,192.0,1.0206,-1.0893
96.0,192.0,3.9835,0.0027
112.0,192.0,2.0096,0.3672
128.0,192.0,3.0724,2.2974
144.0,192.0,6.2176,3.6951
160.0,192.0,5.0503,4.3913
176.0,192.0,4.9011,1.0818
192.0,192.0,3.2059,10.3483
208.0,192.0,2.9058,14.3129
224.0,192.0,6.7228,20.2789
240.0,192.0,5.4632,42.4614
256.0,192.0,5.4808,49.9105
272.0,192.0,9.4957,56.4812
288.0,192.0,11.6632,57.6225
304.0,192.0,9.7658,58.074
320.0,192.0,8.876,52.4809
336.0,192.0,2.084,44.4399
352.0,192.0,-5.3837,41.1205
368.0,192.0,-6.7974,27.7159
384.0,192.0,-6.4844,5.8683
400.0,192.0,-1.7679,2.7332
416.0,192.0,-1.0036,6.4171
432.0,192.0,-0.7734,9.7881
448.0,192.0,1.3769,8.1524
464.0,192.0,-0.5165,5.4399
480.0,192.0,1.9154,3.5299
496.0,192.0,-1.1749,-0.2094
16.0,176.0,-1.2379,-2.9112
32.0,176.0,0.0408,-0.3757
48.0,176.0,-0.3679,2.4067
64.0,176.0,1.0544,0.6916
80.0,176.0,1.5602,-0.0225
96.0,176.0,1.5402,0.3379
112.0,176.0,2.0956,0.8902
128.0,176.0,2.4855,1.7085
144.0,176.0,1.2434,3.3285
160.0,176.0,3.5213,4.6398
176.0,176.0,3.9757,7.2796
192.0,176.0,1.9524,13.5057
208.0,176.0,3.709,17.7118
224.0,176.0,3.1719,21.6187
240.0,176.0,6.6334,39.0444
256.0,176.0,4.3579,51.1316
272.0,176.0,4.6122,57.7454
288.0,176.0,7.4907,55.8008
304.0,176.0,4.7085,54.9995
320.0,176.0,0.7524,54.0403
336.0,176.0,-0.7154,44.9358
352.0,176.0,-2.9755,37.291
368.0,176.0,-1.7113,31.9393
384.0,176.0,-6.3295,7.7658
400.0,176.0,-0.3569,4.0688
416.0,176.0,-0.8793,5.8918
432.0,176.0,0.1747,6.6376
448.0,176.0,3.9642,5.3925
464.0,176.0,1.7395,2.9732
480.0,176.0,2.1017,2.0622
496.0,176.0,1.5732,-0.1846
16.0,160.0,-0.6161,-1.9201
32.0,160.0,-0.2768,-0.0391
48.0,160.0,-0.8652,2.8166
64.0,160.0,1.0759,0.0259
80.0,160.0,0.9764,-1.3264
96.0,160.0,1.1419,-0.2449
112.0,160.0,1.5532,1.3929
128.0,160.0,0.72,2.0185
144.0,160.0,1.6811,3.1704
160.0,160.0,1.6935,3.376
176.0,160.0,4.2789,7.1135
192.0,160.0,2.0622,14.0223
208.0,160.0,4.9755,19.6384
224.0,160.0,5.4493,20.3844
240.0,160.0,6.8455,40.0192
256.0,160.0,6.7751,50.3756
272.0,160.0,5.7335,53.3529
288.0,160.0,4.6539,54.2191
304.0,160.0,2.3775,55.1613
320.0,160.0,0.1753,55.257
336.0,160.0,-2.3977,47.0272
352.0,160.0,-5.0322,28.2709
368.0,160.0,-3.9761,32.271
384.0,160.0,-3.694,27.0906
400.0,160.0,0.0628,14.0484
416.0,160.0,1.2537,10.288
432.0,160.0,1.0315,7.7785
448.0,160.0,1.5923,3.5582
464.0,160.0,1.9394,2.8585
480.0,160.0,1.1147,2.3285
496.0,160.0,1.5186,-0.0105
16.0,144.0,-0.2415,1.0883
32.0,144.0,-0.4416,0.1606
48.0,144.0,-1.2867,0.679
64.0,144.0,-0.0431,-0.3571
80.0,144.0,0.1764,-1.9773
96.0,144.0,0.1774,0.0933
112.0,144.0,-0.2115,2.0147
128.0,144.0,1.9699,3.0264
144.0,144.0,2.199,3.3472
160.0,144.0,2.2463,1.9184
176.0,144.0,5.0777,4.5181
192.0,144.0,2.1038,11.5952
208.0,144.0,4.0966,18.7096
224.0,144.0,9.0595,18.1896
240.0,144.0,4.8807,43.5585
256.0,144.0,8.5131,52.4296
272.0,144.0,7.7606,52.63
288.0,144.0,2.3293,52.548
304.0,144.0,1.379,55.5143
320.0,144.0,1.7088,57.1363
336.0,144.0,0.4328,47.8083
352.0,144.0,-4.0033,25.2333
368.0,144.0,-1.2848,31.9284
384.0,144.0,-2.7512,30.4873
400.0,144.0,-1.3605,19.7737
416.0,144.0,2.7082,15.332
432.0,144.0,4.8882,10.6291
448.0,144.0,-1.1889,1.4832
464.0,144.0,0.8766,1.9608
480.0,144.0,1.8974,0.3563
496.0,144.0,0.1649,1.4035
16.0,128.0,4.0956,-2.1935
32.0,128.0,0.3435,-0.4328
48.0,128.0,-1.7559,0.1236
64.0,128.0,0.3202,-0.2167
80.0,128.0,0.2239,1.387
96.0,128.0,-0.0969,0.6756
112.0,128.0,1.5345,-1.3052
128.0,128.0,1.627,0.1266
144.0,128.0,3.6581,1.8343
160.0,128.0,4.1613,3.4
176.0,128.0,2.9161,9.5411
192.0,128.0,3.9413,11.3951
208.0,128.0,4.7709,8.9285
224.0,128.0,3.5169,32.7762
240.0,128.0,4.216,41.2044
256.0,128.0,4.443,60.4742
272.0,128.0,6.1729,58.4484
288.0,128.0,3.7739,51.5848
304.0,128.0,1.8574,54.7184
320.0,128.0,1.2373,55.8449
336.0,128.0,-2.7687,38.8077
352.0,128.0,-2.8999,19.1235
368.0,128.0,-0.4976,23.6977
384.0,128.0,1.2526,27.9457
400.0,128.0,-1.1742,24.4158
416.0,128.0,4.4163,16.2424
432.0,128.0,8.1198,9.6491
448.0,128.0,1.1813,4.6502
464.0,128.0,1.2575,1.2018
480.0,128.0,0.9981,0.0879
496.0,128.0,-0.9601,0.7394
16.0,112.0,7.399,0.0675
32.0,112.0,0.2489,-0.1608
48.0,112.0,-2.1692,-0.3122
64.0,112.0,-0.0502,0.2598
80.0,112.0,0.2766,-1.9915
96.0,112.0,0.1461,0.3617
112.0,112.0,1.3319,-1.5905
128.0,112.0,2.1505,-1.3929
144.0,112.0,3.9782,1.605
160.0,112.0,0.7992,4.2091
176.0,112.0,0.1835,4.8468
192.0,112.0,2.2669,16.4224
208.0,112.0,2.2431,24.5064
224.0,112.0,2.4299,34.7737
240.0,112.0,3.1457,43.3333
256.0,112.0,1.4679,60.6216
272.0,112.0,4.9477,60.4242
288.0,112.0,8.1871,50.1884
304.0,112.0,5.1596,50.5114
320.0,112.0,1.984,51.8457
336.0,112.0,-3.3529,37.5504
352.0,112.0,-2.1461,22.1272
368.0,112.0,1.9873,26.0468
384.0,112.0,6.6509,31.2616
400.0,112.0,6.3332,30.6526
416.0,112.0,5.5571,9.9318
432.0,112.0,5.2963,4.9564
448.0,112.0,-0.7271,3.9397
464.0,112.0,-1.7429,1.9183
480.0,112.0,-3.2176,0.9187
496.0,112.0,-6.7829,2.4298
16.0,96.0,0.9829,7.1815
32.0,96.0,-0.5167,0.0719
48.0,96.0,0.6453,0.2613
64.0,96.0,-0.1216,0.4429
80.0,96.0,-0.0452,-0.3481
96.0,96.0,-0.7381,0.9628
112.0,96.0,-0.5819,1.7633
128.0,96.0,-0.3746,-2.6726
144.0,96.0,1.5417,-0.5859
160.0,96.0,0.8713,4.9603
176.0,96.0,4.9332,4.8199
192.0,96.0,1.5413,17.8531
208.0,96.0,-4.3814,38.3268
224.0,96.0,-1.6466,41.4331
240.0,96.0,0.6506,45.1113
256.0,96.0,4.5557,53.323
272.0,96.0,4.7779,57.1379
288.0,96.0,8.1295,51.2106
304.0,96.0,4.2736,48.1802
320.0,96.0,2.1811,45.9927
336.0,96.0,0.6536,40.5163
352.0,96.0,-2.5473,35.5461
368.0,96.0,1.6361,32.9235
384.0,96.0,3.7909,33.2603
400.0,96.0,5.6841,22.7913
416.0,96.0,3.0321,7.0187
432.0,96.0,1.6581,2.1847
448.0,96.0,-2.3802,0.9445
464.0,96.0,-9.5423,-0.2182
480.0,96.0,-0.481,-3.7523
496.0,96.0,-1.4376,-1.1404
16.0,80.0,4.0264,0.4921
32.0,80.0,-0.1448,0.3408
48.0,80.0,0.4267,0.9098
64.0,80.0,-0.3965,0.0908
80.0,80.0,-0.9899,1.2714
96.0,80.0,0.186,2.8555
112.0,80.0,-1.0326,2.7061
128.0,80.0,-1.7866,2.8559
144.0,80.0,-0.5983,4.31
160.0,80.0,2.6455,5.9542
176.0,80.0,5.1714,5.3188
192.0,80.0,1.198,13.3377
208.0,80.0,-0.6485,33.6981
224.0,80.0,-2.825,39.1272
240.0,80.0,-2.7649,49.3347
256.0,80.0,3.9722,58.8781
272.0,80.0,5.2885,55.9549
288.0,80.0,7.1165,54.8317
304.0,80.0,7.5087,49.2973
320.0,80.0,4.4292,41.0402
336.0,80.0,3.3928,41.2321
352.0,80.0,-0.1654,41.8209
368.0,80.0,-1.2415,39.8977
384.0,80.0,1.0872,38.5614
400.0,80.0,-3.3945,14.2202
416.0,80.0,-0.5684,6.2473
432.0,80.0,0.8167,2.166
448.0,80.0,-29.7399,-0.8781
464.0,80.0,-10.9917,1.0208
480.0,80.0,-0.2699,0.469
496.0,80.0,-1.2335,0.8028
16.0,64.0,3.5011,-1.7099
32.0,64.0,1.3229,-2.5061
48.0,64.0,0.757,0.1181
64.0,64.0,-0.4038,1.5566
80.0,64.0,-1.8436,1.8297
96.0,64.0,1.335,3.5208
112.0,64.0,-0.7887,5.2723
128.0,64.0,-0.9541,5.835
144.0,64.0,-0.2554,7.4411
160.0,64.0,0.2836,5.0348
176.0,64.0,0.6279,4.7153
192.0,64.0,1.1712,15.7314
208.0,64.0,2.8944,27.2253
224.0,64.0,-0.5323,37.9923
240.0,64.0,-2.5967,56.9304
256.0,64.0,1.2436,65.2683
272.0,64.0,7.4789,58.7713
288.0,64.0,8.1726,56.0551
304.0,64.0,7.7,49.1304
320.0,64.0,7.1922,38.8884
336.0,64.0,3.7903,41.2167
352.0,64.0,0.2146,42.2745
368.0,64.0,-2.191,37.8557
384.0,64.0,-2.7639,36.3207
400.0,64.0,-8.1818,10.4609
416.0,64.0,0.0481,2.2736
432.0,64.0,-34.388,4.87
448.0,64.0,-39.2631,-4.4521
464.0,64.0,-66.1567,-59.2173
480.0,64.0,-76.3911,-74.5847
496.0,64.0,-0.9317,2.9047
16.0,48.0,0.0616,0.3388
32.0,48.0,-0.5804,3.2238
48.0,48.0,-0.9489,4.2515
64.0,48.0,1.0544,3.553
80.0,48.0,-1.825,3.5133
96.0,48.0,0.3006,5.2309
112.0,48.0,0.3428,7.0221
128.0,48.0,0.5905,5.3675
144.0,48.0,-0.0126,5.3068
160.0,48.0,-0.9621,6.2059
176.0,48.0,-0.0555,1.8942
192.0,48.0,2.6653,6.81
208.0,48.0,1.5409,12.2286
224.0,48.0,2.2066,18.9676
240.0,48.0,3.5271,54.8475
256.0,48.0,0.3677,67.3105
272.0,48.0,1.5766,64.9714
288.0,48.0,4.1471,57.703
304.0,48.0,3.6299,44.2511
320.0,48.0,1.8843,38.3425
336.0,48.0,0.9218,38.269
352.0,48.0,-1.0979,35.3447
368.0,48.0,-4.8542,33.1743
384.0,48.0,-12.3098,23.871
400.0,48.0,-11.817,12.2417
416.0,48.0,-30.0378,18.3929
432.0,48.0,-42.7763,1.2953
448.0,48.0,-257.3851,194.2131
464.0,48.0,-72.3667,-62.8333
480.0,48.0,-81.143,-79.1872
496.0,48.0,-82.2481,-117.5349
16.0,32.0,-0.282,0.2782
32.0,32.0,-2.648,3.717
48.0,32.0,-1.5368,6.0307
64.0,32.0,0.7351,2.6604
80.0,32.0,-0.8966,3.0436
96.0,32.0,-0.1932,5.1727
112.0,32.0,-0.6861,5.2422
128.0,32.0,0.3078,1.8063
144.0,32.0,-3.5046,2.5507
160.0,32.0,1.4643,3.6362
176.0,32.0,0.3099,5.4392
192.0,32.0,2.4038,5.522
208.0,32.0,5.2532,10.0994
224.0,32.0,3.149,26.9531
240.0,32.0,6.271,52.56
256.0,32.0,0.8448,61.9846
272.0,32.0,-4.3301,63.1041
288.0,32.0,-1.2342,57.0568
304.0,32.0,3.0239,47.0343
320.0,32.0,-1.7784,38.4062
336.0,32.0,-1.1568,37.4073
352.0,32.0,-3.3985,25.5056
368.0,32.0,-3.9991,21.7911
384.0,32.0,-3.9413,23.0007
400.0,32.0,-18.7086,16.2065
416.0,32.0,-35.956,19.9741
432.0,32.0,-51.2752,0.4791
448.0,32.0,-57.1429,-9.7729
464.0,32.0,-88.3862,-78.7219
480.0,32.0,0.0399,-0.0
496.0,32.0,-649.9941,-1200.0557
16.0,16.0,-0.9961,0.8263
32.0,16.0,-0.9232,-6.0678
48.0,16.0,-1.1114,-5.1619
64.0,16.0,-1.1351,-0.424
80.0,16.0,-2.3592,2.1069
96.0,16.0,-1.7557,4.3354
112.0,16.0,-1.6628,1.7912
128.0,16.0,-0.173,-4.1376
144.0,16.0,-0.2836,3.4605
160.0,16.0,-0.4194,0.4444
176.0,16.0,0.49,5.8775
192.0,16.0,0.0813,6.3351
208.0,16.0,6.1331,11.2349
224.0,16.0,0.1387,38.5977
240.0,16.0,1.7475,51.1963
256.0,16.0,1.1057,55.0703
272.0,16.0,-2.4658,55.1481
288.0,16.0,-3.0045,54.4867
304.0,16.0,-1.2234,47.8815
320.0,16.0,-0.4191,40.34
336.0,16.0,-4.7436,22.9427
352.0,16.0,-1.8375,20.1292
368.0,16.0,-3.3804,11.9602
384.0,16.0,-5.068,9.8391
400.0,16.0,-1.4591,12.2826
416.0,16.0,-42.3,23.3262
432.0,16.0,-58.4969,3.7002
448.0,16.0,-5.485,-0.0
464.0,16.0,-103.3632,-96.2739
480.0,16.0,0.0248,-0.0
496.0,16.0,0.0,-0.0
