16.0,496.0,0.8444,2.4596
32.0,496.0,0.5999,1.8839
48.0,496.0,1.1349,2.3508
64.0,496.0,2.3088,4.212
80.0,496.0,3.0214,3.665
96.0,496.0,1.0639,5.2238
112.0,496.0,1.248,7.4959
128.0,496.0,0.8374,9.4521
144.0,496.0,-2.6447,14.8291
160.0,496.0,0.3407,18.2316
176.0,496.0,-1.0046,29.1355
192.0,496.0,-1.3134,35.2074
208.0,496.0,-6.1382,41.3288
224.0,496.0,-6.5151,38.468
240.0,496.0,-2.7025,26.2928
256.0,496.0,-2.1378,26.9093
272.0,496.0,-2.5618,28.5227
288.0,496.0,-1.7776,29.2269
304.0,496.0,-1.9564,35.6396
320.0,496.0,-2.0311,40.143
336.0,496.0,-2.4359,35.5354
352.0,496.0,-3.1164,16.7484
368.0,496.0,-4.4558,10.7525
384.0,496.0,-3.392,8.4066
400.0,496.0,-5.2441,7.1817
416.0,496.0,-4.9234,7.2292
432.0,496.0,-6.3332,8.379
448.0,496.0,-7.0951,6.3862
464.0,496.0,-7.9975,3.1874
480.0,496.0,-5.9984,1.2148
496.0,496.0,-3.9772,-0.3038
16.0,480.0,0.7728,2.546
32.0,480.0,1.5987,3.5902
48.0,480.0,0.7513,4.6881
64.0,480.0,1.6977,3.7409
80.0,480.0,2.3571,3.916
96.0,480.0,1.9468,4.991
112.0,480.0,5.048,5.7529
128.0,480.0,0.0923,9.5379
144.0,480.0,-2.2385,12.0287
160.0,480.0,1.5791,16.1478
176.0,480.0,4.5115,18.7647
192.0,480.0,2.9018,25.0557
208.0,480.0,-3.8576,32.786
224.0,480.0,-4.2809,30.372
240.0,480.0,-2.0489,29.3587
256.0,480.0,-2.3447,34.6916
272.0,480.0,-0.3521,35.6604
288.0,480.0,-1.0782,28.9312
304.0,480.0,-3.4452,29.4636
320.0,480.0,-3.7031,33.2664
336.0,480.0,-1.4071,30.7682
352.0,480.0,1.013,17.8789
368.0,480.0,-2.9972,7.6361
384.0,480.0,-4.3968,4.4874
400.0,480.0,-5.1872,5.328
416.0,480.0,-1.6756,4.377
432.0,480.0,-2.4382,2.397
448.0,480.0,-5.5073,1.6958
464.0,480.0,-90.9234,6.2028
480.0,480.0,-113.1225,6.3895
496.0,480.0,-126.4036,12.5756
16.0,464.0,-0.4124,0.8078
32.0,464.0,2.0279,1.5985
48.0,464.0,0.2819,2.2116
64.0,464.0,-0.5938,1.5858
80.0,464.0,1.0054,2.3235
96.0,464.0,0.5619,3.1759
112.0,464.0,-0.2688,6.8747
128.0,464.0,1.8719,4.1178
144.0,464.0,-0.2905,10.5068
160.0,464.0,3.4184,13.4048
176.0,464.0,-4.6946,26.9302
192.0,464.0,1.7494,30.0989
208.0,464.0,-0.5741,28.3701
224.0,464.0,-2.1854,29.8819
240.0,464.0,-0.6292,31.5754
256.0,464.0,0.3891,36.4176
272.0,464.0,-0.8902,37.7455
288.0,464.0,-1.6888,37.0571
304.0,464.0,-2.0113,35.838
320.0,464.0,-6.1085,31.2153
336.0,464.0,-4.2664,32.4259
352.0,464.0,1.3086,22.2853
368.0,464.0,-1.6035,9.9087
384.0,464.0,-2.1833,5.8908
400.0,464.0,-3.9217,3.66
416.0,464.0,-1.4917,3.9198
432.0,464.0,-0.5421,5.9433
448.0,464.0,-138.1164,-27.4448
464.0,464.0,-390.2353,282.6214
480.0,464.0,-190.2417,-38.9731
496.0,464.0,-234.2125,-49.0725
16.0,448.0,0.2211,2.5049
32.0,448.0,0.6149,3.219
48.0,448.0,0.8387,2.6917
64.0,448.0,-0.3096,0.6996
80.0,448.0,-1.1621,2.1364
96.0,448.0,-0.2922,4.3826
112.0,448.0,-1.1522,6.9637
128.0,448.0,-1.2211,6.9519
144.0,448.0,-1.7805,8.0486
160.0,448.0,-6.2554,22.571
176.0,448.0,-8.458,28.6679
192.0,448.0,-9.6594,41.7875
208.0,448.0,-4.985,39.88
224.0,448.0,-1.856,43.9079
240.0,448.0,0.333,43.6352
256.0,448.0,0.9781,40.8131
272.0,448.0,1.9381,38.0814
288.0,448.0,-1.9066,41.4912
304.0,448.0,-2.075,39.2061
320.0,448.0,-2.1314,34.6016
336.0,448.0,-0.4389,22.6818
352.0,448.0,-2.2213,19.0771
368.0,448.0,-1.7273,13.278
384.0,448.0,-2.2106,10.0031
400.0,448.0,-1.6411,7.6347
416.0,448.0,0.0477,5.0621
432.0,448.0,0.8049,5.1031
448.0,448.0,-142.3872,-29.3641
464.0,448.0,-156.7267,-32.0269
480.0,448.0,-195.831,-41.4723
496.0,448.0,-1.108,0.1841
16.0,432.0,0.7971,1.8671
32.0,432.0,-0.2422,-0.0458
48.0,432.0,-0.6094,-0.1139
64.0,432.0,-0.4522,-0.028
80.0,432.0,-0.1669,0.642
96.0,432.0,-0.7759,0.1745
112.0,432.0,-2.518,7.5205
128.0,432.0,-4.2549,12.3321
144.0,432.0,-6.9698,18.6886
160.0,432.0,-9.5232,25.5716
176.0,432.0,-11.8836,32.0423
192.0,432.0,-24.0976,52.2493
208.0,432.0,-25.4675,50.7153
224.0,432.0,-10.276,46.3158
240.0,432.0,-0.4227,46.0144
256.0,432.0,1.0082,45.3003
272.0,432.0,0.263,47.121
288.0,432.0,-4.657,53.5023
304.0,432.0,-2.0056,45.4239
320.0,432.0,-1.932,40.0567
336.0,432.0,-1.6215,32.2289
352.0,432.0,-2.7426,15.8239
368.0,432.0,-3.1591,13.9446
384.0,432.0,-1.4475,9.8265
400.0,432.0,0.4824,11.4523
416.0,432.0,0.8497,8.5829
432.0,432.0,1.4938,6.3526
448.0,432.0,1.4708,5.2998
464.0,432.0,-147.8415,-34.0104
480.0,432.0,-1848.0894,-853.4931
496.0,432.0,-0.4089,0.4873
16.0,416.0,4.2131,0.2525
32.0,416.0,-0.757,-0.8018
48.0,416.0,0.6609,-1.0389
64.0,416.0,-0.1778,-0.2155
80.0,416.0,-1.1749,0.8951
96.0,416.0,3.1784,-1.8579
112.0,416.0,-3.7919,8.5005
128.0,416.0,-6.7031,14.2941
144.0,416.0,-10.0363,20.9441
160.0,416.0,-13.0307,28.1271
176.0,416.0,-23.2824,41.3301
192.0,416.0,-28.0611,43.705
208.0,416.0,-30.4171,47.9816
224.0,416.0,-28.5913,50.5571
240.0,416.0,-15.626,50.1816
256.0,416.0,-4.9402,54.343
272.0,416.0,-3.0544,58.779
288.0,416.0,-3.5162,62.1279
304.0,416.0,-2.3337,51.0564
320.0,416.0,-2.0653,44.9584
336.0,416.0,-1.3871,36.3039
352.0,416.0,-0.8614,27.1982
368.0,416.0,-2.9329,11.5387
384.0,416.0,0.5865,12.4392
400.0,416.0,0.6142,19.7325
416.0,416.0,-1.8431,11.5717
432.0,416.0,-0.8656,8.976
448.0,416.0,1.199,5.4831
464.0,416.0,0.349,4.3457
480.0,416.0,-137.9549,-51.9747
496.0,416.0,-0.4446,2.6361
16.0,400.0,2.8709,-0.4072
32.0,400.0,-0.6571,-0.2317
48.0,400.0,-1.1536,-0.2247
64.0,400.0,-0.5547,-0.0416
80.0,400.0,1.5604,-1.9587
96.0,400.0,-2.3981,5.1445
112.0,400.0,-4.7272,9.086
128.0,400.0,-8.7149,15.3848
144.0,400.0,-12.618,22.3791
160.0,400.0,-17.9508,34.5383
176.0,400.0,-19.2835,40.8972
192.0,400.0,-16.2603,43.2795
208.0,400.0,-16.6201,48.0104
224.0,400.0,-24.0021,58.0597
240.0,400.0,-22.3944,60.4246
256.0,400.0,-9.1982,62.1952
272.0,400.0,-5.1371,67.4337
288.0,400.0,-5.8586,72.2137
304.0,400.0,-1.2239,69.5087
320.0,400.0,5.2246,63.3902
336.0,400.0,-1.2534,40.9768
352.0,400.0,-0.5236,30.5783
368.0,400.0,-0.443,22.0442
384.0,400.0,1.1959,9.9787
400.0,400.0,-1.3298,12.4191
416.0,400.0,1.9255,9.556
432.0,400.0,-1.5448,9.0714
448.0,400.0,-0.8711,6.0442
464.0,400.0,1.4351,5.361
480.0,400.0,-114.1441,-46.5328
496.0,400.0,-1.1698,5.9124
16.0,384.0,3.6125,0.9981
32.0,384.0,-0.2228,0.0895
48.0,384.0,-1.543,-1.5097
64.0,384.0,0.4581,0.1579
80.0,384.0,1.1826,0.2037
96.0,384.0,-2.5078,5.2866
112.0,384.0,-5.0878,9.0275
128.0,384.0,-9.3457,15.0932
144.0,384.0,-13.1747,21.8245
160.0,384.0,-25.7614,35.8347
176.0,384.0,-23.2317,36.4071
192.0,384.0,-14.1005,39.7629
208.0,384.0,-17.8799,44.9558
224.0,384.0,-22.2641,52.2606
240.0,384.0,-13.2595,57.8247
256.0,384.0,-7.8953,63.7184
272.0,384.0,-7.0494,67.3172
288.0,384.0,-9.3031,71.2946
304.0,384.0,-6.348,72.13
320.0,384.0,-1.2812,60.849
336.0,384.0,0.8123,43.5251
352.0,384.0,0.0197,33.5806
368.0,384.0,-0.0246,23.4676
384.0,384.0,1.0321,7.4812
400.0,384.0,1.4059,9.8841
416.0,384.0,3.6634,9.609
432.0,384.0,-0.6388,5.452
448.0,384.0,0.2968,4.4901
464.0,384.0,-0.0225,3.3176
480.0,384.0,-14.7058,-2.1265
496.0,384.0,-2.1149,7.7917
16.0,368.0,4.451,0.9329
32.0,368.0,-0.3454,0.4633
48.0,368.0,1.1463,-0.0193
64.0,368.0,0.6649,1.4782
80.0,368.0,0.9409,0.9871
96.0,368.0,-1.9872,4.6565
112.0,368.0,-4.209,8.0748
128.0,368.0,-8.269,13.5111
144.0,368.0,-15.4512,15.897
160.0,368.0,-31.0711,34.0836
176.0,368.0,-24.4057,37.5772
192.0,368.0,-19.9059,39.6252
208.0,368.0,-19.7132,39.4003
224.0,368.0,-14.9803,41.5615
240.0,368.0,-7.3277,51.3582
256.0,368.0,-6.7394,64.4955
272.0,368.0,-6.4348,69.4897
288.0,368.0,-6.4852,67.5638
304.0,368.0,-4.2555,70.2333
320.0,368.0,-0.4896,65.1937
336.0,368.0,-1.1841,48.7812
352.0,368.0,0.3698,36.4905
368.0,368.0,0.3088,24.9979
384.0,368.0,0.7107,8.6946
400.0,368.0,0.2995,7.6412
416.0,368.0,1.1848,7.8888
432.0,368.0,1.8847,6.411
448.0,368.0,0.5432,4.1267
464.0,368.0,-2.0884,3.52
480.0,368.0,-7.8753,-0.1227
496.0,368.0,-10.4427,-1.2714
16.0,352.0,2.5335,1.0246
32.0,352.0,-0.3986,0.0736
48.0,352.0,0.9306,0.8738
64.0,352.0,0.0454,1.251
80.0,352.0,-0.569,0.9991
96.0,352.0,-1.3226,3.781
112.0,352.0,-2.8782,6.8908
128.0,352.0,-6.1873,11.3292
144.0,352.0,-12.7546,14.9973
160.0,352.0,-16.6861,20.1424
176.0,352.0,-10.5864,29.1035
192.0,352.0,-11.8784,35.244
208.0,352.0,-9.0057,33.9108
224.0,352.0,-2.9886,37.8769
240.0,352.0,-2.7424,45.8584
256.0,352.0,-6.3568,60.4757
272.0,352.0,-12.3785,76.8154
288.0,352.0,-0.2703,71.2751
304.0,352.0,-0.9508,70.9957
320.0,352.0,1.1457,72.7036
336.0,352.0,-1.6811,50.6319
352.0,352.0,1.161,28.4163
368.0,352.0,0.8088,27.6717
384.0,352.0,1.2445,7.5485
400.0,352.0,0.4366,4.6106
416.0,352.0,2.2032,6.7541
432.0,352.0,1.0292,4.6429
448.0,352.0,-0.6195,2.2276
464.0,352.0,-0.411,1.3384
480.0,352.0,-2.1543,1.5382
496.0,352.0,-2.9267,1.3001
16.0,336.0,4.5061,0.8574
32.0,336.0,-0.1642,0.0473
48.0,336.0,-0.2136,1.3037
64.0,336.0,-1.0111,0.4545
80.0,336.0,-0.3824,1.2807
96.0,336.0,2.9106,-3.019
112.0,336.0,0.2567,1.5451
128.0,336.0,2.5513,5.6707
144.0,336.0,-1.9234,13.5971
160.0,336.0,-7.3,12.8168
176.0,336.0,-7.8936,10.5574
192.0,336.0,-3.5221,16.8959
208.0,336.0,4.3295,24.2096
224.0,336.0,0.8125,33.2045
240.0,336.0,1.6796,42.9493
256.0,336.0,-4.3623,57.4095
272.0,336.0,-12.479,78.6413
288.0,336.0,-0.5957,77.3682
304.0,336.0,-1.0511,73.5008
320.0,336.0,-0.0927,73.1733
336.0,336.0,-2.709,55.6253
352.0,336.0,-0.3883,33.1411
368.0,336.0,-0.2455,24.6428
384.0,336.0,5.5271,18.644
400.0,336.0,2.1694,13.4405
416.0,336.0,2.0862,7.3643
432.0,336.0,1.4093,2.3739
448.0,336.0,-0.2132,-0.2724
464.0,336.0,1.4164,-0.1526
480.0,336.0,0.6243,0.0811
496.0,336.0,-2.0742,0.9062
16.0,320.0,3.6325,0.8795
32.0,320.0,0.0486,-0.0498
48.0,320.0,0.0912,1.1595
64.0,320.0,-0.3529,-0.1402
80.0,320.0,-0.185,0.7418
96.0,320.0,0.0801,-2.2242
112.0,320.0,-1.6787,-0.4803
128.0,320.0,3.8877,7.9067
144.0,320.0,4.2269,14.6091
160.0,320.0,-0.9251,12.2869
176.0,320.0,-1.9342,9.5348
192.0,320.0,-0.8682,11.2041
208.0,320.0,1.5329,17.2983
224.0,320.0,2.8694,27.9018
240.0,320.0,3.022,40.0854
256.0,320.0,1.193,56.1146
272.0,320.0,-4.6331,69.7676
288.0,320.0,-9.339,76.9384
304.0,320.0,-2.6775,77.4649
320.0,320.0,-2.8505,72.5039
336.0,320.0,-3.2141,60.7388
352.0,320.0,-1.1713,47.6349
368.0,320.0,4.0127,40.4308
384.0,320.0,5.131,22.3536
400.0,320.0,5.3896,11.7077
416.0,320.0,2.1847,6.8796
432.0,320.0,1.6508,3.9399
448.0,320.0,0.8068,0.6899
464.0,320.0,-0.4894,0.7675
480.0,320.0,0.3975,1.6373
496.0,320.0,-1.0481,0.8978
16.0,304.0,-0.0237,0.7113
32.0,304.0,-0.0767,-0.0854
48.0,304.0,0.2916,-0.0746
64.0,304.0,-0.0811,0.1602
80.0,304.0,0.0577,0.3652
96.0,304.0,-0.7879,-0.6771
112.0,304.0,-1.2901,2.6464
128.0,304.0,2.0367,9.9401
144.0,304.0,5.2006,12.5771
160.0,304.0,1.9009,10.8551
176.0,304.0,3.7027,8.3143
192.0,304.0,3.3978,10.6548
208.0,304.0,1.9896,14.226
224.0,304.0,-0.0156,21.8712
240.0,304.0,0.5491,33.6826
256.0,304.0,3.1538,52.5303
272.0,304.0,-0.8499,60.4054
288.0,304.0,-0.7326,67.568
304.0,304.0,-0.8686,82.2647
320.0,304.0,-0.6308,73.8474
336.0,304.0,4.6143,64.1418
352.0,304.0,5.4352,55.1428
368.0,304.0,2.8957,45.3718
384.0,304.0,3.2471,17.9878
400.0,304.0,4.929,6.2574
416.0,304.0,2.4094,4.2286
432.0,304.0,1.3279,3.5315
448.0,304.0,5.184,4.4386
464.0,304.0,-1.4683,1.6174
480.0,304.0,-1.4309,0.6472
496.0,304.0,-1.1568,0.809
16.0,288.0,0.5356,-1.4446
32.0,288.0,-0.3021,-0.1417
48.0,288.0,0.1793,-0.4002
64.0,288.0,0.7036,-0.1329
80.0,288.0,0.1528,0.5069
96.0,288.0,-0.0462,0.1925
112.0,288.0,0.4875,1.5511
128.0,288.0,2.2415,7.3618
144.0,288.0,0.9144,10.0534
160.0,288.0,0.4425,7.5439
176.0,288.0,5.4327,7.5949
192.0,288.0,9.2911,11.7897
208.0,288.0,5.9198,13.5441
224.0,288.0,4.1273,21.2914
240.0,288.0,3.5797,33.8453
256.0,288.0,4.5221,53.5851
272.0,288.0,4.5732,67.6106
288.0,288.0,3.3562,80.1435
304.0,288.0,3.9579,87.5525
320.0,288.0,3.0539,76.573
336.0,288.0,6.0158,61.2654
352.0,288.0,8.9087,53.3112
368.0,288.0,3.2125,44.1963
384.0,288.0,-3.5202,10.9247
400.0,288.0,0.7851,2.8442
416.0,288.0,0.4692,2.282
432.0,288.0,0.7903,3.3976
448.0,288.0,8.5608,3.199
464.0,288.0,-0.7662,0.3937
480.0,288.0,-0.8198,-0.3664
496.0,288.0,-3.4255,1.9908
16.0,272.0,2.9882,-1.9327
32.0,272.0,0.0505,-0.6474
48.0,272.0,-0.248,-0.9489
64.0,272.0,0.9457,-0.4412
80.0,272.0,0.2558,0.7762
96.0,272.0,0.9986,2.1167
112.0,272.0,0.3101,2.8772
128.0,272.0,2.9743,6.0856
144.0,272.0,3.6041,8.7046
160.0,272.0,3.1065,9.2169
176.0,272.0,8.7038,7.1001
192.0,272.0,14.4562,7.255
208.0,272.0,8.3479,13.0363
224.0,272.0,5.8207,21.5569
240.0,272.0,6.9323,37.22
256.0,272.0,2.4035,58.4038
272.0,272.0,2.9894,81.4211
288.0,272.0,3.3939,89.5432
304.0,272.0,4.4672,84.2331
320.0,272.0,5.2013,77.7975
336.0,272.0,1.8801,64.4018
352.0,272.0,2.4866,48.5971
368.0,272.0,2.3184,38.5403
384.0,272.0,-2.9846,9.008
400.0,272.0,0.3836,1.2932
416.0,272.0,0.4225,5.439
432.0,272.0,-4.133,0.1194
448.0,272.0,-1.1871,3.3862
464.0,272.0,-0.9205,-0.8726
480.0,272.0,-0.5993,0.5257
496.0,272.0,-5.5983,3.2141
16.0,256.0,2.034,1.4145
32.0,256.0,0.152,-0.2407
48.0,256.0,-1.6954,1.1801
64.0,256.0,-0.1419,0.2163
80.0,256.0,0.4406,0.8222
96.0,256.0,1.2128,1.8288
112.0,256.0,4.1218,1.0572
128.0,256.0,4.1857,5.8865
144.0,256.0,3.6482,7.8859
160.0,256.0,6.1579,11.2791
176.0,256.0,9.3657,12.1765
192.0,256.0,8.8083,9.9806
208.0,256.0,7.8394,17.6125
224.0,256.0,6.0997,31.8989
240.0,256.0,1.5503,43.8847
256.0,256.0,-1.9201,56.3959
272.0,256.0,-1.0695,79.8943
288.0,256.0,0.684,87.7934
304.0,256.0,0.49,75.9514
320.0,256.0,0.3807,73.9662
336.0,256.0,-0.8621,71.508
352.0,256.0,-2.709,53.363
368.0,256.0,-0.9031,35.4097
384.0,256.0,1.4393,9.8547
400.0,256.0,-1.0777,1.5928
416.0,256.0,-0.865,3.2894
432.0,256.0,-1.5497,5.2687
448.0,256.0,-2.6258,6.3309
464.0,256.0,-0.453,2.9222
480.0,256.0,-14.3677,7.4577
496.0,256.0,-19.2421,8.1969
16.0,240.0,2.7054,0.3834
32.0,240.0,-0.1938,0.831
48.0,240.0,-1.8526,1.5833
64.0,240.0,-0.769,0.1173
80.0,240.0,0.5491,0.6376
96.0,240.0,1.3173,1.321
112.0,240.0,1.2821,2.1278
128.0,240.0,3.8069,5.5765
144.0,240.0,4.8061,6.7369
160.0,240.0,5.2128,5.5376
176.0,240.0,3.3426,5.8176
192.0,240.0,2.1425,9.4311
208.0,240.0,2.9947,12.9852
224.0,240.0,3.4252,29.3348
240.0,240.0,-2.6781,47.5525
256.0,240.0,-3.4824,54.3697
272.0,240.0,-2.2007,72.4373
288.0,240.0,0.437,83.2106
304.0,240.0,-2.0128,74.4116
320.0,240.0,0.2621,70.5759
336.0,240.0,0.4921,68.9802
352.0,240.0,-2.211,58.2052
368.0,240.0,-2.4227,37.5219
384.0,240.0,5.3421,10.4544
400.0,240.0,-2.9472,5.9982
416.0,240.0,-0.6739,2.8395
432.0,240.0,-1.3481,5.719
448.0,240.0,-1.8148,6.2914
464.0,240.0,1.5429,4.1506
480.0,240.0,-15.3615,8.4201
496.0,240.0,-19.9114,9.092
16.0,224.0,6.411,-0.0532
32.0,224.0,-0.4744,0.0961
48.0,224.0,-1.354,0.4961
64.0,224.0,-0.2607,0.1867
80.0,224.0,0.7602,0.4489
96.0,224.0,3.2736,0.5363
112.0,224.0,0.3931,1.9003
128.0,224.0,1.1255,2.1643
144.0,224.0,8.432,2.1173
160.0,224.0,5.2446,3.8643
176.0,224.0,2.8168,4.5992
192.0,224.0,1.3691,6.9893
208.0,224.0,1.3046,9.6167
224.0,224.0,2.7822,30.3061
240.0,224.0,-1.4336,44.9823
256.0,224.0,0.3513,54.2891
272.0,224.0,1.9358,64.8035
288.0,224.0,-0.1253,77.9419
304.0,224.0,-3.2955,76.8444
320.0,224.0,3.0472,72.414
336.0,224.0,1.6071,66.8434
352.0,224.0,-1.5158,53.7659
368.0,224.0,-3.5398,38.258
384.0,224.0,1.0071,9.3662
400.0,224.0,-2.4984,11.1188
416.0,224.0,-3.2488,4.2698
432.0,224.0,-2.1793,6.4161
448.0,224.0,-1.6558,6.9921
464.0,224.0,2.4315,4.2465
480.0,224.0,-1.1787,1.4837
496.0,224.0,-209.9644,72.0921
16.0,208.0,4.178,-0.9905
32.0,208.0,-0.1713,-0.6207
48.0,208.0,-0.2815,-0.7605
64.0,208.0,0.4999,-0.1657
80.0,208.0,0.9135,0.531
96.0,208.0,3.0029,-0.322
112.0,208.0,0.0532,-2.1812
128.0,208.0,1.6813,-1.078
144.0,208.0,4.9915,1.9323
160.0,208.0,2.8753,2.3266
176.0,208.0,3.2047,2.7769
192.0,208.0,3.3468,10.593
208.0,208.0,4.8643,14.5309
224.0,208.0,2.4796,29.6245
240.0,208.0,3.8786,46.2332
256.0,208.0,5.2298,52.9142
272.0,208.0,6.3686,68.4784
288.0,208.0,3.837,81.9012
304.0,208.0,6.8678,71.3348
320.0,208.0,5.4558,64.674
336.0,208.0,0.485,60.3048
352.0,208.0,-4.85,43.3254
368.0,208.0,-7.5298,18.6792
384.0,208.0,-9.0553,4.7832
400.0,208.0,-4.3236,3.6421
416.0,208.0,-1.4908,4.7722
432.0,208.0,-0.5383,7.7068
448.0,208.0,-1.276,9.0216
464.0,208.0,1.1261,4.8189
480.0,208.0,1.0416,2.194
496.0,208.0,-17.2171,8.4335
16.0,192.0,0.9108,-0.1932
32.0,192.0,0.5134,0.004
48.0,192.0,-0.0715,1.112
64.0,192.0,0.226,0.2686
80.0,192.0,1.3302,0.7732
96.0,192.0,4.6818,-0.0656
112.0,192.0,1.3733,-2.4281
128.0,192.0,2.1923,-0.6569
144.0,192.0,3.764,3.7313
160.0,192.0,0.6161,5.7581
176.0,192.0,0.8886,4.5996
192.0,192.0,-0.5739,14.209
208.0,192.0,5.471,13.5702
224.0,192.0,3.7006,21.0291
240.0,192.0,4.7668,45.5332
256.0,192.0,7.2382,49.7864
272.0,192.0,15.0278,67.4374
288.0,192.0,11.4788,77.5856
304.0,192.0,14.9267,63.4415
320.0,192.0,9.9987,55.5717
336.0,192.0,0.7025,52.8934
352.0,192.0,-6.3053,41.7761
368.0,192.0,-10.269,18.6049
384.0,192.0,-9.4101,6.885
400.0,192.0,-2.8454,3.9713
416.0,192.0,-0.4381,8.9193
432.0,192.0,-1.0937,12.6299
448.0,192.0,-1.5471,8.0482
464.0,192.0,-1.0933,3.2158
480.0,192.0,1.651,2.5486
496.0,192.0,-1.815,-0.2068
16.0,176.0,0.7603,0.1116
32.0,176.0,0.9052,-0.1253
48.0,176.0,-0.4789,0.9911
64.0,176.0,0.0317,0.8188
80.0,176.0,0.4311,1.7134
96.0,176.0,5.0398,0.4887
112.0,176.0,2.7479,3.146
128.0,176.0,1.9034,1.5993
144.0,176.0,-0.251,3.9436
160.0,176.0,0.4009,4.4725
176.0,176.0,2.1901,7.9186
192.0,176.0,-2.788,14.012
208.0,176.0,3.0874,12.4544
224.0,176.0,3.3503,21.3821
240.0,176.0,3.5414,44.302
256.0,176.0,7.6212,50.5804
272.0,176.0,15.0835,55.4052
288.0,176.0,14.4266,61.986
304.0,176.0,15.5249,61.5004
320.0,176.0,10.8225,54.4149
336.0,176.0,0.3696,47.7415
352.0,176.0,-7.4121,41.1909
368.0,176.0,-7.6849,30.8355
384.0,176.0,-8.1347,6.74
400.0,176.0,-0.3881,5.5365
416.0,176.0,-0.7347,9.9379
432.0,176.0,-0.4871,11.5561
448.0,176.0,0.9308,5.921
464.0,176.0,1.0777,3.5852
480.0,176.0,0.379,2.3657
496.0,176.0,-0.9657,0.0608
16.0,160.0,-0.2977,0.3044
32.0,160.0,0.1225,0.2419
48.0,160.0,-0.8698,-1.4107
64.0,160.0,-0.0313,-0.2312
80.0,160.0,-0.2468,0.441
96.0,160.0,1.6895,0.2132
112.0,160.0,2.6428,0.5932
128.0,160.0,-0.4944,2.4441
144.0,160.0,1.0128,3.4321
160.0,160.0,1.5993,3.5982
176.0,160.0,2.7901,8.3944
192.0,160.0,-0.1364,13.7247
208.0,160.0,3.2343,18.4383
224.0,160.0,6.6071,26.8879
240.0,160.0,5.0293,40.1934
256.0,160.0,5.765,53.1839
272.0,160.0,10.2217,60.2694
288.0,160.0,9.3908,63.5544
304.0,160.0,9.0309,62.5933
320.0,160.0,5.7209,53.3728
336.0,160.0,-2.9665,45.3743
352.0,160.0,-13.855,34.2253
368.0,160.0,-0.9708,29.5084
384.0,160.0,-2.8185,15.8833
400.0,160.0,0.3956,8.7948
416.0,160.0,2.6812,8.5421
432.0,160.0,2.5921,6.5643
448.0,160.0,3.0745,4.6854
464.0,160.0,2.4254,4.4827
480.0,160.0,-0.2464,3.1364
496.0,160.0,-0.1762,0.4826
16.0,144.0,-1.4116,0.2617
32.0,144.0,-0.4904,0.1652
48.0,144.0,-1.3411,-0.9228
64.0,144.0,-0.0799,-0.4251
80.0,144.0,-1.3384,-0.7572
96.0,144.0,-0.9993,0.1671
112.0,144.0,-0.1173,0.6523
128.0,144.0,1.833,2.03
144.0,144.0,2.2547,3.7066
160.0,144.0,3.091,2.4784
176.0,144.0,2.6539,3.0159
192.0,144.0,2.4401,7.7326
208.0,144.0,3.7237,16.6151
224.0,144.0,6.1222,23.4011
240.0,144.0,5.6244,40.9706
256.0,144.0,6.1052,51.2486
272.0,144.0,7.8444,59.358
288.0,144.0,6.2204,60.4153
304.0,144.0,2.4328,57.3891
320.0,144.0,0.4019,50.3649
336.0,144.0,-2.0529,44.0535
352.0,144.0,-9.6754,34.9161
368.0,144.0,-2.3752,30.1186
384.0,144.0,-0.1316,22.838
400.0,144.0,0.3632,16.7147
416.0,144.0,3.1883,13.798
432.0,144.0,3.7807,5.9837
448.0,144.0,-0.8015,-2.1029
464.0,144.0,0.7542,2.7988
480.0,144.0,2.2888,1.5079
496.0,144.0,1.1143,1.8552
16.0,128.0,2.3712,-2.3293
32.0,128.0,-0.0174,-0.3679
48.0,128.0,-1.9428,-0.0944
64.0,128.0,-0.3925,-0.1268
80.0,128.0,-2.1076,0.3212
96.0,128.0,-0.6659,0.2886
112.0,128.0,0.2859,0.091
128.0,128.0,1.0256,1.7273
144.0,128.0,2.9261,1.6275
160.0,128.0,4.4235,3.5257
176.0,128.0,2.5908,3.4494
192.0,128.0,2.8492,7.3004
208.0,128.0,3.9526,13.866
224.0,128.0,4.2806,31.1385
240.0,128.0,6.3322,45.3672
256.0,128.0,9.3401,50.4734
272.0,128.0,5.4111,53.882
288.0,128.0,2.0523,54.1763
304.0,128.0,0.7496,55.4207
320.0,128.0,0.2211,53.8145
336.0,128.0,2.4277,39.9803
352.0,128.0,-3.071,25.942
368.0,128.0,-3.1096,20.0502
384.0,128.0,-1.1093,20.8239
400.0,128.0,0.6384,21.2683
416.0,128.0,5.7426,17.0258
432.0,128.0,6.6177,9.8976
448.0,128.0,1.899,4.8901
464.0,128.0,0.4456,0.3281
480.0,128.0,1.1957,-0.3159
496.0,128.0,-0.2198,1.0517
16.0,112.0,6.7631,0.0065
32.0,112.0,-0.1656,0.235
48.0,112.0,-2.8502,-0.1591
64.0,112.0,-0.8577,0.4166
80.0,112.0,-0.8257,1.2836
96.0,112.0,-0.4694,-0.3468
112.0,112.0,0.77,0.5173
128.0,112.0,1.5594,2.2221
144.0,112.0,3.0039,1.7172
160.0,112.0,2.6655,3.4523
176.0,112.0,1.3321,4.8286
192.0,112.0,9.9579,6.8905
208.0,112.0,3.2439,21.9613
224.0,112.0,3.8303,31.7749
240.0,112.0,2.8582,49.9155
256.0,112.0,6.1878,55.4167
272.0,112.0,8.1995,52.6171
288.0,112.0,2.3966,50.4309
304.0,112.0,-0.6441,55.8844
320.0,112.0,0.3063,55.9559
336.0,112.0,-1.5892,34.1133
352.0,112.0,-1.9487,21.8122
368.0,112.0,0.1429,20.8136
384.0,112.0,3.5501,27.7035
400.0,112.0,9.5026,31.7268
416.0,112.0,4.3034,14.9071
432.0,112.0,4.8506,9.1003
448.0,112.0,9.5316,5.8969
464.0,112.0,2.9739,1.5566
480.0,112.0,10.1215,3.1968
496.0,112.0,-4.4506,1.7349
16.0,96.0,1.4622,1.5816
32.0,96.0,-0.7593,0.1406
48.0,96.0,0.7446,-3.2637
64.0,96.0,1.1824,0.0713
80.0,96.0,0.6098,-0.5936
96.0,96.0,0.7643,-3.1807
112.0,96.0,0.8268,-0.6721
128.0,96.0,0.6023,2.0908
144.0,96.0,2.5223,3.9845
160.0,96.0,2.2282,5.348
176.0,96.0,2.8025,5.9023
192.0,96.0,2.3517,16.2506
208.0,96.0,2.6286,24.0315
224.0,96.0,3.4227,28.2164
240.0,96.0,-0.3754,44.6327
256.0,96.0,1.6405,58.8303
272.0,96.0,10.8578,53.0483
288.0,96.0,5.9771,48.8665
304.0,96.0,0.2476,51.9987
320.0,96.0,-1.6914,50.5665
336.0,96.0,-6.0936,34.2106
352.0,96.0,-2.2583,22.9221
368.0,96.0,2.1406,25.8434
384.0,96.0,7.9191,32.6643
400.0,96.0,10.2686,29.2728
416.0,96.0,-0.2785,10.0765
432.0,96.0,1.112,1.7653
448.0,96.0,-2.2083,-0.3431
464.0,96.0,-17.7471,-1.1919
480.0,96.0,-0.8167,-3.9333
496.0,96.0,-0.9556,-0.915
16.0,80.0,5.7976,0.0067
32.0,80.0,-0.0559,0.0084
48.0,80.0,0.681,0.7177
64.0,80.0,0.8589,2.6695
80.0,80.0,0.3315,3.1012
96.0,80.0,0.8099,2.3733
112.0,80.0,1.54,3.5282
128.0,80.0,0.3141,4.3354
144.0,80.0,-0.1038,6.2689
160.0,80.0,1.0399,6.5155
176.0,80.0,3.013,6.6313
192.0,80.0,1.745,16.3693
208.0,80.0,-2.9396,35.1881
224.0,80.0,1.697,32.1608
240.0,80.0,4.961,31.4207
256.0,80.0,3.7783,53.2011
272.0,80.0,5.6822,54.5414
288.0,80.0,5.7922,50.0881
304.0,80.0,0.724,50.6363
320.0,80.0,-1.1982,50.149
336.0,80.0,-2.6354,41.7252
352.0,80.0,-2.5879,32.2985
368.0,80.0,1.0284,37.2143
384.0,80.0,4.4497,37.9734
400.0,80.0,-1.3275,16.4324
416.0,80.0,-0.477,4.4146
432.0,80.0,1.4614,0.4616
448.0,80.0,99.516,24.846
464.0,80.0,101.1673,23.1894
480.0,80.0,-0.2836,-0.3094
496.0,80.0,-1.0475,0.2188
16.0,64.0,2.7632,-1.0817
32.0,64.0,1.4189,-3.3691
48.0,64.0,1.6665,-2.1511
64.0,64.0,0.3006,2.018
80.0,64.0,-0.569,2.4738
96.0,64.0,0.7639,2.6114
112.0,64.0,0.803,5.2219
128.0,64.0,0.3458,6.3318
144.0,64.0,-1.3058,5.3734
160.0,64.0,-0.3857,4.5292
176.0,64.0,0.8156,10.6284
192.0,64.0,1.0976,15.7285
208.0,64.0,-0.379,33.103
224.0,64.0,0.5281,37.4754
240.0,64.0,3.1179,46.5569
256.0,64.0,4.8477,56.0892
272.0,64.0,3.6467,56.0682
288.0,64.0,3.8586,53.8212
304.0,64.0,5.1994,50.9707
320.0,64.0,4.089,47.6839
336.0,64.0,-0.3473,43.5856
352.0,64.0,-3.1698,40.5149
368.0,64.0,-1.0767,42.2773
384.0,64.0,2.6119,39.2321
400.0,64.0,-5.4775,11.8484
416.0,64.0,-0.285,0.9546
432.0,64.0,34.7837,13.7591
448.0,64.0,109.6349,26.3815
464.0,64.0,70.3907,8.5193
480.0,64.0,0.9953,5.4363
496.0,64.0,-0.8699,1.6747
16.0,48.0,0.6433,0.5731
32.0,48.0,0.701,3.783
48.0,48.0,0.3149,4.9225
64.0,48.0,1.0031,2.3579
80.0,48.0,-4.1328,2.1936
96.0,48.0,0.124,2.1893
112.0,48.0,0.7008,5.3772
128.0,48.0,0.8043,5.6036
144.0,48.0,0.1122,3.3978
160.0,48.0,-0.1152,3.8143
176.0,48.0,-0.9281,3.4477
192.0,48.0,1.6481,9.6277
208.0,48.0,0.7269,17.5283
224.0,48.0,1.5978,27.8307
240.0,48.0,-4.7108,55.6232
256.0,48.0,0.5438,64.6204
272.0,48.0,6.2254,59.1284
288.0,48.0,3.9156,56.6801
304.0,48.0,4.6097,47.9801
320.0,48.0,6.3435,38.1159
336.0,48.0,1.9361,41.0707
352.0,48.0,-3.3798,42.078
368.0,48.0,-2.1635,40.7185
384.0,48.0,3.7556,24.2721
400.0,48.0,10.3568,19.6383
416.0,48.0,29.1219,18.0676
432.0,48.0,38.4901,14.491
448.0,48.0,113.1923,27.6808
464.0,48.0,72.69,9.5271
480.0,48.0,1806.0234,402.961
496.0,48.0,80.9422,4.2419
16.0,32.0,0.2689,0.6553
32.0,32.0,-1.1219,3.261
48.0,32.0,-0.4539,4.7655
64.0,32.0,1.4153,3.9585
80.0,32.0,-1.3325,3.1773
96.0,32.0,-0.5611,2.0231
112.0,32.0,-0.8274,3.9953
128.0,32.0,0.6136,4.6577
144.0,32.0,0.0473,4.1984
160.0,32.0,0.401,5.2805
176.0,32.0,-0.6233,6.2653
192.0,32.0,1.4765,6.101
208.0,32.0,2.5141,10.2007
224.0,32.0,1.0765,25.0397
240.0,32.0,-2.503,63.5063
256.0,32.0,-1.6283,66.2632
272.0,32.0,1.3651,62.3627
288.0,32.0,1.2587,57.9214
304.0,32.0,1.405,45.0653
320.0,32.0,3.4628,36.657
336.0,32.0,1.0942,39.6893
352.0,32.0,-2.5578,37.3077
368.0,32.0,-5.1926,22.2811
384.0,32.0,-3.5711,14.6341
400.0,32.0,12.6892,19.723
416.0,32.0,31.2223,18.3787
432.0,32.0,38.0977,14.6477
448.0,32.0,131.4233,31.972
464.0,32.0,-7.5483,-0.0
480.0,32.0,91.7818,8.2304
496.0,32.0,-999.9928,-399.9977
16.0,16.0,-0.2913,1.6073
32.0,16.0,-0.4639,-2.8357
48.0,16.0,-2.2186,-2.2667
64.0,16.0,0.176,-1.7408
80.0,16.0,-0.6954,0.1709
96.0,16.0,-1.1637,2.3666
112.0,16.0,-0.9686,-0.8129
128.0,16.0,0.3611,-3.5387
144.0,16.0,0.0449,3.459
160.0,16.0,0.1682,0.9865
176.0,16.0,0.8825,5.7552
192.0,16.0,2.5587,3.966
208.0,16.0,0.4325,23.6293
224.0,16.0,-0.2419,34.7755
240.0,16.0,2.5812,61.1425
256.0,16.0,-0.8593,64.0171
272.0,16.0,-2.7378,65.0576
288.0,16.0,4.0194,57.4738
304.0,16.0,1.8961,48.3364
320.0,16.0,2.2646,38.1954
336.0,16.0,-0.522,35.6674
352.0,16.0,-3.9038,22.2143
368.0,16.0,-8.0359,12.7567
384.0,16.0,-4.8031,14.5197
400.0,16.0,14.8848,19.0949
416.0,16.0,32.2173,18.3639
432.0,16.0,36.8678,15.4378
448.0,16.0,0.0895,5.217
464.0,16.0,0.0,-0.0
480.0,16.0,0.0,-0.0
496.0,16.0,0.0,-0.0
