16.0,496.0,0.2322,0.9433
32.0,496.0,0.0135,0.8426
48.0,496.0,-0.2747,1.3101
64.0,496.0,-0.6827,2.1054
80.0,496.0,-1.3274,3.3402
96.0,496.0,-2.0245,4.8336
112.0,496.0,-2.8557,6.8659
128.0,496.0,-4.245,10.5972
144.0,496.0,-7.8175,11.5416
160.0,496.0,-16.1312,14.2275
176.0,496.0,-15.4871,11.0117
192.0,496.0,-6.189,29.5926
208.0,496.0,-6.9786,46.4394
224.0,496.0,-6.1163,44.6424
240.0,496.0,-6.7389,43.3029
256.0,496.0,-10.3371,49.2455
272.0,496.0,-10.1595,63.76
288.0,496.0,-2.6597,56.9603
304.0,496.0,-3.2958,57.4926
320.0,496.0,-9.3487,53.2375
336.0,496.0,-4.7689,46.7766
352.0,496.0,-3.0583,34.1948
368.0,496.0,-1.6705,10.6091
384.0,496.0,-2.1538,10.8759
400.0,496.0,0.5936,11.2738
416.0,496.0,-0.8867,10.466
432.0,496.0,-1.1906,8.2632
448.0,496.0,-1.0544,3.8279
464.0,496.0,-1.9169,1.1786
480.0,496.0,-10.4778,-0.6512
496.0,496.0,-263.8368,11.977
16.0,480.0,-1.9896,0.2977
32.0,480.0,0.6805,0.894
48.0,480.0,-0.0761,1.3626
64.0,480.0,-1.4046,0.0418
80.0,480.0,-1.4429,3.2696
96.0,480.0,-2.3284,4.8169
112.0,480.0,-3.0443,7.0501
128.0,480.0,-2.696,6.9071
144.0,480.0,-4.5473,8.836
160.0,480.0,-9.4364,13.2326
176.0,480.0,-12.0888,16.8009
192.0,480.0,-3.4475,32.5119
208.0,480.0,-4.2233,39.0066
224.0,480.0,-2.8942,37.698
240.0,480.0,-0.5772,39.0545
256.0,480.0,-0.7227,45.5866
272.0,480.0,-1.3512,55.7634
288.0,480.0,-2.9505,66.4339
304.0,480.0,-3.0869,67.9377
320.0,480.0,-4.3369,56.5598
336.0,480.0,-5.7449,52.2995
352.0,480.0,-5.5105,40.4348
368.0,480.0,-1.6102,10.36
384.0,480.0,-0.0847,10.1833
400.0,480.0,-0.4377,9.1118
416.0,480.0,0.8446,12.3938
432.0,480.0,1.7637,11.2139
448.0,480.0,-0.0145,5.4018
464.0,480.0,-2.1368,3.5133
480.0,480.0,-1555.956,60.3256
496.0,480.0,-221.6904,10.8033
16.0,464.0,1.1326,1.1772
32.0,464.0,0.1614,0.7698
48.0,464.0,2.2068,0.9645
64.0,464.0,0.1583,-0.5039
80.0,464.0,-1.5129,2.9606
96.0,464.0,-2.3895,4.6937
112.0,464.0,-2.9141,7.101
128.0,464.0,-1.6582,8.5081
144.0,464.0,-2.0327,11.7294
160.0,464.0,-2.5476,21.3604
176.0,464.0,-7.5201,26.5825
192.0,464.0,-2.651,31.9546
208.0,464.0,1.6945,38.422
224.0,464.0,1.1822,40.4053
240.0,464.0,2.2528,42.0223
256.0,464.0,5.7579,45.2957
272.0,464.0,6.3929,50.2346
288.0,464.0,2.4309,58.0427
304.0,464.0,-4.8216,66.5257
320.0,464.0,-1.4067,61.3291
336.0,464.0,-4.3297,49.0351
352.0,464.0,0.4061,40.9828
368.0,464.0,-1.5431,28.9066
384.0,464.0,-0.7145,7.1306
400.0,464.0,1.1263,12.6642
416.0,464.0,1.874,13.9624
432.0,464.0,-0.0397,8.2573
448.0,464.0,1.2075,5.8832
464.0,464.0,-3.0027,2.8282
480.0,464.0,-134.8842,8.3458
496.0,464.0,-180.2516,9.3725
16.0,448.0,-1.9135,1.7012
32.0,448.0,0.0364,0.6346
48.0,448.0,3.3247,0.297
64.0,448.0,-0.0029,-0.0359
80.0,448.0,-1.3707,2.7505
96.0,448.0,-2.2291,4.5324
112.0,448.0,-8.6699,7.7477
128.0,448.0,-3.928,8.8425
144.0,448.0,-1.8513,14.1441
160.0,448.0,-6.315,25.555
176.0,448.0,-3.6251,30.8481
192.0,448.0,-1.3601,36.0712
208.0,448.0,3.7138,40.4816
224.0,448.0,3.6987,41.9874
240.0,448.0,4.3785,44.0248
256.0,448.0,5.4407,46.818
272.0,448.0,5.9893,48.3141
288.0,448.0,4.2088,51.1099
304.0,448.0,-2.2339,57.9298
320.0,448.0,-1.4685,58.8102
336.0,448.0,-3.7689,50.0696
352.0,448.0,0.3796,40.1741
368.0,448.0,-1.3567,31.3102
384.0,448.0,-0.2068,24.0141
400.0,448.0,0.3998,17.4358
416.0,448.0,2.4435,11.4971
432.0,448.0,0.9113,6.9004
448.0,448.0,2.7763,5.8537
464.0,448.0,2.4075,4.0045
480.0,448.0,-123.2134,8.456
496.0,448.0,-164.8433,9.3589
16.0,432.0,0.2241,1.2451
32.0,432.0,0.1049,0.297
48.0,432.0,0.9296,-1.215
64.0,432.0,-0.6166,0.3757
80.0,432.0,-1.0934,2.5468
96.0,432.0,-1.9193,4.5504
112.0,432.0,-6.2647,2.3676
128.0,432.0,-3.2761,11.1662
144.0,432.0,0.5863,15.8924
160.0,432.0,-0.8493,20.1954
176.0,432.0,-0.3494,25.5875
192.0,432.0,-0.5041,33.2766
208.0,432.0,3.3663,40.7007
224.0,432.0,4.4201,41.464
240.0,432.0,4.0861,41.1728
256.0,432.0,4.1758,45.6972
272.0,432.0,5.2832,50.2766
288.0,432.0,6.3774,52.4891
304.0,432.0,-1.2226,55.6953
320.0,432.0,-1.8072,54.7876
336.0,432.0,-4.3022,50.9539
352.0,432.0,-1.111,43.9411
368.0,432.0,1.0967,44.0359
384.0,432.0,-0.2518,26.394
400.0,432.0,0.0454,19.485
416.0,432.0,0.7445,13.3242
432.0,432.0,3.5604,7.3902
448.0,432.0,3.175,5.3619
464.0,432.0,4.4519,5.2122
480.0,432.0,-34.9158,5.3295
496.0,432.0,-13.0058,0.4021
16.0,416.0,4.1313,1.0866
32.0,416.0,-0.4288,-0.4511
48.0,416.0,0.0662,-0.5028
64.0,416.0,-0.016,-0.0404
80.0,416.0,-0.7371,1.9692
96.0,416.0,-1.3694,4.1246
112.0,416.0,-1.5491,7.5805
128.0,416.0,-3.4527,10.0307
144.0,416.0,0.7294,15.173
160.0,416.0,2.5331,17.5165
176.0,416.0,6.2929,21.3081
192.0,416.0,2.4454,27.0519
208.0,416.0,4.6728,36.9921
224.0,416.0,6.0675,40.0177
240.0,416.0,3.7575,38.714
256.0,416.0,3.603,43.7532
272.0,416.0,5.7774,49.0673
288.0,416.0,2.0807,53.2003
304.0,416.0,-4.3249,56.773
320.0,416.0,-1.232,53.6505
336.0,416.0,-4.0701,45.3379
352.0,416.0,-2.622,40.5283
368.0,416.0,-2.2306,38.8939
384.0,416.0,2.5934,28.1357
400.0,416.0,-0.0703,20.9278
416.0,416.0,0.6243,14.1177
432.0,416.0,0.5119,7.8423
448.0,416.0,1.2375,6.2361
464.0,416.0,1.0368,3.2951
480.0,416.0,-19.6057,4.674
496.0,416.0,-26.6747,4.3689
16.0,400.0,3.418,-1.2642
32.0,400.0,0.0761,-0.6104
48.0,400.0,0.2594,-0.5249
64.0,400.0,0.3412,-0.4929
80.0,400.0,-0.2537,1.6253
96.0,400.0,-0.761,3.6687
112.0,400.0,-0.9519,7.145
128.0,400.0,-1.5459,10.5614
144.0,400.0,0.3187,15.9794
160.0,400.0,2.7678,23.1358
176.0,400.0,8.0988,20.9219
192.0,400.0,9.1789,23.6321
208.0,400.0,4.1105,31.5762
224.0,400.0,8.8907,35.2299
240.0,400.0,5.6496,40.7377
256.0,400.0,2.4897,46.6789
272.0,400.0,1.569,52.2835
288.0,400.0,-1.866,56.2679
304.0,400.0,-2.9493,58.3082
320.0,400.0,-2.2779,54.1292
336.0,400.0,-2.8379,45.6371
352.0,400.0,-3.0313,44.3483
368.0,400.0,-3.5431,40.5792
384.0,400.0,0.0746,27.5108
400.0,400.0,-1.7879,16.642
416.0,400.0,0.3652,12.9038
432.0,400.0,-3.492,6.8594
448.0,400.0,1.5043,6.3772
464.0,400.0,-1.8387,5.2156
480.0,400.0,-5.9625,3.165
496.0,400.0,-7.7123,2.8034
16.0,384.0,5.9622,-2.2413
32.0,384.0,0.4782,0.0481
48.0,384.0,0.8831,-2.7893
64.0,384.0,3.2192,-3.714
80.0,384.0,1.1372,-2.0947
96.0,384.0,-0.2417,3.0279
112.0,384.0,-0.5399,6.3256
128.0,384.0,1.8576,8.5491
144.0,384.0,-1.3517,21.302
160.0,384.0,-0.4978,24.3505
176.0,384.0,3.6993,21.3751
192.0,384.0,8.2485,20.7045
208.0,384.0,6.2681,28.0909
224.0,384.0,15.0255,32.7976
240.0,384.0,19.1902,40.3786
256.0,384.0,9.4175,42.8961
272.0,384.0,2.8723,48.2449
288.0,384.0,-0.5714,55.4638
304.0,384.0,-1.1471,57.6275
320.0,384.0,-2.1545,54.0846
336.0,384.0,-0.931,48.8979
352.0,384.0,1.3109,48.4146
368.0,384.0,-3.3234,43.3777
384.0,384.0,-0.2285,28.227
400.0,384.0,0.783,18.4067
416.0,384.0,2.3518,12.2715
432.0,384.0,-1.7717,4.7119
448.0,384.0,-0.6861,4.118
464.0,384.0,-0.9209,5.1117
480.0,384.0,-4.4314,2.2184
496.0,384.0,-4.9036,1.9348
16.0,368.0,6.5063,-1.6712
32.0,368.0,0.1822,0.1436
48.0,368.0,2.5208,-0.0824
64.0,368.0,-0.0874,1.0777
80.0,368.0,1.1017,-2.4967
96.0,368.0,0.0738,2.4004
112.0,368.0,-0.473,5.7895
128.0,368.0,-1.6069,5.6639
144.0,368.0,-2.215,15.7667
160.0,368.0,-2.3888,21.7573
176.0,368.0,-2.924,25.5959
192.0,368.0,6.4011,26.0342
208.0,368.0,9.2896,29.484
224.0,368.0,16.7835,37.9955
240.0,368.0,23.6557,38.3141
256.0,368.0,18.5448,33.4215
272.0,368.0,13.6055,39.2555
288.0,368.0,5.8584,50.7963
304.0,368.0,3.7912,56.3927
320.0,368.0,2.8849,55.0646
336.0,368.0,2.8009,48.489
352.0,368.0,4.3085,46.1456
368.0,368.0,2.3058,38.5342
384.0,368.0,1.5047,16.0164
400.0,368.0,3.0169,10.5307
416.0,368.0,2.4723,6.188
432.0,368.0,1.6491,3.4632
448.0,368.0,-8.7965,-0.8436
464.0,368.0,0.2905,-1.0139
480.0,368.0,-0.3958,-0.684
496.0,368.0,-1.2127,0.0601
16.0,352.0,3.4922,-1.8473
32.0,352.0,0.1083,-0.4913
48.0,352.0,2.5085,-0.0834
64.0,352.0,0.4473,-0.3656
80.0,352.0,0.3888,0.4723
96.0,352.0,0.2848,-2.335
112.0,352.0,-0.3294,2.5517
128.0,352.0,-0.9785,4.665
144.0,352.0,-1.033,10.6857
160.0,352.0,-3.1406,21.6665
176.0,352.0,0.0614,33.0168
192.0,352.0,2.294,34.721
208.0,352.0,1.2796,37.5763
224.0,352.0,4.2194,41.1909
240.0,352.0,9.565,38.6957
256.0,352.0,11.1578,37.8349
272.0,352.0,15.1552,38.4478
288.0,352.0,16.7309,45.1923
304.0,352.0,13.3593,54.9053
320.0,352.0,7.234,54.3568
336.0,352.0,3.2942,47.6816
352.0,352.0,2.3602,43.6255
368.0,352.0,2.211,32.83
384.0,352.0,-0.675,6.7034
400.0,352.0,0.6605,2.3537
416.0,352.0,1.5282,2.9119
432.0,352.0,0.7071,1.787
448.0,352.0,-8.3338,-0.5417
464.0,352.0,-0.1169,-1.4999
480.0,352.0,-0.5072,-1.1435
496.0,352.0,-0.7349,0.5636
16.0,336.0,5.0303,-1.3418
32.0,336.0,0.1987,-0.2275
48.0,336.0,0.6096,-0.9228
64.0,336.0,3.2026,-0.5301
80.0,336.0,0.2021,0.3857
96.0,336.0,-3.5076,0.5676
112.0,336.0,0.0305,2.5986
128.0,336.0,0.8343,4.9595
144.0,336.0,-2.2648,16.9672
160.0,336.0,3.13,27.0485
176.0,336.0,1.2007,34.5625
192.0,336.0,2.1427,36.141
208.0,336.0,-0.9762,40.8215
224.0,336.0,0.1968,42.5886
240.0,336.0,-0.1444,46.4676
256.0,336.0,1.8373,45.1498
272.0,336.0,11.9719,42.6252
288.0,336.0,18.0559,46.8441
304.0,336.0,16.6662,50.7204
320.0,336.0,7.6691,50.0641
336.0,336.0,2.6079,43.6876
352.0,336.0,-0.3252,40.4371
368.0,336.0,-2.7214,26.6729
384.0,336.0,-4.6362,5.9679
400.0,336.0,-1.3596,2.1662
416.0,336.0,2.2112,3.4723
432.0,336.0,-1.0906,2.5703
448.0,336.0,-0.6807,0.6735
464.0,336.0,-0.4843,1.7883
480.0,336.0,-1.2606,1.6369
496.0,336.0,-0.3218,2.2816
16.0,320.0,3.754,-1.4034
32.0,320.0,0.2413,-0.4763
48.0,320.0,-0.0544,-0.0072
64.0,320.0,0.1421,-0.2235
80.0,320.0,0.1395,0.2592
96.0,320.0,-2.9972,-0.672
112.0,320.0,1.0588,2.6751
128.0,320.0,-0.2359,9.0086
144.0,320.0,-2.446,17.5158
160.0,320.0,-4.1485,24.0229
176.0,320.0,1.7849,27.5127
192.0,320.0,0.8894,34.8606
208.0,320.0,0.9857,37.2993
224.0,320.0,-1.6554,39.6832
240.0,320.0,-2.0845,47.9227
256.0,320.0,-1.8641,52.2968
272.0,320.0,5.0028,54.0251
288.0,320.0,5.7144,51.4118
304.0,320.0,2.1267,47.0287
320.0,320.0,-1.5997,46.7257
336.0,320.0,-2.4164,42.6123
352.0,320.0,-0.8389,34.4181
368.0,320.0,-5.1764,23.4388
384.0,320.0,-5.0674,6.7362
400.0,320.0,-0.2785,1.1927
416.0,320.0,1.8902,0.9491
432.0,320.0,-2.0449,1.8423
448.0,320.0,0.7879,1.2959
464.0,320.0,-0.3031,-2.886
480.0,320.0,-5.1554,-4.1975
496.0,320.0,-0.6963,-0.2526
16.0,304.0,0.8705,-0.4978
32.0,304.0,0.321,-0.3311
48.0,304.0,-0.201,-0.7107
64.0,304.0,0.1785,-0.0164
80.0,304.0,0.268,0.4889
96.0,304.0,-1.2096,-0.9911
112.0,304.0,0.7536,-0.1717
128.0,304.0,0.7002,9.7963
144.0,304.0,0.2375,14.1811
160.0,304.0,-1.8715,14.4285
176.0,304.0,-0.0572,16.4993
192.0,304.0,1.0866,24.7473
208.0,304.0,0.0652,31.7297
224.0,304.0,-0.6468,37.2877
240.0,304.0,0.4028,41.7116
256.0,304.0,-0.7553,54.6177
272.0,304.0,-0.8497,57.8337
288.0,304.0,-2.5225,54.958
304.0,304.0,-5.374,50.7326
320.0,304.0,-7.325,45.1622
336.0,304.0,-7.6462,41.1181
352.0,304.0,-4.851,34.3262
368.0,304.0,-2.947,25.7078
384.0,304.0,-4.0846,5.3555
400.0,304.0,-1.9018,3.4737
416.0,304.0,-0.6477,3.9366
432.0,304.0,-0.0134,-3.5133
448.0,304.0,-0.1801,2.3156
464.0,304.0,1.3107,0.4732
480.0,304.0,0.1469,-2.1427
496.0,304.0,-0.7655,0.1962
16.0,288.0,1.4908,-0.2176
32.0,288.0,0.0538,-0.0254
48.0,288.0,0.7631,-0.5417
64.0,288.0,0.3614,-1.1829
80.0,288.0,0.5167,0.5835
96.0,288.0,0.5861,1.8112
112.0,288.0,-0.6556,2.8622
128.0,288.0,0.0078,8.5075
144.0,288.0,1.2835,10.3384
160.0,288.0,-0.255,8.5676
176.0,288.0,0.4766,11.6571
192.0,288.0,1.9173,15.9935
208.0,288.0,2.8511,18.008
224.0,288.0,2.0561,34.4187
240.0,288.0,-0.3233,43.066
256.0,288.0,-0.3973,52.4387
272.0,288.0,1.0145,56.9185
288.0,288.0,1.4345,55.3707
304.0,288.0,-0.2525,53.3548
320.0,288.0,-4.665,46.9534
336.0,288.0,-7.4238,42.2373
352.0,288.0,-4.7497,36.7056
368.0,288.0,-5.014,22.192
384.0,288.0,-6.028,11.3823
400.0,288.0,-1.6436,4.2677
416.0,288.0,-0.8066,5.6238
432.0,288.0,0.8959,8.7893
448.0,288.0,0.5934,6.5029
464.0,288.0,-1.671,1.967
480.0,288.0,0.6527,-0.8146
496.0,288.0,-0.5386,0.2468
16.0,272.0,2.1097,-4.7531
32.0,272.0,-0.2523,-0.5505
48.0,272.0,1.1595,1.3403
64.0,272.0,1.3641,-0.1451
80.0,272.0,1.0819,0.3103
96.0,272.0,1.2938,1.418
112.0,272.0,1.6138,3.0565
128.0,272.0,0.1495,2.734
144.0,272.0,3.3934,3.9112
160.0,272.0,2.2331,8.1612
176.0,272.0,2.7721,11.7813
192.0,272.0,2.5465,11.076
208.0,272.0,8.5463,15.5249
224.0,272.0,1.8019,41.2668
240.0,272.0,3.266,49.0492
256.0,272.0,5.5296,53.0586
272.0,272.0,6.8466,54.6265
288.0,272.0,3.3867,53.9532
304.0,272.0,-0.485,50.2041
320.0,272.0,3.0602,48.3028
336.0,272.0,6.0753,44.7668
352.0,272.0,3.182,35.8656
368.0,272.0,-0.4721,15.7673
384.0,272.0,-3.491,6.6677
400.0,272.0,-0.8907,8.5451
416.0,272.0,0.4578,9.4755
432.0,272.0,1.2287,7.4749
448.0,272.0,1.8711,6.9399
464.0,272.0,-0.0793,3.2602
480.0,272.0,-2.1315,0.4574
496.0,272.0,-0.1859,0.9357
16.0,256.0,-0.0265,-0.4961
32.0,256.0,-0.6889,-0.0216
48.0,256.0,-0.0563,0.09
64.0,256.0,0.7402,0.1442
80.0,256.0,1.1026,0.1247
96.0,256.0,2.8904,1.5816
112.0,256.0,2.0784,2.5221
128.0,256.0,2.7241,0.8163
144.0,256.0,3.5275,4.2847
160.0,256.0,1.5274,7.5222
176.0,256.0,1.4624,11.1856
192.0,256.0,2.7615,13.0266
208.0,256.0,2.7718,29.8151
224.0,256.0,1.6237,46.8203
240.0,256.0,5.9025,50.1207
256.0,256.0,5.7903,54.9461
272.0,256.0,5.6677,56.3015
288.0,256.0,3.3684,52.314
304.0,256.0,0.6237,47.7356
320.0,256.0,5.0186,48.4907
336.0,256.0,8.1085,47.6067
352.0,256.0,5.9231,31.0514
368.0,256.0,-2.478,13.6087
384.0,256.0,-2.8116,10.9446
400.0,256.0,-0.8015,10.6428
416.0,256.0,1.3836,8.2083
432.0,256.0,0.5859,5.9553
448.0,256.0,0.8318,5.5906
464.0,256.0,1.8291,2.6854
480.0,256.0,-0.2088,2.3721
496.0,256.0,-0.2828,1.4087
16.0,240.0,2.1774,1.7099
32.0,240.0,-0.9987,0.4671
48.0,240.0,-0.0881,-2.4412
64.0,240.0,0.342,-0.9102
80.0,240.0,2.5824,-1.3245
96.0,240.0,5.8132,-0.4578
112.0,240.0,3.7687,0.3292
128.0,240.0,3.293,3.5746
144.0,240.0,2.5442,6.134
160.0,240.0,-1.3016,7.995
176.0,240.0,3.1284,5.645
192.0,240.0,2.4353,22.9297
208.0,240.0,0.6813,45.9444
224.0,240.0,2.1568,47.4262
240.0,240.0,6.0141,48.7995
256.0,240.0,3.5353,53.4634
272.0,240.0,2.7985,56.4924
288.0,240.0,3.3079,54.0003
304.0,240.0,3.4994,51.1232
320.0,240.0,7.2325,47.9021
336.0,240.0,11.285,44.5036
352.0,240.0,7.6534,27.4162
368.0,240.0,-3.7655,21.6999
384.0,240.0,-0.4797,22.7905
400.0,240.0,1.3304,19.2884
416.0,240.0,5.4506,13.6372
432.0,240.0,5.011,8.0322
448.0,240.0,-2.0554,0.6941
464.0,240.0,-0.1896,-1.8255
480.0,240.0,-0.3402,2.9287
496.0,240.0,-0.3355,1.8925
16.0,224.0,7.4713,1.8745
32.0,224.0,-0.4644,0.0387
48.0,224.0,0.3008,-0.1982
64.0,224.0,0.4841,-0.0206
80.0,224.0,2.4147,-2.1894
96.0,224.0,1.83,0.6378
112.0,224.0,3.3451,0.8276
128.0,224.0,2.4569,4.026
144.0,224.0,2.318,6.6422
160.0,224.0,-0.709,8.8621
176.0,224.0,5.4714,8.0414
192.0,224.0,1.4751,24.4944
208.0,224.0,0.178,44.1059
224.0,224.0,1.5884,48.1123
240.0,224.0,5.7346,47.0688
256.0,224.0,4.6944,50.0076
272.0,224.0,2.3401,54.1746
288.0,224.0,3.3232,55.4621
304.0,224.0,5.3093,52.2379
320.0,224.0,10.2102,45.4138
336.0,224.0,13.1102,35.2676
352.0,224.0,9.4643,33.1926
368.0,224.0,2.9158,35.2882
384.0,224.0,5.319,34.3552
400.0,224.0,5.7062,32.2905
416.0,224.0,6.51,25.2222
432.0,224.0,5.142,15.9967
448.0,224.0,-1.1745,6.5832
464.0,224.0,-0.3454,3.0741
480.0,224.0,-0.0221,0.8511
496.0,224.0,-0.3941,1.6943
16.0,208.0,4.9631,-0.2987
32.0,208.0,-0.2535,-0.4475
48.0,208.0,0.0252,0.1127
64.0,208.0,0.3521,-0.0528
80.0,208.0,-0.515,-4.4464
96.0,208.0,0.1774,-0.2098
112.0,208.0,5.2797,4.0527
128.0,208.0,1.0798,4.274
144.0,208.0,0.6802,4.2389
160.0,208.0,0.1461,4.9345
176.0,208.0,3.5069,9.8314
192.0,208.0,5.0999,15.0843
208.0,208.0,5.2427,38.5481
224.0,208.0,3.7363,45.1071
240.0,208.0,4.3398,43.5085
256.0,208.0,9.0481,47.3196
272.0,208.0,5.1508,55.3427
288.0,208.0,4.059,53.0478
304.0,208.0,3.6158,48.7274
320.0,208.0,8.0858,43.5701
336.0,208.0,9.6785,33.7997
352.0,208.0,9.8503,35.1797
368.0,208.0,2.5476,38.6473
384.0,208.0,1.9382,33.2233
400.0,208.0,4.2868,36.179
416.0,208.0,3.8836,34.0883
432.0,208.0,-0.8734,19.948
448.0,208.0,-1.2434,10.3786
464.0,208.0,-2.6379,3.4464
480.0,208.0,0.8123,3.7401
496.0,208.0,-0.5219,1.4666
16.0,192.0,0.6699,-1.1644
32.0,192.0,0.0031,-0.3548
48.0,192.0,0.0105,0.2115
64.0,192.0,-0.025,-0.2016
80.0,192.0,0.5152,-0.8663
96.0,192.0,0.3366,-1.1528
112.0,192.0,1.59,1.899
128.0,192.0,1.0945,2.9835
144.0,192.0,1.5681,4.7779
160.0,192.0,1.7838,8.5306
176.0,192.0,1.5354,8.3082
192.0,192.0,2.7565,22.3664
208.0,192.0,9.5438,37.6713
224.0,192.0,4.5681,42.8661
240.0,192.0,4.5393,42.7818
256.0,192.0,6.9773,50.6975
272.0,192.0,7.5825,58.6042
288.0,192.0,7.7065,53.5269
304.0,192.0,1.2997,46.2471
320.0,192.0,2.1601,43.7399
336.0,192.0,3.2795,36.7376
352.0,192.0,7.5241,33.1917
368.0,192.0,1.9611,34.7767
384.0,192.0,0.4757,27.6678
400.0,192.0,-3.6695,23.2971
416.0,192.0,1.8728,25.5091
432.0,192.0,0.1328,16.1722
448.0,192.0,-2.8093,7.6069
464.0,192.0,-4.0972,2.6829
480.0,192.0,0.9109,-0.0656
496.0,192.0,-0.0889,-0.9378
16.0,176.0,-1.7149,-0.5775
32.0,176.0,0.1772,-0.1585
48.0,176.0,0.0408,0.9306
64.0,176.0,-0.0759,0.3435
80.0,176.0,0.4457,0.6556
96.0,176.0,0.429,0.4219
112.0,176.0,0.6629,1.1134
128.0,176.0,0.2563,-0.0031
144.0,176.0,1.2668,4.328
160.0,176.0,1.6725,7.7287
176.0,176.0,2.4588,12.9915
192.0,176.0,2.7878,20.1855
208.0,176.0,2.5685,28.2311
224.0,176.0,6.7768,40.7841
240.0,176.0,3.3472,44.2522
256.0,176.0,5.7697,53.62
272.0,176.0,13.3984,57.9781
288.0,176.0,14.1005,47.942
304.0,176.0,2.1215,41.9291
320.0,176.0,-2.8429,42.1194
336.0,176.0,-1.808,32.8232
352.0,176.0,-0.5379,25.8753
368.0,176.0,-4.2166,24.4442
384.0,176.0,-0.2531,21.6551
400.0,176.0,0.5161,15.0763
416.0,176.0,3.5482,16.4831
432.0,176.0,1.0357,13.7955
448.0,176.0,-3.9789,6.8087
464.0,176.0,-2.9427,3.2574
480.0,176.0,2.3424,0.7019
496.0,176.0,0.0202,-0.9092
16.0,160.0,-1.1141,-0.8572
32.0,160.0,0.1751,-0.1041
48.0,160.0,-0.588,0.2218
64.0,160.0,-0.0217,-0.0027
80.0,160.0,-0.0355,-1.4542
96.0,160.0,0.2544,0.4538
112.0,160.0,-1.8854,-1.1112
128.0,160.0,-0.041,0.0027
144.0,160.0,0.8876,3.9962
160.0,160.0,0.8806,2.4302
176.0,160.0,1.8961,5.8462
192.0,160.0,2.2656,18.4611
208.0,160.0,0.3723,18.7641
224.0,160.0,1.3083,36.902
240.0,160.0,-2.9783,46.1746
256.0,160.0,1.4229,57.7
272.0,160.0,5.4949,56.3084
288.0,160.0,5.5584,42.1135
304.0,160.0,2.4897,38.2784
320.0,160.0,-4.9791,37.3625
336.0,160.0,-3.896,37.3131
352.0,160.0,-4.0905,35.6722
368.0,160.0,-0.9209,33.7616
384.0,160.0,-0.375,30.4346
400.0,160.0,4.2805,10.458
416.0,160.0,4.2105,7.5796
432.0,160.0,1.4357,6.1882
448.0,160.0,-1.6972,3.611
464.0,160.0,-1.2133,1.8372
480.0,160.0,2.5034,0.3782
496.0,160.0,-0.285,1.5165
16.0,144.0,-0.7645,-0.1299
32.0,144.0,-0.3304,0.0587
48.0,144.0,-0.8247,-1.6979
64.0,144.0,-0.0624,-0.1986
80.0,144.0,0.1823,-0.8608
96.0,144.0,-0.2855,0.4208
112.0,144.0,-2.2516,-0.9674
128.0,144.0,0.9073,1.3819
144.0,144.0,3.9728,3.9783
160.0,144.0,0.5098,5.9347
176.0,144.0,2.2108,6.8239
192.0,144.0,0.6275,13.8998
208.0,144.0,5.2271,16.9748
224.0,144.0,0.2105,35.4553
240.0,144.0,-9.7374,53.9562
256.0,144.0,-7.1447,65.0507
272.0,144.0,-6.6475,53.7138
288.0,144.0,-6.694,38.9652
304.0,144.0,-1.3002,36.3272
320.0,144.0,-2.6625,35.8532
336.0,144.0,-0.6056,37.1801
352.0,144.0,-1.3269,38.1304
368.0,144.0,-3.0363,39.0377
384.0,144.0,-2.1139,28.2417
400.0,144.0,0.8127,10.2596
416.0,144.0,2.8904,5.8439
432.0,144.0,2.659,3.5742
448.0,144.0,0.6233,3.0228
464.0,144.0,0.7738,2.3134
480.0,144.0,-2.2581,4.3056
496.0,144.0,-0.1834,1.6655
16.0,128.0,2.1339,-1.7496
32.0,128.0,-0.4679,-0.4213
48.0,128.0,-1.3218,-1.0242
64.0,128.0,0.9382,-0.8173
80.0,128.0,0.1801,-2.3544
96.0,128.0,-0.9432,-0.5451
112.0,128.0,0.331,0.9143
128.0,128.0,2.4683,-3.3443
144.0,128.0,-1.9176,3.9839
160.0,128.0,0.4411,7.7415
176.0,128.0,-0.1089,9.7483
192.0,128.0,-0.0593,15.4116
208.0,128.0,3.783,11.6648
224.0,128.0,0.6214,25.8333
240.0,128.0,-5.6456,53.8227
256.0,128.0,-7.2012,69.0119
272.0,128.0,-7.6759,56.0705
288.0,128.0,-8.5655,42.5037
304.0,128.0,-4.4735,33.5911
320.0,128.0,-3.6983,35.2829
336.0,128.0,-2.1688,36.4893
352.0,128.0,-2.0704,39.2187
368.0,128.0,-7.2809,43.2903
384.0,128.0,-3.5713,32.9998
400.0,128.0,-3.0449,9.5827
416.0,128.0,0.219,4.8607
432.0,128.0,-1.1618,3.3211
448.0,128.0,0.0484,1.8568
464.0,128.0,0.5964,2.5469
480.0,128.0,-0.2443,1.948
496.0,128.0,-0.1094,1.5186
16.0,112.0,5.975,0.3805
32.0,112.0,-0.296,-0.3181
48.0,112.0,-0.1823,-1.2344
64.0,112.0,0.6716,-0.555
80.0,112.0,-0.4208,-0.5985
96.0,112.0,-0.6445,-0.7805
112.0,112.0,2.0781,3.4027
128.0,112.0,-1.125,6.9624
144.0,112.0,2.8023,5.8733
160.0,112.0,-0.0189,8.0373
176.0,112.0,-6.1457,17.325
192.0,112.0,1.174,14.934
208.0,112.0,3.2564,11.2787
224.0,112.0,5.5201,26.1297
240.0,112.0,-0.7816,46.0361
256.0,112.0,-8.2289,61.8357
272.0,112.0,-15.6332,64.4142
288.0,112.0,-12.3457,43.3533
304.0,112.0,-6.5508,34.5137
320.0,112.0,-7.321,33.7248
336.0,112.0,-4.4109,37.406
352.0,112.0,-5.4335,41.8112
368.0,112.0,-5.4523,44.2759
384.0,112.0,-5.163,36.3432
400.0,112.0,-2.4054,5.9767
416.0,112.0,-1.2161,1.6317
432.0,112.0,-4.5778,2.9303
448.0,112.0,0.024,4.2606
464.0,112.0,-0.1904,2.2258
480.0,112.0,0.0063,1.7789
496.0,112.0,-1.5673,-0.0769
16.0,96.0,0.7042,2.17
32.0,96.0,-0.7292,0.0854
48.0,96.0,0.7013,-1.2241
64.0,96.0,-0.2033,-0.8104
80.0,96.0,-1.1881,-0.2804
96.0,96.0,4.2814,-7.2603
112.0,96.0,0.0034,0.7011
128.0,96.0,-2.1605,5.8491
144.0,96.0,2.8254,4.513
160.0,96.0,-1.4371,8.3431
176.0,96.0,-2.0296,13.7049
192.0,96.0,2.2024,11.7201
208.0,96.0,2.4761,13.7772
224.0,96.0,6.3362,33.288
240.0,96.0,-1.6338,44.3979
256.0,96.0,-19.9577,53.5309
272.0,96.0,-33.8043,55.6789
288.0,96.0,-21.0867,46.8355
304.0,96.0,-16.1814,36.1303
320.0,96.0,-6.8552,41.0093
336.0,96.0,-2.4523,42.697
352.0,96.0,-2.0315,40.7825
368.0,96.0,-3.0962,38.8433
384.0,96.0,-1.9331,30.7663
400.0,96.0,-2.265,8.449
416.0,96.0,-2.2213,4.4994
432.0,96.0,-0.9015,5.0439
448.0,96.0,-2.2423,3.4288
464.0,96.0,0.2823,1.4671
480.0,96.0,2.0082,-0.7534
496.0,96.0,-1.7605,0.1335
16.0,80.0,0.0494,0.22
32.0,80.0,0.0956,0.1492
48.0,80.0,-1.0046,-2.1105
64.0,80.0,0.6371,-1.8213
80.0,80.0,0.1222,0.141
96.0,80.0,2.927,-0.7469
112.0,80.0,-1.0078,-0.3763
128.0,80.0,-1.0483,1.1106
144.0,80.0,0.8932,1.8803
160.0,80.0,-2.8456,8.7711
176.0,80.0,-1.4446,12.7831
192.0,80.0,-1.1675,13.5695
208.0,80.0,-5.7318,20.3487
224.0,80.0,0.3988,38.5271
240.0,80.0,-6.7616,45.5727
256.0,80.0,-35.4734,51.161
272.0,80.0,-26.8631,53.5538
288.0,80.0,-15.2105,50.4341
304.0,80.0,-13.7943,45.2732
320.0,80.0,-2.364,47.4344
336.0,80.0,0.6477,48.1077
352.0,80.0,0.5348,41.8711
368.0,80.0,0.928,35.1115
384.0,80.0,0.8722,22.9145
400.0,80.0,-0.4616,18.15
416.0,80.0,-2.7542,-1.1429
432.0,80.0,-0.9036,5.2866
448.0,80.0,0.7238,3.791
464.0,80.0,0.3313,1.5253
480.0,80.0,4.0644,-0.2258
496.0,80.0,-0.8001,-1.1314
16.0,64.0,-0.5606,0.5502
32.0,64.0,-0.4311,2.5213
48.0,64.0,-1.0988,0.8282
64.0,64.0,0.2848,-0.701
80.0,64.0,0.4318,-1.0767
96.0,64.0,-0.6741,1.6901
112.0,64.0,-1.643,1.9218
128.0,64.0,-2.3067,0.033
144.0,64.0,-6.5863,4.3533
160.0,64.0,-6.8094,8.7572
176.0,64.0,-4.9459,11.3518
192.0,64.0,-6.5771,15.1684
208.0,64.0,-6.3221,26.1587
224.0,64.0,-13.0205,41.942
240.0,64.0,-21.8176,41.6664
256.0,64.0,-27.0111,50.9975
272.0,64.0,-18.2003,51.2964
288.0,64.0,-10.9419,51.2835
304.0,64.0,-5.9906,48.6527
320.0,64.0,0.2438,56.4022
336.0,64.0,5.2662,58.9922
352.0,64.0,12.9416,54.5677
368.0,64.0,2.7668,35.5292
384.0,64.0,1.9328,26.2716
400.0,64.0,0.9838,16.304
416.0,64.0,-0.2147,10.3799
432.0,64.0,-0.4985,5.3345
448.0,64.0,-0.3284,2.8605
464.0,64.0,-0.3557,1.9022
480.0,64.0,-0.267,1.096
496.0,64.0,-2.0639,8.4867
16.0,48.0,-0.8289,0.0966
32.0,48.0,-1.4416,0.8949
48.0,48.0,-0.211,0.2924
64.0,48.0,-0.2192,3.5715
80.0,48.0,0.5901,4.9398
96.0,48.0,-0.5602,2.7281
112.0,48.0,-0.6163,2.8845
128.0,48.0,-1.2821,2.2814
144.0,48.0,-1.9631,4.6971
160.0,48.0,-9.3153,3.6472
176.0,48.0,-6.3698,10.8534
192.0,48.0,-6.901,16.696
208.0,48.0,1.0727,25.8207
224.0,48.0,-13.5441,36.0342
240.0,48.0,-28.3377,42.9592
256.0,48.0,-20.2967,48.8245
272.0,48.0,-13.571,54.3646
288.0,48.0,-7.5956,56.2
304.0,48.0,-1.4036,54.9494
320.0,48.0,3.7285,55.7491
336.0,48.0,7.3397,55.6997
352.0,48.0,8.5211,50.2869
368.0,48.0,11.3489,44.8236
384.0,48.0,2.8114,25.3234
400.0,48.0,1.4088,16.5345
416.0,48.0,0.0967,9.4213
432.0,48.0,-0.621,5.1996
448.0,48.0,-4.2345,-2.7592
464.0,48.0,-0.0431,0.0612
480.0,48.0,0.0,0.0505
496.0,48.0,-0.971,0.8352
16.0,32.0,-0.9645,0.2659
32.0,32.0,-1.8244,1.0561
48.0,32.0,-0.8644,2.4588
64.0,32.0,-0.3706,3.7642
80.0,32.0,1.5341,3.8416
96.0,32.0,-1.0153,3.6371
112.0,32.0,2.5463,0.3469
128.0,32.0,-1.5485,2.3198
144.0,32.0,-2.1812,4.663
160.0,32.0,-2.5299,3.8445
176.0,32.0,-3.821,12.6774
192.0,32.0,2.7279,25.7956
208.0,32.0,3.7676,29.4401
224.0,32.0,-5.171,36.3718
240.0,32.0,-13.6944,41.3424
256.0,32.0,-11.9684,46.2658
272.0,32.0,-3.2808,50.6029
288.0,32.0,-5.8104,58.9937
304.0,32.0,-3.9003,64.7396
320.0,32.0,0.2077,60.1185
336.0,32.0,5.1998,58.2098
352.0,32.0,6.0387,50.7269
368.0,32.0,6.422,38.8943
384.0,32.0,3.5583,25.8085
400.0,32.0,1.8867,2.6438
416.0,32.0,0.2471,9.3306
432.0,32.0,-0.623,5.1229
448.0,32.0,0.3191,1.3088
464.0,32.0,-0.0668,-0.0
480.0,32.0,0.0,-0.0
496.0,32.0,0.0656,-0.0
16.0,16.0,-1.0537,-0.0787
32.0,16.0,-0.93,0.2826
48.0,16.0,-1.3638,-5.9742
64.0,16.0,-1.0864,-3.2358
80.0,16.0,0.5566,-2.7359
96.0,16.0,0.528,-4.5399
112.0,16.0,0.555,-4.6959
128.0,16.0,-2.0138,-2.1656
144.0,16.0,4.9459,3.3707
160.0,16.0,1.4996,6.6217
176.0,16.0,0.761,15.4964
192.0,16.0,0.1072,28.4132
208.0,16.0,-1.3968,31.0736
224.0,16.0,-6.2145,38.1702
240.0,16.0,-4.9335,41.3345
256.0,16.0,-3.828,38.2706
272.0,16.0,-0.6208,39.2448
288.0,16.0,-5.0901,46.237
304.0,16.0,-6.4459,56.7919
320.0,16.0,0.9842,62.055
336.0,16.0,4.29,59.8682
352.0,16.0,3.5763,47.1748
368.0,16.0,4.0907,31.7602
384.0,16.0,2.2446,8.6645
400.0,16.0,0.3031,3.7476
416.0,16.0,0.2046,8.3777
432.0,16.0,-0.803,4.3953
448.0,16.0,-3.7245,3.19
464.0,16.0,-6.3904,-0.0429
480.0,16.0,-6.3482,-0.0429
496.0,16.0,-1.7193,0.1052
