16.0,496.0,-0.1609,2.966
32.0,496.0,0.9315,5.0926
48.0,496.0,0.9944,3.7168
64.0,496.0,2.8778,6.9038
80.0,496.0,2.8683,5.4264
96.0,496.0,2.8118,6.7501
112.0,496.0,4.7791,6.197
128.0,496.0,3.838,3.4603
144.0,496.0,3.7724,2.8765
160.0,496.0,7.2611,4.6789
176.0,496.0,10.9917,20.0531
192.0,496.0,8.0702,21.2698
208.0,496.0,8.0477,27.775
224.0,496.0,3.6783,35.9828
240.0,496.0,-0.4599,50.3513
256.0,496.0,-1.4694,52.1597
272.0,496.0,-0.9382,39.9379
288.0,496.0,-0.371,39.4352
304.0,496.0,-0.2836,32.7259
320.0,496.0,-0.2327,38.3545
336.0,496.0,0.1886,42.2668
352.0,496.0,0.4179,43.0792
368.0,496.0,5.0032,39.3415
384.0,496.0,7.6788,29.0678
400.0,496.0,2.203,19.7556
416.0,496.0,3.8143,21.3291
432.0,496.0,3.6945,8.98
448.0,496.0,1.1332,1.6094
464.0,496.0,3.5828,2.5948
480.0,496.0,-0.6294,-0.1162
496.0,496.0,0.2453,-1.7519
16.0,480.0,-0.006,2.9696
32.0,480.0,-0.9392,2.9169
48.0,480.0,-0.7977,4.6261
64.0,480.0,2.1217,5.2393
80.0,480.0,4.7417,4.681
96.0,480.0,3.4498,3.3577
112.0,480.0,3.5873,5.1815
128.0,480.0,3.7542,6.263
144.0,480.0,6.0802,4.4397
160.0,480.0,7.3469,12.5694
176.0,480.0,7.077,22.2466
192.0,480.0,4.2812,24.3048
208.0,480.0,8.8552,23.9836
224.0,480.0,2.4019,36.3667
240.0,480.0,2.6073,42.148
256.0,480.0,-1.519,48.58
272.0,480.0,-3.3354,44.3522
288.0,480.0,-2.305,31.0862
304.0,480.0,-2.602,27.0834
320.0,480.0,-1.8064,35.8173
336.0,480.0,0.2268,41.6548
352.0,480.0,2.8692,40.8529
368.0,480.0,3.7613,38.3905
384.0,480.0,2.3617,28.6963
400.0,480.0,2.6649,26.1127
416.0,480.0,-4.6827,23.4613
432.0,480.0,-2.9696,4.5174
448.0,480.0,-2.1509,0.8343
464.0,480.0,2.0216,0.8818
480.0,480.0,-1.9252,0.9453
496.0,480.0,-1.5085,0.416
16.0,464.0,-3.0405,3.0634
32.0,464.0,1.1961,0.667
48.0,464.0,0.3738,0.676
64.0,464.0,0.7767,3.0924
80.0,464.0,2.9785,3.7142
96.0,464.0,0.0683,3.3573
112.0,464.0,2.1984,3.3352
128.0,464.0,3.7292,2.6686
144.0,464.0,4.0003,8.4148
160.0,464.0,6.0163,14.6078
176.0,464.0,3.7956,23.0299
192.0,464.0,2.0317,22.4693
208.0,464.0,6.8933,26.2373
224.0,464.0,5.0282,37.8475
240.0,464.0,6.1434,42.977
256.0,464.0,0.5848,47.2897
272.0,464.0,-3.8567,42.6214
288.0,464.0,-3.8294,31.1871
304.0,464.0,-2.4384,27.1339
320.0,464.0,-0.2239,29.5559
336.0,464.0,0.9235,38.2065
352.0,464.0,3.5877,39.871
368.0,464.0,3.594,36.4983
384.0,464.0,-0.5384,22.0406
400.0,464.0,-6.8344,21.5286
416.0,464.0,-11.3756,18.9041
432.0,464.0,-8.5352,7.032
448.0,464.0,-5.1006,4.0474
464.0,464.0,-1.0876,0.639
480.0,464.0,-2.2944,1.2883
496.0,464.0,-4.5403,-2.0
16.0,448.0,0.7761,1.0288
32.0,448.0,0.4681,3.0481
48.0,448.0,0.132,4.8643
64.0,448.0,2.2467,3.027
80.0,448.0,1.5251,2.4025
96.0,448.0,-0.5762,2.9312
112.0,448.0,3.216,2.8238
128.0,448.0,0.1823,5.9519
144.0,448.0,2.2583,9.5011
160.0,448.0,6.8916,15.0295
176.0,448.0,5.2999,21.1939
192.0,448.0,3.2331,27.0849
208.0,448.0,3.797,30.7766
224.0,448.0,7.8569,40.1962
240.0,448.0,9.1509,41.8747
256.0,448.0,2.3373,41.1245
272.0,448.0,-2.9173,35.5528
288.0,448.0,-6.6292,29.2776
304.0,448.0,-7.892,31.0736
320.0,448.0,-4.6312,29.1355
336.0,448.0,-0.4217,36.0308
352.0,448.0,2.0496,38.1071
368.0,448.0,4.4407,28.9974
384.0,448.0,-1.2394,16.0944
400.0,448.0,-4.7651,9.5013
416.0,448.0,-8.564,5.8252
432.0,448.0,-9.0925,4.7123
448.0,448.0,-6.6923,2.5248
464.0,448.0,-6.3564,0.4822
480.0,448.0,-3.0565,1.6436
496.0,448.0,-2.4425,1.0873
16.0,432.0,1.288,7.0311
32.0,432.0,0.6048,1.9716
48.0,432.0,0.8059,1.5053
64.0,432.0,1.1143,1.2737
80.0,432.0,0.7748,2.7779
96.0,432.0,1.0273,3.6474
112.0,432.0,1.3349,5.2473
128.0,432.0,-1.4435,6.7614
144.0,432.0,2.0855,8.2644
160.0,432.0,1.8253,15.0934
176.0,432.0,2.0887,19.6693
192.0,432.0,1.2759,28.9955
208.0,432.0,0.8642,33.8427
224.0,432.0,4.2608,43.0025
240.0,432.0,3.7283,39.3618
256.0,432.0,-0.2501,28.8654
272.0,432.0,0.8387,17.7982
288.0,432.0,-0.5093,20.019
304.0,432.0,-7.4644,28.6192
320.0,432.0,-7.6839,30.7154
336.0,432.0,-2.7004,34.5694
352.0,432.0,1.2785,38.2462
368.0,432.0,3.6152,27.3928
384.0,432.0,-3.092,13.5111
400.0,432.0,-0.6983,9.8761
416.0,432.0,-3.742,6.8367
432.0,432.0,-7.5497,4.2418
448.0,432.0,-7.3229,4.8721
464.0,432.0,-3.9448,2.7586
480.0,432.0,-3.3559,2.0152
496.0,432.0,-0.4591,0.997
16.0,416.0,4.2072,1.0242
32.0,416.0,-0.3292,-0.3796
48.0,416.0,0.4059,4.7943
64.0,416.0,-0.4734,1.0115
80.0,416.0,-0.6842,1.9188
96.0,416.0,1.0196,3.2535
112.0,416.0,1.2946,5.0645
128.0,416.0,-0.0626,8.2748
144.0,416.0,1.3641,10.8233
160.0,416.0,0.6294,13.7272
176.0,416.0,0.7665,23.4515
192.0,416.0,0.1534,29.9136
208.0,416.0,-5.8857,47.6353
224.0,416.0,-5.9574,43.8469
240.0,416.0,-5.9069,38.228
256.0,416.0,-7.0248,33.5169
272.0,416.0,2.8259,21.9908
288.0,416.0,-0.8154,16.9237
304.0,416.0,-7.6372,25.6414
320.0,416.0,-6.5098,32.3322
336.0,416.0,-2.5963,32.9292
352.0,416.0,-0.3759,32.3832
368.0,416.0,-0.2262,18.882
384.0,416.0,-3.6459,9.1743
400.0,416.0,-1.074,7.8175
416.0,416.0,-1.2932,5.0638
432.0,416.0,-5.8029,6.694
448.0,416.0,-3.2253,4.2843
464.0,416.0,-3.1339,3.1482
480.0,416.0,-2.8913,2.4561
496.0,416.0,-1.6586,-0.4461
16.0,400.0,3.6257,0.4608
32.0,400.0,-0.1993,0.2672
48.0,400.0,-1.0967,1.0527
64.0,400.0,-0.7853,-0.0471
80.0,400.0,-1.2184,1.2146
96.0,400.0,1.5724,1.959
112.0,400.0,1.3395,4.5505
128.0,400.0,4.5271,10.9741
144.0,400.0,0.8617,11.351
160.0,400.0,0.6567,22.1279
176.0,400.0,-5.3099,29.6301
192.0,400.0,-2.9907,30.8218
208.0,400.0,-5.0837,40.9002
224.0,400.0,-6.2393,43.7561
240.0,400.0,-7.3889,39.3251
256.0,400.0,-7.1672,37.4987
272.0,400.0,-3.3562,30.0037
288.0,400.0,-1.5734,21.936
304.0,400.0,-1.8702,23.1764
320.0,400.0,-1.4833,22.233
336.0,400.0,-5.3873,22.8598
352.0,400.0,-2.47,26.3729
368.0,400.0,0.9613,15.0475
384.0,400.0,-1.5797,7.983
400.0,400.0,-0.3822,7.3603
416.0,400.0,0.1324,6.1411
432.0,400.0,-0.5213,5.9807
448.0,400.0,-2.2365,4.6951
464.0,400.0,-2.3539,3.5368
480.0,400.0,-1.9965,2.7664
496.0,400.0,-2.9633,-0.4879
16.0,384.0,4.4491,-0.6979
32.0,384.0,-0.0307,0.2295
48.0,384.0,-0.8499,1.5478
64.0,384.0,0.1839,-0.2295
80.0,384.0,-1.2232,-0.4862
96.0,384.0,1.2091,0.5529
112.0,384.0,5.4306,0.9047
128.0,384.0,3.9595,5.5765
144.0,384.0,2.5908,10.3708
160.0,384.0,2.9394,12.3585
176.0,384.0,-1.5028,18.494
192.0,384.0,1.5053,32.4924
208.0,384.0,-1.1518,42.7383
224.0,384.0,-6.0875,41.062
240.0,384.0,-9.5463,36.2074
256.0,384.0,-8.5238,33.8882
272.0,384.0,-4.3791,33.4044
288.0,384.0,-2.1564,30.6065
304.0,384.0,-1.0006,28.1084
320.0,384.0,-0.2956,22.6793
336.0,384.0,-4.7441,19.3037
352.0,384.0,-1.1972,28.1599
368.0,384.0,0.3187,18.6214
384.0,384.0,-0.4032,6.4264
400.0,384.0,-1.4202,7.8291
416.0,384.0,2.3277,7.3271
432.0,384.0,2.4443,7.9546
448.0,384.0,0.5751,7.2437
464.0,384.0,-1.4664,2.4994
480.0,384.0,-1.5097,1.4078
496.0,384.0,-1.3306,1.6407
16.0,368.0,5.9637,-2.7567
32.0,368.0,-0.09,-0.3296
48.0,368.0,-0.2098,-0.3845
64.0,368.0,1.2613,-0.4131
80.0,368.0,0.3996,-4.4504
96.0,368.0,0.0734,2.3294
112.0,368.0,1.5446,3.3083
128.0,368.0,2.2755,4.3211
144.0,368.0,3.4346,5.2534
160.0,368.0,5.2286,9.4677
176.0,368.0,1.7651,22.3145
192.0,368.0,-0.6516,36.1616
208.0,368.0,-3.4069,38.6627
224.0,368.0,-7.5727,31.4524
240.0,368.0,-6.8954,27.7206
256.0,368.0,-5.25,32.5623
272.0,368.0,-3.3194,35.7706
288.0,368.0,-1.1133,31.8161
304.0,368.0,-1.9333,27.3912
320.0,368.0,-0.4305,24.1911
336.0,368.0,-0.7895,28.0529
352.0,368.0,0.1705,33.8255
368.0,368.0,-1.1568,24.2039
384.0,368.0,0.1249,5.2063
400.0,368.0,0.0563,5.7158
416.0,368.0,-2.1589,6.9555
432.0,368.0,-7.4886,8.2201
448.0,368.0,0.9373,7.8402
464.0,368.0,0.812,1.9978
480.0,368.0,-1.1442,0.444
496.0,368.0,-1.2569,1.6619
16.0,352.0,3.4561,-1.3979
32.0,352.0,-0.0147,-0.3828
48.0,352.0,-0.3347,2.1311
64.0,352.0,0.4194,-0.0715
80.0,352.0,1.1412,-1.9886
96.0,352.0,0.1957,1.873
112.0,352.0,4.237,3.1773
128.0,352.0,1.1475,1.7155
144.0,352.0,1.0691,4.5307
160.0,352.0,2.5215,10.1124
176.0,352.0,3.212,23.5182
192.0,352.0,-2.6701,35.5555
208.0,352.0,-6.386,33.8377
224.0,352.0,-8.8749,26.2428
240.0,352.0,-6.8853,26.4936
256.0,352.0,-4.0188,35.8925
272.0,352.0,-1.6171,33.7967
288.0,352.0,1.5024,23.152
304.0,352.0,2.9348,21.5433
320.0,352.0,0.3979,19.453
336.0,352.0,1.8097,29.1159
352.0,352.0,0.4341,35.1822
368.0,352.0,-0.7185,19.3626
384.0,352.0,0.8364,9.4698
400.0,352.0,-1.9178,5.7533
416.0,352.0,-2.5574,5.1298
432.0,352.0,-7.839,4.3978
448.0,352.0,0.8801,3.7245
464.0,352.0,0.1833,1.2508
480.0,352.0,-3.7628,0.4091
496.0,352.0,198.0522,704.1916
16.0,336.0,5.846,-6.621
32.0,336.0,-0.4505,-0.1923
48.0,336.0,-1.4217,2.0864
64.0,336.0,-0.5484,0.0305
80.0,336.0,-0.0254,1.708
96.0,336.0,0.5354,0.5924
112.0,336.0,0.8751,2.6056
128.0,336.0,0.9727,2.6648
144.0,336.0,1.1635,7.8287
160.0,336.0,0.47,8.6035
176.0,336.0,-1.9367,22.2794
192.0,336.0,-5.1748,30.3932
208.0,336.0,-5.336,26.0561
224.0,336.0,-9.0294,26.7374
240.0,336.0,-8.5245,33.0523
256.0,336.0,-5.814,40.3778
272.0,336.0,-6.1621,33.2884
288.0,336.0,-5.2069,22.2042
304.0,336.0,-1.3388,22.7894
320.0,336.0,0.2964,17.3935
336.0,336.0,-1.9281,19.2081
352.0,336.0,-0.7002,22.9073
368.0,336.0,-0.0221,18.926
384.0,336.0,-0.0154,14.8844
400.0,336.0,-5.6398,8.0006
416.0,336.0,-1.0014,8.0229
432.0,336.0,-1.9676,5.825
448.0,336.0,1.6457,4.3818
464.0,336.0,-1.4368,5.6376
480.0,336.0,-14.0602,19.0565
496.0,336.0,-18.7693,24.1363
16.0,320.0,3.0046,-1.3628
32.0,320.0,-0.8001,-0.4145
48.0,320.0,-2.1128,-0.4953
64.0,320.0,-0.4932,-0.4887
80.0,320.0,-1.2224,-0.1062
96.0,320.0,-0.3098,-0.2893
112.0,320.0,0.5888,2.4841
128.0,320.0,0.3071,4.8437
144.0,320.0,2.9949,6.9685
160.0,320.0,-2.1906,11.1805
176.0,320.0,-3.212,32.4055
192.0,320.0,-5.9465,31.2803
208.0,320.0,-4.454,27.7679
224.0,320.0,-3.8675,33.6481
240.0,320.0,-2.874,37.0863
256.0,320.0,-4.9889,39.5931
272.0,320.0,-6.687,32.8848
288.0,320.0,-2.6863,28.1702
304.0,320.0,-0.6287,25.8766
320.0,320.0,1.5133,15.5136
336.0,320.0,0.565,19.0975
352.0,320.0,-1.7471,20.1044
368.0,320.0,-1.8036,16.4017
384.0,320.0,1.1047,12.5875
400.0,320.0,-1.4299,5.9404
416.0,320.0,-1.9386,6.106
432.0,320.0,-0.845,6.0671
448.0,320.0,-3.137,2.067
464.0,320.0,-12.8346,14.7107
480.0,320.0,-15.5344,17.3746
496.0,320.0,-352.2781,-385.5705
16.0,304.0,-0.7771,-0.293
32.0,304.0,-0.4837,-0.4786
48.0,304.0,-0.8461,-0.6447
64.0,304.0,0.1734,-0.2186
80.0,304.0,-0.6119,-1.298
96.0,304.0,0.0919,1.1779
112.0,304.0,0.0689,2.608
128.0,304.0,-0.168,6.0118
144.0,304.0,1.0992,7.2695
160.0,304.0,-4.8796,15.8211
176.0,304.0,-8.1747,37.928
192.0,304.0,-9.897,41.128
208.0,304.0,-4.9355,40.8205
224.0,304.0,-2.7903,39.4289
240.0,304.0,-2.4883,38.8277
256.0,304.0,-0.844,40.5045
272.0,304.0,-2.8254,33.1341
288.0,304.0,-2.4847,32.403
304.0,304.0,0.4993,34.6195
320.0,304.0,1.2402,22.6805
336.0,304.0,-1.1425,16.9243
352.0,304.0,-2.2213,15.7251
368.0,304.0,0.3471,14.37
384.0,304.0,1.371,7.5994
400.0,304.0,-3.9127,3.5135
416.0,304.0,-0.5062,4.1069
432.0,304.0,0.3864,2.9348
448.0,304.0,0.0095,1.0719
464.0,304.0,0.0628,-0.3355
480.0,304.0,-25.4507,-18.0296
496.0,304.0,-34.0613,-24.851
16.0,288.0,0.0566,-0.6496
32.0,288.0,-0.523,0.0494
48.0,288.0,-0.3691,1.3277
64.0,288.0,0.3023,-0.3275
80.0,288.0,-0.1628,0.5317
96.0,288.0,-0.0303,1.1073
112.0,288.0,1.2701,0.9254
128.0,288.0,0.3775,1.9323
144.0,288.0,-0.8842,3.2293
160.0,288.0,-4.1737,9.0136
176.0,288.0,-3.3624,23.6217
192.0,288.0,-8.942,30.135
208.0,288.0,-1.4555,40.3652
224.0,288.0,-6.0934,45.6882
240.0,288.0,-7.4484,46.5334
256.0,288.0,-7.593,39.3724
272.0,288.0,-5.541,32.8972
288.0,288.0,-3.6785,33.8696
304.0,288.0,-2.5208,37.6602
320.0,288.0,-3.363,30.0983
336.0,288.0,-1.2369,17.5489
352.0,288.0,-0.9857,13.9517
368.0,288.0,1.9331,11.8547
384.0,288.0,-0.0181,6.9183
400.0,288.0,-3.1008,5.8533
416.0,288.0,2.301,3.089
432.0,288.0,0.0862,1.0509
448.0,288.0,0.2659,1.0157
464.0,288.0,0.1688,2.8769
480.0,288.0,1.4044,2.3272
496.0,288.0,-31.9648,-27.9053
16.0,272.0,1.2957,2.6449
32.0,272.0,-0.0862,-0.104
48.0,272.0,-0.4717,2.1788
64.0,272.0,0.4354,-0.5547
80.0,272.0,0.029,0.716
96.0,272.0,0.1993,1.0985
112.0,272.0,0.3424,-0.3313
128.0,272.0,-0.699,2.0227
144.0,272.0,-5.0789,8.8997
160.0,272.0,-2.4432,15.6802
176.0,272.0,-3.013,23.0681
192.0,272.0,-3.8046,28.611
208.0,272.0,-0.6571,39.3753
224.0,272.0,-13.2067,47.0451
240.0,272.0,-13.8351,50.6378
256.0,272.0,-8.9436,47.3759
272.0,272.0,-5.6593,43.6653
288.0,272.0,-2.0538,42.6861
304.0,272.0,-3.2318,38.6089
320.0,272.0,-2.5484,35.3838
336.0,272.0,0.2199,22.8401
352.0,272.0,2.7618,18.7735
368.0,272.0,3.1475,13.9013
384.0,272.0,-0.5672,10.6518
400.0,272.0,0.3248,8.9701
416.0,272.0,4.3287,2.1736
432.0,272.0,-4.2688,6.3887
448.0,272.0,3.1223,3.6377
464.0,272.0,-1.2604,0.4465
480.0,272.0,1.7666,1.0921
496.0,272.0,-6.599,-3.678
16.0,256.0,0.983,3.0651
32.0,256.0,0.1312,0.0044
48.0,256.0,-1.0935,0.7832
64.0,256.0,-0.0025,-0.0015
80.0,256.0,0.2143,0.8748
96.0,256.0,-0.19,0.1453
112.0,256.0,0.1307,2.0889
128.0,256.0,-1.3983,2.729
144.0,256.0,-5.3514,8.7236
160.0,256.0,-1.3207,13.0206
176.0,256.0,-2.084,20.1571
192.0,256.0,1.3645,35.8728
208.0,256.0,-3.2589,38.199
224.0,256.0,-13.6871,42.5341
240.0,256.0,-14.698,49.1512
256.0,256.0,-10.4561,51.8938
272.0,256.0,-7.4457,49.3984
288.0,256.0,-2.7033,45.4418
304.0,256.0,-3.3907,42.7546
320.0,256.0,-0.2937,40.2746
336.0,256.0,0.7245,30.8246
352.0,256.0,1.1857,24.4796
368.0,256.0,-0.2405,12.5601
384.0,256.0,0.4652,11.6045
400.0,256.0,1.8423,8.4505
416.0,256.0,2.0716,5.954
432.0,256.0,0.3628,4.58
448.0,256.0,3.7308,5.1943
464.0,256.0,0.6582,2.6234
480.0,256.0,-0.9197,0.3134
496.0,256.0,-2.5834,0.069
16.0,240.0,3.8324,2.0073
32.0,240.0,-0.308,0.5627
48.0,240.0,-0.9489,0.2344
64.0,240.0,-0.028,0.411
80.0,240.0,0.317,0.9416
96.0,240.0,-0.3897,1.4109
112.0,240.0,2.2947,2.7161
128.0,240.0,2.4172,0.7442
144.0,240.0,2.0054,3.3283
160.0,240.0,-0.4199,10.9875
176.0,240.0,-1.4721,17.5668
192.0,240.0,-0.7786,24.5035
208.0,240.0,-3.4088,39.3763
224.0,240.0,-10.3691,43.1465
240.0,240.0,-12.4256,47.0736
256.0,240.0,-10.0693,49.2846
272.0,240.0,-6.654,49.6294
288.0,240.0,-2.8776,47.2525
304.0,240.0,-1.6962,47.2685
320.0,240.0,0.7736,46.1918
336.0,240.0,2.9501,45.3297
352.0,240.0,2.4887,28.0959
368.0,240.0,2.1564,20.9326
384.0,240.0,0.3378,7.8451
400.0,240.0,-1.1242,7.548
416.0,240.0,-0.4997,5.9952
432.0,240.0,-0.7553,1.853
448.0,240.0,0.5635,4.3778
464.0,240.0,-0.0754,3.765
480.0,240.0,0.2363,3.4317
496.0,240.0,-0.368,2.7139
16.0,224.0,7.6397,0.4108
32.0,224.0,-0.3599,-0.2941
48.0,224.0,-0.5856,0.0111
64.0,224.0,0.91,0.182
80.0,224.0,0.3664,1.1483
96.0,224.0,-0.2151,1.7029
112.0,224.0,3.0321,2.5497
128.0,224.0,3.8527,1.4896
144.0,224.0,3.9867,4.8662
160.0,224.0,0.1718,8.5017
176.0,224.0,-3.0125,13.504
192.0,224.0,1.0435,13.3072
208.0,224.0,-5.7504,30.0143
224.0,224.0,-11.4143,45.1895
240.0,224.0,-13.8012,53.1033
256.0,224.0,-6.2593,55.2223
272.0,224.0,-1.786,52.4935
288.0,224.0,-0.2018,46.9082
304.0,224.0,1.4475,44.15
320.0,224.0,3.508,41.3315
336.0,224.0,5.361,41.4467
352.0,224.0,6.3795,42.4738
368.0,224.0,2.5838,21.8803
384.0,224.0,1.9183,14.7972
400.0,224.0,-1.7368,4.9242
416.0,224.0,0.5445,4.5235
432.0,224.0,-0.7132,6.431
448.0,224.0,2.0243,8.1331
464.0,224.0,0.1849,4.6408
480.0,224.0,0.4178,4.4449
496.0,224.0,0.1215,3.8804
16.0,208.0,6.6019,-2.4204
32.0,208.0,0.0294,-0.9577
48.0,208.0,0.5724,-1.5354
64.0,208.0,1.0143,-0.2562
80.0,208.0,0.435,1.0791
96.0,208.0,-0.7248,2.108
112.0,208.0,2.2812,3.8378
128.0,208.0,4.546,1.5911
144.0,208.0,1.7883,-1.7921
160.0,208.0,-0.0755,2.3569
176.0,208.0,-0.9352,9.0849
192.0,208.0,0.2136,5.8628
208.0,208.0,-4.5114,26.0941
224.0,208.0,-11.632,37.8551
240.0,208.0,-16.1909,55.5674
256.0,208.0,-9.103,63.0552
272.0,208.0,-3.1248,60.3781
288.0,208.0,0.2605,48.7637
304.0,208.0,2.8765,46.1798
320.0,208.0,4.8788,48.6244
336.0,208.0,5.8233,45.7788
352.0,208.0,5.5468,37.3241
368.0,208.0,10.7626,24.143
384.0,208.0,1.8933,14.9096
400.0,208.0,-1.2945,2.8299
416.0,208.0,0.5035,4.2133
432.0,208.0,-1.2392,6.2372
448.0,208.0,0.8007,6.5821
464.0,208.0,2.0962,7.2166
480.0,208.0,0.3479,5.1881
496.0,208.0,0.3575,4.5539
16.0,192.0,0.8589,-0.0599
32.0,192.0,0.7448,-0.2656
48.0,192.0,0.8739,-1.3605
64.0,192.0,0.1324,0.2399
80.0,192.0,0.4805,0.7169
96.0,192.0,0.9632,3.0216
112.0,192.0,-0.6796,5.6587
128.0,192.0,1.2235,2.0409
144.0,192.0,0.9652,2.9761
160.0,192.0,0.7529,3.5982
176.0,192.0,-2.6617,4.324
192.0,192.0,-0.5276,3.1982
208.0,192.0,0.474,11.6684
224.0,192.0,-4.6951,34.4957
240.0,192.0,-9.5425,49.5075
256.0,192.0,-9.049,63.3522
272.0,192.0,-9.4898,72.4335
288.0,192.0,-6.3801,55.8163
304.0,192.0,0.0319,53.1696
320.0,192.0,4.6406,52.2184
336.0,192.0,3.212,41.3948
352.0,192.0,1.6567,31.9857
368.0,192.0,8.2472,19.0552
384.0,192.0,2.3096,5.2696
400.0,192.0,1.1459,1.1234
416.0,192.0,-1.1864,7.0122
432.0,192.0,-1.3914,8.0212
448.0,192.0,-0.5894,6.4045
464.0,192.0,0.1175,4.924
480.0,192.0,0.5115,5.7026
496.0,192.0,0.5957,4.72
16.0,176.0,-1.1238,0.1137
32.0,176.0,0.3292,-0.1633
48.0,176.0,-0.9907,-0.345
64.0,176.0,-0.1919,0.5623
80.0,176.0,0.3781,0.3903
96.0,176.0,0.6588,0.6617
112.0,176.0,0.9195,0.8909
128.0,176.0,-1.6327,2.03
144.0,176.0,1.8316,1.3189
160.0,176.0,2.4773,1.2205
176.0,176.0,-0.2117,2.7138
192.0,176.0,0.9472,3.6688
208.0,176.0,2.762,8.5499
224.0,176.0,-1.3994,28.4859
240.0,176.0,-3.4845,44.4904
256.0,176.0,-4.2671,62.154
272.0,176.0,-10.0597,74.3406
288.0,176.0,-14.1636,60.2806
304.0,176.0,-8.0837,60.3725
320.0,176.0,-0.4936,55.6387
336.0,176.0,-1.0456,47.6658
352.0,176.0,-1.66,38.3421
368.0,176.0,3.2103,18.4559
384.0,176.0,2.9577,1.9104
400.0,176.0,0.6092,-1.2363
416.0,176.0,-0.419,8.3868
432.0,176.0,-0.6859,11.8618
448.0,176.0,-1.207,9.9548
464.0,176.0,-0.6718,6.2569
480.0,176.0,0.6145,2.4883
496.0,176.0,0.7511,4.3591
16.0,160.0,-0.4723,0.6409
32.0,160.0,-0.0233,0.3531
48.0,160.0,-1.3689,0.0357
64.0,160.0,0.305,-0.2037
80.0,160.0,-0.1669,-1.0277
96.0,160.0,-0.2771,0.3344
112.0,160.0,3.8902,-2.4803
128.0,160.0,-0.2569,-1.8475
144.0,160.0,1.2242,1.6564
160.0,160.0,-0.1173,2.7294
176.0,160.0,0.7687,1.5825
192.0,160.0,2.4601,-0.0277
208.0,160.0,3.3468,3.9881
224.0,160.0,0.242,21.137
240.0,160.0,-1.1456,44.6072
256.0,160.0,-8.6149,66.329
272.0,160.0,-15.3334,80.011
288.0,160.0,-8.8514,68.6846
304.0,160.0,-6.5657,72.6257
320.0,160.0,-1.3769,63.1519
336.0,160.0,-0.882,53.0186
352.0,160.0,-1.9241,37.5366
368.0,160.0,0.8913,16.5483
384.0,160.0,0.5365,3.92
400.0,160.0,-1.05,0.8804
416.0,160.0,1.1543,5.7659
432.0,160.0,0.8842,11.0897
448.0,160.0,0.2651,12.1778
464.0,160.0,0.5905,5.7932
480.0,160.0,2.1584,3.2991
496.0,160.0,0.6438,3.3095
16.0,144.0,-0.4065,1.7181
32.0,144.0,-0.2777,0.4593
48.0,144.0,-1.2453,-0.1518
64.0,144.0,-0.1051,-0.658
80.0,144.0,-1.1499,-2.3508
96.0,144.0,-0.1783,-0.0834
112.0,144.0,3.6261,0.6737
128.0,144.0,0.9802,-0.387
144.0,144.0,1.8625,1.2541
160.0,144.0,1.8142,1.6608
176.0,144.0,0.839,2.5608
192.0,144.0,2.0412,3.1445
208.0,144.0,2.8404,5.773
224.0,144.0,1.0941,17.7485
240.0,144.0,2.6524,47.3038
256.0,144.0,-5.6887,66.2575
272.0,144.0,-9.9245,83.7338
288.0,144.0,-6.9662,76.91
304.0,144.0,-1.136,76.577
320.0,144.0,0.0858,68.6831
336.0,144.0,-2.927,53.3228
352.0,144.0,-2.6981,36.3085
368.0,144.0,2.2198,20.3978
384.0,144.0,-1.8795,6.2782
400.0,144.0,-0.4856,3.4567
416.0,144.0,-0.0019,4.8742
432.0,144.0,1.1429,5.3253
448.0,144.0,2.8561,7.5043
464.0,144.0,1.1129,5.9858
480.0,144.0,2.3947,2.1664
496.0,144.0,-0.4164,-0.5939
16.0,128.0,3.3005,-1.5841
32.0,128.0,0.4148,-0.2293
48.0,128.0,-1.3588,-0.7708
64.0,128.0,0.1228,-0.362
80.0,128.0,-0.7887,-0.6994
96.0,128.0,0.4791,-0.0227
112.0,128.0,3.3937,2.117
128.0,128.0,2.0548,2.161
144.0,128.0,3.8631,-1.2716
160.0,128.0,2.2017,1.9367
176.0,128.0,1.4755,2.2921
192.0,128.0,3.6657,1.6806
208.0,128.0,5.1908,5.4052
224.0,128.0,6.6311,18.9432
240.0,128.0,7.3572,45.6446
256.0,128.0,7.9473,55.0165
272.0,128.0,-1.5686,67.5715
288.0,128.0,-4.7678,82.4266
304.0,128.0,-3.4271,83.213
320.0,128.0,1.5488,72.761
336.0,128.0,-4.9652,54.3623
352.0,128.0,-1.096,38.1798
368.0,128.0,4.1784,19.7598
384.0,128.0,-1.1978,3.1176
400.0,128.0,-0.9605,0.8926
416.0,128.0,-0.2329,3.0676
432.0,128.0,0.3372,4.7935
448.0,128.0,1.2644,5.5857
464.0,128.0,1.1169,2.1429
480.0,128.0,1.0839,-0.8598
496.0,128.0,-0.9798,-0.0626
16.0,112.0,7.1236,-0.2703
32.0,112.0,0.4475,0.0824
48.0,112.0,-0.8759,-0.7553
64.0,112.0,0.2556,0.1114
80.0,112.0,0.6325,0.9457
96.0,112.0,0.9809,-0.4143
112.0,112.0,2.5305,-0.0177
128.0,112.0,2.795,0.462
144.0,112.0,2.6709,2.0159
160.0,112.0,2.7632,4.2669
176.0,112.0,4.8002,1.8135
192.0,112.0,4.0373,2.8856
208.0,112.0,2.3169,7.7946
224.0,112.0,6.5826,19.4376
240.0,112.0,7.9008,39.3953
256.0,112.0,5.138,51.8808
272.0,112.0,-2.3577,66.7814
288.0,112.0,-4.9417,90.3172
304.0,112.0,-2.8257,89.7594
320.0,112.0,1.6577,77.0676
336.0,112.0,-2.3382,61.8248
352.0,112.0,-4.2152,43.6152
368.0,112.0,-0.5665,30.2463
384.0,112.0,0.5155,20.1132
400.0,112.0,-0.4562,3.4029
416.0,112.0,-0.0292,2.2923
432.0,112.0,-0.6872,3.6161
448.0,112.0,-0.5924,4.9707
464.0,112.0,3.3657,5.1161
480.0,112.0,-0.1486,3.2791
496.0,112.0,0.1019,1.7888
16.0,96.0,0.8554,0.5394
32.0,96.0,-0.3428,-0.3786
48.0,96.0,0.2428,-1.2506
64.0,96.0,-0.4812,-0.1135
80.0,96.0,-0.7418,0.0393
96.0,96.0,1.8028,-2.853
112.0,96.0,1.8856,-2.2793
128.0,96.0,3.2671,1.2661
144.0,96.0,2.7233,3.0531
160.0,96.0,2.4817,3.776
176.0,96.0,4.5238,1.8581
192.0,96.0,4.5671,2.7859
208.0,96.0,2.3174,10.544
224.0,96.0,2.9251,27.5885
240.0,96.0,3.6036,40.6155
256.0,96.0,2.4311,50.5116
272.0,96.0,3.1471,75.1616
288.0,96.0,-1.1055,92.9789
304.0,96.0,-0.7206,89.1136
320.0,96.0,1.2566,79.0768
336.0,96.0,-0.5039,65.1691
352.0,96.0,-4.8044,48.5754
368.0,96.0,0.519,36.7254
384.0,96.0,1.2138,22.7087
400.0,96.0,3.202,16.375
416.0,96.0,6.224,14.732
432.0,96.0,-0.5365,5.1409
448.0,96.0,-0.4288,3.2793
464.0,96.0,-0.7454,2.0947
480.0,96.0,-1.8406,1.2503
496.0,96.0,0.1652,-1.1896
16.0,80.0,4.2654,-7.6015
32.0,80.0,0.1791,-0.4478
48.0,80.0,-0.3834,-1.0687
64.0,80.0,1.1265,-1.2199
80.0,80.0,5.5958,-4.0648
96.0,80.0,0.819,-1.8993
112.0,80.0,-2.8608,-0.2132
128.0,80.0,1.7117,2.6575
144.0,80.0,2.4496,2.8667
160.0,80.0,1.2444,2.5536
176.0,80.0,0.3784,2.0454
192.0,80.0,0.1297,1.8801
208.0,80.0,0.9817,19.4231
224.0,80.0,-3.7859,38.5572
240.0,80.0,-0.4881,45.0636
256.0,80.0,2.8368,50.1703
272.0,80.0,4.5984,66.3216
288.0,80.0,0.8686,83.6882
304.0,80.0,1.3145,81.7911
320.0,80.0,2.6808,75.1963
336.0,80.0,1.5406,66.4808
352.0,80.0,-0.6346,52.2623
368.0,80.0,1.0245,35.9807
384.0,80.0,1.5318,11.4761
400.0,80.0,-0.2508,5.2017
416.0,80.0,11.9832,22.928
432.0,80.0,19.922,29.7576
448.0,80.0,1.7538,4.4107
464.0,80.0,-1.0366,2.792
480.0,80.0,-1.5045,1.6665
496.0,80.0,-1.1402,1.2554
16.0,64.0,5.6744,-0.9779
32.0,64.0,0.318,-0.5184
48.0,64.0,0.644,0.2076
64.0,64.0,0.4749,0.1375
80.0,64.0,0.696,2.1698
96.0,64.0,0.5381,0.4114
112.0,64.0,-1.4538,-0.5379
128.0,64.0,0.5482,-0.6945
144.0,64.0,0.0557,3.4708
160.0,64.0,-0.33,5.5613
176.0,64.0,1.5516,3.7655
192.0,64.0,0.9087,2.8654
208.0,64.0,0.2925,20.488
224.0,64.0,-7.11,39.8607
240.0,64.0,-4.1611,49.4837
256.0,64.0,2.8658,55.9591
272.0,64.0,1.8681,61.1286
288.0,64.0,-0.8181,69.4958
304.0,64.0,3.4952,75.4999
320.0,64.0,3.3804,72.7339
336.0,64.0,4.1208,68.9499
352.0,64.0,5.8311,56.1695
368.0,64.0,2.227,37.9529
384.0,64.0,-6.072,8.8026
400.0,64.0,-0.3016,8.7006
416.0,64.0,13.0282,24.6411
432.0,64.0,25.8442,37.2304
448.0,64.0,80.8951,101.3355
464.0,64.0,91.4274,112.6236
480.0,64.0,0.2541,7.5527
496.0,64.0,-1.227,3.978
16.0,48.0,1.256,-0.0898
32.0,48.0,1.2747,-0.576
48.0,48.0,0.2151,1.1124
64.0,48.0,-3.1084,3.4834
80.0,48.0,-1.3256,2.4836
96.0,48.0,-0.3057,1.7902
112.0,48.0,-0.4009,3.1738
128.0,48.0,0.5064,2.7685
144.0,48.0,0.4625,4.4247
160.0,48.0,0.0538,6.0827
176.0,48.0,2.3386,3.9566
192.0,48.0,0.1266,2.7737
208.0,48.0,-4.7686,17.5312
224.0,48.0,-2.512,31.7928
240.0,48.0,-2.9142,51.371
256.0,48.0,2.2358,58.4528
272.0,48.0,4.6265,63.6066
288.0,48.0,6.9136,76.4811
304.0,48.0,7.6883,84.903
320.0,48.0,7.1062,80.3181
336.0,48.0,9.2962,67.5766
352.0,48.0,6.9965,55.9145
368.0,48.0,2.7638,38.4862
384.0,48.0,-3.3489,10.4891
400.0,48.0,8.5904,26.4807
416.0,48.0,15.1148,27.5021
432.0,48.0,34.0106,47.1444
448.0,48.0,89.0536,110.926
464.0,48.0,99.2172,121.6969
480.0,48.0,1404.4068,1677.313
496.0,48.0,145.8968,177.2882
16.0,32.0,2.7048,0.5081
32.0,32.0,2.3651,1.9627
48.0,32.0,-0.1425,4.3411
64.0,32.0,-2.1614,3.088
80.0,32.0,-3.1012,3.4256
96.0,32.0,-2.0237,4.9622
112.0,32.0,-0.2649,5.9822
128.0,32.0,-0.2491,5.1027
144.0,32.0,2.0437,2.2289
160.0,32.0,0.1347,2.664
176.0,32.0,1.3014,2.2058
192.0,32.0,-0.3592,3.4849
208.0,32.0,-1.7965,12.4376
224.0,32.0,3.6913,26.0635
240.0,32.0,5.5708,53.7592
256.0,32.0,1.198,71.0945
272.0,32.0,6.1142,78.879
288.0,32.0,5.7173,85.1458
304.0,32.0,5.2126,89.0577
320.0,32.0,4.8191,79.0796
336.0,32.0,7.2292,64.6866
352.0,32.0,5.1802,55.3858
368.0,32.0,3.2955,39.5384
384.0,32.0,-1.652,21.1109
400.0,32.0,9.0335,27.8381
416.0,32.0,17.1512,30.6926
432.0,32.0,0.4328,-0.6395
448.0,32.0,0.0465,-1.6832
464.0,32.0,123.1239,150.1287
480.0,32.0,-4.9658,-0.6857
496.0,32.0,182.6778,221.1341
16.0,16.0,1.2002,-0.5824
32.0,16.0,1.6193,-7.4142
48.0,16.0,0.3092,-4.5034
64.0,16.0,-1.8332,-3.2366
80.0,16.0,-2.5848,-1.0809
96.0,16.0,-1.0712,0.4246
112.0,16.0,0.9335,-0.939
128.0,16.0,-3.4079,-3.1557
144.0,16.0,1.7525,-2.4761
160.0,16.0,2.4025,0.1602
176.0,16.0,-0.6731,2.9581
192.0,16.0,0.8478,3.0594
208.0,16.0,3.1202,3.2959
224.0,16.0,0.7685,33.1186
240.0,16.0,9.6226,45.6585
256.0,16.0,-3.3041,82.8854
272.0,16.0,-1.4053,86.1998
288.0,16.0,1.3275,88.703
304.0,16.0,0.9941,90.7978
320.0,16.0,5.4289,73.8399
336.0,16.0,4.8438,64.8228
352.0,16.0,2.6953,50.8949
368.0,16.0,-0.8133,37.0829
384.0,16.0,0.9951,26.9249
400.0,16.0,5.2691,23.1249
416.0,16.0,15.3187,28.8843
432.0,16.0,40.4822,55.2797
448.0,16.0,-0.1972,-0.4108
464.0,16.0,151.0236,182.6627
480.0,16.0,0.0639,-0.0639
496.0,16.0,0.0,-0.0
