16.0,496.0,0.0264,2.6933
32.0,496.0,0.1353,2.8987
48.0,496.0,0.9073,6.7863
64.0,496.0,0.2619,5.7762
80.0,496.0,-0.0294,9.4694
96.0,496.0,-0.6098,14.8296
112.0,496.0,-0.9054,11.1477
128.0,496.0,0.968,11.8176
144.0,496.0,5.7392,16.2132
160.0,496.0,3.8231,26.5816
176.0,496.0,0.6977,35.3403
192.0,496.0,-3.2993,39.6772
208.0,496.0,-3.7212,44.1723
224.0,496.0,-7.0257,41.9575
240.0,496.0,-6.4064,39.9626
256.0,496.0,-7.7641,47.4735
272.0,496.0,-5.8208,57.6765
288.0,496.0,-3.0849,58.2869
304.0,496.0,-4.0133,50.6996
320.0,496.0,-1.186,44.812
336.0,496.0,-2.6819,39.0556
352.0,496.0,-4.6591,17.214
368.0,496.0,-3.5439,15.5027
384.0,496.0,0.3855,18.8837
400.0,496.0,-0.3311,11.6515
416.0,496.0,-0.4473,8.8544
432.0,496.0,0.3153,1.9661
448.0,496.0,-0.9926,1.8419
464.0,496.0,-2.9316,1.7477
480.0,496.0,-2.9785,-1.5215
496.0,496.0,-2.7811,-2.3558
16.0,480.0,-1.7294,2.5267
32.0,480.0,0.3696,2.2289
48.0,480.0,0.0671,2.6609
64.0,480.0,0.0498,2.8975
80.0,480.0,0.5011,6.068
96.0,480.0,0.5985,9.5121
112.0,480.0,0.8839,10.4143
128.0,480.0,2.4515,10.2823
144.0,480.0,4.657,12.8464
160.0,480.0,4.611,30.0249
176.0,480.0,2.4654,34.4263
192.0,480.0,-2.6133,38.3366
208.0,480.0,-0.8497,39.9021
224.0,480.0,-2.5284,41.2872
240.0,480.0,-3.9402,47.5443
256.0,480.0,-3.2831,49.5379
272.0,480.0,-1.0103,53.5612
288.0,480.0,-2.0741,58.0639
304.0,480.0,-2.5846,51.9712
320.0,480.0,-2.6083,45.1738
336.0,480.0,-2.1122,41.2416
352.0,480.0,-3.0975,20.981
368.0,480.0,-0.2321,15.136
384.0,480.0,1.2077,19.8711
400.0,480.0,-0.3812,12.3819
416.0,480.0,-0.57,8.7161
432.0,480.0,-1.9291,-3.0022
448.0,480.0,-2.3367,3.1956
464.0,480.0,-1.8753,2.0199
480.0,480.0,-2.0885,0.1646
496.0,480.0,-2.7006,0.3731
16.0,464.0,-0.3647,0.8837
32.0,464.0,0.642,1.4128
48.0,464.0,0.1837,2.1484
64.0,464.0,1.075,1.8705
80.0,464.0,1.5961,2.632
96.0,464.0,2.6203,6.6105
112.0,464.0,5.3614,10.7649
128.0,464.0,4.269,14.1823
144.0,464.0,3.5742,18.4568
160.0,464.0,3.492,23.5325
176.0,464.0,3.7643,36.6554
192.0,464.0,-0.4942,39.9832
208.0,464.0,-1.9636,36.3808
224.0,464.0,-2.3958,36.3546
240.0,464.0,1.3428,45.7258
256.0,464.0,2.5745,49.9683
272.0,464.0,1.7597,53.5465
288.0,464.0,-3.669,56.4413
304.0,464.0,-4.0085,52.2877
320.0,464.0,-0.1295,50.4538
336.0,464.0,0.334,46.4722
352.0,464.0,-4.3449,32.7921
368.0,464.0,0.712,19.5349
384.0,464.0,-1.89,16.6395
400.0,464.0,1.6905,16.621
416.0,464.0,0.5728,6.1914
432.0,464.0,-0.5253,5.8193
448.0,464.0,-1.4786,3.1797
464.0,464.0,0.3176,2.0273
480.0,464.0,-0.585,1.8497
496.0,464.0,-1.234,0.375
16.0,448.0,-0.5199,-0.762
32.0,448.0,0.5018,0.2262
48.0,448.0,1.4013,2.5993
64.0,448.0,3.5048,3.6757
80.0,448.0,1.907,3.4599
96.0,448.0,1.8845,6.4438
112.0,448.0,2.8715,10.7718
128.0,448.0,-0.259,30.4037
144.0,448.0,-1.0696,36.8532
160.0,448.0,0.808,31.0925
176.0,448.0,3.6745,37.7296
192.0,448.0,3.2782,39.0289
208.0,448.0,-0.1217,31.1253
224.0,448.0,-1.1732,35.2654
240.0,448.0,5.0182,42.8804
256.0,448.0,5.3946,45.8262
272.0,448.0,3.2059,50.246
288.0,448.0,0.3851,53.0577
304.0,448.0,-1.8457,53.6068
320.0,448.0,0.84,51.5099
336.0,448.0,2.0605,44.5108
352.0,448.0,-2.5217,37.682
368.0,448.0,0.4765,31.1165
384.0,448.0,-3.1172,12.6213
400.0,448.0,-1.7702,13.1575
416.0,448.0,2.0216,10.3468
432.0,448.0,-0.2682,5.6224
448.0,448.0,-1.5558,-0.243
464.0,448.0,0.7626,1.4174
480.0,448.0,-0.3052,1.3496
496.0,448.0,-0.5995,0.0183
16.0,432.0,4.0092,0.2346
32.0,432.0,1.1557,1.3025
48.0,432.0,2.2957,2.017
64.0,432.0,3.6039,4.2204
80.0,432.0,3.1071,4.3535
96.0,432.0,2.0224,3.1736
112.0,432.0,-1.9529,11.0287
128.0,432.0,-2.3304,34.2436
144.0,432.0,-1.2835,44.5887
160.0,432.0,0.3828,41.4368
176.0,432.0,2.3298,37.446
192.0,432.0,5.4676,29.8689
208.0,432.0,4.3741,29.3013
224.0,432.0,2.6358,36.8135
240.0,432.0,4.8155,42.7271
256.0,432.0,6.0879,43.5514
272.0,432.0,4.8462,46.2614
288.0,432.0,3.4468,49.6012
304.0,432.0,-0.8118,53.5358
320.0,432.0,-0.0696,52.56
336.0,432.0,-0.9127,44.3235
352.0,432.0,-2.0344,37.3251
368.0,432.0,-2.2371,28.1549
384.0,432.0,-5.8392,7.5792
400.0,432.0,-2.0283,10.8551
416.0,432.0,1.5186,13.4726
432.0,432.0,-0.0568,6.9099
448.0,432.0,-0.506,2.6759
464.0,432.0,-0.3462,-1.9489
480.0,432.0,-0.6601,0.0751
496.0,432.0,-0.5047,0.033
16.0,416.0,5.0716,-0.1833
32.0,416.0,-0.416,1.6041
48.0,416.0,2.282,0.415
64.0,416.0,2.0527,2.4576
80.0,416.0,3.3255,2.7008
96.0,416.0,1.1309,4.3705
112.0,416.0,-2.2575,12.2463
128.0,416.0,-2.434,32.8074
144.0,416.0,-0.5728,44.906
160.0,416.0,0.3094,43.8911
176.0,416.0,1.2676,34.4309
192.0,416.0,8.3656,18.9566
208.0,416.0,6.3921,21.6934
224.0,416.0,0.7421,34.2161
240.0,416.0,5.2181,43.6911
256.0,416.0,5.2938,45.0596
272.0,416.0,4.01,45.6112
288.0,416.0,3.0569,47.6511
304.0,416.0,-0.0748,55.3658
320.0,416.0,0.296,54.3871
336.0,416.0,1.3662,49.2035
352.0,416.0,0.7277,40.7885
368.0,416.0,-1.8097,19.9648
384.0,416.0,-4.1962,9.1118
400.0,416.0,-0.8368,11.7708
416.0,416.0,0.8301,9.8513
432.0,416.0,2.9293,2.9879
448.0,416.0,0.1282,-1.1724
464.0,416.0,-1.012,-2.2963
480.0,416.0,-2.1219,-2.2387
496.0,416.0,-1.0946,0.2577
16.0,400.0,3.1284,4.3856
32.0,400.0,-2.0025,1.5547
48.0,400.0,1.8032,-1.0527
64.0,400.0,1.7872,1.8711
80.0,400.0,2.5875,2.1917
96.0,400.0,1.7508,4.9526
112.0,400.0,0.0771,14.1747
128.0,400.0,-0.9214,35.5444
144.0,400.0,-0.6437,44.9394
160.0,400.0,0.2993,42.9522
176.0,400.0,1.705,31.6841
192.0,400.0,4.7934,28.134
208.0,400.0,2.343,29.8155
224.0,400.0,0.0225,35.2325
240.0,400.0,4.0035,40.9824
256.0,400.0,5.4989,42.8009
272.0,400.0,3.5004,42.3561
288.0,400.0,0.5671,46.8981
304.0,400.0,0.3145,53.7048
320.0,400.0,2.9348,55.9658
336.0,400.0,4.0274,51.2018
352.0,400.0,1.5612,42.9508
368.0,400.0,2.0706,29.4775
384.0,400.0,-1.6254,12.969
400.0,400.0,-3.4849,9.8734
416.0,400.0,-3.9753,6.5611
432.0,400.0,-0.2762,0.7687
448.0,400.0,-2.9827,-1.8776
464.0,400.0,-0.9571,-1.6388
480.0,400.0,-4.1189,-2.7941
496.0,400.0,-3.9427,-0.2214
16.0,384.0,2.1647,0.9674
32.0,384.0,4.9217,0.5026
48.0,384.0,2.994,0.3052
64.0,384.0,1.8913,1.7097
80.0,384.0,2.6793,2.4155
96.0,384.0,7.633,2.5063
112.0,384.0,3.5946,12.8315
128.0,384.0,1.5312,28.3995
144.0,384.0,0.6145,44.5398
160.0,384.0,0.4807,41.9556
176.0,384.0,3.5158,33.4572
192.0,384.0,3.5536,36.4382
208.0,384.0,3.4204,39.3679
224.0,384.0,2.8223,37.5441
240.0,384.0,4.4468,38.8874
256.0,384.0,0.8036,45.155
272.0,384.0,-2.7287,46.5696
288.0,384.0,-3.0964,45.7977
304.0,384.0,-1.8188,47.0785
320.0,384.0,-1.1364,50.8133
336.0,384.0,-0.7111,52.2688
352.0,384.0,-1.4299,42.2569
368.0,384.0,1.3771,37.5155
384.0,384.0,-1.0595,19.4742
400.0,384.0,-4.1397,5.7438
416.0,384.0,-4.9589,3.4044
432.0,384.0,-3.3848,2.8706
448.0,384.0,-18.2299,22.6749
464.0,384.0,-0.0511,0.7294
480.0,384.0,-1.6594,-0.4852
496.0,384.0,-3.0167,-2.7185
16.0,368.0,2.2524,-0.8717
32.0,368.0,1.7527,0.7109
48.0,368.0,2.7969,2.8748
64.0,368.0,3.0142,3.4969
80.0,368.0,3.0119,2.1206
96.0,368.0,7.0847,0.6422
112.0,368.0,5.743,6.9225
128.0,368.0,1.5938,16.8482
144.0,368.0,1.8965,42.4801
160.0,368.0,-0.4547,45.7979
176.0,368.0,1.2136,40.6136
192.0,368.0,2.4912,30.0398
208.0,368.0,2.1679,33.1455
224.0,368.0,0.84,35.6747
240.0,368.0,0.5046,39.0007
256.0,368.0,-6.5762,43.5976
272.0,368.0,-8.3542,44.7342
288.0,368.0,-5.764,48.7127
304.0,368.0,-1.0239,52.6585
320.0,368.0,-0.6424,50.6149
336.0,368.0,-1.3359,49.1098
352.0,368.0,-1.1478,45.6053
368.0,368.0,0.2859,36.5625
384.0,368.0,-5.233,12.3512
400.0,368.0,-2.2516,7.4112
416.0,368.0,-5.7634,10.8186
432.0,368.0,-8.1581,11.187
448.0,368.0,-20.8512,25.9197
464.0,368.0,-23.1172,27.7431
480.0,368.0,-0.2342,0.3935
496.0,368.0,-2.2661,-0.2977
16.0,352.0,2.4782,-0.0751
32.0,352.0,1.3985,0.469
48.0,352.0,1.844,2.9053
64.0,352.0,4.2587,6.3883
80.0,352.0,4.273,3.056
96.0,352.0,5.1136,1.6071
112.0,352.0,1.3338,5.4201
128.0,352.0,-1.2354,12.4308
144.0,352.0,-0.9771,38.2122
160.0,352.0,-1.2096,45.417
176.0,352.0,-0.3632,39.6885
192.0,352.0,-1.6296,27.9236
208.0,352.0,0.1129,24.7028
224.0,352.0,0.8511,32.0522
240.0,352.0,-0.5661,39.789
256.0,352.0,-1.081,43.7125
272.0,352.0,-5.5782,45.3173
288.0,352.0,-3.9528,53.9497
304.0,352.0,0.1513,56.5571
320.0,352.0,2.6937,55.9484
336.0,352.0,3.0182,53.1902
352.0,352.0,0.433,48.0482
368.0,352.0,-2.3375,37.1304
384.0,352.0,-4.2187,13.0686
400.0,352.0,-2.297,5.657
416.0,352.0,-5.6793,11.6448
432.0,352.0,-8.9468,12.8782
448.0,352.0,-21.5236,27.8011
464.0,352.0,-25.0736,31.2958
480.0,352.0,-296.2641,369.5206
496.0,352.0,-35.5689,43.7087
16.0,336.0,3.9967,0.9808
32.0,336.0,3.7016,1.7475
48.0,336.0,2.634,0.5548
64.0,336.0,1.7418,2.0029
80.0,336.0,1.6558,4.0085
96.0,336.0,3.6411,2.4641
112.0,336.0,4.9028,3.9728
128.0,336.0,-1.7511,14.9723
144.0,336.0,0.145,29.2347
160.0,336.0,1.3973,41.7923
176.0,336.0,1.6186,35.6691
192.0,336.0,-0.8665,28.9925
208.0,336.0,0.1717,28.7975
224.0,336.0,1.499,30.9307
240.0,336.0,1.812,39.1666
256.0,336.0,1.4994,46.3596
272.0,336.0,1.1797,49.3252
288.0,336.0,0.6424,56.3927
304.0,336.0,0.9315,56.8491
320.0,336.0,1.8202,55.9576
336.0,336.0,4.4601,51.5272
352.0,336.0,1.8167,46.365
368.0,336.0,-0.3567,38.0995
384.0,336.0,-1.7003,22.5102
400.0,336.0,-2.2194,6.5285
416.0,336.0,-3.6814,7.1936
432.0,336.0,-2.759,7.4419
448.0,336.0,-4.5143,5.4111
464.0,336.0,-24.3077,31.2238
480.0,336.0,-29.3574,36.7972
496.0,336.0,-35.7218,44.5054
16.0,320.0,2.6417,-2.1446
32.0,320.0,2.7752,6.7083
48.0,320.0,1.5503,1.5205
64.0,320.0,0.9439,3.7172
80.0,320.0,0.8703,4.8946
96.0,320.0,6.9981,2.5953
112.0,320.0,1.7784,10.4534
128.0,320.0,1.9136,15.4196
144.0,320.0,3.4346,28.6526
160.0,320.0,2.2039,40.4606
176.0,320.0,2.3352,31.0789
192.0,320.0,-0.1961,29.2465
208.0,320.0,-5.6686,35.1669
224.0,320.0,-3.9774,37.1147
240.0,320.0,-3.8961,42.2945
256.0,320.0,0.7216,47.4297
272.0,320.0,1.4214,48.889
288.0,320.0,-0.498,54.4153
304.0,320.0,0.351,56.1728
320.0,320.0,-0.0143,54.7028
336.0,320.0,1.318,52.195
352.0,320.0,0.9941,46.6414
368.0,320.0,-0.4382,31.1774
384.0,320.0,-1.1433,22.673
400.0,320.0,-2.055,7.7509
416.0,320.0,-2.2614,8.1123
432.0,320.0,-1.333,5.5811
448.0,320.0,-3.4519,4.833
464.0,320.0,-22.2276,29.6136
480.0,320.0,0.2186,-0.165
496.0,320.0,-34.2272,42.9918
16.0,304.0,0.2253,-0.9773
32.0,304.0,-0.4837,-0.5299
48.0,304.0,-1.2091,-0.0742
64.0,304.0,1.314,0.5907
80.0,304.0,2.0973,1.9012
96.0,304.0,7.4196,3.7487
112.0,304.0,0.6783,6.7228
128.0,304.0,1.8219,9.6329
144.0,304.0,-0.663,18.786
160.0,304.0,-2.1313,22.5252
176.0,304.0,1.5631,24.4633
192.0,304.0,-5.0066,30.3864
208.0,304.0,-9.5764,44.9072
224.0,304.0,-7.7806,42.0021
240.0,304.0,-7.3334,39.7192
256.0,304.0,-2.3243,48.4615
272.0,304.0,1.07,50.2666
288.0,304.0,1.1656,55.7602
304.0,304.0,1.1724,56.4362
320.0,304.0,0.108,53.4357
336.0,304.0,-0.8846,53.1034
352.0,304.0,-1.1065,46.8489
368.0,304.0,-4.4363,22.3274
384.0,304.0,2.2894,11.8099
400.0,304.0,0.713,7.4341
416.0,304.0,-0.6983,8.9741
432.0,304.0,0.7105,7.4984
448.0,304.0,-0.9041,4.3161
464.0,304.0,-7.2096,11.0531
480.0,304.0,0.1356,-1.5388
496.0,304.0,0.0937,-0.0937
16.0,288.0,1.453,-0.9657
32.0,288.0,-0.6781,-0.2907
48.0,288.0,-0.7492,-0.4431
64.0,288.0,0.0687,-0.4122
80.0,288.0,-0.0456,2.4807
96.0,288.0,1.3699,4.7714
112.0,288.0,1.1271,7.2973
128.0,288.0,0.3152,12.5271
144.0,288.0,-1.7583,16.0715
160.0,288.0,-3.0592,19.6622
176.0,288.0,-8.0296,19.5684
192.0,288.0,-12.0918,21.851
208.0,288.0,-6.3271,39.682
224.0,288.0,-4.7726,43.4238
240.0,288.0,-2.9623,43.9058
256.0,288.0,0.3656,47.9544
272.0,288.0,1.8003,50.5672
288.0,288.0,2.7094,53.6625
304.0,288.0,2.1103,52.5667
320.0,288.0,0.1749,49.6077
336.0,288.0,-0.8251,50.4324
352.0,288.0,-2.4529,48.5621
368.0,288.0,-2.0636,36.141
384.0,288.0,0.9325,11.4149
400.0,288.0,1.6018,8.8013
416.0,288.0,1.7878,11.9072
432.0,288.0,0.9769,12.5237
448.0,288.0,-0.465,7.0986
464.0,288.0,-3.8792,6.7475
480.0,288.0,0.5127,-1.545
496.0,288.0,0.1245,-0.0311
16.0,272.0,2.3525,-0.8612
32.0,272.0,-0.5884,-0.5688
48.0,272.0,-0.7706,-2.3827
64.0,272.0,0.3839,-0.4002
80.0,272.0,0.3498,-0.5331
96.0,272.0,0.917,3.781
112.0,272.0,0.4992,6.7536
128.0,272.0,-0.4498,10.4542
144.0,272.0,-2.5452,13.9614
160.0,272.0,-6.8794,16.0486
176.0,272.0,-15.0423,13.4655
192.0,272.0,-9.5604,18.2043
208.0,272.0,-0.8345,44.0544
224.0,272.0,1.4809,51.5591
240.0,272.0,2.5442,51.2514
256.0,272.0,2.4755,52.3476
272.0,272.0,3.2518,53.5116
288.0,272.0,1.7883,53.3999
304.0,272.0,-0.9043,46.3264
320.0,272.0,-1.6182,44.5164
336.0,272.0,-0.1917,46.9784
352.0,272.0,-3.8027,45.3093
368.0,272.0,0.9804,29.837
384.0,272.0,-3.5767,9.5047
400.0,272.0,0.8808,6.6271
416.0,272.0,0.7858,6.702
432.0,272.0,-0.4677,8.684
448.0,272.0,-2.2888,6.4447
464.0,272.0,-5.389,1.6113
480.0,272.0,-2.1642,2.7717
496.0,272.0,-1.8812,1.9421
16.0,256.0,0.5682,2.0519
32.0,256.0,-0.3834,0.0929
48.0,256.0,-2.3985,-3.0834
64.0,256.0,-0.593,0.2068
80.0,256.0,-0.292,0.2806
96.0,256.0,5.3976,-3.1765
112.0,256.0,0.1589,5.9777
128.0,256.0,-0.797,9.6045
144.0,256.0,-4.1061,13.3312
160.0,256.0,-5.7667,17.1175
176.0,256.0,-10.5589,11.7495
192.0,256.0,-1.425,27.2837
208.0,256.0,-0.268,49.0751
224.0,256.0,2.0443,52.9072
240.0,256.0,1.4942,51.288
256.0,256.0,0.8846,54.0592
272.0,256.0,1.2194,55.5674
288.0,256.0,-0.0261,52.3273
304.0,256.0,-2.9268,43.47
320.0,256.0,-2.9942,39.3484
336.0,256.0,-1.4925,39.7865
352.0,256.0,-6.4035,35.8366
368.0,256.0,-1.1654,29.4218
384.0,256.0,-1.558,19.6765
400.0,256.0,-0.8554,13.4869
416.0,256.0,0.7324,7.674
432.0,256.0,0.3345,5.8037
448.0,256.0,-8.3836,5.8002
464.0,256.0,-1.8146,3.0155
480.0,256.0,-2.1728,2.1281
496.0,256.0,-1.6767,1.3102
16.0,240.0,2.1761,2.4826
32.0,240.0,-0.5894,0.7843
48.0,240.0,-2.1172,-0.5085
64.0,240.0,-1.2533,-0.271
80.0,240.0,0.3882,0.9052
96.0,240.0,2.5372,0.1701
112.0,240.0,-1.4872,5.3709
128.0,240.0,0.9962,6.1455
144.0,240.0,-1.4521,11.8784
160.0,240.0,-3.3905,22.1926
176.0,240.0,-2.6731,27.7264
192.0,240.0,-2.9072,38.2095
208.0,240.0,-0.9663,47.6435
224.0,240.0,0.4265,51.4933
240.0,240.0,1.2363,52.2572
256.0,240.0,0.498,55.2971
272.0,240.0,-0.7751,56.1104
288.0,240.0,-4.763,51.3765
304.0,240.0,-5.7081,45.9736
320.0,240.0,-2.0605,43.45
336.0,240.0,-2.1345,35.717
352.0,240.0,-4.8328,30.3411
368.0,240.0,-5.657,28.0281
384.0,240.0,0.4099,16.8915
400.0,240.0,-1.7181,11.7929
416.0,240.0,-0.79,6.846
432.0,240.0,-0.547,3.6386
448.0,240.0,-3.0296,2.6482
464.0,240.0,-3.036,1.5451
480.0,240.0,0.065,0.1303
496.0,240.0,0.0502,-0.0
16.0,224.0,7.325,0.6687
32.0,224.0,-0.5852,-0.1432
48.0,224.0,-1.2207,0.819
64.0,224.0,1.3042,0.0544
80.0,224.0,2.829,1.034
96.0,224.0,0.7729,1.9859
112.0,224.0,-1.2962,4.6228
128.0,224.0,-0.0347,5.2177
144.0,224.0,0.5756,8.5344
160.0,224.0,-1.5715,19.8156
176.0,224.0,-1.0262,32.3629
192.0,224.0,-0.7832,38.7535
208.0,224.0,-0.8167,43.8047
224.0,224.0,0.5638,46.5538
240.0,224.0,-0.651,53.4431
256.0,224.0,-1.8438,55.5614
272.0,224.0,-2.2417,47.9591
288.0,224.0,-8.1579,47.0575
304.0,224.0,-7.2731,51.5017
320.0,224.0,-2.0916,48.5182
336.0,224.0,0.388,36.8593
352.0,224.0,-1.9827,27.515
368.0,224.0,-3.825,19.5644
384.0,224.0,-2.4254,13.7974
400.0,224.0,-2.47,11.2494
416.0,224.0,-1.4811,4.9835
432.0,224.0,-2.207,2.1738
448.0,224.0,-4.1402,0.9365
464.0,224.0,-4.0641,-0.0325
480.0,224.0,-0.0423,0.0423
496.0,224.0,0.1528,-0.0
16.0,208.0,6.8678,-0.6374
32.0,208.0,-0.4114,-0.6298
48.0,208.0,-1.24,-2.1883
64.0,208.0,1.5875,-0.1017
80.0,208.0,2.3651,1.0265
96.0,208.0,1.2236,1.4206
112.0,208.0,1.6579,0.8709
128.0,208.0,2.8362,-0.6958
144.0,208.0,2.5009,4.2784
160.0,208.0,1.6872,12.6539
176.0,208.0,5.1466,20.75
192.0,208.0,1.5333,32.5953
208.0,208.0,1.211,39.18
224.0,208.0,4.891,41.0311
240.0,208.0,-2.3073,53.9557
256.0,208.0,-6.3826,57.0122
272.0,208.0,-3.4664,45.3583
288.0,208.0,-3.998,47.4903
304.0,208.0,-2.7208,54.1399
320.0,208.0,-1.7115,48.6784
336.0,208.0,0.6327,36.2192
352.0,208.0,-2.0205,16.0404
368.0,208.0,-3.4136,11.8866
384.0,208.0,-4.406,10.1322
400.0,208.0,-3.4485,9.2188
416.0,208.0,-2.2451,4.6328
432.0,208.0,-4.8203,2.5679
448.0,208.0,-6.5163,-1.5976
464.0,208.0,-22.0235,-12.7839
480.0,208.0,-0.0412,-0.0822
496.0,208.0,0.1669,-0.0
16.0,192.0,0.8097,-0.3651
32.0,192.0,0.6108,-0.0967
48.0,192.0,-0.174,-0.2924
64.0,192.0,-0.0618,-0.3065
80.0,192.0,0.3628,3.063
96.0,192.0,3.1868,0.7528
112.0,192.0,2.2736,1.4315
128.0,192.0,5.5733,0.202
144.0,192.0,2.3922,3.6737
160.0,192.0,1.7555,6.0051
176.0,192.0,4.2807,10.6548
192.0,192.0,2.6131,18.6525
208.0,192.0,4.2542,36.5601
224.0,192.0,5.2431,41.3015
240.0,192.0,-1.4111,52.5927
256.0,192.0,-6.2109,56.8115
272.0,192.0,-4.0535,49.8705
288.0,192.0,1.223,47.385
304.0,192.0,2.0878,50.8821
320.0,192.0,0.3942,48.5952
336.0,192.0,-4.3205,33.3134
352.0,192.0,-1.0574,12.0512
368.0,192.0,-4.1079,7.4465
384.0,192.0,-6.5376,7.8909
400.0,192.0,-1.9705,3.5215
416.0,192.0,0.6413,1.3458
432.0,192.0,-5.5327,-0.2392
448.0,192.0,-7.5884,-2.8366
464.0,192.0,-24.6807,-14.8145
480.0,192.0,-0.0406,0.0406
496.0,192.0,0.0502,-0.0502
16.0,176.0,-1.0542,-0.9518
32.0,176.0,0.5014,-0.1822
48.0,176.0,0.2655,2.03
64.0,176.0,0.4028,0.1183
80.0,176.0,0.1247,0.3305
96.0,176.0,2.5145,2.5408
112.0,176.0,1.0063,4.8361
128.0,176.0,1.6352,4.1025
144.0,176.0,2.0395,6.5353
160.0,176.0,0.5184,8.7732
176.0,176.0,2.9287,9.4803
192.0,176.0,7.9216,16.4391
208.0,176.0,0.9533,39.0215
224.0,176.0,1.548,46.2904
240.0,176.0,-0.1471,51.2636
256.0,176.0,-3.2045,56.9536
272.0,176.0,-3.3827,54.9772
288.0,176.0,1.305,49.6479
304.0,176.0,2.1086,48.0225
320.0,176.0,4.6799,46.4506
336.0,176.0,-1.129,28.3572
352.0,176.0,0.1507,10.4588
368.0,176.0,-4.0936,4.1203
384.0,176.0,-6.0398,3.2543
400.0,176.0,-1.0643,-0.4572
416.0,176.0,0.2378,0.1308
432.0,176.0,-5.4983,-0.5662
448.0,176.0,-7.5393,-2.7649
464.0,176.0,-26.1385,-15.6587
480.0,176.0,-31.5999,-19.965
496.0,176.0,-391.737,-261.6674
16.0,160.0,-1.9463,1.0172
32.0,160.0,-0.0185,0.152
48.0,160.0,-1.1406,-0.5199
64.0,160.0,0.3944,-0.3778
80.0,160.0,-0.1631,-0.9724
96.0,160.0,0.2399,0.09
112.0,160.0,2.1515,1.3145
128.0,160.0,2.5402,0.4593
144.0,160.0,2.6592,3.6419
160.0,160.0,2.2848,3.801
176.0,160.0,4.0487,7.5008
192.0,160.0,5.9998,22.5729
208.0,160.0,-3.6842,38.896
224.0,160.0,-2.3388,46.492
240.0,160.0,-0.782,48.337
256.0,160.0,-2.9676,54.7831
272.0,160.0,-3.5831,57.2802
288.0,160.0,0.2481,52.9408
304.0,160.0,1.338,47.5199
320.0,160.0,8.2598,43.8826
336.0,160.0,-1.1918,27.8308
352.0,160.0,-1.6024,6.9633
368.0,160.0,-3.8733,3.9606
384.0,160.0,-4.8187,1.5898
400.0,160.0,-1.6039,2.3642
416.0,160.0,-0.0628,1.6491
432.0,160.0,-1.8421,1.6668
448.0,160.0,-1.2276,1.0313
464.0,160.0,-0.8148,-1.4896
480.0,160.0,-30.135,-19.0063
496.0,160.0,-38.8052,-24.9517
16.0,144.0,-2.5072,1.9955
32.0,144.0,-0.9951,0.1762
48.0,144.0,-2.4899,-1.1311
64.0,144.0,-0.3096,-0.386
80.0,144.0,-1.0775,-1.0948
96.0,144.0,-0.5461,0.3847
112.0,144.0,-0.0097,4.7419
128.0,144.0,-0.1697,7.2128
144.0,144.0,-0.3683,8.9745
160.0,144.0,-0.7034,14.5603
176.0,144.0,0.3229,17.6222
192.0,144.0,1.2991,24.0574
208.0,144.0,-2.4807,42.2522
224.0,144.0,-3.1399,47.2515
240.0,144.0,-2.19,45.7094
256.0,144.0,-1.0744,48.7967
272.0,144.0,-2.8297,58.7753
288.0,144.0,-4.5263,58.5375
304.0,144.0,-3.5059,48.8016
320.0,144.0,-1.2671,37.2413
336.0,144.0,-1.6582,27.6121
352.0,144.0,-5.7514,4.9364
368.0,144.0,-4.4519,3.517
384.0,144.0,-4.9965,2.6371
400.0,144.0,-2.8576,3.2566
416.0,144.0,-1.0376,4.2135
432.0,144.0,-3.7313,4.4388
448.0,144.0,-4.675,-0.6612
464.0,144.0,-1.1847,-0.1219
480.0,144.0,-0.0622,2.0182
496.0,144.0,-37.037,-23.6394
16.0,128.0,1.2014,-1.7433
32.0,128.0,-0.6645,-0.7467
48.0,128.0,-2.1639,0.0837
64.0,128.0,0.1104,0.0092
80.0,128.0,-0.7626,-1.1551
96.0,128.0,-0.1255,2.0275
112.0,128.0,-0.3635,4.7049
128.0,128.0,-2.4637,13.6183
144.0,128.0,-2.9295,17.0412
160.0,128.0,-4.0272,15.4093
176.0,128.0,-1.1698,14.324
192.0,128.0,-2.3964,27.1349
208.0,128.0,-3.2274,41.741
224.0,128.0,-3.6015,46.4334
240.0,128.0,-0.6758,46.0005
256.0,128.0,0.1783,53.2755
272.0,128.0,-3.2249,61.8944
288.0,128.0,-3.8191,58.3584
304.0,128.0,-2.9055,49.1961
320.0,128.0,-0.7376,43.6796
336.0,128.0,-2.4352,28.5211
352.0,128.0,-2.4815,20.0483
368.0,128.0,-2.2424,12.3604
384.0,128.0,-1.832,7.8235
400.0,128.0,-2.5484,-0.9077
416.0,128.0,-3.1315,2.0126
432.0,128.0,-0.4153,3.3498
448.0,128.0,0.4869,-0.556
464.0,128.0,0.6134,2.7521
480.0,128.0,1.0672,1.4143
496.0,128.0,-1.3239,1.0567
16.0,112.0,6.3406,0.6456
32.0,112.0,0.286,-0.138
48.0,112.0,-2.0964,-1.0403
64.0,112.0,-0.4002,0.1026
80.0,112.0,0.3,0.387
96.0,112.0,-0.1504,2.3043
112.0,112.0,-0.5898,5.2525
128.0,112.0,-3.4206,12.4432
144.0,112.0,-2.3123,18.825
160.0,112.0,-3.6528,16.725
176.0,112.0,-5.0444,8.0843
192.0,112.0,-5.3057,18.6848
208.0,112.0,-3.5021,30.3055
224.0,112.0,-4.1252,39.8357
240.0,112.0,-2.6472,50.1938
256.0,112.0,-2.6657,60.3212
272.0,112.0,-3.2444,63.8481
288.0,112.0,0.4925,59.8082
304.0,112.0,-1.9018,51.4187
320.0,112.0,-7.1209,44.0527
336.0,112.0,-5.3469,22.7144
352.0,112.0,-2.8776,14.0314
368.0,112.0,-1.4169,14.6047
384.0,112.0,-0.7283,10.1629
400.0,112.0,0.0136,8.6915
416.0,112.0,-2.2194,6.9061
432.0,112.0,-0.5703,5.7386
448.0,112.0,1.1638,4.0194
464.0,112.0,0.1263,2.2861
480.0,112.0,1.5217,0.7921
496.0,112.0,0.1715,1.7534
16.0,96.0,2.5837,0.9581
32.0,96.0,-0.4539,-0.0761
48.0,96.0,-0.8831,-1.5049
64.0,96.0,-1.265,-0.0944
80.0,96.0,1.1784,-5.8365
96.0,96.0,0.9403,-4.2683
112.0,96.0,1.1774,3.5572
128.0,96.0,-0.3538,6.2626
144.0,96.0,-4.4689,17.7053
160.0,96.0,-9.6905,22.6696
176.0,96.0,-9.3044,19.202
192.0,96.0,-0.0944,14.9431
208.0,96.0,2.1151,22.2765
224.0,96.0,-1.6317,38.1622
240.0,96.0,-1.6439,50.6516
256.0,96.0,-4.7598,57.6221
272.0,96.0,-6.0699,62.2192
288.0,96.0,1.0632,62.3665
304.0,96.0,-4.8084,54.1416
320.0,96.0,-10.1202,45.5475
336.0,96.0,-2.4551,29.5408
352.0,96.0,-1.709,13.6675
368.0,96.0,1.3842,17.2375
384.0,96.0,-0.5653,17.0464
400.0,96.0,1.9892,8.8034
416.0,96.0,3.6222,8.0175
432.0,96.0,5.4068,9.2594
448.0,96.0,2.4899,5.3541
464.0,96.0,1.6523,1.6909
480.0,96.0,0.518,1.7218
496.0,96.0,2.2322,1.8738
16.0,80.0,9.466,0.1413
32.0,80.0,0.2735,0.0113
48.0,80.0,-0.9958,0.4869
64.0,80.0,0.6819,-0.51
80.0,80.0,2.6768,-0.6857
96.0,80.0,1.9369,-0.1181
112.0,80.0,1.7267,2.5003
128.0,80.0,-2.4797,6.2471
144.0,80.0,-3.3535,16.2729
160.0,80.0,-13.4825,35.2322
176.0,80.0,-7.902,39.0001
192.0,80.0,-1.8454,29.4039
208.0,80.0,-1.1183,22.0829
224.0,80.0,1.9217,40.6572
240.0,80.0,-0.7313,50.5026
256.0,80.0,-4.1195,55.0823
272.0,80.0,-5.2996,62.3512
288.0,80.0,-1.643,62.5687
304.0,80.0,-5.4474,47.847
320.0,80.0,-6.6422,40.3328
336.0,80.0,-2.3956,36.4748
352.0,80.0,1.3578,18.9224
368.0,80.0,4.1927,16.5634
384.0,80.0,1.4257,15.8545
400.0,80.0,2.9657,11.0022
416.0,80.0,5.6889,12.6677
432.0,80.0,6.398,12.0382
448.0,80.0,3.1446,6.7475
464.0,80.0,5.9198,3.639
480.0,80.0,6.3274,0.7652
496.0,80.0,2.584,1.9962
16.0,64.0,7.8032,0.4387
32.0,64.0,0.3382,0.0731
48.0,64.0,-2.4675,-0.2216
64.0,64.0,4.4563,-0.2235
80.0,64.0,2.4797,2.8011
96.0,64.0,1.3437,1.2407
112.0,64.0,1.232,-0.6933
128.0,64.0,-0.2171,4.875
144.0,64.0,-6.5386,13.3539
160.0,64.0,-9.623,34.3721
176.0,64.0,-6.3068,39.2715
192.0,64.0,-5.2797,32.2083
208.0,64.0,-3.8216,24.931
224.0,64.0,2.4729,34.8711
240.0,64.0,-1.3239,48.1648
256.0,64.0,-2.249,55.1659
272.0,64.0,-1.5804,62.743
288.0,64.0,-5.1334,60.3655
304.0,64.0,-8.6308,33.7008
320.0,64.0,-7.0612,31.5043
336.0,64.0,-4.0398,40.2571
352.0,64.0,-0.709,29.7894
368.0,64.0,4.2944,18.5188
384.0,64.0,0.4995,18.9785
400.0,64.0,2.1088,16.2233
416.0,64.0,5.0522,18.1187
432.0,64.0,4.664,13.6873
448.0,64.0,1.3695,6.2014
464.0,64.0,3.4872,4.101
480.0,64.0,7.8676,1.1314
496.0,64.0,0.7177,1.1328
16.0,48.0,3.8704,-0.8041
32.0,48.0,0.0448,-0.5695
48.0,48.0,-1.68,-1.7971
64.0,48.0,2.2419,-0.8827
80.0,48.0,0.9535,0.8743
96.0,48.0,1.3092,-0.1314
112.0,48.0,0.6842,1.0078
128.0,48.0,4.1346,4.628
144.0,48.0,2.7655,10.9476
160.0,48.0,-3.0142,31.6282
176.0,48.0,-3.8023,37.4517
192.0,48.0,-2.8643,25.8198
208.0,48.0,1.9754,27.5551
224.0,48.0,-0.2134,37.056
240.0,48.0,2.4504,45.0996
256.0,48.0,5.3318,50.1347
272.0,48.0,3.3966,54.3507
288.0,48.0,-3.5601,55.2343
304.0,48.0,-10.7145,34.3084
320.0,48.0,-8.4873,21.5853
336.0,48.0,-5.1825,32.4295
352.0,48.0,1.8576,36.3853
368.0,48.0,1.2535,37.4693
384.0,48.0,3.0531,27.4385
400.0,48.0,1.2737,20.4721
416.0,48.0,4.85,19.2791
432.0,48.0,5.1144,14.5855
448.0,48.0,1.4223,5.7978
464.0,48.0,1.5806,2.7336
480.0,48.0,2.0195,1.4103
496.0,48.0,2.0345,2.9154
16.0,32.0,1.6018,-4.7747
32.0,32.0,-0.1553,-0.511
48.0,32.0,-1.223,0.6853
64.0,32.0,-0.1825,0.5623
80.0,32.0,0.1226,1.0475
96.0,32.0,4.582,0.5861
112.0,32.0,1.3073,1.7725
128.0,32.0,2.07,4.8813
144.0,32.0,0.7887,10.1358
160.0,32.0,-2.5759,14.493
176.0,32.0,-1.1274,21.9347
192.0,32.0,3.9051,21.6263
208.0,32.0,0.4404,24.1661
224.0,32.0,2.0124,36.6652
240.0,32.0,6.8119,43.9472
256.0,32.0,10.6667,46.7793
272.0,32.0,6.1024,50.2035
288.0,32.0,0.8595,50.914
304.0,32.0,-4.805,38.0453
320.0,32.0,-4.3348,24.3431
336.0,32.0,-0.206,28.7752
352.0,32.0,2.5385,33.7353
368.0,32.0,-3.4943,24.7042
384.0,32.0,1.9089,22.5796
400.0,32.0,1.4435,24.9161
416.0,32.0,4.4035,18.4137
432.0,32.0,3.916,9.2598
448.0,32.0,1.2764,6.6101
464.0,32.0,0.795,6.1975
480.0,32.0,-1.1314,5.522
496.0,32.0,1.3071,3.1109
16.0,16.0,2.6276,-11.3497
32.0,16.0,-0.3813,-4.4188
48.0,16.0,-0.4728,-7.7532
64.0,16.0,-0.0837,-3.9553
80.0,16.0,0.2733,-6.9016
96.0,16.0,2.103,-4.8697
112.0,16.0,2.9173,-4.0483
128.0,16.0,1.247,-3.5418
144.0,16.0,1.9835,-0.1852
160.0,16.0,-0.0851,3.4657
176.0,16.0,-2.0437,11.1183
192.0,16.0,3.289,26.4208
208.0,16.0,-2.6779,33.407
224.0,16.0,0.0212,35.6955
240.0,16.0,8.9615,42.7443
256.0,16.0,10.5066,43.6968
272.0,16.0,5.3328,48.5952
288.0,16.0,1.4759,53.2188
304.0,16.0,-2.9736,42.6044
320.0,16.0,-2.5502,35.6697
336.0,16.0,-2.5953,30.9313
352.0,16.0,0.4251,16.8648
368.0,16.0,0.3391,26.1186
384.0,16.0,0.4055,13.1958
400.0,16.0,2.0657,15.7629
416.0,16.0,4.785,16.5504
432.0,16.0,1.6899,9.4477
448.0,16.0,-0.4936,7.0349
464.0,16.0,-1.4566,2.7456
480.0,16.0,-1.9363,2.8893
496.0,16.0,0.4014,3.4406
