16.0,496.0,-4.265,3.6182
32.0,496.0,-2.43,4.751
48.0,496.0,-1.7889,5.6612
64.0,496.0,0.061,4.9406
80.0,496.0,2.6588,3.3308
96.0,496.0,7.0251,0.9014
112.0,496.0,6.0713,5.7478
128.0,496.0,4.4027,10.6134
144.0,496.0,4.9261,28.8927
160.0,496.0,1.8991,46.2557
176.0,496.0,0.4774,35.0946
192.0,496.0,-0.0635,37.1192
208.0,496.0,-0.1711,36.8397
224.0,496.0,-0.8667,40.2178
240.0,496.0,-0.6379,41.3717
256.0,496.0,-1.8484,49.3061
272.0,496.0,-0.828,47.1357
288.0,496.0,1.8408,50.1251
304.0,496.0,1.2039,53.3949
320.0,496.0,3.3573,55.8895
336.0,496.0,5.9206,58.5215
352.0,496.0,6.2971,53.1391
368.0,496.0,5.8977,42.7582
384.0,496.0,2.7021,25.0904
400.0,496.0,2.6834,13.1947
416.0,496.0,1.1607,7.5822
432.0,496.0,0.6107,4.6283
448.0,496.0,-0.3181,1.9047
464.0,496.0,-2.9905,0.8392
480.0,496.0,-2.94,0.7397
496.0,496.0,-0.4889,1.263
16.0,480.0,-2.1296,1.5978
32.0,480.0,-1.4784,1.7473
48.0,480.0,-0.6048,0.3874
64.0,480.0,0.7982,0.058
80.0,480.0,3.4695,1.2346
96.0,480.0,3.7743,1.1442
112.0,480.0,5.1313,6.0263
128.0,480.0,4.6995,11.4275
144.0,480.0,2.2673,26.1473
160.0,480.0,0.7828,41.0116
176.0,480.0,-0.4379,33.2727
192.0,480.0,-0.1591,29.3198
208.0,480.0,-1.5697,33.4314
224.0,480.0,-1.9566,34.2436
240.0,480.0,-1.0921,40.5617
256.0,480.0,-0.4707,41.2146
272.0,480.0,-0.8421,45.1557
288.0,480.0,1.1391,50.9645
304.0,480.0,3.5032,52.7128
320.0,480.0,5.5597,50.9169
336.0,480.0,5.1279,52.6531
352.0,480.0,6.4672,51.8784
368.0,480.0,2.2852,38.5159
384.0,480.0,-1.1198,10.1402
400.0,480.0,0.5222,9.3649
416.0,480.0,5.1586,14.2962
432.0,480.0,1.0592,3.7284
448.0,480.0,0.2649,2.0172
464.0,480.0,-2.3848,1.712
480.0,480.0,-3.2543,0.8282
496.0,480.0,-0.666,0.8492
16.0,464.0,1.5594,1.5202
32.0,464.0,-1.1602,1.2623
48.0,464.0,0.6517,1.5276
64.0,464.0,3.5521,1.1093
80.0,464.0,4.6492,1.8223
96.0,464.0,3.2324,3.0687
112.0,464.0,4.5574,5.246
128.0,464.0,4.4626,14.9124
144.0,464.0,-1.1995,28.0172
160.0,464.0,-0.0807,40.6389
176.0,464.0,2.1162,39.1521
192.0,464.0,0.1947,35.6272
208.0,464.0,-1.8217,35.5986
224.0,464.0,0.7048,38.9645
240.0,464.0,2.7172,41.7805
256.0,464.0,0.7195,44.9747
272.0,464.0,-1.6048,49.7791
288.0,464.0,-0.2306,52.8301
304.0,464.0,6.1039,50.4398
320.0,464.0,8.478,50.2401
336.0,464.0,5.2296,51.2222
352.0,464.0,4.3669,48.1194
368.0,464.0,-0.4749,38.6814
384.0,464.0,0.0626,8.5209
400.0,464.0,0.3031,6.5037
416.0,464.0,4.2185,8.5699
432.0,464.0,0.3665,0.0055
448.0,464.0,-0.2673,-1.8155
464.0,464.0,-1.2308,-3.1078
480.0,464.0,-3.4882,3.1654
496.0,464.0,-2.1532,1.5068
16.0,448.0,-0.1369,1.0752
32.0,448.0,-0.8842,1.355
48.0,448.0,1.7624,1.1055
64.0,448.0,4.6743,3.5881
80.0,448.0,3.0832,4.7306
96.0,448.0,3.3003,5.1069
112.0,448.0,4.319,6.0242
128.0,448.0,4.8149,20.1942
144.0,448.0,-2.5772,38.5973
160.0,448.0,-0.6292,41.316
176.0,448.0,1.4763,37.5006
192.0,448.0,1.0862,34.8202
208.0,448.0,0.1772,36.627
224.0,448.0,-1.0021,46.0175
240.0,448.0,0.2089,43.0125
256.0,448.0,3.6018,44.3684
272.0,448.0,-0.0212,51.3763
288.0,448.0,0.1591,54.6106
304.0,448.0,8.5548,51.3067
320.0,448.0,9.7486,51.4282
336.0,448.0,4.0462,49.725
352.0,448.0,2.4113,44.8076
368.0,448.0,-1.7738,39.0984
384.0,448.0,0.6323,21.4476
400.0,448.0,1.8234,10.3405
416.0,448.0,6.6029,4.9032
432.0,448.0,6.9693,4.1616
448.0,448.0,-1.2123,-6.6663
464.0,448.0,-2.161,-7.5956
480.0,448.0,-0.8713,0.4457
496.0,448.0,-0.099,0.5507
16.0,432.0,0.1663,1.8806
32.0,432.0,-0.5341,1.2091
48.0,432.0,1.4927,1.3151
64.0,432.0,4.4954,3.9719
80.0,432.0,2.7079,5.7804
96.0,432.0,3.039,4.9648
112.0,432.0,4.2618,4.1897
128.0,432.0,4.3251,14.7112
144.0,432.0,-2.667,35.216
160.0,432.0,-1.9655,40.6483
176.0,432.0,-1.9415,38.8454
192.0,432.0,1.1669,36.0863
208.0,432.0,1.0815,38.6345
224.0,432.0,3.7958,40.8566
240.0,432.0,4.6961,44.1257
256.0,432.0,1.8797,46.7384
272.0,432.0,-3.0392,51.177
288.0,432.0,-1.5936,53.4904
304.0,432.0,4.6232,51.7359
320.0,432.0,4.911,50.622
336.0,432.0,1.2119,48.4104
352.0,432.0,1.193,43.0235
368.0,432.0,0.103,29.4995
384.0,432.0,0.2899,25.5863
400.0,432.0,-0.5917,11.7186
416.0,432.0,1.832,1.4843
432.0,432.0,1.742,1.4084
448.0,432.0,-2.2606,-8.406
464.0,432.0,-12.7439,-80.6351
480.0,432.0,-0.5516,0.419
496.0,432.0,-1.7056,0.3584
16.0,416.0,1.2011,-0.9586
32.0,416.0,2.419,1.4075
48.0,416.0,3.0241,0.5791
64.0,416.0,3.8553,3.1479
80.0,416.0,3.9255,5.479
96.0,416.0,3.2892,4.2597
112.0,416.0,6.4333,8.7967
128.0,416.0,3.8261,13.6393
144.0,416.0,2.5618,28.8084
160.0,416.0,-0.635,40.56
176.0,416.0,-3.833,34.3885
192.0,416.0,0.2636,33.6689
208.0,416.0,0.9274,39.2948
224.0,416.0,2.0191,41.206
240.0,416.0,1.144,43.6584
256.0,416.0,-0.9033,49.3483
272.0,416.0,-4.1258,53.1658
288.0,416.0,-4.6104,53.2635
304.0,416.0,-1.8635,50.1238
320.0,416.0,-0.2045,46.9742
336.0,416.0,-1.3813,43.737
352.0,416.0,-0.0499,34.5199
368.0,416.0,-0.8961,27.312
384.0,416.0,-1.0599,18.8789
400.0,416.0,-1.7684,11.5587
416.0,416.0,-2.5377,-1.8198
432.0,416.0,-2.3739,-0.0843
448.0,416.0,-5.0594,-12.7342
464.0,416.0,-17.0418,-90.7543
480.0,416.0,-1.0897,-0.1842
496.0,416.0,-3.8193,0.9369
16.0,400.0,2.6648,0.5303
32.0,400.0,2.6598,1.1038
48.0,400.0,5.3951,0.4969
64.0,400.0,2.9696,2.0018
80.0,400.0,2.5967,3.3268
96.0,400.0,2.5692,4.9343
112.0,400.0,4.6822,8.7889
128.0,400.0,-0.8287,9.638
144.0,400.0,-0.3546,16.8922
160.0,400.0,0.4101,36.2507
176.0,400.0,-1.4347,33.0588
192.0,400.0,-0.2108,35.1488
208.0,400.0,-2.3157,44.095
224.0,400.0,0.0479,45.2419
240.0,400.0,-0.8001,45.9789
256.0,400.0,-2.496,47.9643
272.0,400.0,-2.5661,54.6295
288.0,400.0,-5.2723,54.7504
304.0,400.0,-4.2526,49.205
320.0,400.0,-1.1553,42.8406
336.0,400.0,-2.3567,41.1695
352.0,400.0,-1.3126,31.2977
368.0,400.0,-1.9235,24.7022
384.0,400.0,-1.9926,17.0985
400.0,400.0,-3.5258,10.5001
416.0,400.0,-4.9414,4.4536
432.0,400.0,-5.9191,-4.9869
448.0,400.0,-9.1221,-15.3227
464.0,400.0,-2.5955,2.2535
480.0,400.0,-2.7876,-7.3084
496.0,400.0,-249.1299,-1791.4872
16.0,384.0,3.2215,1.8267
32.0,384.0,6.9832,0.3489
48.0,384.0,1.7794,-0.3546
64.0,384.0,1.1703,2.5192
80.0,384.0,1.9808,6.1316
96.0,384.0,2.107,5.8666
112.0,384.0,1.7481,7.1159
128.0,384.0,-2.2112,8.321
144.0,384.0,-0.5209,13.8298
160.0,384.0,2.5986,22.2605
176.0,384.0,-4.5021,30.9793
192.0,384.0,-4.2618,40.2697
208.0,384.0,-4.1826,44.4874
224.0,384.0,-0.9926,46.804
240.0,384.0,0.3639,47.9832
256.0,384.0,-0.4808,49.8011
272.0,384.0,-0.6096,55.2965
288.0,384.0,-2.0922,56.2843
304.0,384.0,-2.4248,48.1159
320.0,384.0,-0.2705,42.1051
336.0,384.0,-2.7479,41.0936
352.0,384.0,-2.6236,28.3153
368.0,384.0,-3.1483,12.4998
384.0,384.0,-2.9058,6.7986
400.0,384.0,-4.0671,9.6516
416.0,384.0,-6.2797,4.2875
432.0,384.0,-18.5123,-1.5384
448.0,384.0,-3.2665,4.4237
464.0,384.0,-1.3777,3.5358
480.0,384.0,-40.9355,-112.095
496.0,384.0,-50.1272,-147.5506
16.0,368.0,6.2218,-3.833
32.0,368.0,2.9489,0.7889
48.0,368.0,0.3283,1.6138
64.0,368.0,0.7341,2.4818
80.0,368.0,1.3166,2.2264
96.0,368.0,1.8368,1.9783
112.0,368.0,0.8451,6.1169
128.0,368.0,-0.6506,8.6485
144.0,368.0,4.2295,12.9364
160.0,368.0,-2.1744,16.0727
176.0,368.0,-5.4092,29.772
192.0,368.0,-5.2988,39.6461
208.0,368.0,-7.3997,44.6201
224.0,368.0,-8.4276,49.6391
240.0,368.0,-4.1998,53.253
256.0,368.0,-0.8905,51.6027
272.0,368.0,-0.2005,54.5095
288.0,368.0,1.6459,54.6593
304.0,368.0,0.9714,46.8195
320.0,368.0,-0.5365,37.1227
336.0,368.0,-6.028,32.1306
352.0,368.0,-2.5336,26.9534
368.0,368.0,-2.9068,20.8626
384.0,368.0,-4.4989,8.8806
400.0,368.0,-2.5789,11.3468
416.0,368.0,-1.1053,8.0421
432.0,368.0,-18.5921,4.3532
448.0,368.0,-24.4529,-4.2437
464.0,368.0,-0.8478,6.8325
480.0,368.0,-47.2408,-84.4496
496.0,368.0,-0.4478,1.4566
16.0,352.0,3.6545,-1.3596
32.0,352.0,9.2995,-0.2384
48.0,352.0,1.099,3.8069
64.0,352.0,0.2989,2.2915
80.0,352.0,0.4385,1.6121
96.0,352.0,0.79,2.9528
112.0,352.0,2.0329,7.5024
128.0,352.0,2.9385,9.3843
144.0,352.0,2.3308,7.5516
160.0,352.0,-6.6673,12.2332
176.0,352.0,-4.6268,27.3748
192.0,352.0,-3.8303,40.3942
208.0,352.0,-4.394,43.9463
224.0,352.0,-4.8779,49.3599
240.0,352.0,-4.3596,53.9452
256.0,352.0,-1.4698,52.4954
272.0,352.0,-0.2111,53.2305
288.0,352.0,0.5219,50.8905
304.0,352.0,-0.4997,46.7239
320.0,352.0,-4.5961,34.73
336.0,352.0,-7.7787,31.4444
352.0,352.0,-5.9471,25.9176
368.0,352.0,-2.6151,20.0832
384.0,352.0,-4.1269,10.4076
400.0,352.0,-2.0601,8.4053
416.0,352.0,0.1865,5.736
432.0,352.0,-1.5413,3.8527
448.0,352.0,-24.9009,-0.7639
464.0,352.0,-298.5361,-5.4482
480.0,352.0,-35.849,8.4068
496.0,352.0,-0.0814,2.5957
16.0,336.0,5.3696,0.1213
32.0,336.0,-0.4541,0.016
48.0,336.0,1.5274,0.4232
64.0,336.0,1.1064,1.1929
80.0,336.0,1.491,2.2964
96.0,336.0,1.9892,2.914
112.0,336.0,1.0822,6.1134
128.0,336.0,1.3706,5.8567
144.0,336.0,-3.9095,6.3112
160.0,336.0,-6.7907,10.5324
176.0,336.0,-2.4035,25.2911
192.0,336.0,0.255,38.2765
208.0,336.0,0.053,45.9284
224.0,336.0,0.9647,49.7273
240.0,336.0,-0.1108,52.8364
256.0,336.0,0.6327,52.4988
272.0,336.0,-1.7323,51.1894
288.0,336.0,-1.3134,49.0442
304.0,336.0,-0.4354,44.9318
320.0,336.0,0.0151,40.8226
336.0,336.0,0.7355,36.4363
352.0,336.0,0.4473,24.1949
368.0,336.0,0.267,21.5403
384.0,336.0,-2.8054,14.3825
400.0,336.0,-3.6444,5.4447
416.0,336.0,-0.5795,7.1188
432.0,336.0,1.7324,10.8919
448.0,336.0,0.9754,7.7324
464.0,336.0,-29.2548,22.2672
480.0,336.0,-35.5777,25.8707
496.0,336.0,-89.2536,394.298
16.0,320.0,3.1673,0.5144
32.0,320.0,0.016,0.0154
48.0,320.0,-0.6979,-2.6518
64.0,320.0,-0.6287,-0.736
80.0,320.0,3.7621,3.7477
96.0,320.0,3.1357,4.8738
112.0,320.0,-0.7191,4.6118
128.0,320.0,-5.0186,6.0438
144.0,320.0,-8.0671,7.0885
160.0,320.0,-5.3211,9.3426
176.0,320.0,-1.1005,27.2449
192.0,320.0,-0.1949,41.2962
208.0,320.0,1.803,48.4838
224.0,320.0,0.3939,52.6825
240.0,320.0,0.2897,52.8395
256.0,320.0,2.0988,49.2607
272.0,320.0,-1.0939,48.9473
288.0,320.0,-0.5466,48.4655
304.0,320.0,-0.3933,44.2059
320.0,320.0,4.1466,40.6872
336.0,320.0,4.6909,38.1304
352.0,320.0,2.108,26.4992
368.0,320.0,-1.1459,21.6223
384.0,320.0,-5.7758,14.3385
400.0,320.0,-3.6905,4.6972
416.0,320.0,-0.7895,6.1075
432.0,320.0,0.1413,11.7861
448.0,320.0,2.9015,9.005
464.0,320.0,0.7202,4.4531
480.0,320.0,-39.5317,34.727
496.0,320.0,0.1171,-2.927
16.0,304.0,-0.4389,0.4585
32.0,304.0,0.3531,0.165
48.0,304.0,-0.1291,-1.1576
64.0,304.0,-0.7551,-0.8894
80.0,304.0,-1.8429,-2.3273
96.0,304.0,-0.3041,2.425
112.0,304.0,-1.2219,4.1829
128.0,304.0,-6.4337,4.8542
144.0,304.0,-4.9582,7.3139
160.0,304.0,-1.0349,10.1906
176.0,304.0,-1.1398,21.8639
192.0,304.0,2.2589,42.9695
208.0,304.0,3.8675,49.6441
224.0,304.0,1.5738,55.1973
240.0,304.0,0.0687,54.4746
256.0,304.0,-0.4854,50.5478
272.0,304.0,0.8965,50.4976
288.0,304.0,1.5209,49.3219
304.0,304.0,-1.0218,42.9045
320.0,304.0,3.5551,36.2812
336.0,304.0,1.2173,36.3949
352.0,304.0,-6.8218,24.51
368.0,304.0,-5.4924,19.2789
384.0,304.0,-7.7896,15.3791
400.0,304.0,-4.0649,2.457
416.0,304.0,-2.1727,5.3537
432.0,304.0,-1.5575,8.3801
448.0,304.0,0.6063,6.1573
464.0,304.0,-40.5407,40.0193
480.0,304.0,-50.3328,47.9495
496.0,304.0,0.0,3.4527
16.0,288.0,0.3429,-0.8249
32.0,288.0,-0.1154,-0.0591
48.0,288.0,-0.6428,0.2188
64.0,288.0,-0.6811,-0.7696
80.0,288.0,0.168,-2.9724
96.0,288.0,-0.4771,2.0644
112.0,288.0,-1.2859,4.0591
128.0,288.0,-2.3981,5.1542
144.0,288.0,-2.8696,11.6816
160.0,288.0,1.6533,14.905
176.0,288.0,1.2264,22.0877
192.0,288.0,0.394,34.4433
208.0,288.0,1.7025,49.8503
224.0,288.0,1.5064,53.8696
240.0,288.0,-2.2608,53.0863
256.0,288.0,-2.2917,51.6792
272.0,288.0,0.1926,53.3079
288.0,288.0,1.4318,50.1228
304.0,288.0,2.2736,41.4217
320.0,288.0,2.6926,36.594
336.0,288.0,0.8715,32.5176
352.0,288.0,-7.2893,21.3722
368.0,288.0,-9.1856,16.9846
384.0,288.0,-7.1157,13.587
400.0,288.0,-8.1428,12.6755
416.0,288.0,-3.7043,6.918
432.0,288.0,-3.019,7.3154
448.0,288.0,-2.4439,6.3025
464.0,288.0,-67.6186,40.5624
480.0,288.0,-81.9492,47.1415
496.0,288.0,-0.0305,2.6863
16.0,272.0,1.235,-0.2388
32.0,272.0,-0.2277,-0.3506
48.0,272.0,-1.0021,-0.6113
64.0,272.0,-0.0914,-0.2544
80.0,272.0,1.2327,-2.6699
96.0,272.0,-0.0451,1.4398
112.0,272.0,-0.4803,3.2779
128.0,272.0,-0.5564,6.1364
144.0,272.0,-4.1908,10.096
160.0,272.0,0.5611,15.2205
176.0,272.0,1.4145,21.3203
192.0,272.0,6.0438,37.8956
208.0,272.0,1.634,45.7279
224.0,272.0,-0.5695,49.4818
240.0,272.0,-4.077,51.1433
256.0,272.0,-2.4351,53.1536
272.0,272.0,1.2642,54.9204
288.0,272.0,0.0629,51.7654
304.0,272.0,1.3496,41.8598
320.0,272.0,1.2175,34.5793
336.0,272.0,-1.3256,21.1349
352.0,272.0,-8.1139,13.4417
368.0,272.0,-11.973,10.1828
384.0,272.0,-8.5952,13.5693
400.0,272.0,-11.1865,14.3721
416.0,272.0,-15.1474,17.4339
432.0,272.0,-4.1573,3.1189
448.0,272.0,-5.9061,3.2177
464.0,272.0,-124.5532,103.8196
480.0,272.0,-444.9423,162.2143
496.0,272.0,0.0328,-0.0328
16.0,256.0,0.2645,1.4566
32.0,256.0,-0.1879,0.0261
48.0,256.0,-1.088,0.9501
64.0,256.0,0.3145,0.2911
80.0,256.0,0.5365,-0.7498
96.0,256.0,0.8208,1.2768
112.0,256.0,0.6336,2.8615
128.0,256.0,0.4082,5.6786
144.0,256.0,-1.9775,11.3283
160.0,256.0,-1.2037,12.76
176.0,256.0,-1.1766,17.7544
192.0,256.0,1.6869,35.257
208.0,256.0,-1.4107,42.8249
224.0,256.0,-4.7182,48.7684
240.0,256.0,-5.7465,51.4874
256.0,256.0,-0.8856,54.3362
272.0,256.0,3.9265,55.7556
288.0,256.0,0.1673,51.5743
304.0,256.0,-0.7778,42.7366
320.0,256.0,1.4471,30.6721
336.0,256.0,0.3815,15.6937
352.0,256.0,-5.6894,8.1957
368.0,256.0,-10.2295,6.4314
384.0,256.0,-10.8313,11.1977
400.0,256.0,-4.0386,9.569
416.0,256.0,-20.9291,23.4119
432.0,256.0,-42.8508,40.5882
448.0,256.0,-3.0245,3.3125
464.0,256.0,-137.3028,115.3118
480.0,256.0,-442.3716,148.0986
496.0,256.0,-202.6684,167.2111
16.0,240.0,3.212,1.1257
32.0,240.0,-0.5835,0.4387
48.0,240.0,-1.6859,0.7887
64.0,240.0,0.0183,0.4536
80.0,240.0,0.7148,0.928
96.0,240.0,2.5293,-0.8408
112.0,240.0,4.2467,0.8066
128.0,240.0,3.821,1.5785
144.0,240.0,1.9232,4.3633
160.0,240.0,-1.0687,10.5959
176.0,240.0,-0.0906,18.4692
192.0,240.0,-0.6395,36.8389
208.0,240.0,-3.2658,48.1234
224.0,240.0,-5.352,51.3474
240.0,240.0,-4.6827,50.2541
256.0,240.0,2.8503,54.4931
272.0,240.0,4.7457,53.2057
288.0,240.0,1.0712,47.6046
304.0,240.0,-2.3483,44.0405
320.0,240.0,0.1007,28.6253
336.0,240.0,0.6136,13.7779
352.0,240.0,-4.3091,16.6802
368.0,240.0,-6.2666,3.9265
384.0,240.0,-8.8789,10.0044
400.0,240.0,-0.9815,13.1866
416.0,240.0,-25.8069,28.9849
432.0,240.0,-45.3344,44.7762
448.0,240.0,-131.3518,114.3063
464.0,240.0,-135.9276,116.5528
480.0,240.0,-1146.3822,1362.6934
496.0,240.0,0.1183,-0.0
16.0,224.0,7.4366,0.6491
32.0,224.0,-0.8551,0.3098
48.0,224.0,-1.8339,2.6201
64.0,224.0,0.4118,0.6596
80.0,224.0,0.7744,1.3002
96.0,224.0,2.306,0.5236
112.0,224.0,4.0955,0.7076
128.0,224.0,3.5042,0.9787
144.0,224.0,2.4073,2.5286
160.0,224.0,-2.1526,12.7836
176.0,224.0,-0.3553,25.2939
192.0,224.0,4.4018,34.4933
208.0,224.0,0.9155,46.719
224.0,224.0,-3.1063,52.2291
240.0,224.0,-2.7325,52.4736
256.0,224.0,2.9129,56.4669
272.0,224.0,1.5326,52.5764
288.0,224.0,-1.4946,46.2061
304.0,224.0,-5.875,41.6027
320.0,224.0,-2.907,32.1826
336.0,224.0,-3.4179,24.2861
352.0,224.0,-7.2172,10.7775
368.0,224.0,-2.1187,7.8821
384.0,224.0,-0.2378,10.351
400.0,224.0,-2.8511,12.7607
416.0,224.0,-2.1137,12.5189
432.0,224.0,-42.182,43.362
448.0,224.0,-112.0228,108.066
464.0,224.0,-118.1338,111.6971
480.0,224.0,-138.3254,129.9166
496.0,224.0,0.3113,-0.0
16.0,208.0,5.8466,0.0036
32.0,208.0,-0.205,0.174
48.0,208.0,-0.9768,0.5123
64.0,208.0,0.2642,-0.3939
80.0,208.0,0.6676,1.6855
96.0,208.0,3.8647,4.122
112.0,208.0,1.6417,3.5164
128.0,208.0,0.8804,7.1228
144.0,208.0,0.5373,10.6988
160.0,208.0,-1.1026,16.9237
176.0,208.0,-2.6644,22.8075
192.0,208.0,1.6087,34.2754
208.0,208.0,-4.9908,43.8068
224.0,208.0,-4.2875,50.0631
240.0,208.0,-1.2297,55.2471
256.0,208.0,-4.0079,57.375
272.0,208.0,-6.2904,50.8175
288.0,208.0,-4.0565,46.8691
304.0,208.0,-5.9837,43.7395
320.0,208.0,-9.7898,39.4749
336.0,208.0,-8.4431,25.3471
352.0,208.0,-1.9814,9.4143
368.0,208.0,-1.2259,8.4446
384.0,208.0,2.0737,10.7214
400.0,208.0,-2.235,10.9238
416.0,208.0,-23.4668,28.5771
432.0,208.0,-34.9174,38.0353
448.0,208.0,-87.6944,97.7293
464.0,208.0,1.4168,3.0787
480.0,208.0,0.3323,-3.8967
496.0,208.0,0.2613,-0.0
16.0,192.0,1.4284,1.0164
32.0,192.0,0.4642,0.2885
48.0,192.0,0.7048,-0.6147
64.0,192.0,0.0498,0.124
80.0,192.0,0.1049,0.9239
96.0,192.0,0.2021,3.8279
112.0,192.0,0.0425,6.2253
128.0,192.0,-0.2902,9.7363
144.0,192.0,-0.5415,13.7327
160.0,192.0,-1.9146,11.1414
176.0,192.0,-0.4559,14.8729
192.0,192.0,-2.3628,33.242
208.0,192.0,-10.5074,45.178
224.0,192.0,-6.5212,47.8981
240.0,192.0,-1.3924,53.2187
256.0,192.0,-5.1441,56.6948
272.0,192.0,-6.0694,51.795
288.0,192.0,-3.5608,49.2937
304.0,192.0,-2.8095,46.961
320.0,192.0,-2.7008,36.6333
336.0,192.0,-1.8357,29.453
352.0,192.0,-1.2585,22.7217
368.0,192.0,-0.8053,17.4524
384.0,192.0,0.4265,7.5848
400.0,192.0,-1.5783,5.8487
416.0,192.0,-2.1978,8.8827
432.0,192.0,-21.3245,27.0979
448.0,192.0,-28.2621,32.7142
464.0,192.0,-28.7038,31.984
480.0,192.0,-30.8572,32.9699
496.0,192.0,-25.332,25.9629
16.0,176.0,-1.2676,0.668
32.0,176.0,0.0645,-0.2092
48.0,176.0,0.5419,0.2316
64.0,176.0,0.415,0.63
80.0,176.0,-0.4026,0.1972
96.0,176.0,-0.6999,4.7651
112.0,176.0,-1.3066,8.438
128.0,176.0,-2.8687,13.76
144.0,176.0,0.4358,12.9663
160.0,176.0,1.5181,17.0675
176.0,176.0,3.1902,20.3537
192.0,176.0,4.3907,26.0019
208.0,176.0,-0.9649,38.4718
224.0,176.0,0.2846,41.4486
240.0,176.0,0.6907,46.5969
256.0,176.0,-3.2372,54.6433
272.0,176.0,-2.5333,52.7496
288.0,176.0,-0.7278,50.0532
304.0,176.0,-1.0727,43.0695
320.0,176.0,-2.6285,30.3064
336.0,176.0,1.9684,37.8994
352.0,176.0,4.2444,44.8462
368.0,176.0,-0.0566,19.199
384.0,176.0,-0.9165,5.3967
400.0,176.0,-0.6977,2.6844
416.0,176.0,-2.1482,6.4104
432.0,176.0,0.1698,15.3524
448.0,176.0,-11.6369,17.6186
464.0,176.0,-12.2611,17.0042
480.0,176.0,-12.4012,15.9222
496.0,176.0,-8.2678,9.9814
16.0,160.0,-1.66,-0.3862
32.0,160.0,-0.4856,0.2106
48.0,160.0,-1.2289,-0.1236
64.0,160.0,0.1694,-0.5997
80.0,160.0,0.0759,-2.0668
96.0,160.0,-1.2581,5.045
112.0,160.0,-1.9626,9.4861
128.0,160.0,-5.628,14.9828
144.0,160.0,-5.5189,20.4287
160.0,160.0,-3.4454,31.8993
176.0,160.0,-1.5825,34.8654
192.0,160.0,2.3666,35.7216
208.0,160.0,3.2169,34.4328
224.0,160.0,6.6587,26.7559
240.0,160.0,4.611,40.7785
256.0,160.0,0.4307,51.0679
272.0,160.0,1.2472,51.7609
288.0,160.0,2.3798,48.4793
304.0,160.0,2.7006,42.9895
320.0,160.0,-0.7931,28.4721
336.0,160.0,3.9249,33.6126
352.0,160.0,3.6596,39.0917
368.0,160.0,0.5303,20.4661
384.0,160.0,0.0442,16.0255
400.0,160.0,-0.1278,3.12
416.0,160.0,-0.5672,8.1072
432.0,160.0,-2.0582,16.2079
448.0,160.0,2.6457,13.6215
464.0,160.0,0.3456,3.5038
480.0,160.0,0.4602,0.6849
496.0,160.0,-8.4422,10.222
16.0,144.0,-1.7712,-0.1263
32.0,144.0,-0.7425,0.1711
48.0,144.0,-1.6159,-0.4349
64.0,144.0,0.2981,-1.1215
80.0,144.0,-0.399,-3.0825
96.0,144.0,-1.3048,5.1328
112.0,144.0,-2.0686,9.9711
128.0,144.0,-7.9832,16.6986
144.0,144.0,-8.8854,32.6353
160.0,144.0,-4.122,38.3825
176.0,144.0,-2.6096,40.3641
192.0,144.0,-0.6716,42.3567
208.0,144.0,-0.2195,33.5003
224.0,144.0,4.2906,21.3282
240.0,144.0,5.0608,36.8103
256.0,144.0,4.4767,49.2952
272.0,144.0,1.6644,52.7071
288.0,144.0,1.367,49.5981
304.0,144.0,4.5876,40.3292
320.0,144.0,1.0353,27.9715
336.0,144.0,2.5188,31.5018
352.0,144.0,0.3927,35.7426
368.0,144.0,0.9945,20.6799
384.0,144.0,0.6702,16.7877
400.0,144.0,-1.7014,5.0089
416.0,144.0,0.3922,8.6096
432.0,144.0,-0.2882,9.8757
448.0,144.0,1.0738,6.8974
464.0,144.0,-0.354,2.2354
480.0,144.0,1.8023,0.7896
496.0,144.0,-1.7441,-1.016
16.0,128.0,0.5489,-1.7567
32.0,128.0,-0.4307,-0.094
48.0,128.0,-1.5377,0.3353
64.0,128.0,0.1245,-0.5583
80.0,128.0,-0.4697,1.6798
96.0,128.0,-0.6667,4.3
112.0,128.0,-1.2931,9.0752
128.0,128.0,-4.3331,8.5546
144.0,128.0,-2.0456,29.7394
160.0,128.0,-0.2539,38.5967
176.0,128.0,0.6987,38.7104
192.0,128.0,1.77,37.7865
208.0,128.0,-1.2545,30.994
224.0,128.0,0.6496,29.8903
240.0,128.0,5.0501,38.5706
256.0,128.0,7.3292,45.4737
272.0,128.0,2.1593,50.7725
288.0,128.0,-2.2005,50.4648
304.0,128.0,0.041,41.2321
320.0,128.0,2.212,22.381
336.0,128.0,2.7571,20.5826
352.0,128.0,0.2317,30.8266
368.0,128.0,-0.8884,20.3722
384.0,128.0,1.2217,12.8958
400.0,128.0,-0.4622,11.8519
416.0,128.0,1.7023,10.0241
432.0,128.0,2.0384,7.5611
448.0,128.0,-0.6025,5.4155
464.0,128.0,-1.7185,2.2184
480.0,128.0,1.3332,0.0141
496.0,128.0,-0.2213,0.5577
16.0,112.0,5.0756,1.2854
32.0,112.0,-0.6687,0.1463
48.0,112.0,-2.7851,-0.6405
64.0,112.0,-0.8022,-0.1585
80.0,112.0,0.473,-0.757
96.0,112.0,0.1218,3.4418
112.0,112.0,-0.1916,7.6245
128.0,112.0,-0.6574,12.8805
144.0,112.0,-2.8763,23.3799
160.0,112.0,1.0405,25.1961
176.0,112.0,-4.0359,23.447
192.0,112.0,2.6373,28.4624
208.0,112.0,-0.0385,30.6366
224.0,112.0,1.618,34.2606
240.0,112.0,2.9432,44.6789
256.0,112.0,7.2109,48.6313
272.0,112.0,2.8284,48.5241
288.0,112.0,-3.051,47.4514
304.0,112.0,-3.9043,38.2875
320.0,112.0,-0.2666,21.6887
336.0,112.0,1.2678,17.3397
352.0,112.0,3.4353,22.9288
368.0,112.0,0.4171,21.1102
384.0,112.0,0.5474,14.7831
400.0,112.0,0.8871,12.2442
416.0,112.0,4.9492,10.4801
432.0,112.0,4.9953,11.2673
448.0,112.0,0.6828,6.391
464.0,112.0,-4.7882,0.4955
480.0,112.0,-0.0763,1.7918
496.0,112.0,0.168,1.3278
16.0,96.0,1.4397,4.7943
32.0,96.0,-1.2655,-0.1154
48.0,96.0,-2.1246,-2.1069
64.0,96.0,-1.235,-0.334
80.0,96.0,3.9387,-3.7893
96.0,96.0,1.7794,-1.9342
112.0,96.0,2.2205,3.6114
128.0,96.0,4.3859,9.4181
144.0,96.0,2.2192,10.4233
160.0,96.0,-2.0054,14.172
176.0,96.0,-5.237,15.576
192.0,96.0,-3.3384,18.5545
208.0,96.0,3.3445,26.4441
224.0,96.0,1.3571,39.4873
240.0,96.0,-3.9942,51.2259
256.0,96.0,-2.8019,53.2139
272.0,96.0,-1.4046,51.4412
288.0,96.0,-2.1765,48.1752
304.0,96.0,-4.2889,39.0526
320.0,96.0,-0.1408,25.988
336.0,96.0,0.4749,15.9807
352.0,96.0,1.6891,13.8138
368.0,96.0,-1.2476,13.4268
384.0,96.0,-0.1759,13.5643
400.0,96.0,1.1503,14.1584
416.0,96.0,7.8064,14.5254
432.0,96.0,5.271,12.5446
448.0,96.0,3.7052,8.2779
464.0,96.0,0.9183,4.8925
480.0,96.0,1.5406,0.12
496.0,96.0,1.334,-2.2394
16.0,80.0,2.6535,-0.3376
32.0,80.0,-0.494,-0.0534
48.0,80.0,-2.1942,-0.3819
64.0,80.0,-0.6817,0.3651
80.0,80.0,3.2812,-0.4074
96.0,80.0,1.6121,-0.9325
112.0,80.0,2.7763,-0.6538
128.0,80.0,4.1189,7.0202
144.0,80.0,1.4582,6.583
160.0,80.0,0.5205,8.6966
176.0,80.0,-1.6146,13.8077
192.0,80.0,-1.3313,17.8463
208.0,80.0,2.3552,22.9193
224.0,80.0,-1.0609,41.1345
240.0,80.0,-7.2205,50.3857
256.0,80.0,-8.0191,54.4392
272.0,80.0,-3.3686,55.6097
288.0,80.0,-1.9285,49.803
304.0,80.0,-2.8769,36.6789
320.0,80.0,-4.8176,14.8266
336.0,80.0,-0.7898,16.8056
352.0,80.0,2.1475,16.1062
368.0,80.0,2.5963,11.0565
384.0,80.0,1.2268,8.8232
400.0,80.0,0.6218,11.2078
416.0,80.0,3.9309,16.9611
432.0,80.0,1.7788,15.1266
448.0,80.0,1.0729,8.3935
464.0,80.0,0.605,5.6347
480.0,80.0,1.8095,2.8061
496.0,80.0,1.9119,0.289
16.0,64.0,8.634,1.8362
32.0,64.0,0.4297,0.0269
48.0,64.0,-1.091,0.3338
64.0,64.0,-0.0896,0.4471
80.0,64.0,2.3901,2.6485
96.0,64.0,1.4841,1.7206
112.0,64.0,1.726,2.1074
128.0,64.0,1.75,4.8956
144.0,64.0,1.5327,5.3175
160.0,64.0,-0.3065,6.875
176.0,64.0,-0.0269,9.1303
192.0,64.0,2.8175,17.6889
208.0,64.0,5.7659,25.3069
224.0,64.0,-0.3553,31.9689
240.0,64.0,-5.827,47.4407
256.0,64.0,-5.9263,53.6064
272.0,64.0,-5.9963,55.1365
288.0,64.0,-5.588,50.0896
304.0,64.0,-5.4396,31.1358
320.0,64.0,-4.2164,13.6963
336.0,64.0,-2.1549,23.0537
352.0,64.0,2.2167,20.603
368.0,64.0,0.9188,8.5009
384.0,64.0,3.2162,6.6698
400.0,64.0,0.7711,7.5979
416.0,64.0,1.2949,14.3473
432.0,64.0,-0.9659,14.835
448.0,64.0,-2.704,10.3893
464.0,64.0,1.9547,4.874
480.0,64.0,1.6754,0.526
496.0,64.0,1.2396,-1.1986
16.0,48.0,3.7218,1.7237
32.0,48.0,0.2932,0.2607
48.0,48.0,0.886,-0.3681
64.0,48.0,0.123,0.1574
80.0,48.0,0.8924,4.8349
96.0,48.0,1.248,5.9404
112.0,48.0,2.1225,3.8807
128.0,48.0,1.1852,3.7872
144.0,48.0,2.2661,3.178
160.0,48.0,1.4378,5.8809
176.0,48.0,-0.242,8.6033
192.0,48.0,1.6661,15.9182
208.0,48.0,8.1766,27.0691
224.0,48.0,4.7918,30.6919
240.0,48.0,-1.502,46.2643
256.0,48.0,-4.8538,53.3201
272.0,48.0,-7.8827,52.713
288.0,48.0,-7.9226,48.5306
304.0,48.0,-8.5238,38.3564
320.0,48.0,-2.4178,37.9738
336.0,48.0,0.0349,39.0173
352.0,48.0,-4.4571,25.9459
368.0,48.0,1.1984,10.9419
384.0,48.0,1.8396,6.2559
400.0,48.0,-3.3306,6.0062
416.0,48.0,-1.6706,8.581
432.0,48.0,-1.5997,11.7229
448.0,48.0,-1.3111,9.1722
464.0,48.0,0.7734,6.0947
480.0,48.0,0.0492,171.0548
496.0,48.0,0.3964,214.0723
16.0,32.0,1.94,0.5909
32.0,32.0,-0.4522,0.3778
48.0,32.0,-0.2026,0.8467
64.0,32.0,-0.075,1.0237
80.0,32.0,-0.2077,0.2102
96.0,32.0,1.2663,0.7345
112.0,32.0,1.3021,3.6541
128.0,32.0,0.3819,4.9793
144.0,32.0,0.5705,5.2195
160.0,32.0,2.4023,5.476
176.0,32.0,3.064,9.494
192.0,32.0,2.1429,8.873
208.0,32.0,6.7972,19.7798
224.0,32.0,6.1163,28.051
240.0,32.0,0.6653,42.7729
256.0,32.0,-4.3314,51.672
272.0,32.0,-8.1324,51.2983
288.0,32.0,-5.4537,49.6763
304.0,32.0,-1.5202,46.7915
320.0,32.0,0.1711,46.9482
336.0,32.0,0.6058,40.8445
352.0,32.0,-6.9384,22.7741
368.0,32.0,-1.5203,10.2409
384.0,32.0,-1.5667,7.7394
400.0,32.0,-5.7016,8.375
416.0,32.0,-1.5345,8.0334
432.0,32.0,-0.5323,5.8928
448.0,32.0,-0.9737,9.0036
464.0,32.0,-0.3818,172.0513
480.0,32.0,-0.276,212.7483
496.0,32.0,0.1349,266.8629
16.0,16.0,2.4031,-9.0015
32.0,16.0,-0.3,-4.4212
48.0,16.0,-0.6012,-5.2458
64.0,16.0,-0.3778,-1.5545
80.0,16.0,0.1806,1.3546
96.0,16.0,0.1059,1.683
112.0,16.0,-0.4086,0.2113
128.0,16.0,-0.157,0.775
144.0,16.0,1.903,1.8221
160.0,16.0,1.4008,1.009
176.0,16.0,2.9887,8.814
192.0,16.0,4.5534,4.7947
208.0,16.0,5.7026,6.2782
224.0,16.0,1.9594,21.6751
240.0,16.0,0.1678,42.2691
256.0,16.0,-2.491,49.2559
272.0,16.0,-9.0305,45.7685
288.0,16.0,-4.9095,47.2198
304.0,16.0,1.87,47.963
320.0,16.0,1.0111,45.0722
336.0,16.0,-2.9287,37.8433
352.0,16.0,-8.1856,13.3514
368.0,16.0,-7.2647,6.7057
384.0,16.0,-4.5073,8.536
400.0,16.0,-2.3834,5.5428
416.0,16.0,-3.4765,3.2248
432.0,16.0,-0.123,4.6022
448.0,16.0,-1.0458,172.9748
464.0,16.0,-3.0355,1516.4029
480.0,16.0,-0.5485,282.4485
496.0,16.0,-0.3612,355.3503
