0.016,0.496,-0.26642,2.383,12161,-29035,257.82,257.82
0.016,0.48,-0.93491,3.2168,34605,-64347,155.39,155.39
0.016,0.464,-0.89882,1.8463,15102,-50443,-1662.9,1662.9
0.016,0.448,0.71262,1.6786,1110.4,-30255,-3997.2,3997.2
0.016,0.432,0.91222,2.2737,-35788,2112.3,-6038.6,6038.6
0.016,0.416,4.4901,0.28696,-25289,-9644.3,-5236.1,5236.1
0.016,0.4,3.1355,-0.40315,-27702,1273.2,-3659.7,3659.7
0.016,0.384,4.4315,-0.95032,-14106,3735.2,-1673.9,1673.9
0.016,0.368,6.0156,-1.2866,-4434.2,809.96,-480.53,480.53
0.016,0.352,4.2597,0.38533,-384.5,-862.81,1758.7,1758.7
0.016,0.336,5.9504,0.42262,661.01,-338.33,4788.1,4788.1
0.016,0.32,3.5403,0.71646,428.99,-1425.7,5780.6,5780.6
0.016,0.304,0.16538,0.9578,-4124.9,-2068.3,4036.9,4036.9
0.016,0.288,0.75587,-0.10458,-9742.5,-262.25,1473.3,1473.3
0.016,0.272,1.7944,-1.6811,-11848,3054.4,765.24,765.24
0.016,0.256,0.34985,0.45019,-9957.9,4038.5,2058.2,2058.2
0.016,0.24,2.5666,1.3563,-21395,1388.6,4012.3,4012.3
0.016,0.224,7.1669,0.21136,-19752,88.422,5515.7,5515.7
0.016,0.208,5.8573,-0.16879,-14990,-2776.6,7211.6,7211.6
0.016,0.192,0.81507,0.025498,5125.1,-2503.2,7282.5,7282.5
0.016,0.176,-1.0679,-0.92373,4728.7,-2248.5,5959.6,5959.6
0.016,0.16,-0.67201,-0.92835,2983.9,3762.5,3587.9,3587.9
0.016,0.144,-0.95233,0.34167,-594.27,4320.3,1361,1361
0.016,0.128,2.1579,-2.4061,-2518.2,4472.1,1454.1,1454.1
0.016,0.112,5.747,-0.19171,-12219,-10611,1692.6,1692.6
0.016,0.096,1.3946,3.0028,-22965,-8180.8,3318,3318
0.016,0.08,5.7747,-0.84711,-22820,-14218,4165.8,4165.8
0.016,0.064,8.008,0.017679,47495,-54351,4539.6,4539.6
0.016,0.048,1.8687,-0.022416,58571,-56810,3110.5,3110.5
0.016,0.032,1.4478,0.42007,60774,-51330,1523.2,1523.2
0.016,0.016,0.38256,0.57991,0,0,306.16,306.16
0.032,0.496,0.51318,4.1866,14609,-73968,636.11,636.11
0.032,0.48,1.0494,2.8178,13723,-1.0423e+05,1170.3,1170.3
0.032,0.464,1.5616,1.2896,-37395,-77117,1451.5,1451.5
0.032,0.448,0.3221,2.3476,-35307,-25994,876.47,876.47
0.032,0.432,0.2455,1.2226,-51680,7008.8,206.69,206.69
0.032,0.416,-0.40922,-0.57854,-17691,-14651,-420.12,420.12
0.032,0.4,-0.34935,-0.17583,-56674,-9654.6,-601.69,601.69
0.032,0.384,-0.16258,0.26224,-32145,5636.2,-531.46,531.46
0.032,0.368,-0.018509,0.10677,-11564,-11570,-202.33,202.33
0.032,0.352,0.058476,0.068702,11995,832.6,41.398,41.398
0.032,0.336,0.0053789,0.29563,730.38,-16926,90.887,90.887
0.032,0.32,0.072438,-0.14867,-8846.2,-11423,-32.375,32.375
0.032,0.304,-0.11183,-0.2867,-13091,-8077.7,-210.07,210.07
0.032,0.288,-0.50728,-0.16,-11225,-7530.9,-324.52,324.52
0.032,0.272,-0.34395,-0.40138,-12384,7038.3,-413.7,413.7
0.032,0.256,-0.21494,0.12827,-16030,638.08,-532.44,532.44
0.032,0.24,-0.46817,0.66908,-34295,-1040,-678.49,678.49
0.032,0.224,-0.31278,-0.17308,-28851,-16975,-684.36,684.36
0.032,0.208,0.26393,-0.48709,-18256,-22211,-330.89,330.89
0.032,0.192,0.53713,-0.28281,2686.1,-19300,99.056,99.056
0.032,0.176,0.35851,-0.29235,-5018.7,-13802,341.03,341.03
0.032,0.16,-0.070836,0.083562,-21449,-4088.3,134.86,134.86
0.032,0.144,-0.50837,0.37446,-37145,-2041.8,-209.14,209.14
0.032,0.128,-0.01781,-0.29997,-39755,-1935.3,-576.57,576.57
0.032,0.112,-0.086899,0.039308,-56784,-27269,-737.82,737.82
0.032,0.096,-0.6652,0.021594,-55489,-36310,-591.95,591.95
0.032,0.08,-0.26447,-0.00060892,-31309,-51551,225.29,225.29
0.032,0.064,0.28186,-0.35604,30454,-6072.4,906.05,906.05
0.032,0.048,2.5294,0.37026,44306,-1125.9,1385.5,1385.5
0.032,0.032,0.62642,3.4299,32279,16122,847.62,847.62
0.032,0.016,-0.38244,-3.7916,0,0,515.73,515.73
0.048,0.496,0.42841,4.9581,16435,-83214,786.59,786.59
0.048,0.48,0.60516,2.969,-6859.6,-1.1633e+05,1478.6,1478.6
0.048,0.464,-0.33488,3.1296,-55275,-1.2261e+05,2155.9,2155.9
0.048,0.448,-1.076,3.1499,-51822,-53509,2096.2,2096.2
0.048,0.432,0.34897,1.8001,-50636,-22100,1851.8,1851.8
0.048,0.416,-0.43755,0.25484,-23466,-9313.7,1223,1223
0.048,0.4,-1.1925,-0.23948,-60309,-12199,727.25,727.25
0.048,0.384,-1.3316,-0.71334,-33616,15764,913.67,913.67
0.048,0.368,-0.23795,1.3584,-13708,-8656.4,1249.1,1249.1
0.048,0.352,-0.0065281,0.76059,13373,8507.6,1544.8,1544.8
0.048,0.336,-0.38335,-0.75528,3071.1,-19554,1239.4,1239.4
0.048,0.32,-0.7744,-0.36594,-6087,-6585.3,1143,1143
0.048,0.304,-0.92608,-0.69398,-9011.3,-7185.8,984.35,984.35
0.048,0.288,-0.46835,-0.47192,-11102,-15048,497.33,497.33
0.048,0.272,-0.41817,-0.36201,-10882,-3296.9,-370.51,370.51
0.048,0.256,-1.1088,0.66515,-13623,-9136.2,-917.46,917.46
0.048,0.24,-1.026,-0.075878,-28203,-4990.6,-1061.5,1061.5
0.048,0.224,-0.53082,-0.78835,-27160,-23271,-807.39,807.39
0.048,0.208,0.091177,-1.4537,-20633,-26987,-507.74,507.74
0.048,0.192,0.32949,-0.86464,-1027.4,-23009,-107.63,107.63
0.048,0.176,-0.13588,0.67359,-6724.6,-14788,531.25,531.25
0.048,0.16,-1.1884,-0.18416,-19778,-4741.8,422.93,422.93
0.048,0.144,-1.5982,-0.36623,-32334,-3021.2,5.774,5.774
0.048,0.128,-1.4774,-0.022755,-33270,-3129.5,-855.17,855.17
0.048,0.112,-1.243,-0.43939,-55746,-23592,-1027.5,1027.5
0.048,0.096,-1.1867,-1.136,-55485,-37018,-234.94,234.94
0.048,0.08,0.52972,-0.22869,-43067,-33264,1165.8,1165.8
0.048,0.064,1.1331,0.30645,-28933,53012,2032.8,2032.8
0.048,0.048,-0.28142,3.1968,-16444,62582,1940.7,1940.7
0.048,0.032,-0.85201,4.8529,-18375,61495,980.3,980.3
0.048,0.016,-1.0565,-5.8466,0,0,489.08,489.08
0.064,0.496,1.1532,5.3742,3146.7,-57771,686.14,686.14
0.064,0.48,0.88923,3.4107,-36341,-78621,1283.3,1283.3
0.064,0.464,-0.074249,3.9352,-77166,-1.2792e+05,2273.9,2273.9
0.064,0.448,1.1196,1.2003,-73655,-72826,3024.4,3024.4
0.064,0.432,0.21736,1.3322,-49733,-50961,3864.1,3864.1
0.064,0.416,-0.47786,0.31043,-34548,-3908.8,3965.2,3965.2
0.064,0.4,-0.62273,0.052123,-52255,-31339,3546,3546
0.064,0.384,0.030381,-0.30937,-33896,-12238,2759.9,2759.9
0.064,0.368,0.18826,1.2116,-8094.5,-53698,2668.8,2668.8
0.064,0.352,-0.30121,0.39728,12553,23983,2660.1,2660.1
0.064,0.336,-0.56362,-0.19539,-3635.1,4596.2,2971.4,2971.4
0.064,0.32,-0.54956,0.022018,-18610,28624,2965.9,2965.9
0.064,0.304,-0.38581,0.10192,26233,-21103,2955.6,2955.6
0.064,0.288,0.088559,-0.33333,-81281,1.2467e+05,2162.2,2162.2
0.064,0.272,0.37396,-0.30574,-45036,81277,211.18,211.18
0.064,0.256,0.084039,0.10849,-1.0644e+05,75659,-1093.1,1093.1
0.064,0.24,-0.31574,-0.092066,3098.3,-79240,-1562.6,1562.6
0.064,0.224,0.084094,0.11808,-31653,-34677,-913.73,913.73
0.064,0.208,0.38474,-0.20851,-14432,-34078,-689.67,689.67
0.064,0.192,-0.13804,-0.1246,-23419,-28524,-456.07,456.07
0.064,0.176,0.034391,0.3721,-31102,-26725,136.13,136.13
0.064,0.16,0.017363,-0.22756,-38065,-11121,402.41,402.41
0.064,0.144,-0.29266,-0.23163,-49458,-6276.2,167.41,167.41
0.064,0.128,0.16897,0.045673,-40839,1845.1,-486.98,486.98
0.064,0.112,-0.018321,0.097536,-53392,-18745,-410.64,410.64
0.064,0.096,-0.56434,-0.12244,-29775,-44231,806.83,806.83
0.064,0.08,0.73493,-0.091531,-30403,-6105.4,2482.2,2482.2
0.064,0.064,-0.26927,1.6834,-95610,1.3855e+05,3144.1,3144.1
0.064,0.048,-1.955,3.1005,-96254,1.574e+05,2657.9,2657.9
0.064,0.032,-0.52312,2.9991,-92315,1.169e+05,1269.2,1269.2
0.064,0.016,-0.097275,-4.0182,0,0,511.31,511.31
0.08,0.496,1.6129,7.6937,0,0,407.65,407.65
0.08,0.48,1.4792,3.9643,-22701,-66077,805.8,805.8
0.08,0.464,2.2386,3.9869,-49851,-1.5426e+05,1885.6,1885.6
0.08,0.448,1.5829,3.2774,-84156,-1.6827e+05,3072.6,3072.6
0.08,0.432,-0.18791,2.3435,-79113,-1.5525e+05,4849.5,4849.5
0.08,0.416,-0.67509,0.40357,-67460,-1.2349e+05,6052,6052
0.08,0.4,-1.3329,0.25817,-10222,-96946,6340.8,6340.8
0.08,0.384,0.12172,-1.2403,-6944.9,-43868,5315,5315
0.08,0.368,0.75774,0.65417,-19135,-4861.5,4042.1,4042.1
0.08,0.352,0.53873,0.34051,-20955,44773,3641.8,3641.8
0.08,0.336,-0.34727,2.6017,-16861,21675,4105.5,4105.5
0.08,0.32,-0.79663,0.78036,3823.8,12374,4891.1,4891.1
0.08,0.304,-0.4664,0.023891,34960,-7082.6,4787,4787
0.08,0.288,1.8673,0.19863,-78693,1.5086e+05,3649.2,3649.2
0.08,0.272,-5.635,6.8343,-45661,79939,1189.4,1189.4
0.08,0.256,-0.14592,0.83755,-1.1344e+05,63343,-801.23,801.23
0.08,0.24,0.22191,0.80241,-13584,-92667,-1825,1825
0.08,0.224,0.61988,0.72878,-62086,-25018,-1579.2,1579.2
0.08,0.208,0.86731,0.79667,-36245,48691,-1386.2,1386.2
0.08,0.192,0.77388,0.89036,-26484,32846,-1290.4,1290.4
0.08,0.176,0.54379,0.91938,-21542,-74.528,-769.74,769.74
0.08,0.16,-0.21263,-0.24736,-23025,-43747,-503.41,503.41
0.08,0.144,-0.91139,-0.035256,-22258,-26915,-134.34,134.34
0.08,0.128,-1.2113,0.29031,-7993.3,14905,-159.91,159.91
0.08,0.112,-0.22605,0.93912,-6088.6,-10589,583.44,583.44
0.08,0.096,-0.0029225,-1.1109,8105.9,-33443,2001.6,2001.6
0.08,0.08,0.54543,-0.010706,-20601,5342.8,3886.5,3886.5
0.08,0.064,-0.11559,2.3832,-1.0201e+05,1.4608e+05,4742.3,4742.3
0.08,0.048,-1.2035,2.4193,-1.1021e+05,1.6707e+05,4021.9,4021.9
0.08,0.032,-2.5206,3.5146,-87289,1.1998e+05,2055.2,2055.2
0.08,0.016,-1.4981,-1.6191,0,0,619.46,619.46
0.096,0.496,1.722,6.4948,0,0,331.6,331.6
0.096,0.48,1.8223,4.3324,9936.7,-87159,477.35,477.35
0.096,0.464,1.5793,4.4806,-43735,-1.4856e+05,1359.7,1359.7
0.096,0.448,0.94536,4.3967,-33663,-2.4374e+05,2439.2,2439.2
0.096,0.432,2.0889,1.1495,-39260,-2.5921e+05,4578.7,4578.7
0.096,0.416,1.3989,0.60408,1711,-3.3761e+05,5192.1,5192.1
0.096,0.4,1.2076,-0.40232,13919,-2.54e+05,5052.2,5052.2
0.096,0.384,1.5338,1.2995,-5717.8,-1.6111e+05,2878.3,2878.3
0.096,0.368,0.57736,2.8522,-35749,-24635,1931.3,1931.3
0.096,0.352,-0.69776,3.6629,-40348,34889,1655.1,1655.1
0.096,0.336,0.15846,1.4627,-34173,13241,3147.5,3147.5
0.096,0.32,-0.54083,1.4187,-14491,5379,4044.1,4044.1
0.096,0.304,-0.7303,1.5142,5942.4,-1214.8,3813.6,3813.6
0.096,0.288,-0.41312,1.433,-93091,1.5993e+05,2500.6,2500.6
0.096,0.272,-0.10178,1.6467,-52956,86263,908.58,908.58
0.096,0.256,0.53344,1.3447,-1.3771e+05,61320,57.911,57.911
0.096,0.24,0.84704,1.1811,-73187,-1.1205e+05,-1083.8,1083.8
0.096,0.224,-0.53292,1.219,-1.2098e+05,-80728,-1680,1680
0.096,0.208,0.3464,0.37996,-91625,37355,-2257,2257
0.096,0.192,1.6316,3.2258,-63638,28321,-2119.2,2119.2
0.096,0.176,1.2207,1.0038,-64627,-4980.3,-1909,1909
0.096,0.16,1.1868,-1.2086,-35367,-47592,-1766.3,1766.3
0.096,0.144,0.018711,0.46212,-26139,-37113,-1203.7,1203.7
0.096,0.128,-0.28446,0.084868,-15720,30437,70.824,70.824
0.096,0.112,0.39063,-0.10339,8658.3,-1.0095e+05,1732.4,1732.4
0.096,0.096,0.67699,-0.76896,18690,-1.0394e+05,3609,3609
0.096,0.08,1.1604,-0.073161,6370.3,-58568,5772.7,5772.7
0.096,0.064,0.56021,0.97167,-74142,2.5151e+05,6888,6888
0.096,0.048,-0.2788,4.1101,-74445,2.6763e+05,6125.8,6125.8
0.096,0.032,-0.81401,4.759,-58740,2.2106e+05,3220.4,3220.4
0.096,0.016,-0.89496,-0.8643,0,0,964.07,964.07
0.112,0.496,2.3688,4.945,0,0,484.88,484.88
0.112,0.48,2.1401,5.3934,22850,-1.9367e+05,639.01,639.01
0.112,0.464,2.2525,5.3363,-1337.8,-2.3909e+05,1619.8,1619.8
0.112,0.448,2.4234,4.7881,22297,-3.2638e+05,2428.5,2428.5
0.112,0.432,4.6104,4.0752,-12881,-2.6899e+05,3297.4,3297.4
0.112,0.416,2.5432,4.3799,-6312.5,-3.5436e+05,2863.8,2863.8
0.112,0.4,2.0612,2.5038,-43096,-2.508e+05,2216.2,2216.2
0.112,0.384,1.1318,3.0246,-77547,-1.626e+05,1061,1061
0.112,0.368,0.05352,3.6908,-1.0213e+05,-72616,152.12,152.12
0.112,0.352,-0.43451,3.7479,-63542,-61449,-385.24,385.24
0.112,0.336,-0.93763,3.5784,-8819.3,-69553,313.35,313.35
0.112,0.32,-1.0992,2.6149,-8677,-7936.8,1683.9,1683.9
0.112,0.304,-1.2624,1.7653,-72854,1.1345e+05,975.91,975.91
0.112,0.288,-1.4961,0.79715,-55728,81060,587.38,587.38
0.112,0.272,-0.6281,0.77146,36478,-1.1335e+05,792.24,792.24
0.112,0.256,0.89873,1.9189,52283,-2.9334e+05,2892.8,2892.8
0.112,0.24,2.1723,2.3153,-42556,-3.0783e+05,2535.4,2535.4
0.112,0.224,2.616,1.8273,-1.4532e+05,-1.7585e+05,337.98,337.98
0.112,0.208,2.2198,0.90111,-1.5877e+05,21414,-1976.2,1976.2
0.112,0.192,0.83046,2.5889,-1.0895e+05,28494,-2609.4,2609.4
0.112,0.176,-0.028309,0.97926,-83770,-18870,-2141.1,2141.1
0.112,0.16,1.2566,-1.2324,-37363,-67179,-2227.8,2227.8
0.112,0.144,1.7326,1.9789,-30293,-59043,-1736.6,1736.6
0.112,0.128,1.7454,-0.45898,-50594,-5339.6,-731.43,731.43
0.112,0.112,1.2649,-0.02822,-40738,-1.5533e+05,1822.3,1822.3
0.112,0.096,1.6879,-2.8527,-27865,-1.4357e+05,4817.2,4817.2
0.112,0.08,0.41686,0.15127,-9530.2,-49024,7957.6,7957.6
0.112,0.064,0.3979,1.9498,-78879,3.9129e+05,8966.3,8966.3
0.112,0.048,-0.18458,6.6118,-71265,4.0283e+05,7247.5,7247.5
0.112,0.032,0.77554,6.904,-49916,3.2842e+05,3617.4,3617.4
0.112,0.016,0.5527,-0.94829,0,0,954.64,954.64
0.128,0.496,2.1504,5.2261,0,0,569.86,569.86
0.128,0.48,2.5639,6.6591,41371,-1.9138e+05,1082.2,1082.2
0.128,0.464,3.7571,4.1204,22941,-3.5554e+05,3102.7,3102.7
0.128,0.448,2.6752,6.7604,76219,-4.2042e+05,5101.8,5101.8
0.128,0.432,2.1981,6.3063,25721,-3.0651e+05,6068.1,6068.1
0.128,0.416,1.8103,7.3127,-12491,-2.7297e+05,3884.6,3884.6
0.128,0.4,1.2966,7.8708,-1.6692e+05,-1.0754e+05,1929.1,1929.1
0.128,0.384,0.22039,6.4548,-2.9015e+05,-6947.3,-702.94,702.94
0.128,0.368,-0.81277,5.4762,-3.3734e+05,24409,-2994,2994
0.128,0.352,-1.4121,2.4847,-2.6938e+05,26752,-6748.5,6748.5
0.128,0.336,-1.3281,3.3399,-1.6871e+05,42825,-9886.4,9886.4
0.128,0.32,-1.0746,4.4569,-1.7093e+05,1.9786e+05,-12701,12701
0.128,0.304,-2.4045,4.3817,-2.1817e+05,4.0323e+05,-12727,12727
0.128,0.288,-2.7636,5.5142,-75457,3.583e+05,-9665.4,9665.4
0.128,0.272,-1.5054,3.1346,1.9539e+05,-111.45,-4523.4,4523.4
0.128,0.256,3.3049,2.9545,3.424e+05,-4.001e+05,-233.34,233.34
0.128,0.24,5.3693,2.4427,1.9326e+05,-5.4606e+05,186.34,186.34
0.128,0.224,3.8802,2.4411,-4390.2,-3.472e+05,-1360.4,1360.4
0.128,0.208,2.7766,3.1802,-1.1458e+05,-1.6221e+05,-4179.4,4179.4
0.128,0.192,1.6181,1.666,-93770,-87865,-4779.5,4779.5
0.128,0.176,0.42661,0.93617,-62049,-1.0889e+05,-4005,4005
0.128,0.16,-0.19,0.8036,8116.9,-75175,-3383.4,3383.4
0.128,0.144,1.6331,1.8427,58344,-89769,-2466.9,2466.9
0.128,0.128,2.1124,1.7627,61811,-90182,-1344,1344
0.128,0.112,2.1834,0.80307,77371,-2.4628e+05,1851.7,1851.7
0.128,0.096,1.9592,-0.89373,3186.6,-1.8621e+05,5421.2,5421.2
0.128,0.08,0.20607,0.36326,-75065,-3937.1,8408.2,8408.2
0.128,0.064,-0.31023,3.1014,-1.5079e+05,4.2999e+05,8240.7,8240.7
0.128,0.048,-0.058123,5.8317,-99608,4.2351e+05,5795.2,5795.2
0.128,0.032,0.26978,5.2424,-31876,2.935e+05,2584.2,2584.2
0.128,0.016,1.0435,-0.79447,0,0,630.9,630.9
0.144,0.496,4.0037,6.9762,0,0,640.31,640.31
0.144,0.48,2.639,6.687,47355,-2.0947e+05,2199.6,2199.6
0.144,0.464,1.8186,8.8083,61221,-5.0835e+05,6128.4,6128.4
0.144,0.448,2.8298,8.9472,60791,-4.8729e+05,9872.5,9872.5
0.144,0.432,2.6996,8.304,-88600,-2.1763e+05,10318,10318
0.144,0.416,1.2889,9.5666,-2.0566e+05,33159,8318.1,8318.1
0.144,0.4,0.45036,10.197,-4.2642e+05,3.2136e+05,4798.7,4798.7
0.144,0.384,-0.75711,9.7144,-6.8003e+05,6.221e+05,-332.03,332.03
0.144,0.368,-2.7274,10.02,-8.7334e+05,7.5646e+05,-9931.2,9931.2
0.144,0.352,-3.3419,9.2327,-9.6375e+05,8.7984e+05,-18773,18773
0.144,0.336,-3.3263,7.3733,-8.5433e+05,8.6656e+05,-26768,26768
0.144,0.32,-4.0072,6.6647,-7.6725e+05,8.8501e+05,-34813,34813
0.144,0.304,-4.5817,8.4418,-5.1127e+05,8.2174e+05,-35880,35880
0.144,0.288,-3.5213,9.6673,54746,3.0474e+05,-27084,27084
0.144,0.272,-0.50612,10.251,6.8168e+05,-5.2736e+05,-12635,12635
0.144,0.256,2.5062,6.3737,9.1652e+05,-1.1119e+06,-4782.1,4782.1
0.144,0.24,5.5668,3.693,5.8274e+05,-1.075e+06,-5580.5,5580.5
0.144,0.224,4.3325,2.6727,1.4711e+05,-5.4826e+05,-8032.8,8032.8
0.144,0.208,3.8054,3.2466,-60706,-2.7727e+05,-10050,10050
0.144,0.192,2.3246,1.4968,-86801,-1.7228e+05,-9982.6,9982.6
0.144,0.176,1.8636,1.1878,-45952,-1.8934e+05,-9416.6,9416.6
0.144,0.16,2.404,2.295,30067,-2.2318e+05,-9570.2,9570.2
0.144,0.144,2.4202,2.2137,77767,-2.329e+05,-8820.3,8820.3
0.144,0.128,4.0688,1.487,1.0366e+05,-2.525e+05,-7216.9,7216.9
0.144,0.112,4.5471,1.8522,90215,-2.6391e+05,-2813.2,2813.2
0.144,0.096,3.94,1.3357,19477,-1.8939e+05,905.77,905.77
0.144,0.08,1.5828,2.4669,-1.105e+05,624.57,2945.1,2945.1
0.144,0.064,-0.56904,4.1312,-1.7696e+05,2.5531e+05,1876.1,1876.1
0.144,0.048,0.78295,5.0535,-1.3424e+05,2.6974e+05,330.3,330.3
0.144,0.032,1.7552,3.7176,-41542,1.4656e+05,-160.01,160.01
0.144,0.016,0.71046,0.63181,0,0,-131.96,131.96
0.16,0.496,3.8882,12.035,0,0,369.56,369.56
0.16,0.48,2.8566,13.429,0,0,2036.5,2036.5
0.16,0.464,1.4977,11.863,-1.0868e+05,-6.1335e+05,6721.6,6721.6
0.16,0.448,1.6977,11.295,-6588.5,-6.2328e+05,13978,13978
0.16,0.432,1.0605,12.577,-1.3591e+05,-2.9866e+05,15567,15567
0.16,0.416,0.55566,13.13,-2.4915e+05,90837,13235,13235
0.16,0.4,-0.31323,13.881,-5.2464e+05,5.0405e+05,7058.7,7058.7
0.16,0.384,-3.4598,14.7,-8.9072e+05,9.7178e+05,-3440.5,3440.5
0.16,0.368,-6.705,17.137,-1.2122e+06,1.273e+06,-19668,19668
0.16,0.352,-7.3369,18.417,-1.6359e+06,1.9076e+06,-36042,36042
0.16,0.336,-8.8168,18.693,-1.6974e+06,2.1312e+06,-52503,52503
0.16,0.32,-7.8849,15.913,-1.6239e+06,2.1763e+06,-68343,68343
0.16,0.304,-7.5588,12.953,-8.8859e+05,1.4912e+06,-68960,68960
0.16,0.288,-3.7653,11.019,2.2465e+05,2.6008e+05,-52235,52235
0.16,0.272,1.3877,9.6767,1.1516e+06,-1.0208e+06,-17932,17932
0.16,0.256,4.4836,7.9473,1.2685e+06,-1.6069e+06,1408.1,1408.1
0.16,0.24,3.9044,6.1868,7.3044e+05,-1.3918e+06,4426,4426
0.16,0.224,3.1638,3.3554,2.023e+05,-8.272e+05,-4705.4,4705.4
0.16,0.208,2.6242,2.8004,-52400,-4.6918e+05,-10823,10823
0.16,0.192,1.7526,3.8409,-1.2472e+05,-2.7022e+05,-11894,11894
0.16,0.176,1.3931,2.5995,-1.0573e+05,-2.1673e+05,-12787,12787
0.16,0.16,1.3538,3.2923,-19566,-2.9193e+05,-17191,17191
0.16,0.144,2.3131,2.5369,34962,-3.5107e+05,-19813,19813
0.16,0.128,1.8698,1.8975,87353,-4.0541e+05,-20431,20431
0.16,0.112,2.3521,2.8433,99913,-4.1093e+05,-16151,16151
0.16,0.096,2.6455,2.9584,27977,-3.1608e+05,-13381,13381
0.16,0.08,2.9428,3.421,-1.0947e+05,-1.5226e+05,-10374,10374
0.16,0.064,1.3859,4.0806,-2.1527e+05,29694,-8171.7,8171.7
0.16,0.048,0.53922,4.1326,-1.6133e+05,82668,-5101.8,5101.8
0.16,0.032,1.8665,2.9987,-74515,38158,-2516.2,2516.2
0.16,0.016,2.6907,2.662,0,0,-665.43,665.43
0.176,0.496,4.2793,25.277,0,0,184.78,184.78
0.176,0.48,4.3357,20.267,0,0,1643.7,1643.7
0.176,0.464,0.74837,16.896,NaN,NaN,6258.4,6258.4
0.176,0.448,-0.72059,17.969,NaN,NaN,17409,17409
0.176,0.432,0.046552,19.394,-4.8362e+05,37563,17802,17802
0.176,0.416,-0.69943,20.816,-4.8116e+05,4.2152e+05,15325,15325
0.176,0.4,-2.8488,21.897,-7.1699e+05,8.0791e+05,7223.6,7223.6
0.176,0.384,-5.1583,23.8,-1.1704e+06,1.5658e+06,-5957.6,5957.6
0.176,0.368,-9.116,27.183,-1.6643e+06,2.1456e+06,-43207,43207
0.176,0.352,-11.57,29.839,-2.3521e+06,3.0892e+06,-75151,75151
0.176,0.336,-12.934,28.474,-2.6611e+06,3.6402e+06,-1.0356e+05,1.0356e+05
0.176,0.32,-11.121,26.177,-2.4765e+06,3.5168e+06,-1.2417e+05,1.2417e+05
0.176,0.304,-9.2646,24.044,-1.6215e+06,2.59e+06,-1.2052e+05,1.2052e+05
0.176,0.288,-3.7737,19.28,-14693,5.3902e+05,-92611,92611
0.176,0.272,-1.1839,12.088,1.4818e+06,-1.5544e+06,-40794,40794
0.176,0.256,-0.50249,9.6848,1.8731e+06,-2.5893e+06,964.54,964.54
0.176,0.24,0.33725,8.0728,1.3732e+06,-2.4321e+06,16775,16775
0.176,0.224,1.9211,5.3509,5.7412e+05,-1.6701e+06,10178,10178
0.176,0.208,1.8776,4.8235,1.9183e+05,-1.0892e+06,-4282.8,4282.8
0.176,0.192,1.2819,5.7672,-47986,-6.4137e+05,-9590,9590
0.176,0.176,1.3657,5.8905,-1.7436e+05,-3.8805e+05,-12310,12310
0.176,0.16,1.3546,6.4629,-2.023e+05,-4.02e+05,-21538,21538
0.176,0.144,1.4366,6.0881,-2.0925e+05,-4.5888e+05,-34760,34760
0.176,0.128,0.7495,3.9119,-1.5088e+05,-5.3385e+05,-44973,44973
0.176,0.112,1.8825,4.248,-83508,-6.5505e+05,-46307,46307
0.176,0.096,2.7985,4.3964,-45819,-6.9984e+05,-40906,40906
0.176,0.08,2.4419,3.6265,-67639,-7.457e+05,-32899,32899
0.176,0.064,2.561,3.5113,-1.5903e+05,-5.6494e+05,-22759,22759
0.176,0.048,0.95388,4.2866,-1.2333e+05,-3.2789e+05,-12211,12211
0.176,0.032,0.72427,3.5096,-85915,-1.1101e+05,-4789.3,4789.3
0.176,0.016,-0.72742,2.0882,0,0,-1161.1,1161.1
0.192,0.496,2.2412,30.017,0,0,0,0
0.192,0.48,2.1372,27.998,0,0,0,0
0.192,0.464,0.76132,24.421,NaN,NaN,0,0
0.192,0.448,0.47709,25.563,NaN,NaN,19908,19908
0.192,0.432,1.349,26.823,NaN,NaN,19277,19277
0.192,0.416,-0.08379,29.929,NaN,NaN,15410,15410
0.192,0.4,-3.0802,29.853,NaN,NaN,6075.2,6075.2
0.192,0.384,-8.3142,31.561,NaN,NaN,-9806.6,9806.6
0.192,0.368,-14.173,33.937,NaN,NaN,-58444,58444
0.192,0.352,-19.255,39.566,-2.9969e+06,4.6989e+06,-1.2914e+05,1.2914e+05
0.192,0.336,-19.305,37.455,-3.2204e+06,4.8423e+06,-1.7372e+05,1.7372e+05
0.192,0.32,-17.899,34.783,-2.861e+06,4.3938e+06,-2.0335e+05,2.0335e+05
0.192,0.304,-10.592,30.633,-2.0245e+06,3.4834e+06,-1.915e+05,1.915e+05
0.192,0.288,-7.6809,26.49,-5.5919e+05,1.4302e+06,-1.5174e+05,1.5174e+05
0.192,0.272,-3.8085,22.225,9.4291e+05,-6.2886e+05,-86217,86217
0.192,0.256,-0.019835,16.836,1.9368e+06,-2.583e+06,-24211,24211
0.192,0.24,0.96465,12.567,2.037e+06,-3.3841e+06,18818,18818
0.192,0.224,3.1663,8.4621,1.3469e+06,-3.206e+06,27810,27810
0.192,0.208,3.079,8.0064,7.5301e+05,-2.8326e+06,15707,15707
0.192,0.192,3.2594,8.0741,3.529e+05,-2.4835e+06,3624.3,3624.3
0.192,0.176,2.835,8.6,95650,-2.0466e+06,-2058.6,2058.6
0.192,0.16,2.6697,7.6912,-92219,-1.5799e+06,-17663,17663
0.192,0.144,3.0695,6.9159,-2.5949e+05,-1.101e+06,-37399,37399
0.192,0.128,2.7436,7.3483,-3.199e+05,-1.0804e+06,-60796,60796
0.192,0.112,2.7373,7.3749,-2.3039e+05,-1.4018e+06,-70702,70702
0.192,0.096,3.3241,5.1686,-1.2911e+05,-1.7251e+06,-71789,71789
0.192,0.08,2.9308,3.2246,-25819,-1.8519e+06,-61607,61607
0.192,0.064,3.565,3.138,-1.1624e+05,-1.4255e+06,-43838,43838
0.192,0.048,2.4802,4.6438,-87476,-7.8301e+05,-23985,23985
0.192,0.032,0.42578,6.929,-1.0702e+05,-2.1865e+05,-8809.4,8809.4
0.192,0.016,0.83777,2.911,0,0,-1809.7,1809.7
0.208,0.496,3.4174,34.717,0,0,0,0
0.208,0.48,1.2163,35.664,0,0,0,0
0.208,0.464,-0.77909,37.149,NaN,NaN,0,0
0.208,0.448,-0.52515,35.034,NaN,NaN,NaN,NaN
0.208,0.432,-0.92839,33.2,NaN,NaN,NaN,NaN
0.208,0.416,-2.8556,33.944,NaN,NaN,NaN,NaN
0.208,0.4,-4.8866,33.501,NaN,NaN,NaN,NaN
0.208,0.384,-9.1096,34.446,NaN,NaN,NaN,NaN
0.208,0.368,-15.191,38.722,NaN,NaN,-1.4231e+05,1.4231e+05
0.208,0.352,-18.804,41.794,NaN,NaN,-2.0377e+05,2.0377e+05
0.208,0.336,-19.631,43.959,-3.945e+06,5.8071e+06,-2.2975e+05,2.2975e+05
0.208,0.32,-19.812,43.226,-3.269e+06,5.0818e+06,-2.5924e+05,2.5924e+05
0.208,0.304,-16.242,39.745,-2.5866e+06,4.3678e+06,-2.4811e+05,2.4811e+05
0.208,0.288,-10.796,36.32,-1.2163e+06,2.3629e+06,-2.1791e+05,2.1791e+05
0.208,0.272,-6.8508,30.481,2.1487e+05,3.7871e+05,-1.6131e+05,1.6131e+05
0.208,0.256,-3.5471,24.402,1.4726e+06,-1.721e+06,-92662,92662
0.208,0.24,-0.3386,17.658,2.3203e+06,-3.6533e+06,-27144,27144
0.208,0.224,2.6054,14.15,2.1807e+06,-4.4639e+06,17488,17488
0.208,0.208,3.7399,10.954,1.7595e+06,-4.831e+06,26826,26826
0.208,0.192,5.4428,8.0302,1.4185e+06,-4.8183e+06,22654,22654
0.208,0.176,6.7502,8.2088,1.1253e+06,-4.4005e+06,14540,14540
0.208,0.16,4.8131,10.68,8.4447e+05,-3.6884e+06,-4383.4,4383.4
0.208,0.144,3.4778,9.895,5.0243e+05,-2.5794e+06,-27081,27081
0.208,0.128,2.9112,11.948,2.4928e+05,-1.8657e+06,-53825,53825
0.208,0.112,3.3379,12.596,59035,-1.4104e+06,-71400,71400
0.208,0.096,3.5307,10.639,-1.2992e+05,-1.2742e+06,-81536,81536
0.208,0.08,3.7219,11.26,-2.1872e+05,-1.5828e+06,-81131,81131
0.208,0.064,2.6122,11.299,-1.8079e+05,-2.1391e+06,-62992,62992
0.208,0.048,0.72432,10.769,-56978,-1.744e+06,-37408,37408
0.208,0.032,1.8146,10.591,4082.1,-1.0018e+06,-14384,14384
0.208,0.016,3.0491,6.0783,0,0,-2984.3,2984.3
0.224,0.496,2.2256,39.659,0,0,0,0
0.224,0.48,-1.2437,39.01,0,0,0,0
0.224,0.464,-3.1384,38.082,NaN,NaN,0,0
0.224,0.448,-4.2406,36.631,NaN,NaN,NaN,NaN
0.224,0.432,-5.6094,34.738,NaN,NaN,NaN,NaN
0.224,0.416,-4.7867,33.567,NaN,NaN,NaN,NaN
0.224,0.4,-5.0432,33.528,NaN,NaN,NaN,NaN
0.224,0.384,-6.9042,35.568,NaN,NaN,NaN,NaN
0.224,0.368,-10.057,39.832,NaN,NaN,NaN,NaN
0.224,0.352,-13.135,43.312,NaN,NaN,-2.8625e+05,2.8625e+05
0.224,0.336,-14.051,47.215,NaN,NaN,-3.0394e+05,3.0394e+05
0.224,0.32,-15.269,49.167,NaN,NaN,-2.9999e+05,2.9999e+05
0.224,0.304,-15.168,48.692,-2.4403e+06,4.9019e+06,-2.3798e+05,2.3798e+05
0.224,0.288,-12.249,45.479,-1.6586e+06,3.0005e+06,-1.9504e+05,1.9504e+05
0.224,0.272,-7.8861,39.662,-6.1944e+05,1.438e+06,-1.4374e+05,1.4374e+05
0.224,0.256,-5.2868,34.66,6.2254e+05,-88335,-1.0399e+05,1.0399e+05
0.224,0.24,-2.1474,28.884,1.5382e+06,-1.6168e+06,-53922,53922
0.224,0.224,0.45436,22.383,1.9899e+06,-2.7863e+06,-3583.5,3583.5
0.224,0.208,2.0161,19.104,1.8239e+06,-3.678e+06,29070,29070
0.224,0.192,4.3845,18.285,1.7263e+06,-4.1982e+06,41551,41551
0.224,0.176,5.8943,20.621,1.6492e+06,-4.0935e+06,37798,37798
0.224,0.16,4.6568,21.208,1.5201e+06,-3.4848e+06,19236,19236
0.224,0.144,4.3695,23.859,1.2329e+06,-2.3324e+06,3703.8,3703.8
0.224,0.128,1.4448,28.344,1.0128e+06,-1.6524e+06,-16669,16669
0.224,0.112,-0.33261,31.196,8.6071e+05,-1.3147e+06,-31940,31940
0.224,0.096,-0.82267,29.764,7.1304e+05,-1.4534e+06,-53361,53361
0.224,0.08,-1.1492,26.307,6.5536e+05,-2.0572e+06,-69414,69414
0.224,0.064,0.58466,20.196,7.1181e+05,-2.9551e+06,-65119,65119
0.224,0.048,5.426,19.234,5.412e+05,-2.3658e+06,-43002,43002
0.224,0.032,6.7986,20.278,3.0443e+05,-1.3359e+06,-16999,16999
0.224,0.016,3.6859,18.058,0,0,-2739,2739
0.24,0.496,0.91462,39.135,0,0,0,0
0.24,0.48,-1.2796,32.972,0,0,0,0
0.24,0.464,-2.5733,30.711,NaN,NaN,0,0
0.24,0.448,-5.6776,29.663,NaN,NaN,NaN,NaN
0.24,0.432,-6.2439,31.193,NaN,NaN,NaN,NaN
0.24,0.416,-5.0377,31.739,NaN,NaN,NaN,NaN
0.24,0.4,-3.861,33.704,NaN,NaN,NaN,NaN
0.24,0.384,-4.7225,37.044,NaN,NaN,NaN,NaN
0.24,0.368,-6.3988,41.525,NaN,NaN,NaN,NaN
0.24,0.352,-9.1555,45.353,NaN,NaN,NaN,NaN
0.24,0.336,-9.4349,50.152,NaN,NaN,NaN,NaN
0.24,0.32,-11.789,53.853,NaN,NaN,-2.9116e+05,2.9116e+05
0.24,0.304,-13.326,55.152,NaN,NaN,-1.9412e+05,1.9412e+05
0.24,0.288,-12.407,52.691,-1.678e+06,2.8792e+06,-81435,81435
0.24,0.272,-10.367,50.164,-1.0636e+06,1.6933e+06,-2151.1,2151.1
0.24,0.256,-5.9999,47.159,-1.1266e+05,1.15e+06,58601,58601
0.24,0.24,-1.3571,44.168,8.0754e+05,-1.6888e+05,51216,51216
0.24,0.224,0.5342,41.396,1.4727e+06,-4.8694e+05,52320,52320
0.24,0.208,1.154,40.456,1.5127e+06,-5.5596e+05,48400,48400
0.24,0.192,3.0384,41.308,1.534e+06,-2.713e+05,77690,77690
0.24,0.176,4.1194,40.279,1.6312e+06,-3.5763e+05,95442,95442
0.24,0.16,3.766,42.808,1.6335e+06,-1.8216e+05,96599,96599
0.24,0.144,2.9684,46.266,1.4904e+06,3.2047e+05,86674,86674
0.24,0.128,1.9769,46.76,1.3838e+06,8.5675e+05,64047,64047
0.24,0.112,2.5409,47.041,1.272e+06,1.2143e+06,43005,43005
0.24,0.096,3.2396,47.098,1.1136e+06,1.1789e+06,11377,11377
0.24,0.08,4.9044,45.544,1.0454e+06,2.8221e+05,-24260,24260
0.24,0.064,4.8903,44.115,1.1942e+06,-1.3603e+06,-37575,37575
0.24,0.048,4.3627,44.791,8.9176e+05,-1.6189e+06,-29406,29406
0.24,0.032,4.5514,44.845,5.3031e+05,-1.1505e+06,-10024,10024
0.24,0.016,3.1427,40.125,0,0,-1060.3,1060.3
0.256,0.496,-0.27558,35.679,0,0,0,0
0.256,0.48,-0.27059,26.913,0,0,0,0
0.256,0.464,-2.4836,25.371,NaN,NaN,0,0
0.256,0.448,-3.2853,27.295,NaN,NaN,NaN,NaN
0.256,0.432,-2.6675,29.504,NaN,NaN,NaN,NaN
0.256,0.416,-2.6917,31.52,NaN,NaN,NaN,NaN
0.256,0.4,-2.6677,34.339,NaN,NaN,NaN,NaN
0.256,0.384,-3.2737,37.876,NaN,NaN,NaN,NaN
0.256,0.368,-4.5923,40.693,NaN,NaN,NaN,NaN
0.256,0.352,-6.2588,44.79,NaN,NaN,NaN,NaN
0.256,0.336,-7.7394,49.674,NaN,NaN,NaN,NaN
0.256,0.32,-9.7989,55.096,NaN,NaN,NaN,NaN
0.256,0.304,-9.44,58.876,NaN,NaN,-14730,14730
0.256,0.288,-10.361,60.702,NaN,NaN,1.1224e+05,1.1224e+05
0.256,0.272,-10.733,61.067,-1.0436e+06,1.839e+06,1.4069e+05,1.4069e+05
0.256,0.256,-7.2794,59.759,-1.6886e+05,2.4196e+06,1.7765e+05,1.7765e+05
0.256,0.24,-4.9966,57.826,2.0043e+05,2.2264e+06,2.0811e+05,2.0811e+05
0.256,0.224,-2.9519,57.524,6.865e+05,2.8452e+06,2.3203e+05,2.3203e+05
0.256,0.208,-0.36543,56.357,7.3028e+05,3.0995e+06,2.5179e+05,2.5179e+05
0.256,0.192,0.60552,56.376,8.5331e+05,3.2539e+06,2.5724e+05,2.5724e+05
0.256,0.176,1.767,56.18,1.0502e+06,3.0776e+06,2.7936e+05,2.7936e+05
0.256,0.16,1.1207,55.527,1.1456e+06,3.026e+06,2.4856e+05,2.4856e+05
0.256,0.144,0.86266,58.996,1.2515e+06,3.8238e+06,2.1068e+05,2.1068e+05
0.256,0.128,1.6971,58.619,1.4028e+06,4.4473e+06,1.4469e+05,1.4469e+05
0.256,0.112,1.5365,59.967,1.6337e+06,4.5919e+06,1.1289e+05,1.1289e+05
0.256,0.096,3.1222,60.768,1.7373e+06,4.1248e+06,71850,71850
0.256,0.08,4.2072,60.2,1.8023e+06,3.1945e+06,27413,27413
0.256,0.064,2.7843,58.044,1.7475e+06,2.1933e+06,5470,5470
0.256,0.048,5.3067,57.911,1.1668e+06,1.0518e+06,-1389,1389
0.256,0.032,5.5224,59.789,5.7461e+05,3.9387e+05,1792.8,1792.8
0.256,0.016,4.1297,58.713,0,0,2151.8,2151.8
0.272,0.496,-1.1224,31.405,0,0,0,0
0.272,0.48,-3.377,25.193,0,0,0,0
0.272,0.464,-2.9709,24.956,NaN,NaN,0,0
0.272,0.448,-2.5704,25.34,NaN,NaN,NaN,NaN
0.272,0.432,-1.7396,26.288,NaN,NaN,NaN,NaN
0.272,0.416,-2.3518,31.239,NaN,NaN,NaN,NaN
0.272,0.4,-2.2308,32.223,NaN,NaN,NaN,NaN
0.272,0.384,-2.0611,34.627,NaN,NaN,NaN,NaN
0.272,0.368,-2.7162,38.817,NaN,NaN,NaN,NaN
0.272,0.352,-3.6132,43.119,NaN,NaN,NaN,NaN
0.272,0.336,-4.7134,48.275,NaN,NaN,NaN,NaN
0.272,0.32,-5.8552,54,NaN,NaN,NaN,NaN
0.272,0.304,-5.6863,58.72,NaN,NaN,NaN,NaN
0.272,0.288,-8.1259,63.724,NaN,NaN,3.7926e+05,3.7926e+05
0.272,0.272,-8.5986,67.848,NaN,NaN,3.9593e+05,3.9593e+05
0.272,0.256,-6.7723,71.876,NaN,NaN,3.9975e+05,3.9975e+05
0.272,0.24,-6.1067,74.656,NaN,NaN,4.0311e+05,4.0311e+05
0.272,0.224,-4.5458,75.273,2.0382e+05,5.4766e+06,3.8709e+05,3.8709e+05
0.272,0.208,-3.1588,72.493,3.5101e+05,5.8913e+06,3.6905e+05,3.6905e+05
0.272,0.192,-0.80171,70.707,5.2391e+05,5.9765e+06,3.5846e+05,3.5846e+05
0.272,0.176,1.0636,69.774,6.6998e+05,5.9731e+06,3.8726e+05,3.8726e+05
0.272,0.16,1.486,70.968,7.0415e+05,5.9169e+06,3.6721e+05,3.6721e+05
0.272,0.144,2.4728,72.732,9.1754e+05,6.5085e+06,3.1877e+05,3.1877e+05
0.272,0.128,3.8842,73.685,1.1045e+06,7.1038e+06,2.3192e+05,2.3192e+05
0.272,0.112,3.1264,75.177,1.4263e+06,7.6243e+06,1.5864e+05,1.5864e+05
0.272,0.096,5.7024,74.358,1.4601e+06,7.818e+06,1.0224e+05,1.0224e+05
0.272,0.08,5.8468,72.688,1.4733e+06,7.5826e+06,65464,65464
0.272,0.064,4.9936,70.4,1.3418e+06,6.8312e+06,45070,45070
0.272,0.048,5.1058,69.354,8.8356e+05,4.2085e+06,27964,27964
0.272,0.032,5.255,68.261,4.3095e+05,1.914e+06,15230,15230
0.272,0.016,5.1589,64.228,0,0,5226.1,5226.1
0.288,0.496,-3.7231,29.1,0,0,0,0
0.288,0.48,-5.9829,25.029,0,0,0,0
0.288,0.464,-3.8767,27.277,NaN,NaN,0,0
0.288,0.448,-2.4836,23.912,NaN,NaN,NaN,NaN
0.288,0.432,-1.3054,23.008,NaN,NaN,NaN,NaN
0.288,0.416,-1.9273,27.806,NaN,NaN,NaN,NaN
0.288,0.4,-0.89706,29.961,NaN,NaN,NaN,NaN
0.288,0.384,-1.1947,33.885,NaN,NaN,NaN,NaN
0.288,0.368,-1.4737,39.988,NaN,NaN,NaN,NaN
0.288,0.352,-1.136,45.226,NaN,NaN,NaN,NaN
0.288,0.336,-1.0336,50.024,NaN,NaN,NaN,NaN
0.288,0.32,-1.601,55.202,NaN,NaN,NaN,NaN
0.288,0.304,-2.643,59.281,NaN,NaN,NaN,NaN
0.288,0.288,-3.5265,64.061,NaN,NaN,NaN,NaN
0.288,0.272,-4.3893,70.126,NaN,NaN,NaN,NaN
0.288,0.256,-3.7014,74.801,NaN,NaN,NaN,NaN
0.288,0.24,-3.1388,78.832,NaN,NaN,6.9751e+05,6.9751e+05
0.288,0.224,-3.0229,78.912,NaN,NaN,6.6831e+05,6.6831e+05
0.288,0.208,-2.2229,79.866,NaN,NaN,6.41e+05,6.41e+05
0.288,0.192,-0.43274,79.61,NaN,NaN,5.8744e+05,5.8744e+05
0.288,0.176,1.0943,78.677,NaN,NaN,5.8973e+05,5.8973e+05
0.288,0.16,2.0777,78.564,NaN,NaN,5.0059e+05,5.0059e+05
0.288,0.144,2.2239,78.646,1.6215e+06,9.326e+06,4.0242e+05,4.0242e+05
0.288,0.128,3.5104,78.418,1.6216e+06,9.4777e+06,2.8972e+05,2.8972e+05
0.288,0.112,3.8325,78.874,1.6834e+06,9.4687e+06,1.7481e+05,1.7481e+05
0.288,0.096,4.6661,77.286,1.509e+06,9.6457e+06,1.0931e+05,1.0931e+05
0.288,0.08,3.7815,76.407,1.3813e+06,9.5803e+06,85790,85790
0.288,0.064,5.3476,73.944,1.1284e+06,9.2207e+06,69605,69605
0.288,0.048,5.2127,73.399,7.2917e+05,5.923e+06,48313,48313
0.288,0.032,5.7797,70.684,3.2885e+05,2.7937e+06,23336,23336
0.288,0.016,5.4562,62.908,0,0,7744.7,7744.7
0.304,0.496,-3.4291,27.379,0,0,0,0
0.304,0.48,-5.8045,26.98,0,0,0,0
0.304,0.464,-5.45,28.445,NaN,NaN,0,0
0.304,0.448,-3.4496,25.509,NaN,NaN,NaN,NaN
0.304,0.432,-1.754,22.161,NaN,NaN,NaN,NaN
0.304,0.416,-0.90041,22.71,NaN,NaN,NaN,NaN
0.304,0.4,-1.4951,24.457,NaN,NaN,NaN,NaN
0.304,0.384,0.55757,28.624,NaN,NaN,NaN,NaN
0.304,0.368,-0.22779,34.869,NaN,NaN,NaN,NaN
0.304,0.352,1.2931,43.336,NaN,NaN,NaN,NaN
0.304,0.336,0.95725,49.949,NaN,NaN,NaN,NaN
0.304,0.32,-0.27221,55.57,NaN,NaN,NaN,NaN
0.304,0.304,-0.87781,58.835,NaN,NaN,NaN,NaN
0.304,0.288,-0.77665,64.707,NaN,NaN,NaN,NaN
0.304,0.272,-0.51387,69.378,NaN,NaN,NaN,NaN
0.304,0.256,-1.7961,72.552,NaN,NaN,NaN,NaN
0.304,0.24,-1.0174,76.034,NaN,NaN,NaN,NaN
0.304,0.224,-0.80248,78.123,NaN,NaN,NaN,NaN
0.304,0.208,-0.29494,78.778,NaN,NaN,NaN,NaN
0.304,0.192,-0.2174,79.707,NaN,NaN,NaN,NaN
0.304,0.176,0.48901,79.269,NaN,NaN,7.4752e+05,7.4752e+05
0.304,0.16,0.85004,77.157,NaN,NaN,5.4124e+05,5.4124e+05
0.304,0.144,2.039,76,1.1202e+06,8.2354e+06,4.4122e+05,4.4122e+05
0.304,0.128,3.2568,76.11,1.1495e+06,8.6448e+06,3.1572e+05,3.1572e+05
0.304,0.112,2.2459,74.977,1.1852e+06,8.9405e+06,1.9562e+05,1.9562e+05
0.304,0.096,2.2481,74.705,1.0414e+06,9.218e+06,1.2673e+05,1.2673e+05
0.304,0.08,1.503,73.737,9.1662e+05,9.1227e+06,99626,99626
0.304,0.064,3.194,71.023,7.0932e+05,8.5908e+06,81005,81005
0.304,0.048,3.3871,69.597,4.4929e+05,5.4423e+06,56175,56175
0.304,0.032,2.9379,66.619,1.9967e+05,2.5468e+06,27675,27675
0.304,0.016,2.0479,60.529,0,0,8900.5,8900.5
0.32,0.496,-3.6655,30.844,0,0,0,0
0.32,0.48,-4.9931,30.171,0,0,0,0
0.32,0.464,-4.5121,29.63,NaN,NaN,0,0
0.32,0.448,-3.3398,27.009,NaN,NaN,NaN,NaN
0.32,0.432,-2.5217,23.66,NaN,NaN,NaN,NaN
0.32,0.416,-2.0963,21.792,NaN,NaN,NaN,NaN
0.32,0.4,-1.3489,21.356,NaN,NaN,6.5153e+05,6.5153e+05
0.32,0.384,0.36854,22.536,NaN,NaN,6.5955e+05,6.5955e+05
0.32,0.368,0.46301,28.585,NaN,NaN,6.7042e+05,6.7042e+05
0.32,0.352,0.94833,32.621,NaN,NaN,6.867e+05,6.867e+05
0.32,0.336,1.139,38.981,NaN,NaN,6.9129e+05,6.9129e+05
0.32,0.32,0.71522,46.714,NaN,NaN,6.7562e+05,6.7562e+05
0.32,0.304,0.73512,52.053,NaN,NaN,6.4675e+05,6.4675e+05
0.32,0.288,0.9677,59.025,NaN,NaN,6.1893e+05,6.1893e+05
0.32,0.272,0.99702,63.865,NaN,NaN,5.9862e+05,5.9862e+05
0.32,0.256,1.4365,66.957,NaN,NaN,5.8147e+05,5.8147e+05
0.32,0.24,0.7472,68.372,NaN,NaN,5.5847e+05,5.5847e+05
0.32,0.224,-0.39772,72.384,NaN,NaN,5.2199e+05,5.2199e+05
0.32,0.208,-0.56805,74.799,NaN,NaN,4.7491e+05,4.7491e+05
0.32,0.192,0.67876,75.96,NaN,NaN,5.6559e+05,5.6559e+05
0.32,0.176,0.36873,76.496,NaN,NaN,6.0271e+05,6.0271e+05
0.32,0.16,0.9881,74.697,5.8592e+05,7.3629e+06,5.3239e+05,5.3239e+05
0.32,0.144,2.261,74.37,7.6523e+05,7.7008e+06,4.1145e+05,4.1145e+05
0.32,0.128,2.7593,72.704,8.4781e+05,8.02e+06,3.044e+05,3.044e+05
0.32,0.112,1.0087,70.406,8.0337e+05,8.1899e+06,2.1885e+05,2.1885e+05
0.32,0.096,0.59861,67.428,6.1036e+05,8.1724e+06,1.5473e+05,1.5473e+05
0.32,0.08,0.16208,66.224,3.4226e+05,7.5285e+06,1.1154e+05,1.1154e+05
0.32,0.064,0.29012,63.306,1.4387e+05,6.388e+06,79095,79095
0.32,0.048,1.3275,61.193,57636,3.7467e+06,50441,50441
0.32,0.032,-0.16157,59.319,15611,1.6109e+06,22869,22869
0.32,0.016,0.17677,56.413,0,0,7029.6,7029.6
0.336,0.496,-0.9728,33.615,0,0,0,0
0.336,0.48,-2.301,32.72,0,0,0,0
0.336,0.464,-3.3469,32.022,NaN,NaN,0,0
0.336,0.448,-2.49,28.865,NaN,NaN,5.3261e+05,5.3261e+05
0.336,0.432,-2.4155,28.89,NaN,NaN,5.2811e+05,5.2811e+05
0.336,0.416,-1.8754,29.127,NaN,NaN,5.2114e+05,5.2114e+05
0.336,0.4,-0.98278,26.34,NaN,NaN,4.3674e+05,4.3674e+05
0.336,0.384,-1.3222,26.073,-42099,-9.9227e+05,3.9979e+05,3.9979e+05
0.336,0.368,0.20308,26.228,1.7661e+05,-5.8907e+05,3.8836e+05,3.8836e+05
0.336,0.352,1.816,31.345,2.5211e+05,-2.8489e+05,4.126e+05,4.126e+05
0.336,0.336,2.4367,32.419,3.4617e+05,2.1307e+05,4.1869e+05,4.1869e+05
0.336,0.32,2.2476,35.957,4.3536e+05,9.967e+05,4.0133e+05,4.0133e+05
0.336,0.304,1.977,40.817,6.6815e+05,2.1831e+06,3.6647e+05,3.6647e+05
0.336,0.288,2.1153,45.807,9.3825e+05,3.4702e+06,3.4053e+05,3.4053e+05
0.336,0.272,2.5103,48.778,1.0707e+06,4.3458e+06,3.3026e+05,3.3026e+05
0.336,0.256,3.3024,52.065,9.7061e+05,4.5992e+06,3.3327e+05,3.3327e+05
0.336,0.24,2.484,57.615,7.1156e+05,4.4654e+06,3.3385e+05,3.3385e+05
0.336,0.224,1.4898,59.697,4.2787e+05,4.3945e+06,3.2977e+05,3.2977e+05
0.336,0.208,0.39542,61.904,2.6906e+05,4.763e+06,3.7033e+05,3.7033e+05
0.336,0.192,-0.40637,63.43,1.7965e+05,5.3896e+06,4.7708e+05,4.7708e+05
0.336,0.176,-0.52941,65.22,2.1538e+05,5.9679e+06,5.4117e+05,5.4117e+05
0.336,0.16,0.8507,68.021,3.8268e+05,6.5368e+06,4.6462e+05,4.6462e+05
0.336,0.144,0.29231,68.381,5.5062e+05,6.8707e+06,3.5384e+05,3.5384e+05
0.336,0.128,0.11158,67.529,4.4078e+05,6.7995e+06,2.5293e+05,2.5293e+05
0.336,0.112,0.16056,65.414,2.6845e+05,6.6396e+06,2.0723e+05,2.0723e+05
0.336,0.096,0.38507,61.249,14356,6.2326e+06,1.5342e+05,1.5342e+05
0.336,0.08,0.43405,58.313,-1.5982e+05,5.2107e+06,99161,99161
0.336,0.064,0.29947,54.812,-2.6988e+05,3.593e+06,61006,61006
0.336,0.048,0.28943,52.02,-2.1334e+05,1.6758e+06,33463,33463
0.336,0.032,0.42043,50.009,-99030,5.3271e+05,13753,13753
0.336,0.016,-0.042778,47.442,0,0,3996.5,3996.5
0.352,0.496,0.53721,32.78,0,0,0,0
0.352,0.48,-1.2423,30.692,0,0,11529,11529
0.352,0.464,-0.7496,28.983,NaN,NaN,38547,38547
0.352,0.448,0.70386,27.157,NaN,NaN,2.0544e+05,2.0544e+05
0.352,0.432,-0.61953,27.553,1.4896e+05,-1.5405e+06,2.7594e+05,2.7594e+05
0.352,0.416,-1.533,28.131,2.2696e+05,-1.119e+06,3.17e+05,3.17e+05
0.352,0.4,-1.4194,27.993,3.447e+05,-5.7203e+05,3.0211e+05,3.0211e+05
0.352,0.384,-1.0329,27.662,4.0275e+05,88545,2.9602e+05,2.9602e+05
0.352,0.368,-1.0155,25.421,4.3095e+05,4.883e+05,2.9749e+05,2.9749e+05
0.352,0.352,0.21693,26.002,3.6138e+05,5.3193e+05,3.1002e+05,3.1002e+05
0.352,0.336,0.5652,24.423,3.7515e+05,7.2257e+05,3.1145e+05,3.1145e+05
0.352,0.32,1.1113,22.627,4.9863e+05,1.198e+06,2.9411e+05,2.9411e+05
0.352,0.304,2.2764,26.09,7.7886e+05,2.1102e+06,2.625e+05,2.625e+05
0.352,0.288,3.3911,35.065,1.002e+06,3.12e+06,2.328e+05,2.328e+05
0.352,0.272,3.3643,39.127,1.0184e+06,3.7162e+06,2.2207e+05,2.2207e+05
0.352,0.256,3.1956,41.317,8.2204e+05,3.8421e+06,2.2657e+05,2.2657e+05
0.352,0.24,1.9923,44.016,5.864e+05,3.8869e+06,2.3322e+05,2.3322e+05
0.352,0.224,0.0051636,47.032,3.9654e+05,4.1174e+06,2.3748e+05,2.3748e+05
0.352,0.208,-0.031978,49.74,2.9456e+05,4.6321e+06,2.7369e+05,2.7369e+05
0.352,0.192,0.71084,52.033,1.799e+05,4.9074e+06,3.5535e+05,3.5535e+05
0.352,0.176,0.42576,53.397,1.3752e+05,4.9893e+06,3.7942e+05,3.7942e+05
0.352,0.16,1.0383,55.093,1.6437e+05,5.2574e+06,3.3705e+05,3.3705e+05
0.352,0.144,1.8185,55.057,1.2517e+05,5.3016e+06,2.4457e+05,2.4457e+05
0.352,0.128,-0.2646,52.533,-55735,5.0167e+06,1.9458e+05,1.9458e+05
0.352,0.112,-2.0508,50.084,-2.6234e+05,4.1166e+06,1.6327e+05,1.6327e+05
0.352,0.096,-1.0747,49.589,-4.3058e+05,3.0889e+06,1.1903e+05,1.1903e+05
0.352,0.08,-0.011436,46.654,-4.5692e+05,2.113e+06,76252,76252
0.352,0.064,0.65762,43.446,-4.8555e+05,1.0265e+06,39703,39703
0.352,0.048,-0.07765,41.463,-3.0577e+05,3.5822e+05,18697,18697
0.352,0.032,-0.13373,41.488,-1.4516e+05,-47092,6359.3,6359.3
0.352,0.016,-0.76233,38.857,0,0,1409.1,1409.1
0.368,0.496,0.54266,29.114,0,0,0,0
0.368,0.48,-0.737,21.491,0,0,15570,15570
0.368,0.464,-1.8438,16.49,-59421,-2.7112e+06,43731,43731
0.368,0.448,-2.0782,13.765,-38300,-2.0142e+06,1.4593e+05,1.4593e+05
0.368,0.432,-0.4062,13.991,-22235,-1.6424e+06,2.0424e+05,2.0424e+05
0.368,0.416,-0.57599,13.971,54761,-1.0454e+06,2.4348e+05,2.4348e+05
0.368,0.4,-0.42916,15.178,2.282e+05,-5.3078e+05,1.9651e+05,1.9651e+05
0.368,0.384,0.64638,18.365,3.9487e+05,89442,1.4968e+05,1.4968e+05
0.368,0.368,1.0819,19.93,4.8426e+05,5.805e+05,1.0414e+05,1.0414e+05
0.368,0.352,0.11251,19.537,4.3118e+05,6.9992e+05,1.0726e+05,1.0726e+05
0.368,0.336,-0.014906,17.625,4.1976e+05,7.5696e+05,1.0437e+05,1.0437e+05
0.368,0.32,1.6085,15.938,5.264e+05,9.669e+05,88352,88352
0.368,0.304,3.1058,17.973,7.3022e+05,1.5199e+06,61658,61658
0.368,0.288,4.5971,22.052,8.4394e+05,2.2203e+06,34404,34404
0.368,0.272,4.3072,24.501,7.9041e+05,2.6148e+06,28843,28843
0.368,0.256,3.5817,24.634,6.1029e+05,2.6866e+06,41628,41628
0.368,0.24,2.2651,27.073,4.2825e+05,2.8019e+06,60833,60833
0.368,0.224,2.2633,31.856,2.6075e+05,3.0367e+06,77384,77384
0.368,0.208,1.4013,36.45,1.1087e+05,3.3751e+06,1.2711e+05,1.2711e+05
0.368,0.192,0.95073,39.114,-38309,3.4336e+06,1.8096e+05,1.8096e+05
0.368,0.176,1.7362,35.798,-1.3313e+05,3.4564e+06,2.1393e+05,2.1393e+05
0.368,0.16,0.54775,35.128,-1.9583e+05,3.4741e+06,1.9959e+05,1.9959e+05
0.368,0.144,0.11257,35.862,-2.6732e+05,3.3578e+06,1.7221e+05,1.7221e+05
0.368,0.128,-0.34048,35.624,-4.4847e+05,2.8082e+06,1.4629e+05,1.4629e+05
0.368,0.112,-0.35739,35.259,-5.4505e+05,1.9853e+06,1.1483e+05,1.1483e+05
0.368,0.096,-1.2799,31.15,-5.5151e+05,1.2986e+06,81550,81550
0.368,0.08,-2.9977,32.649,-4.2374e+05,1.0754e+06,55087,55087
0.368,0.064,-0.80106,34.191,-3.6725e+05,9.0247e+05,34126,34126
0.368,0.048,-1.0638,36.466,-2.14e+05,6.3324e+05,18250,18250
0.368,0.032,-3.0209,37.395,-1.0845e+05,2.4959e+05,6119.2,6119.2
0.368,0.016,-3.607,35.082,0,0,1441.8,1441.8
0.384,0.496,-1.1203,26.16,0,0,184.78,184.78
0.384,0.48,-4.1677,16.343,0,0,18284,18284
0.384,0.464,-3.77,9.422,-59421,-2.7112e+06,45635,45635
0.384,0.448,-2.1085,9.5491,2.1062e+05,-1.5166e+06,75071,75071
0.384,0.432,-2.4466,7.9685,1.9152e+05,-1.168e+06,89265,89265
0.384,0.416,-2.9976,7.3387,2.2154e+05,-7.5245e+05,96707,96707
0.384,0.4,-1.911,6.9898,2.554e+05,-3.9266e+05,1.0144e+05,1.0144e+05
0.384,0.384,0.32752,9.0862,3.6292e+05,1.4771e+05,1.0069e+05,1.0069e+05
0.384,0.368,1.5714,12.078,4.184e+05,6.9721e+05,94107,94107
0.384,0.352,1.2279,14.539,3.7399e+05,8.418e+05,85060,85060
0.384,0.336,1.5429,13.258,3.6497e+05,7.0288e+05,75961,75961
0.384,0.32,2.1071,10.237,4.8876e+05,6.2916e+05,65082,65082
0.384,0.304,3.493,10.643,6.5199e+05,8.6362e+05,50656,50656
0.384,0.288,3.5019,12.382,6.2157e+05,1.1589e+06,32350,32350
0.384,0.272,2.6221,10.802,4.4883e+05,1.2044e+06,25701,25701
0.384,0.256,3.3784,9.229,2.1422e+05,1.1084e+06,30365,30365
0.384,0.24,3.7544,9.9407,69525,1.2442e+06,40712,40712
0.384,0.224,2.4954,14.807,-59895,1.3182e+06,45592,45592
0.384,0.208,2.0619,15.024,-1.8982e+05,1.2304e+06,50749,50749
0.384,0.192,0.48299,12.076,-2.6026e+05,8.6807e+05,64610,64610
0.384,0.176,-0.12018,12.901,-2.6937e+05,8.7495e+05,82875,82875
0.384,0.16,-0.47731,16.931,-2.9405e+05,1.0673e+06,1.0763e+05,1.0763e+05
0.384,0.144,-0.70417,19.768,-3.4942e+05,1.2012e+06,1.1894e+05,1.1894e+05
0.384,0.128,-0.51208,21.162,-3.5094e+05,1.2531e+06,1.1319e+05,1.1319e+05
0.384,0.112,-0.44468,22.071,-2.36e+05,9.9329e+05,90738,90738
0.384,0.096,0.098299,22.794,-85461,7.849e+05,70893,70893
0.384,0.08,-0.03565,22.58,28886,1.039e+06,62010,62010
0.384,0.064,0.60589,28.784,72535,1.7153e+06,47879,47879
0.384,0.048,0.65732,33.583,66932,1.5927e+06,30954,30954
0.384,0.032,-0.032097,34.24,23471,8.761e+05,11758,11758
0.384,0.016,-2.0044,30.502,0,0,2879.3,2879.3
0.4,0.496,-1.6933,22.773,0,0,308.49,308.49
0.4,0.48,-5.7733,15.219,0,0,14377,14377
0.4,0.464,-4.8031,7.8401,1.2088e+05,-2.1324e+06,35916,35916
0.4,0.448,-1.8042,9.8481,3.3001e+05,-1.2534e+06,62559,62559
0.4,0.432,-1.4841,8.6953,2.932e+05,-9.3632e+05,74406,74406
0.4,0.416,-0.57172,8.3366,2.8987e+05,-5.0581e+05,79556,79556
0.4,0.4,-0.21929,7.3184,2.2459e+05,-2.5815e+05,79164,79164
0.4,0.384,-0.61672,8.1895,2.2894e+05,8598.1,78025,78025
0.4,0.368,-0.52619,9.2332,2.1256e+05,3.0711e+05,74125,74125
0.4,0.352,0.083535,9.7067,1.785e+05,3.2917e+05,69106,69106
0.4,0.336,0.14535,8.4286,2.0555e+05,1.7329e+05,61485,61485
0.4,0.32,1.0956,7.5227,3.6796e+05,99518,56322,56322
0.4,0.304,1.944,7.6381,5.2714e+05,2.5832e+05,50337,50337
0.4,0.288,2.498,8.397,4.6642e+05,3.9793e+05,45755,45755
0.4,0.272,1.8032,6.5233,2.285e+05,2.9207e+05,43066,43066
0.4,0.256,1.2727,5.395,3403.8,1.1229e+05,44083,44083
0.4,0.24,-0.20157,5.0119,-1.2793e+05,1.0319e+05,46875,46875
0.4,0.224,-1.1473,5.8228,-2.0816e+05,4526.4,42597,42597
0.4,0.208,-2.1521,3.3265,-3.2981e+05,-2.9773e+05,38534,38534
0.4,0.192,-3.023,1.3117,-3.1004e+05,-6.1302e+05,43362,43362
0.4,0.176,-2.0044,0.43911,-2.4089e+05,-4.5874e+05,59198,59198
0.4,0.16,-0.42682,1.2255,-1.796e+05,-1.1731e+05,87155,87155
0.4,0.144,-0.41832,2.4793,-1.6984e+05,1.2985e+05,1.0172e+05,1.0172e+05
0.4,0.128,-0.1931,2.4064,-76816,5.3369e+05,1.0183e+05,1.0183e+05
0.4,0.112,0.65553,14.334,1.6372e+05,9.8619e+05,85966,85966
0.4,0.096,2.5014,13.453,4.8659e+05,1.6775e+06,74889,74889
0.4,0.08,3.5874,14.591,6.6693e+05,2.2729e+06,70539,70539
0.4,0.064,2.7115,21.693,4.5857e+05,3.4232e+06,56271,56271
0.4,0.048,2.1161,25.621,1.8955e+05,2.6946e+06,36733,36733
0.4,0.032,3.0769,27.774,-36942,1.6683e+06,14471,14471
0.4,0.016,-4.6837,36.992,0,0,4140,4140
0.416,0.496,-2.7412,18.01,0,0,2832,2832
0.416,0.48,-5.7848,12.053,-69586,-5.3071e+05,21473,21473
0.416,0.464,-5.3248,7.1645,-24442,-1.5354e+06,48776,48776
0.416,0.448,-3.3482,7.2905,1.9326e+05,-9.9759e+05,77574,77574
0.416,0.432,-1.6121,8.3145,3.3147e+05,-5.2823e+05,89142,89142
0.416,0.416,-0.73444,6.5902,3.5314e+05,-2.5832e+05,91381,91381
0.416,0.4,-0.27149,6.5023,2.4204e+05,-83192,91722,91722
0.416,0.384,0.00054499,7.5817,85289,-1916.5,88158,88158
0.416,0.368,-0.27806,8.2403,-35567,51964,79649,79649
0.416,0.352,-1.3718,6.6995,-78710,-1.0545e+05,69615,69615
0.416,0.336,-1.2172,5.0058,-4004.3,-2.0397e+05,60021,60021
0.416,0.32,-0.20724,4.3497,1.7837e+05,-1.3654e+05,61326,61326
0.416,0.304,1.8053,4.4622,3.1984e+05,1.2674e+05,62574,62574
0.416,0.288,4.6682,4.7344,2.3634e+05,2.8431e+05,70309,70309
0.416,0.272,3.1217,5.4792,30112,1.3856e+05,71132,71132
0.416,0.256,0.77161,4.1042,-1.3828e+05,18490,69859,69859
0.416,0.24,0.47278,3.2232,-2.1622e+05,-39204,64737,64737
0.416,0.224,-0.37683,3.2013,-2.8652e+05,-1.3323e+05,57954,57954
0.416,0.208,-1.6964,4.0636,-2.9752e+05,-4.2625e+05,55064,55064
0.416,0.192,-1.7857,5.2301,-1.4971e+05,-6.2374e+05,56612,56612
0.416,0.176,-0.87254,5.1007,23360,-4.7906e+05,63529,63529
0.416,0.16,-0.722,3.6532,1.1818e+05,-3.1253e+05,76775,76775
0.416,0.144,0.14694,3.6034,95387,-2.3643e+05,90145,90145
0.416,0.128,0.056571,3.4973,1.6111e+05,2.2772e+05,96875,96875
0.416,0.112,-0.33263,9.4708,1.0301e+05,2.6621e+05,97377,97377
0.416,0.096,5.595,14.826,5.2281e+05,1.1484e+06,92074,92074
0.416,0.08,8.3308,19.478,2.7685e+05,6.511e+05,83766,83766
0.416,0.064,6.5747,15.167,-1.4692e+05,1.596e+06,61613,61613
0.416,0.048,-3.2263,40.306,-5.8314e+05,7.9292e+05,36213,36213
0.416,0.032,-5.307,46.715,-4.4224e+05,8.6459e+05,14497,14497
0.416,0.016,-8.0189,51.14,0,0,3878.9,3878.9
0.432,0.496,-4.1496,11.695,0,0,4454.4,4454.4
0.432,0.48,-7.1876,7.4997,-7.9953e+05,-1.5541e+06,28041,28041
0.432,0.464,-5.6728,5.1255,-1.3886e+06,-3.3721e+06,60526,60526
0.432,0.448,-5.5239,4.0436,-1.06e+06,-2.5521e+06,93621,93621
0.432,0.432,-3.8575,3.8857,-5.7693e+05,-1.7251e+06,1.0889e+05,1.0889e+05
0.432,0.416,-1.0844,4.9128,46271,-5.3897e+05,1.1479e+05,1.1479e+05
0.432,0.4,-0.88131,5.8143,3.0511e+05,-2688.8,1.1246e+05,1.1246e+05
0.432,0.384,-1.2259,6.5485,3.3625e+05,3.0743e+05,98220,98220
0.432,0.368,-1.95,6.2162,-3297.8,76574,78857,78857
0.432,0.352,-1.4187,5.9556,-1.33e+05,-2.2747e+05,65631,65631
0.432,0.336,-2.0194,3.4066,-75442,-2.7154e+05,63297,63297
0.432,0.32,-1.4355,2.7501,35809,-2.0017e+05,70983,70983
0.432,0.304,1.1357,2.2244,2.0519e+05,34210,83032,83032
0.432,0.288,0.57675,1.5459,1.449e+05,1.9332e+05,94734,94734
0.432,0.272,-1.3359,4.0625,24346,1.5958e+05,1.0106e+05,1.0106e+05
0.432,0.256,-0.43956,1.4652,-1.2458e+05,2.0493e+05,98243,98243
0.432,0.24,-0.61064,4.872,-1.1824e+05,2.43e+05,92602,92602
0.432,0.224,-1.5301,5.9645,-1.173e+05,3.3599e+05,85384,85384
0.432,0.208,-1.7637,6.6181,-71615,2.6282e+05,80819,80819
0.432,0.192,-0.43363,7.3747,36078,2.1232e+05,74052,74052
0.432,0.176,-0.43134,8.2438,1.153e+05,1.551e+05,63140,63140
0.432,0.16,-0.82079,7.1063,1.2324e+05,-4595.3,62803,62803
0.432,0.144,-0.11908,4.3916,73388,-1.4695e+05,77216,77216
0.432,0.128,-0.059682,3.1755,53882,-6411,99316,99316
0.432,0.112,0.77368,5.1434,-3.3121e+05,-5.4778e+05,1.1697e+05,1.1697e+05
0.432,0.096,-10.519,7.0977,55922,1.0506e+06,1.186e+05,1.186e+05
0.432,0.08,8.6027,15.124,6.5574e+05,3.5495e+06,1.0504e+05,1.0504e+05
0.432,0.064,-16.263,24.54,5.3774e+05,5.137e+06,71472,71472
0.432,0.048,-17.252,45.914,86817,3.3945e+06,35927,35927
0.432,0.032,-24.803,56.292,-5.9672e+05,4.0426e+05,12474,12474
0.432,0.016,11.508,31.02,0,0,2074.9,2074.9
0.448,0.496,-3.529,6.3932,0,0,3466,3466
0.448,0.48,-7.8156,3.8574,-1.2217e+06,-2.219e+06,25376,25376
0.448,0.464,-21.839,-1.1271,-2.1153e+06,-4.1701e+06,59446,59446
0.448,0.448,-15.833,-11.009,-2.129e+06,-3.9978e+06,1.0052e+05,1.0052e+05
0.448,0.432,-10.67,-5.0382,-1.6799e+06,-3.0271e+06,1.3064e+05,1.3064e+05
0.448,0.416,-7.2441,-5.3003,-9.8917e+05,-1.8807e+06,1.435e+05,1.435e+05
0.448,0.4,0.58033,5.8059,-1.128e+05,-4.1177e+05,1.3898e+05,1.3898e+05
0.448,0.384,0.52289,5.1104,2.2886e+05,1.3022e+05,1.1335e+05,1.1335e+05
0.448,0.368,-0.97353,3.8124,31273,1.4185e+05,84857,84857
0.448,0.352,-0.59055,4.6075,-3.7689e+05,-4.7051e+05,69472,69472
0.448,0.336,-1.3367,3.3304,-5.0605e+05,-5.6247e+05,71521,71521
0.448,0.32,-0.71635,1.0536,-2.5446e+05,-4.4167e+05,97023,97023
0.448,0.304,1.7386,0.0036638,28291,-59999,1.2119e+05,1.2119e+05
0.448,0.288,3.448,0.8029,1.375e+05,1.5083e+05,1.4004e+05,1.4004e+05
0.448,0.272,0.99229,1.9756,-37400,85247,1.4332e+05,1.4332e+05
0.448,0.256,-0.25943,3.5193,-1.1153e+05,2.8865e+05,1.4217e+05,1.4217e+05
0.448,0.24,-0.46369,6.2688,-26264,5.1963e+05,1.4071e+05,1.4071e+05
0.448,0.224,-0.40443,7.2934,2.292e+05,8.0591e+05,1.3191e+05,1.3191e+05
0.448,0.208,-0.40692,7.1971,5.0686e+05,8.0669e+05,1.139e+05,1.139e+05
0.448,0.192,-0.015385,7.2425,5.2038e+05,6.0416e+05,88103,88103
0.448,0.176,0.35344,7.8292,2.3394e+05,3.1348e+05,63314,63314
0.448,0.16,0.48361,7.5641,-2483.1,-18004,61474,61474
0.448,0.144,0.41809,4.9402,5026.9,-1.2177e+05,82011,82011
0.448,0.128,0.94526,2.8606,38574,-26290,1.0854e+05,1.0854e+05
0.448,0.112,0.32939,2.954,-4.5878e+05,-7.5564e+05,1.2952e+05,1.2952e+05
0.448,0.096,-12.328,5.9016,-1.4695e+05,7.0655e+05,1.422e+05,1.422e+05
0.448,0.08,4.3814,43.944,3.4567e+05,3.3349e+06,1.3202e+05,1.3202e+05
0.448,0.064,13.31,72.16,5.8654e+05,5.1737e+06,95010,95010
0.448,0.048,21.533,80.551,99749,3.0269e+06,42310,42310
0.448,0.032,-27.708,158.41,-5.3071e+05,-4.7622e+05,12321,12321
0.448,0.016,-65.081,64.413,0,0,537.84,537.84
0.464,0.496,-1.1819,3.3368,0,0,-44.929,44.929
0.464,0.48,-6.2196,7.0479,-1.4103e+06,-2.2382e+06,12447,12447
0.464,0.464,-20.735,2.665,-2.8176e+06,-5.0859e+06,33323,33323
0.464,0.448,-35.507,69.17,-2.9222e+06,-5.1301e+06,67750,67750
0.464,0.432,-21.229,-11.337,-2.4294e+06,-4.1663e+06,98717,98717
0.464,0.416,-14.376,-6.542,-1.4238e+06,-2.6573e+06,1.1429e+05,1.1429e+05
0.464,0.4,-6.3167,-4.7369,-2.9306e+05,-7.8325e+05,1.0515e+05,1.0515e+05
0.464,0.384,0.16945,2.9442,40511,-2.3712e+05,78269,78269
0.464,0.368,-1.2831,2.2476,-3.3563e+05,-2.1351e+05,57873,57873
0.464,0.352,-2.3751,4.1624,-1.0907e+06,-1.0777e+06,53704,53704
0.464,0.336,-8.7922,-9.7333,-1.4233e+06,-1.256e+06,64303,64303
0.464,0.32,-6.9294,-4.6028,-1.0239e+06,-9.6517e+05,87900,87900
0.464,0.304,4.287,1.4079,-2.7593e+05,-2.1781e+05,1.0869e+05,1.0869e+05
0.464,0.288,-0.21682,0.35413,1.8899e+05,1.2363e+05,1.1886e+05,1.1886e+05
0.464,0.272,-0.12209,1.1618,-78590,-1.0864e+05,1.1888e+05,1.1888e+05
0.464,0.256,0.28348,2.1982,-5.634e+05,-4.1341e+05,1.1972e+05,1.1972e+05
0.464,0.24,-0.75533,5.3341,-8.4079e+05,-6.0502e+05,1.2532e+05,1.2532e+05
0.464,0.224,-0.25406,6.971,-6.1608e+05,-2.9775e+05,1.2096e+05,1.2096e+05
0.464,0.208,1.8868,4.5981,3.8337e+05,4.7639e+05,1.0301e+05,1.0301e+05
0.464,0.192,1.4832,5.2028,1.0672e+06,1.094e+06,74373,74373
0.464,0.176,0.45145,4.7668,1.0889e+06,1.0794e+06,49642,49642
0.464,0.16,1.3411,4.721,4.1295e+05,4.3837e+05,49545,49545
0.464,0.144,1.0299,3.2076,50894,-1.0727e+05,65633,65633
0.464,0.128,0.97244,1.4348,-4457.5,22173,84949,84949
0.464,0.112,1.7891,4.1689,-2.7079e+05,-3.8051e+05,98922,98922
0.464,0.096,0.23732,2.0573,-1.3933e+05,8.8574e+05,1.2124e+05,1.2124e+05
0.464,0.08,3.6307,7.1721,2.2353e+05,4.6692e+06,1.1673e+05,1.1673e+05
0.464,0.064,-205.78,-43.176,8.6838e+05,8.3351e+06,89374,89374
0.464,0.048,-247.01,137.02,5.9081e+05,6.2328e+06,36481,36481
0.464,0.032,32.66,49.437,0,0,11085,11085
0.464,0.016,54.888,154.43,0,0,-180.84,180.84
0.48,0.496,-1.4231,0.12845,0,0,-1852.1,1852.1
0.48,0.48,-7.0819,8.7442,-5.554e+05,-9.2393e+05,985.34,985.34
0.48,0.464,-11.593,9.131,-8.8019e+05,-1.6178e+06,7493,7493
0.48,0.448,-5.724,-6.0385,-1.4337e+06,-2.638e+06,26489,26489
0.48,0.432,-231.16,-116.04,-1.3284e+06,-2.21e+06,47839,47839
0.48,0.416,-63.278,-196.7,-1.2433e+06,-2.1832e+06,59031,59031
0.48,0.4,-4.8998,-8.3582,-4.802e+05,-8.3015e+05,54437,54437
0.48,0.384,-2.3918,1.0319,-2.6158e+05,-5.1436e+05,40256,40256
0.48,0.368,-5.9662,0.98772,-3.951e+05,-2.8843e+05,32882,32882
0.48,0.352,-12.154,-8.9174,-1.0633e+06,-1.0026e+06,35466,35466
0.48,0.336,-13.439,-10.85,-1.4124e+06,-1.2054e+06,45471,45471
0.48,0.32,-9.8654,-6.3644,-9.8883e+05,-8.9604e+05,64969,64969
0.48,0.304,-3.0308,-3.4921,-3.0577e+05,-1.967e+05,74657,74657
0.48,0.288,2.6614,0.065738,1.9006e+05,1.1924e+05,77450,77450
0.48,0.272,0.37776,0.63804,-88143,-1.6784e+05,72441,72441
0.48,0.256,-13.283,-10.083,-5.0457e+05,-5.5474e+05,76620,76620
0.48,0.24,-15.753,-8.776,-8.1723e+05,-8.18e+05,85602,85602
0.48,0.224,-15.705,-8.4976,-6.0728e+05,-5.1329e+05,85425,85425
0.48,0.208,-14.119,-6.8964,3.6847e+05,3.4434e+05,72448,72448
0.48,0.192,-0.034831,5.83,1.0434e+06,1.0269e+06,51015,51015
0.48,0.176,2.8784,3.1505,1.0614e+06,1.0374e+06,33883,33883
0.48,0.16,1.9486,3.0512,4.0113e+05,4.5011e+05,34395,34395
0.48,0.144,0.85364,2.1652,42990,-53690,42461,42461
0.48,0.128,0.067109,-1.8834,9158.4,86803,52087,52087
0.48,0.112,-0.60794,4.7437,-5947.5,5390.7,54288,54288
0.48,0.096,-0.082195,-2.9066,69887,2.798e+05,72161,72161
0.48,0.08,0.065312,0.63412,-5.0671e+05,4.6848e+05,71014,71014
0.48,0.064,-20.088,37.932,-6.3387e+05,7.9341e+05,60037,60037
0.48,0.048,802.52,847.73,-7.7167e+05,4.9937e+05,23744,23744
0.48,0.032,-32.036,57.228,0,0,7760.4,7760.4
0.48,0.016,10.023,126.55,0,0,0,0
0.496,0.496,-0.518,-1.1243,0,0,-947.49,947.49
0.496,0.48,-2.8755,2.8991,0,0,-1228.5,1228.5
0.496,0.464,-24.941,-3.3537,-1.5265e+05,-3.6365e+05,-2850,2850
0.496,0.448,-2.326,-0.35931,-1.5265e+05,-3.6365e+05,139.14,139.14
0.496,0.432,-1.516,0.2756,-1.5265e+05,-3.6365e+05,4992.9,4992.9
0.496,0.416,-1.2846,0.81406,-96338,-3.4802e+05,9718.4,9718.4
0.496,0.4,6.6189,1.2672,-1.0465e+05,-3.0675e+05,9207.4,9207.4
0.496,0.384,-1.0393,1.952,-2.0389e+05,-3.4764e+05,6685.3,6685.3
0.496,0.368,0.95029,51.451,-4.24e+05,-3.6579e+05,8248.4,8248.4
0.496,0.352,-68.962,-29.864,-7.8076e+05,-6.9649e+05,12611,12611
0.496,0.336,-54.647,-103.09,-9.5711e+05,-7.9555e+05,19402,19402
0.496,0.32,-92.6,-132.44,-7.6506e+05,-5.9135e+05,21121,21121
0.496,0.304,-18.412,-16.155,-3.0054e+05,-1.7631e+05,18598,18598
0.496,0.288,-1.2317,-6.208,-2633.6,-576.38,12899,12899
0.496,0.272,-8.3312,-1.3992,-1.281e+05,-2.1008e+05,10859,10859
0.496,0.256,-18.315,-11.888,-5.313e+05,-6.7063e+05,14493,14493
0.496,0.24,-51.813,30.821,-8.6549e+05,-1.0564e+06,20568,20568
0.496,0.224,-156.27,-187.47,-9.2724e+05,-9.4965e+05,24156,24156
0.496,0.208,-17.212,-9.2193,-1.7671e+05,-1.7182e+05,24741,24741
0.496,0.192,-14.036,-12.524,5.4887e+05,6.4113e+05,20959,20959
0.496,0.176,-2.7354,0.4057,8.9443e+05,8.7578e+05,15883,15883
0.496,0.16,-1.5559,0.75393,4.5464e+05,4.6429e+05,12643,12643
0.496,0.144,-0.33704,1.8674,63127,-54622,11182,11182
0.496,0.128,-1.2685,0.68237,-15798,-904.96,12847,12847
0.496,0.112,-1.2383,1.5672,-16715,-66385,13362,13362
0.496,0.096,-0.99288,-1.0579,-26293,39956,23082,23082
0.496,0.08,-1.1835,1.1676,-5.1718e+05,2.7189e+05,22329,22329
0.496,0.064,-0.76215,3.3912,-5.7765e+05,3.9288e+05,20975,20975
0.496,0.048,184.62,202.23,-5.7875e+05,3.7453e+05,7417.4,7417.4
0.496,0.032,-61.675,106.62,0,0,3670.5,3670.5
0.496,0.016,-2.7126,79.804,0,0,115.08,115.08
