0.016,0.496,-0.022654,2.3057,20195,-29816,-553.46,553.46
0.016,0.48,-0.66701,3.1886,43503,-65127,-787.88,787.88
0.016,0.464,-0.65057,1.6316,24461,-47995,-3865.5,3865.5
0.016,0.448,0.61519,1.9823,2629.8,-27770,-6226.6,6226.6
0.016,0.432,1.0242,1.8542,-34888,4715.2,-8385.1,8385.1
0.016,0.416,4.5889,0.20328,-24859,-9690.2,-6093.9,6093.9
0.016,0.4,3.1877,-0.79282,-25793,1934.9,-3532,3532
0.016,0.384,4.4455,-0.8958,-12226,4027,-1062.9,1062.9
0.016,0.368,6.0347,-1.1432,-2603.4,1130.2,-30.169,30.169
0.016,0.352,4.2202,0.42522,-72.485,-389.05,1574.6,1574.6
0.016,0.336,5.9006,0.4075,955.04,436.16,3294.2,3294.2
0.016,0.32,3.5987,0.80974,283.97,-720.87,3605.2,3605.2
0.016,0.304,0.21673,0.91204,-5022.7,-1305.4,2159.3,2159.3
0.016,0.288,0.83104,-0.12932,-11160,427.54,1277.3,1277.3
0.016,0.272,1.8476,-1.7439,-12974,2946.9,127.76,127.76
0.016,0.256,0.32775,0.56897,-10285,3464.5,-203.76,203.76
0.016,0.24,2.5495,1.281,-21754,386.25,-459.61,459.61
0.016,0.224,7.1344,0.23862,-19820,-1040.6,2165.1,2165.1
0.016,0.208,5.8076,-0.19173,-15578,-4113.8,5146.9,5146.9
0.016,0.192,0.84224,-0.13763,4601,-4217,6440.9,6440.9
0.016,0.176,-1.0982,-0.9757,3568.5,-3911.8,4949.4,4949.4
0.016,0.16,-0.66549,-0.79671,2070,1976.8,2310.8,2310.8
0.016,0.144,-0.90196,0.21998,-980.17,3088,301.81,301.81
0.016,0.128,2.2304,-2.6044,-2304.5,3947.1,-240.7,240.7
0.016,0.112,5.8154,-0.16955,-12464,-10140,430.02,430.02
0.016,0.096,1.386,2.5057,-23643,-7281.6,1684.9,1684.9
0.016,0.08,5.7398,-1.0745,-23782,-20661,3027.4,3027.4
0.016,0.064,7.6561,-0.10388,45974,-46237,3784.6,3784.6
0.016,0.048,1.8409,-0.066026,57246,-48851,2767.6,2767.6
0.016,0.032,1.1177,0.41137,59684,-36402,1452.5,1452.5
0.016,0.016,0.20918,0.62381,0,0,155.04,155.04
0.032,0.496,0.52639,3.954,24111,-75438,707.24,707.24
0.032,0.48,1.4124,2.8084,23148,-1.0469e+05,1318.4,1318.4
0.032,0.464,1.6815,1.3686,-28497,-74386,1614.9,1614.9
0.032,0.448,0.44634,2.521,-39070,-22111,967.98,967.98
0.032,0.432,0.25812,1.0485,-55232,8764.8,227.45,227.45
0.032,0.416,-0.39419,-0.61945,-18571,-15444,-325.16,325.16
0.032,0.4,-0.34066,-0.24428,-52623,-15943,-390.63,390.63
0.032,0.384,-0.094558,0.22709,-26922,9514,-306.45,306.45
0.032,0.368,0.024787,0.12333,-9835.4,-4783.6,-49.319,49.319
0.032,0.352,0.030571,0.088169,11324,12422,9.4757,9.4757
0.032,0.336,0.013947,0.3004,-1068.3,-15871,-37.495,37.495
0.032,0.32,0.096031,-0.13416,-10576,-14689,-235.3,235.3
0.032,0.304,-0.10817,-0.25243,-16036,-10826,-377.81,377.81
0.032,0.288,-0.51697,-0.13796,-15306,-10120,-413.35,413.35
0.032,0.272,-0.35408,-0.40473,-16186,5685.8,-410.71,410.71
0.032,0.256,-0.23935,0.12144,-18253,3108.4,-555.57,555.57
0.032,0.24,-0.47247,0.69106,-34945,1778.9,-696.44,696.44
0.032,0.224,-0.32174,-0.15878,-28177,-17542,-765.47,765.47
0.032,0.208,0.23649,-0.49784,-17736,-24370,-378.88,378.88
0.032,0.192,0.52323,-0.25318,1922.9,-17610,47.34,47.34
0.032,0.176,0.3676,-0.30911,-7159.1,-9935.8,335.79,335.79
0.032,0.16,-0.037737,0.087131,-23708,-2845.5,106.19,106.19
0.032,0.144,-0.47604,0.3277,-40204,-4333.4,-260.17,260.17
0.032,0.128,0.00043305,-0.33386,-44215,-3566.8,-603.52,603.52
0.032,0.112,-0.094525,0.057395,-61762,-31252,-629.42,629.42
0.032,0.096,-0.69657,0.0038464,-56133,-34911,-305.58,305.58
0.032,0.08,-0.26669,-0.021864,-28396,-59423,557.66,557.66
0.032,0.064,0.38668,-0.61516,30171,15188,1157.8,1157.8
0.032,0.048,2.3411,0.76248,41157,15413,1361.7,1361.7
0.032,0.032,0.25892,3.6093,28030,42017,756.39,756.39
0.032,0.016,-0.59692,-3.9617,0,0,379.2,379.2
0.048,0.496,0.37657,5.0791,27125,-84868,922.92,922.92
0.048,0.48,0.65178,2.9088,5763.8,-1.1894e+05,1847.9,1847.9
0.048,0.464,-0.32788,3.1687,-43406,-1.1711e+05,2530.6,2530.6
0.048,0.448,-1.1048,3.1669,-52873,-48430,2506.1,2506.1
0.048,0.432,0.29558,1.6796,-53133,-17354,2040.8,2040.8
0.048,0.416,-0.33035,0.0062174,-23105,-10390,1432.5,1432.5
0.048,0.4,-1.0657,-0.39044,-56594,-17705,1039.3,1039.3
0.048,0.384,-1.2381,-0.89347,-30456,24609,948.24,948.24
0.048,0.368,-0.20505,1.6023,-15140,1805.8,1135.4,1135.4
0.048,0.352,-0.10662,1.144,9511.3,23204,1188.5,1188.5
0.048,0.336,-0.42953,-0.6753,-649.68,-19684,1064.4,1064.4
0.048,0.32,-0.76993,-0.41091,-8719.5,-11251,900.4,900.4
0.048,0.304,-0.97818,-0.67501,-13789,-9837.9,457.9,457.9
0.048,0.288,-0.56455,-0.42957,-22886,-19956,236.63,236.63
0.048,0.272,-0.50291,-0.47153,-21594,-5402.4,-351.75,351.75
0.048,0.256,-1.1579,0.65217,-20896,-8916.2,-658.74,658.74
0.048,0.24,-1.0466,0.18627,-27707,-1924.7,-1083.4,1083.4
0.048,0.224,-0.5537,-0.692,-26237,-24606,-1017.7,1017.7
0.048,0.208,0.06121,-1.4874,-20238,-29504,-631.63,631.63
0.048,0.192,0.3269,-0.68447,-1879.5,-21393,-132.13,132.13
0.048,0.176,-0.1426,0.95697,-8818.5,-10608,392.29,392.29
0.048,0.16,-1.1788,-0.13952,-22498,-2650.4,237.81,237.81
0.048,0.144,-1.5982,-0.43663,-36581,-4427.6,-249.52,249.52
0.048,0.128,-1.5403,-0.081734,-38590,-4180,-1014.6,1014.6
0.048,0.112,-1.3408,-0.39534,-63557,-29257,-929.59,929.59
0.048,0.096,-1.0648,-1.2491,-55820,-39864,129.59,129.59
0.048,0.08,0.66866,0.064346,-47874,-40237,1386,1386
0.048,0.064,1.1396,0.23479,-19833,67346,1826.6,1826.6
0.048,0.048,-0.55074,3.6028,-12667,74527,1365.7,1365.7
0.048,0.032,-0.95473,4.7848,-7994,77777,574.8,574.8
0.048,0.016,-1.1787,-5.6598,0,0,409.42,409.42
0.064,0.496,1.1365,5.4313,5034.6,-58657,860.85,860.85
0.064,0.48,0.75906,3.5039,-30531,-78756,1852.3,1852.3
0.064,0.464,-0.096562,3.8041,-77260,-1.2279e+05,2976,2976
0.064,0.448,1.0103,1.0283,-74574,-64570,3861.3,3861.3
0.064,0.432,0.10735,1.1002,-54107,-45875,4416.1,4416.1
0.064,0.416,-0.44615,0.23526,-31704,-2426.4,4457.7,4457.7
0.064,0.4,-0.60287,0.051801,-46838,-42057,3530.3,3530.3
0.064,0.384,0.12859,-0.29881,-26614,-3448,2411.3,2411.3
0.064,0.368,0.17531,1.3943,-7721.9,-38823,2109.8,2109.8
0.064,0.352,-0.36348,0.49642,9827.3,37409,2400.2,2400.2
0.064,0.336,-0.65097,-0.16493,-8237.2,-1006,2888,2888
0.064,0.32,-0.55385,0.027417,-20603,17988,2898.1,2898.1
0.064,0.304,-0.36568,0.094286,12045,-15101,2634.9,2634.9
0.064,0.288,0.061639,-0.3392,-72963,82417,1851.4,1851.4
0.064,0.272,0.24702,-0.30914,14939,1.3952e+05,304.05,304.05
0.064,0.256,-0.051295,0.15019,-65285,1.1035e+05,-877.42,877.42
0.064,0.24,-0.39131,-0.021448,24480,6311.1,-1547.9,1547.9
0.064,0.224,0.05635,0.15585,-63715,-53924,-1357.3,1357.3
0.064,0.208,0.41194,-0.19012,-17190,-33216,-1043,1043
0.064,0.192,-0.11975,-0.089358,-30306,-21800,-538.5,538.5
0.064,0.176,0.082012,0.42092,-35336,-17124,8.9137,8.9137
0.064,0.16,0.047786,-0.20888,-41662,-3670.9,228.78,228.78
0.064,0.144,-0.31105,-0.2161,-53764,-5063.6,-183.55,183.55
0.064,0.128,0.12949,0.050105,-48631,3038.3,-864.81,864.81
0.064,0.112,-0.076105,0.1321,-61468,-22590,-472.08,472.08
0.064,0.096,-0.38185,-0.17911,-29047,-43919,1059.8,1059.8
0.064,0.08,0.77854,0.010609,-29323,-10551,2521.4,2521.4
0.064,0.064,-0.57012,1.9687,-82844,1.3928e+05,2487.4,2487.4
0.064,0.048,-1.5984,2.9594,-89768,1.5384e+05,1437.5,1437.5
0.064,0.032,-0.20637,3.0673,-81889,1.1801e+05,402.64,402.64
0.064,0.016,0.1382,-4.2432,0,0,225.54,225.54
0.08,0.496,1.6603,7.3143,0,0,540.61,540.61
0.08,0.48,1.366,4.024,-17180,-61083,1324,1324
0.08,0.464,2.3173,3.8253,-50051,-1.4746e+05,2641.5,2641.5
0.08,0.448,1.4039,3.0629,-72003,-1.4873e+05,4343.2,4343.2
0.08,0.432,-0.25184,2.3467,-68044,-1.3959e+05,6230.7,6230.7
0.08,0.416,-0.71595,0.28872,-47237,-1.0551e+05,7414.8,7414.8
0.08,0.4,-1.0886,0.10235,4502.1,-95424,6679.8,6679.8
0.08,0.384,0.34795,-1.1523,7806.7,-38692,4584.6,4584.6
0.08,0.368,0.81598,0.87886,-15293,209.53,2933.8,2933.8
0.08,0.352,0.43244,0.55923,-22109,46349,3208.8,3208.8
0.08,0.336,-0.4703,2.3733,-21600,23233,4456.3,4456.3
0.08,0.32,-0.7704,0.85501,2313.3,13998,5722.6,5722.6
0.08,0.304,-0.46054,0.34998,20637,7008.2,5607.1,5607.1
0.08,0.288,1.4862,0.38083,-65749,1.2029e+05,4596.1,4596.1
0.08,0.272,-3.6667,5.0025,17633,1.4758e+05,1618.6,1618.6
0.08,0.256,3.054,2.8617,-65658,95572,-541.62,541.62
0.08,0.24,0.62289,0.79093,8784.2,-18670,-2324.1,2324.1
0.08,0.224,0.97623,0.7901,-93679,-53457,-2095.2,2095.2
0.08,0.208,0.96183,0.7925,-39719,42685,-2019.4,2019.4
0.08,0.192,0.88184,0.82142,-30168,30215,-1408.8,1408.8
0.08,0.176,0.67624,0.99543,-10779,-8427.1,-890.56,890.56
0.08,0.16,-0.042311,-0.1238,-16338,-42914,-526.93,526.93
0.08,0.144,-0.86529,-0.035448,-17717,-28922,-484.45,484.45
0.08,0.128,-1.1969,0.27018,-12912,20323,-573.63,573.63
0.08,0.112,-0.29549,0.87747,-11444,-768.82,333.56,333.56
0.08,0.096,0.090742,-0.83424,8295,-20472,2271.8,2271.8
0.08,0.08,0.36175,0.35063,-21470,11294,4083.5,4083.5
0.08,0.064,-0.14822,2.37,-86405,1.3797e+05,4382.1,4382.1
0.08,0.048,-1.4026,2.496,-98690,1.5508e+05,2979.4,2979.4
0.08,0.032,-2.5546,3.4717,-73743,1.1403e+05,1265.8,1265.8
0.08,0.016,-1.5587,-2.0136,0,0,322.64,322.64
0.096,0.496,1.6019,6.1717,0,0,303.87,303.87
0.096,0.48,1.7142,4.3484,14141,-84655,716.31,716.31
0.096,0.464,1.5512,4.4728,-36584,-1.6536e+05,1842.6,1842.6
0.096,0.448,0.79706,4.2833,-9984,-2.4139e+05,3435.2,3435.2
0.096,0.432,1.5444,0.87726,-12650,-2.6336e+05,4970.6,4970.6
0.096,0.416,1.1628,0.17267,21068,-3.1389e+05,6336.2,6336.2
0.096,0.4,1.0564,0.10227,7660.8,-2.1516e+05,5932.5,5932.5
0.096,0.384,1.2711,1.7743,-19260,-1.0144e+05,4222.4,4222.4
0.096,0.368,0.38759,2.9811,-60906,35795,2350.2,2350.2
0.096,0.352,-0.96016,3.6585,-48473,55882,2412.4,2412.4
0.096,0.336,0.032344,1.64,-43535,23137,4321.9,4321.9
0.096,0.32,-0.65815,1.493,-9422.3,1549.1,6089.8,6089.8
0.096,0.304,-0.83421,1.2496,-12783,13247,6165.8,6165.8
0.096,0.288,-0.25134,1.1706,-81827,1.3403e+05,4729.4,4729.4
0.096,0.272,0.18496,1.7555,8870.9,1.5294e+05,2217.8,2217.8
0.096,0.256,0.78352,1.5842,-92800,90866,291.56,291.56
0.096,0.24,1.2374,1.0547,-44734,-49131,-1653.3,1653.3
0.096,0.224,-0.17776,1.0352,-1.3776e+05,-1.08e+05,-2428.8,2428.8
0.096,0.208,0.68487,0.27643,-66468,29975,-2894.1,2894.1
0.096,0.192,1.8964,2.9486,-50383,24574,-2244.5,2244.5
0.096,0.176,1.5798,1.0764,-38846,-24595,-1850.7,1850.7
0.096,0.16,1.6054,-1.2928,-42239,-40763,-1635.5,1635.5
0.096,0.144,0.018135,0.57421,-35144,-28558,-1267.2,1267.2
0.096,0.128,-0.30979,0.11116,-41593,52024,-279.65,279.65
0.096,0.112,0.30242,-0.16106,-89.254,-84116,1328.1,1328.1
0.096,0.096,0.56784,-0.33904,18825,-80986,3775,3775
0.096,0.08,1.106,0.41179,8231.5,-33871,6442.1,6442.1
0.096,0.064,0.68771,1.2393,-76250,2.8569e+05,7658.5,7658.5
0.096,0.048,-0.24612,4.5948,-82146,2.9239e+05,6113.8,6113.8
0.096,0.032,-1.0546,4.6398,-66677,2.4251e+05,2964.8,2964.8
0.096,0.016,-1.2338,-0.73694,0,0,686.08,686.08
0.112,0.496,2.144,5.0899,0,0,460.19,460.19
0.112,0.48,2.2431,5.228,21751,-1.8962e+05,936.22,936.22
0.112,0.464,2.0818,5.552,12122,-2.6795e+05,2396.2,2396.2
0.112,0.448,2.4192,4.8634,47994,-3.3517e+05,4182.1,4182.1
0.112,0.432,4.6012,4.3045,2930.7,-2.4978e+05,5428.5,5428.5
0.112,0.416,2.3232,4.5223,-22995,-2.752e+05,6810.3,6810.3
0.112,0.4,1.3653,2.6398,-1.3402e+05,-1.0422e+05,6774.6,6774.6
0.112,0.384,0.34281,3.8679,-1.9151e+05,19123,5574.1,5574.1
0.112,0.368,-0.70063,4.444,-2.3213e+05,1.03e+05,2701.8,2701.8
0.112,0.352,-1.1714,4.405,-1.2152e+05,15686,1214.5,1214.5
0.112,0.336,-1.0504,3.7287,-25625,-63767,1854,1854
0.112,0.32,-1.2456,2.2335,8780,-30294,3022.1,3022.1
0.112,0.304,-1.1747,1.1728,-78390,1.3669e+05,2124.9,2124.9
0.112,0.288,-1.5205,0.61579,-60230,91704,1123.5,1123.5
0.112,0.272,-0.79582,0.9621,26070,-95746,-100.66,100.66
0.112,0.256,1.1263,2.0659,33259,-2.9678e+05,156.53,156.53
0.112,0.24,2.0588,2.4183,-67468,-2.9882e+05,-1326.6,1326.6
0.112,0.224,2.5036,1.7384,-1.5755e+05,-1.7875e+05,-2209.4,2209.4
0.112,0.208,2.2017,0.66444,-1.3716e+05,7087.9,-3227.2,3227.2
0.112,0.192,1.0518,2.2171,-85374,16779,-2568.9,2568.9
0.112,0.176,0.3054,0.97821,-52518,-36390,-2158,2158
0.112,0.16,1.5128,-1.0311,-43205,-64411,-2221,2221
0.112,0.144,1.1977,2.38,-47251,-60825,-2054,2054
0.112,0.128,1.4397,-0.77216,-73059,7702.9,-1088.7,1088.7
0.112,0.112,1.2634,-0.0024386,-48363,-1.4084e+05,1280.6,1280.6
0.112,0.096,1.6532,-2.6826,-25298,-1.1629e+05,5163.5,5163.5
0.112,0.08,0.73154,0.36738,-20171,-6102.4,8981.8,8981.8
0.112,0.064,0.38974,2.5291,-91718,4.5184e+05,10562,10562
0.112,0.048,-0.25611,7.2531,-87799,4.5818e+05,8158.1,8158.1
0.112,0.032,0.57172,6.8578,-57633,3.603e+05,3932.9,3932.9
0.112,0.016,0.25432,-0.91223,0,0,981.11,981.11
0.128,0.496,2.0758,5.8527,0,0,641.54,641.54
0.128,0.48,2.302,6.9406,40613,-1.9329e+05,2036.8,2036.8
0.128,0.464,3.456,4.7703,77212,-3.3623e+05,5181,5181
0.128,0.448,2.5731,7.1462,1.1235e+05,-3.8928e+05,7264.5,7264.5
0.128,0.432,1.9302,6.7027,11464,-1.7809e+05,7475.1,7475.1
0.128,0.416,1.0235,8.1632,-1.126e+05,-71980,5410.3,5410.3
0.128,0.4,0.27613,8.7074,-3.6709e+05,2.1116e+05,1364.5,1364.5
0.128,0.384,-1.0405,7.6351,-5.5565e+05,3.8209e+05,-3721.5,3721.5
0.128,0.368,-2.0806,6.6913,-5.9216e+05,3.7798e+05,-7899.7,7899.7
0.128,0.352,-2.5151,3.5729,-4.0597e+05,2.1147e+05,-10451,10451
0.128,0.336,-1.7417,3.5248,-1.8427e+05,51158,-12129,12129
0.128,0.32,-1.0241,4.3365,-1.2124e+05,1.4814e+05,-13005,13005
0.128,0.304,-2.3773,5.0226,-1.6706e+05,4.0607e+05,-11976,11976
0.128,0.288,-2.7089,6.3078,-759.75,2.8183e+05,-8774.6,8774.6
0.128,0.272,-0.88186,3.5333,2.3827e+05,-90740,-5999.5,5999.5
0.128,0.256,3.8649,3.3398,3.1421e+05,-4.8438e+05,-4491.9,4491.9
0.128,0.24,5.4159,2.7832,1.1108e+05,-5.1781e+05,-5314.3,5314.3
0.128,0.224,3.6414,2.4588,-72953,-3.0913e+05,-6285.7,6285.7
0.128,0.208,2.2127,2.9474,-1.1325e+05,-1.6003e+05,-7244.4,7244.4
0.128,0.192,1.485,1.4845,-85206,-86897,-6213.4,6213.4
0.128,0.176,0.77882,1.1334,-52880,-1.1333e+05,-5398,5398
0.128,0.16,-0.080959,1.3421,-12720,-62831,-5224.8,5224.8
0.128,0.144,1.8231,2.1048,30675,-80893,-4791.5,4791.5
0.128,0.128,2.2057,1.4844,24091,-79129,-3479.2,3479.2
0.128,0.112,2.1272,0.83678,43842,-2.4114e+05,-386.92,386.92
0.128,0.096,1.695,-0.77213,-20624,-1.6552e+05,4342.2,4342.2
0.128,0.08,0.20177,0.47855,-98574,50029,7277.1,7277.1
0.128,0.064,-0.43557,3.601,-1.6996e+05,5.0341e+05,7362.4,7362.4
0.128,0.048,0.00050619,6.2727,-1.1862e+05,4.827e+05,4118.2,4118.2
0.128,0.032,0.48705,5.4675,-36879,3.1856e+05,1227.5,1227.5
0.128,0.016,1.2751,-0.9397,0,0,170.05,170.05
0.144,0.496,3.6206,7.8732,0,0,788.46,788.46
0.144,0.48,2.1773,7.4003,44340,-2.0394e+05,2353.7,2353.7
0.144,0.464,1.3723,9.1983,1.5941e+05,-4.8506e+05,8847.5,8847.5
0.144,0.448,2.3234,9.5023,88125,-4.1353e+05,12173,12173
0.144,0.432,2.2853,9.0477,-1.9524e+05,1.0108e+05,11958,11958
0.144,0.416,0.25319,10.81,-4.1785e+05,4.4858e+05,6725.5,6725.5
0.144,0.4,-0.93769,11.502,-7.608e+05,8.7622e+05,-282.42,282.42
0.144,0.384,-2.7384,11.888,-1.0977e+06,1.2417e+06,-9755.7,9755.7
0.144,0.368,-4.3196,11.967,-1.2594e+06,1.2881e+06,-18487,18487
0.144,0.352,-4.2367,10.486,-1.1985e+06,1.1915e+06,-25673,25673
0.144,0.336,-3.9249,8.3287,-8.872e+05,8.9925e+05,-32097,32097
0.144,0.32,-4.3202,7.3982,-6.5329e+05,7.7936e+05,-34531,34531
0.144,0.304,-4.7879,9.6959,-3.089e+05,6.4302e+05,-30013,30013
0.144,0.288,-3.3268,10.621,2.687e+05,44775,-14044,14044
0.144,0.272,0.42651,9.9929,7.6565e+05,-7.2863e+05,-1251.6,1251.6
0.144,0.256,3.7387,6.1089,8.3432e+05,-1.1898e+06,4730.9,4730.9
0.144,0.24,5.703,3.8306,3.9151e+05,-1.0004e+06,-1113.9,1113.9
0.144,0.224,4.4291,2.7719,-7243.1,-4.8546e+05,-6263.3,6263.3
0.144,0.208,3.6926,3.4497,-1.3333e+05,-2.6848e+05,-9317.3,9317.3
0.144,0.192,2.2894,1.219,-1.1725e+05,-1.6303e+05,-9320.7,9320.7
0.144,0.176,1.6962,1.5624,-61713,-1.9888e+05,-9630.7,9630.7
0.144,0.16,2.1456,2.5641,16652,-2.2674e+05,-10824,10824
0.144,0.144,2.5622,2.5285,66835,-2.6416e+05,-10459,10459
0.144,0.128,4.084,1.9261,93785,-2.9193e+05,-8500.7,8500.7
0.144,0.112,4.2834,1.5913,66808,-3.0311e+05,-4293.7,4293.7
0.144,0.096,3.7929,1.1849,-7683,-1.9067e+05,445.48,445.48
0.144,0.08,1.3261,2.8313,-1.3603e+05,38218,2406.9,2406.9
0.144,0.064,-0.76162,4.4542,-1.881e+05,3.0013e+05,1786.4,1786.4
0.144,0.048,0.78934,5.2473,-1.3941e+05,2.9465e+05,-753.07,753.07
0.144,0.032,1.3823,3.8924,-38411,1.4712e+05,-1380.3,1380.3
0.144,0.016,0.47796,1.6448,0,0,-771.5,771.5
0.16,0.496,3.4118,12.999,0,0,523.55,523.55
0.16,0.48,2.7357,13.112,0,0,1895.7,1895.7
0.16,0.464,1.3844,11.8,NaN,NaN,9540.8,9540.8
0.16,0.448,1.4872,11.975,2329.1,-4.1499e+05,14909,14909
0.16,0.432,0.46786,13.679,-3.2963e+05,2.3285e+05,12429,12429
0.16,0.416,-0.71887,14.673,-5.2901e+05,6.5119e+05,3432.7,3432.7
0.16,0.4,-2.9322,16.355,-9.0463e+05,1.1815e+06,-9687.6,9687.6
0.16,0.384,-6.862,18.219,-1.3757e+06,1.7178e+06,-26866,26866
0.16,0.368,-9.8794,20.324,-1.6395e+06,1.8906e+06,-42904,42904
0.16,0.352,-9.5166,19.877,-1.918e+06,2.2391e+06,-57090,57090
0.16,0.336,-9.593,19.344,-1.7427e+06,2.1294e+06,-70298,70298
0.16,0.32,-7.7742,16.356,-1.4554e+06,1.9308e+06,-74611,74611
0.16,0.304,-6.8713,12.35,-3.7042e+05,8.3105e+05,-62932,62932
0.16,0.288,-2.8763,10.051,7.9763e+05,-4.7457e+05,-31755,31755
0.16,0.272,2.6672,8.6621,1.5052e+06,-1.6153e+06,1157.4,1157.4
0.16,0.256,5.4328,7.0091,1.2395e+06,-1.7986e+06,16136,16136
0.16,0.24,4.6369,5.6741,5.3143e+05,-1.4033e+06,9957,9957
0.16,0.224,3.4612,3.1061,42357,-7.9738e+05,-3815.6,3815.6
0.16,0.208,2.7773,3.3399,-1.4705e+05,-4.4413e+05,-11205,11205
0.16,0.192,1.6796,3.5927,-1.7869e+05,-2.3552e+05,-12160,12160
0.16,0.176,1.3397,2.9145,-1.3822e+05,-2.2669e+05,-16011,16011
0.16,0.16,1.4504,3.5162,-34858,-3.2392e+05,-21672,21672
0.16,0.144,2.3662,2.5015,34560,-4.1876e+05,-24909,24909
0.16,0.128,2.3149,2.0942,73073,-4.7586e+05,-23075,23075
0.16,0.112,2.8212,2.7474,61605,-4.8051e+05,-18799,18799
0.16,0.096,2.6899,2.774,-14519,-3.554e+05,-14585,14585
0.16,0.08,2.9009,3.8123,-1.3943e+05,-1.6201e+05,-11279,11279
0.16,0.064,1.3403,4.3969,-2.2366e+05,26398,-8481.5,8481.5
0.16,0.048,0.48561,4.2228,-1.6377e+05,65360,-6520.9,6520.9
0.16,0.032,1.9198,3.2334,-70123,17698,-3870.1,3870.1
0.16,0.016,2.1078,3.1836,0,0,-1345.8,1345.8
0.176,0.496,3.3375,25.445,0,0,258.75,258.75
0.176,0.48,3.6015,19.04,0,0,388.13,388.13
0.176,0.464,0.62623,17.157,NaN,NaN,7165.7,7165.7
0.176,0.448,-0.55476,19.304,NaN,NaN,17618,17618
0.176,0.432,-0.37531,20.416,-7.457e+05,6.8223e+05,12509,12509
0.176,0.416,-2.1456,22.555,-8.7769e+05,1.2032e+06,2803.8,2803.8
0.176,0.4,-5.6853,24.974,-1.1836e+06,1.6307e+06,-10970,10970
0.176,0.384,-8.942,27.388,-1.7181e+06,2.436e+06,-29410,29410
0.176,0.368,-13.509,30.764,-2.1546e+06,2.857e+06,-70707,70707
0.176,0.352,-15.248,31.989,-2.6702e+06,3.429e+06,-1.053e+05,1.053e+05
0.176,0.336,-14.76,28.36,-2.7373e+06,3.5959e+06,-1.3341e+05,1.3341e+05
0.176,0.32,-11.04,24.767,-2.2684e+06,3.1082e+06,-1.3716e+05,1.3716e+05
0.176,0.304,-8.1378,22.036,-9.181e+05,1.5236e+06,-1.164e+05,1.164e+05
0.176,0.288,-1.9079,16.513,9.999e+05,-8.01e+05,-66403,66403
0.176,0.272,0.72367,10.164,2.2102e+06,-2.6606e+06,-13660,13660
0.176,0.256,1.481,8.3813,2.0384e+06,-3.0127e+06,22326,22326
0.176,0.24,2.0522,7.1433,1.1122e+06,-2.4391e+06,23471,23471
0.176,0.224,2.8136,4.5844,3.6684e+05,-1.5716e+06,9363.7,9363.7
0.176,0.208,2.5313,5.091,43175,-9.3434e+05,-5788.3,5788.3
0.176,0.192,1.6525,6.3033,-1.4693e+05,-4.8666e+05,-10145,10145
0.176,0.176,1.4246,6.6221,-2.37e+05,-3.1628e+05,-15423,15423
0.176,0.16,1.4861,7.0214,-2.14e+05,-4.4771e+05,-31104,31104
0.176,0.144,1.6783,6.2509,-1.8031e+05,-5.9398e+05,-44973,44973
0.176,0.128,1.1164,4.1794,-1.2109e+05,-6.723e+05,-52724,52724
0.176,0.112,2.2183,4.7235,-87047,-7.6353e+05,-48427,48427
0.176,0.096,2.8919,4.4927,-68983,-7.7437e+05,-41654,41654
0.176,0.08,2.4462,4.0723,-1.0991e+05,-7.6276e+05,-32282,32282
0.176,0.064,2.2884,4.0003,-1.9801e+05,-5.5546e+05,-20942,20942
0.176,0.048,0.71505,4.4879,-1.5233e+05,-3.1262e+05,-11160,11160
0.176,0.032,0.50336,3.93,-96236,-1.2163e+05,-4847.2,4847.2
0.176,0.016,-0.6391,1.8711,0,0,-1553.7,1553.7
0.192,0.496,1.6907,31.386,0,0,0,0
0.192,0.48,1.7966,28.728,0,0,0,0
0.192,0.464,0.61311,25.37,NaN,NaN,0,0
0.192,0.448,0.024119,26.909,NaN,NaN,13640,13640
0.192,0.432,0.5904,27.824,NaN,NaN,8709.8,8709.8
0.192,0.416,-2.0913,31.875,NaN,NaN,30.413,30.413
0.192,0.4,-6.0715,32.712,NaN,NaN,-18712,18712
0.192,0.384,-11.925,34.866,NaN,NaN,-43177,43177
0.192,0.368,-17.928,36.645,NaN,NaN,-1.0121e+05,1.0121e+05
0.192,0.352,-21.956,41.262,-3.2946e+06,4.7132e+06,-1.7535e+05,1.7535e+05
0.192,0.336,-21.025,38.375,-3.3013e+06,4.6593e+06,-2.1505e+05,2.1505e+05
0.192,0.32,-18.326,33.077,-2.7504e+06,4.1714e+06,-2.2602e+05,2.2602e+05
0.192,0.304,-9.4463,28.476,-1.4388e+06,2.4768e+06,-1.9451e+05,1.9451e+05
0.192,0.288,-5.7401,24.086,3.7651e+05,1.3993e+05,-1.3368e+05,1.3368e+05
0.192,0.272,-1.3613,19.472,2.1197e+06,-2.4472e+06,-62559,62559
0.192,0.256,1.795,14.316,2.4506e+06,-3.5947e+06,-8486.1,8486.1
0.192,0.24,2.3316,10.815,1.8586e+06,-3.6609e+06,18782,18782
0.192,0.224,3.8596,7.877,1.0275e+06,-3.1579e+06,16153,16153
0.192,0.208,3.3667,8.6848,5.419e+05,-2.6696e+06,6175.1,6175.1
0.192,0.192,2.9533,9.7932,1.8421e+05,-2.2159e+06,-1932.2,1932.2
0.192,0.176,2.5049,9.8583,-62344,-1.7258e+06,-8692.8,8692.8
0.192,0.16,2.752,8.5596,-1.9132e+05,-1.3686e+06,-29796,29796
0.192,0.144,3.5023,7.7538,-2.7448e+05,-1.1497e+06,-56270,56270
0.192,0.128,3.2538,7.9265,-2.6318e+05,-1.3402e+06,-77190,77190
0.192,0.112,2.9045,8.1854,-1.8375e+05,-1.7008e+06,-81232,81232
0.192,0.096,3.4876,5.6995,-1.207e+05,-1.9376e+06,-73169,73169
0.192,0.08,2.961,4.2392,-83254,-1.8912e+06,-61246,61246
0.192,0.064,3.3857,4.4718,-2.029e+05,-1.3806e+06,-41840,41840
0.192,0.048,2.3455,5.832,-1.5419e+05,-7.1806e+05,-24160,24160
0.192,0.032,0.63594,7.5004,-1.3526e+05,-2.0775e+05,-9516.3,9516.3
0.192,0.016,0.90643,2.7585,0,0,-2736,2736
0.208,0.496,2.015,36.913,0,0,0,0
0.208,0.48,-0.12689,37.548,0,0,0,0
0.208,0.464,-1.6684,37.744,NaN,NaN,0,0
0.208,0.448,-1.3395,34.626,NaN,NaN,NaN,NaN
0.208,0.432,-1.8844,32.923,NaN,NaN,NaN,NaN
0.208,0.416,-4.1576,34.541,NaN,NaN,NaN,NaN
0.208,0.4,-7.5163,35.203,NaN,NaN,NaN,NaN
0.208,0.384,-11.91,37,NaN,NaN,NaN,NaN
0.208,0.368,-17.782,41.23,NaN,NaN,-1.9724e+05,1.9724e+05
0.208,0.352,-20.59,43.534,NaN,NaN,-2.5664e+05,2.5664e+05
0.208,0.336,-20.156,44.345,-4.0485e+06,5.6458e+06,-2.8617e+05,2.8617e+05
0.208,0.32,-18.946,42.084,-3.1144e+06,4.8985e+06,-2.9439e+05,2.9439e+05
0.208,0.304,-14.205,37.404,-2.1512e+06,3.347e+06,-2.7068e+05,2.7068e+05
0.208,0.288,-8.4689,32.735,-4.9113e+05,1.1315e+06,-2.1327e+05,2.1327e+05
0.208,0.272,-4.7575,26.432,1.1687e+06,-1.221e+06,-1.3933e+05,1.3933e+05
0.208,0.256,-1.7739,20.927,2.3784e+06,-3.3146e+06,-63954,63954
0.208,0.24,1.2095,14.878,2.4863e+06,-4.4444e+06,-13952,13952
0.208,0.224,4.029,12.685,1.9713e+06,-4.8062e+06,12786,12786
0.208,0.208,4.6247,10.889,1.5365e+06,-4.8752e+06,14345,14345
0.208,0.192,5.8222,8.5266,1.2049e+06,-4.5739e+06,14369,14369
0.208,0.176,6.258,8.9458,9.1598e+05,-3.9805e+06,8034.6,8034.6
0.208,0.16,4.2679,11.783,6.6887e+05,-3.2683e+06,-16282,16282
0.208,0.144,3.2156,11.072,3.756e+05,-2.4073e+06,-45711,45711
0.208,0.128,3.3937,12.34,1.7648e+05,-1.947e+06,-78629,78629
0.208,0.112,3.9687,12.736,-24851,-1.644e+06,-91849,91849
0.208,0.096,3.934,11.24,-1.9903e+05,-1.626e+06,-90972,90972
0.208,0.08,4.0189,11.569,-2.8458e+05,-1.8898e+06,-83493,83493
0.208,0.064,2.5837,11.536,-2.6154e+05,-2.2747e+06,-62626,62626
0.208,0.048,0.68632,11.535,-1.1821e+05,-1.727e+06,-40702,40702
0.208,0.032,1.7975,11.265,-46630,-9.3377e+05,-16789,16789
0.208,0.016,2.6056,6.9869,0,0,-4418.9,4418.9
0.224,0.496,0.7707,40.205,0,0,0,0
0.224,0.48,-2.8077,38.787,0,0,0,0
0.224,0.464,-4.3106,37.253,NaN,NaN,0,0
0.224,0.448,-4.6749,35.117,NaN,NaN,NaN,NaN
0.224,0.432,-5.7568,34.181,NaN,NaN,NaN,NaN
0.224,0.416,-5.2229,34.328,NaN,NaN,NaN,NaN
0.224,0.4,-6.5719,35.932,NaN,NaN,NaN,NaN
0.224,0.384,-8.9808,38.766,NaN,NaN,NaN,NaN
0.224,0.368,-12.08,43.13,NaN,NaN,NaN,NaN
0.224,0.352,-14.699,46.031,NaN,NaN,-3.4329e+05,3.4329e+05
0.224,0.336,-14.798,48.263,NaN,NaN,-3.4569e+05,3.4569e+05
0.224,0.32,-14.814,48.702,-3.2326e+06,5.7624e+06,-2.9815e+05,2.9815e+05
0.224,0.304,-13.358,46.589,-2.3861e+06,3.7703e+06,-2.5472e+05,2.5472e+05
0.224,0.288,-9.6404,42.336,-1.2625e+06,2.0066e+06,-2.0443e+05,2.0443e+05
0.224,0.272,-5.2192,35.943,3.446e+05,15938,-1.5377e+05,1.5377e+05
0.224,0.256,-3.1781,30.652,1.6055e+06,-1.5713e+06,-1.0656e+05,1.0656e+05
0.224,0.24,-0.17549,25.183,1.9853e+06,-2.5797e+06,-50856,50856
0.224,0.224,2.5282,20.045,1.9304e+06,-3.4706e+06,-8311.3,8311.3
0.224,0.208,3.635,18.553,1.7162e+06,-4.1266e+06,22430,22430
0.224,0.192,5.1463,19.373,1.6155e+06,-4.2631e+06,31264,31264
0.224,0.176,5.8271,22.891,1.517e+06,-3.9103e+06,29653,29653
0.224,0.16,4.6803,23.312,1.3915e+06,-3.239e+06,10187,10187
0.224,0.144,4.4033,25.272,1.157e+06,-2.3445e+06,-12972,12972
0.224,0.128,1.4366,28.619,1.007e+06,-1.9533e+06,-41239,41239
0.224,0.112,0.27281,30.667,8.5685e+05,-1.8173e+06,-62184,62184
0.224,0.096,0.091718,27.887,6.9814e+05,-2.1022e+06,-73029,73029
0.224,0.08,-0.16431,24.647,6.1122e+05,-2.6925e+06,-82794,82794
0.224,0.064,1.2303,19.617,6.0378e+05,-3.3438e+06,-71126,71126
0.224,0.048,5.2785,19.151,4.4552e+05,-2.492e+06,-52511,52511
0.224,0.032,6.3116,21.248,2.2567e+05,-1.2925e+06,-22541,22541
0.224,0.016,3.3464,17.944,0,0,-5943.4,5943.4
0.24,0.496,-0.6193,37.409,0,0,0,0
0.24,0.48,-3.0188,30.776,0,0,0,0
0.24,0.464,-3.5862,28.87,NaN,NaN,0,0
0.24,0.448,-5.8607,28.303,NaN,NaN,NaN,NaN
0.24,0.432,-5.6229,31.593,NaN,NaN,NaN,NaN
0.24,0.416,-4.3916,33.462,NaN,NaN,NaN,NaN
0.24,0.4,-4.0146,36.834,NaN,NaN,NaN,NaN
0.24,0.384,-5.638,40.694,NaN,NaN,NaN,NaN
0.24,0.368,-8.0847,45.195,NaN,NaN,NaN,NaN
0.24,0.352,-11.1,48.874,NaN,NaN,NaN,NaN
0.24,0.336,-10.839,52.186,NaN,NaN,-3.4622e+05,3.4622e+05
0.24,0.32,-12.324,54.651,NaN,NaN,-2.6956e+05,2.6956e+05
0.24,0.304,-12.362,54.065,-2.354e+06,3.0113e+06,-2.369e+05,2.369e+05
0.24,0.288,-10.249,50.528,-1.457e+06,1.8315e+06,-1.2027e+05,1.2027e+05
0.24,0.272,-7.7039,47.564,-3.4816e+05,9.9581e+05,-34005,34005
0.24,0.256,-3.5951,44.496,9.4435e+05,-1.665e+05,31853,31853
0.24,0.24,0.89318,41.92,1.5071e+06,-1.2616e+06,37813,37813
0.24,0.224,2.3495,39.603,1.697e+06,-1.2799e+06,43144,43144
0.24,0.208,2.462,39.925,1.5948e+06,-1.0327e+06,49935,49935
0.24,0.192,3.8901,41.522,1.5932e+06,-4.5462e+05,85471,85471
0.24,0.176,3.9553,41.331,1.6376e+06,-4.9937e+05,1.1015e+05,1.1015e+05
0.24,0.16,3.3801,43.549,1.6159e+06,-3.5034e+05,1.0304e+05,1.0304e+05
0.24,0.144,2.8878,46.308,1.4861e+06,16938,78078,78078
0.24,0.128,2.4136,46.339,1.3913e+06,4.2148e+05,39969,39969
0.24,0.112,2.9449,46.416,1.2784e+06,5.878e+05,11784,11784
0.24,0.096,3.7109,46.163,1.147e+06,2.4973e+05,-19522,19522
0.24,0.08,5.5301,44.549,1.1037e+06,-8.3261e+05,-43375,43375
0.24,0.064,5.5172,43.211,1.2089e+06,-2.275e+06,-48091,48091
0.24,0.048,4.6079,44.517,8.765e+05,-2.0914e+06,-37426,37426
0.24,0.032,4.566,45.719,4.8601e+05,-1.25e+06,-17406,17406
0.24,0.016,3.0603,40.605,0,0,-4502.5,4502.5
0.256,0.496,-1.3251,32.801,0,0,0,0
0.256,0.48,-1.1401,24.723,0,0,0,0
0.256,0.464,-2.8532,24.397,NaN,NaN,0,0
0.256,0.448,-2.9996,26.806,NaN,NaN,NaN,NaN
0.256,0.432,-2.1882,30.321,NaN,NaN,NaN,NaN
0.256,0.416,-2.4372,33.737,NaN,NaN,NaN,NaN
0.256,0.4,-2.5391,37.183,NaN,NaN,NaN,NaN
0.256,0.384,-3.7069,41.175,NaN,NaN,NaN,NaN
0.256,0.368,-5.7189,44.502,NaN,NaN,NaN,NaN
0.256,0.352,-7.6925,48.489,NaN,NaN,NaN,NaN
0.256,0.336,-9.0241,52.973,NaN,NaN,NaN,NaN
0.256,0.32,-10.773,58.038,NaN,NaN,-1.1654e+05,1.1654e+05
0.256,0.304,-9.4315,60.467,NaN,NaN,-92227,92227
0.256,0.288,-9.1014,61.29,NaN,NaN,13304,13304
0.256,0.272,-8.8452,60.619,1.4368e+05,1.8357e+06,82753,82753
0.256,0.256,-5.0864,58.893,5.4125e+05,2.2545e+06,1.1476e+05,1.1476e+05
0.256,0.24,-2.9502,56.967,6.8848e+05,1.7592e+06,1.6773e+05,1.6773e+05
0.256,0.224,-1.1359,56.814,9.08e+05,2.3981e+06,2.0124e+05,2.0124e+05
0.256,0.208,0.72713,55.828,9.3592e+05,2.689e+06,2.3681e+05,2.3681e+05
0.256,0.192,1.1735,56.23,1.0391e+06,2.9825e+06,2.4668e+05,2.4668e+05
0.256,0.176,2.2384,56.155,1.1586e+06,2.708e+06,2.6839e+05,2.6839e+05
0.256,0.16,1.8551,55.283,1.2379e+06,2.5038e+06,2.3731e+05,2.3731e+05
0.256,0.144,1.7216,58.251,1.43e+06,3.2189e+06,1.9118e+05,1.9118e+05
0.256,0.128,2.514,58.092,1.6233e+06,3.7677e+06,1.2764e+05,1.2764e+05
0.256,0.112,2.6121,59.458,1.8281e+06,3.8798e+06,89686,89686
0.256,0.096,4.1394,60.007,1.8966e+06,3.2017e+06,47129,47129
0.256,0.08,5.2722,59.262,1.8933e+06,1.9699e+06,9117.7,9117.7
0.256,0.064,4.0816,57.509,1.8071e+06,7.2705e+05,-9365.1,9365.1
0.256,0.048,6.0062,57.869,1.1697e+06,-9126.8,-11623,11623
0.256,0.032,5.5523,59.74,5.7253e+05,-1.2322e+05,-7327.7,7327.7
0.256,0.016,3.8864,57.755,0,0,-719.42,719.42
0.272,0.496,-2.0761,28.965,0,0,0,0
0.272,0.48,-3.7343,24.339,0,0,0,0
0.272,0.464,-3.0362,25.315,NaN,NaN,0,0
0.272,0.448,-2.1738,26.374,NaN,NaN,NaN,NaN
0.272,0.432,-1.4277,28.123,NaN,NaN,NaN,NaN
0.272,0.416,-2.368,33.992,NaN,NaN,NaN,NaN
0.272,0.4,-2.233,35.795,NaN,NaN,NaN,NaN
0.272,0.384,-2.4658,38.963,NaN,NaN,NaN,NaN
0.272,0.368,-3.2191,43.339,NaN,NaN,NaN,NaN
0.272,0.352,-4.3964,47.962,NaN,NaN,NaN,NaN
0.272,0.336,-5.7383,53.061,NaN,NaN,NaN,NaN
0.272,0.32,-6.8801,58.75,NaN,NaN,NaN,NaN
0.272,0.304,-6.0771,63.487,NaN,NaN,NaN,NaN
0.272,0.288,-8.0804,68.043,NaN,NaN,3.5142e+05,3.5142e+05
0.272,0.272,-8.0016,70.971,NaN,NaN,3.5985e+05,3.5985e+05
0.272,0.256,-5.5805,74.367,NaN,NaN,3.5238e+05,3.5238e+05
0.272,0.24,-4.4637,76.093,NaN,NaN,3.5745e+05,3.5745e+05
0.272,0.224,-3.1126,75.842,6.6355e+05,5.8573e+06,3.4541e+05,3.4541e+05
0.272,0.208,-2.3435,72.825,6.7859e+05,6.0614e+06,3.4263e+05,3.4263e+05
0.272,0.192,0.088389,70.66,7.5834e+05,5.9812e+06,3.4831e+05,3.4831e+05
0.272,0.176,2.1525,69.466,7.7015e+05,5.6971e+06,3.7513e+05,3.7513e+05
0.272,0.16,2.4302,70.647,7.5513e+05,5.4187e+06,3.522e+05,3.522e+05
0.272,0.144,3.7018,72.615,1.0595e+06,6.0015e+06,2.9546e+05,2.9546e+05
0.272,0.128,5.2474,73.225,1.4086e+06,7.0427e+06,2.1546e+05,2.1546e+05
0.272,0.112,4.5919,73.995,1.592e+06,7.3436e+06,1.4498e+05,1.4498e+05
0.272,0.096,7.4469,72.624,1.5916e+06,7.2927e+06,88663,88663
0.272,0.08,7.5126,69.724,1.5116e+06,6.2941e+06,57782,57782
0.272,0.064,5.9569,66.977,1.3989e+06,4.8267e+06,34953,34953
0.272,0.048,5.5182,65.954,9.0124e+05,2.5538e+06,21023,21023
0.272,0.032,5.149,64.64,4.3547e+05,9.6852e+05,7246,7246
0.272,0.016,5.1288,61.365,0,0,2688.4,2688.4
0.288,0.496,-4.4823,27.5,0,0,0,0
0.288,0.48,-5.977,24.608,0,0,0,0
0.288,0.464,-3.4422,27.756,NaN,NaN,0,0
0.288,0.448,-1.8305,25.111,NaN,NaN,NaN,NaN
0.288,0.432,-0.99519,24.941,NaN,NaN,NaN,NaN
0.288,0.416,-1.8976,31.139,NaN,NaN,NaN,NaN
0.288,0.4,-1.1832,34.329,NaN,NaN,NaN,NaN
0.288,0.384,-1.6611,39.269,NaN,NaN,NaN,NaN
0.288,0.368,-1.7905,45.568,NaN,NaN,NaN,NaN
0.288,0.352,-1.7197,50.848,NaN,NaN,NaN,NaN
0.288,0.336,-1.65,55.456,NaN,NaN,NaN,NaN
0.288,0.32,-2.2526,60.764,NaN,NaN,NaN,NaN
0.288,0.304,-3.0798,65.077,NaN,NaN,NaN,NaN
0.288,0.288,-3.6175,69.787,NaN,NaN,NaN,NaN
0.288,0.272,-4.0139,75.114,NaN,NaN,NaN,NaN
0.288,0.256,-3.1513,78.895,NaN,NaN,NaN,NaN
0.288,0.24,-2.227,81.787,NaN,NaN,6.3471e+05,6.3471e+05
0.288,0.224,-1.9251,80.65,NaN,NaN,6.0464e+05,6.0464e+05
0.288,0.208,-1.2591,81.237,NaN,NaN,5.7669e+05,5.7669e+05
0.288,0.192,0.72922,80.504,NaN,NaN,5.2175e+05,5.2175e+05
0.288,0.176,2.3554,78.925,NaN,NaN,5.0382e+05,5.0382e+05
0.288,0.16,3.264,79.406,NaN,NaN,4.3688e+05,4.3688e+05
0.288,0.144,3.287,79.387,1.7587e+06,9.0981e+06,3.5564e+05,3.5564e+05
0.288,0.128,4.7729,77.51,1.7398e+06,9.2036e+06,2.6542e+05,2.6542e+05
0.288,0.112,5.274,76.688,1.6538e+06,9.1642e+06,1.6494e+05,1.6494e+05
0.288,0.096,6.0114,74.068,1.4696e+06,9.1263e+06,1.0646e+05,1.0646e+05
0.288,0.08,4.7167,72.147,1.258e+06,8.3682e+06,81581,81581
0.288,0.064,6.0846,68.968,1.056e+06,6.8855e+06,60097,60097
0.288,0.048,5.423,67.896,6.657e+05,3.8833e+06,36805,36805
0.288,0.032,5.8249,65.297,3.0159e+05,1.5501e+06,15007,15007
0.288,0.016,5.5506,59.027,0,0,4336.5,4336.5
0.304,0.496,-3.6563,26.461,0,0,0,0
0.304,0.48,-5.7165,26.421,0,0,0,0
0.304,0.464,-4.7603,28.037,NaN,NaN,0,0
0.304,0.448,-2.5729,25.422,NaN,NaN,NaN,NaN
0.304,0.432,-1.2089,22.954,NaN,NaN,NaN,NaN
0.304,0.416,-0.68427,24.817,NaN,NaN,NaN,NaN
0.304,0.4,-1.3841,28.245,NaN,NaN,NaN,NaN
0.304,0.384,0.43759,33.806,NaN,NaN,NaN,NaN
0.304,0.368,-0.13808,40.955,NaN,NaN,NaN,NaN
0.304,0.352,1.0941,49.633,NaN,NaN,NaN,NaN
0.304,0.336,0.74167,56.171,NaN,NaN,NaN,NaN
0.304,0.32,-0.28933,61.933,NaN,NaN,NaN,NaN
0.304,0.304,-1.0568,64.804,NaN,NaN,NaN,NaN
0.304,0.288,-0.82986,70.455,NaN,NaN,NaN,NaN
0.304,0.272,-0.37664,74.414,NaN,NaN,NaN,NaN
0.304,0.256,-1.2771,76.351,NaN,NaN,NaN,NaN
0.304,0.24,-0.65716,78.484,NaN,NaN,NaN,NaN
0.304,0.224,-0.26591,79.697,NaN,NaN,NaN,NaN
0.304,0.208,0.41352,79.499,NaN,NaN,NaN,NaN
0.304,0.192,0.5807,79.628,NaN,NaN,4.1594e+05,4.1594e+05
0.304,0.176,1.5305,78.887,NaN,NaN,5.6028e+05,5.6028e+05
0.304,0.16,2.0407,77.014,NaN,NaN,4.7297e+05,4.7297e+05
0.304,0.144,3.046,75.07,1.4048e+06,8.2741e+06,3.9571e+05,3.9571e+05
0.304,0.128,3.708,73.871,1.3301e+06,8.5547e+06,2.8016e+05,2.8016e+05
0.304,0.112,2.8604,72.217,1.1837e+06,8.5473e+06,1.7884e+05,1.7884e+05
0.304,0.096,2.5848,71.086,9.3039e+05,8.4402e+06,1.1892e+05,1.1892e+05
0.304,0.08,1.7497,69.414,7.0925e+05,7.5567e+06,94061,94061
0.304,0.064,3.5445,66.679,5.5695e+05,6.1073e+06,69717,69717
0.304,0.048,3.9479,64.817,3.6656e+05,3.426e+06,40676,40676
0.304,0.032,3.3323,62.085,1.6093e+05,1.3956e+06,14860,14860
0.304,0.016,2.1727,57.076,0,0,2268.5,2268.5
0.32,0.496,-4.1663,30.083,0,0,0,0
0.32,0.48,-5.2974,29.337,0,0,0,0
0.32,0.464,-4.0475,28.927,NaN,NaN,0,0
0.32,0.448,-2.5559,26.695,NaN,NaN,NaN,NaN
0.32,0.432,-2.118,23.976,NaN,NaN,NaN,NaN
0.32,0.416,-1.7782,22.46,NaN,NaN,NaN,NaN
0.32,0.4,-1.0084,23.946,NaN,NaN,6.1599e+05,6.1599e+05
0.32,0.384,0.37087,26.435,NaN,NaN,6.224e+05,6.224e+05
0.32,0.368,0.71603,34.266,NaN,NaN,6.2826e+05,6.2826e+05
0.32,0.352,0.95931,39.406,NaN,NaN,6.339e+05,6.339e+05
0.32,0.336,1.0444,45.871,NaN,NaN,6.2587e+05,6.2587e+05
0.32,0.32,0.64789,53.853,NaN,NaN,6.0157e+05,6.0157e+05
0.32,0.304,0.62057,58.436,NaN,NaN,5.7094e+05,5.7094e+05
0.32,0.288,1.0499,64.805,NaN,NaN,5.4545e+05,5.4545e+05
0.32,0.272,0.74612,69.133,NaN,NaN,5.2712e+05,5.2712e+05
0.32,0.256,1.2274,71.267,NaN,NaN,5.0832e+05,5.0832e+05
0.32,0.24,0.63629,71.834,NaN,NaN,4.8079e+05,4.8079e+05
0.32,0.224,-0.29969,75.235,NaN,NaN,4.3854e+05,4.3854e+05
0.32,0.208,-0.083583,76.369,NaN,NaN,3.8678e+05,3.8678e+05
0.32,0.192,0.95847,76.173,NaN,NaN,3.8332e+05,3.8332e+05
0.32,0.176,0.79079,75.903,5.6612e+05,7.3545e+06,4.3441e+05,4.3441e+05
0.32,0.16,1.5281,73.488,6.0111e+05,7.2699e+06,4.1008e+05,4.1008e+05
0.32,0.144,2.5354,72.149,8.6486e+05,7.6524e+06,3.5286e+05,3.5286e+05
0.32,0.128,2.9002,69.38,7.9737e+05,7.7604e+06,2.5788e+05,2.5788e+05
0.32,0.112,0.98582,66.612,6.4185e+05,7.613e+06,1.8281e+05,1.8281e+05
0.32,0.096,0.50328,63.677,2.8963e+05,6.9038e+06,1.2508e+05,1.2508e+05
0.32,0.08,0.037304,62.299,1.0369e+05,5.4912e+06,84111,84111
0.32,0.064,0.47704,59.687,23565,3.7586e+06,51974,51974
0.32,0.048,1.7101,57.758,28895,1.8321e+06,23978,23978
0.32,0.032,0.45341,56.142,12232,6.4291e+05,6933.7,6933.7
0.32,0.016,0.57476,53.141,0,0,-72.825,72.825
0.336,0.496,-1.4552,32.372,0,0,0,0
0.336,0.48,-2.7972,31.645,0,0,0,0
0.336,0.464,-3.2773,31.158,NaN,NaN,0,0
0.336,0.448,-2.0416,28.408,NaN,NaN,5.2625e+05,5.2625e+05
0.336,0.432,-2.3203,28.94,NaN,NaN,5.1394e+05,5.1394e+05
0.336,0.416,-1.5821,29.648,NaN,NaN,5.0345e+05,5.0345e+05
0.336,0.4,-0.40762,26.756,NaN,NaN,4.1066e+05,4.1066e+05
0.336,0.384,-0.80289,27.159,1.3165e+05,-4.8915e+05,3.6847e+05,3.6847e+05
0.336,0.368,0.94936,28.811,3.538e+05,1.3222e+05,3.5426e+05,3.5426e+05
0.336,0.352,2.2109,34.971,4.5872e+05,4.9465e+05,3.791e+05,3.791e+05
0.336,0.336,2.8718,36.449,6.5107e+05,1.2444e+06,3.8998e+05,3.8998e+05
0.336,0.32,2.3724,40.548,7.9434e+05,2.0586e+06,3.7803e+05,3.7803e+05
0.336,0.304,2.1616,45.555,9.6819e+05,2.9943e+06,3.4346e+05,3.4346e+05
0.336,0.288,2.1783,50.234,1.0695e+06,3.8351e+06,3.1489e+05,3.1489e+05
0.336,0.272,2.2649,53.322,1.0211e+06,4.3929e+06,3.0006e+05,3.0006e+05
0.336,0.256,2.6045,56.929,8.6557e+05,4.6789e+06,2.985e+05,2.985e+05
0.336,0.24,1.9856,61.612,6.8459e+05,4.7947e+06,2.9481e+05,2.9481e+05
0.336,0.224,1.4482,63.318,5.1462e+05,4.8998e+06,2.8321e+05,2.8321e+05
0.336,0.208,0.47588,64.543,4.1349e+05,5.3328e+06,3.0964e+05,3.0964e+05
0.336,0.192,-0.43664,64.881,2.5528e+05,5.8113e+06,3.4847e+05,3.4847e+05
0.336,0.176,-0.34888,65.679,3.2833e+05,6.3564e+06,3.9729e+05,3.9729e+05
0.336,0.16,0.73701,67.297,3.9128e+05,6.4169e+06,3.4538e+05,3.4538e+05
0.336,0.144,-0.0044026,66.653,4.464e+05,6.4609e+06,2.8474e+05,2.8474e+05
0.336,0.128,-0.38208,64.417,2.0854e+05,6.0413e+06,1.9593e+05,1.9593e+05
0.336,0.112,-0.50711,61.24,-21673,5.5054e+06,1.5043e+05,1.5043e+05
0.336,0.096,-0.025962,57.118,-2.9796e+05,4.3122e+06,1.0189e+05,1.0189e+05
0.336,0.08,-0.073255,53.985,-3.3463e+05,2.715e+06,54918,54918
0.336,0.064,-0.018167,50.85,-3.1893e+05,9.4565e+05,24737,24737
0.336,0.048,0.27625,48.527,-1.7192e+05,4716.4,3114.7,3114.7
0.336,0.032,0.35253,46.747,-73212,-2.0697e+05,-2700.4,2700.4
0.336,0.016,-0.27418,44.065,0,0,-2527.4,2527.4
0.352,0.496,-0.34784,29.824,0,0,258.75,258.75
0.352,0.48,-2.197,28.292,0,0,15033,15033
0.352,0.464,-1.1612,26.761,NaN,NaN,52778,52778
0.352,0.448,0.59816,25.499,NaN,NaN,2.1682e+05,2.1682e+05
0.352,0.432,-0.88437,26.559,2.3815e+05,-1.0799e+06,2.6868e+05,2.6868e+05
0.352,0.416,-1.6462,27.799,3.2452e+05,-6.3127e+05,2.9113e+05,2.9113e+05
0.352,0.4,-1.1275,26.751,4.9282e+05,-48182,2.6742e+05,2.6742e+05
0.352,0.384,-0.58416,26.5,5.7912e+05,6.0794e+05,2.5652e+05,2.5652e+05
0.352,0.368,-0.71422,25.233,6.0861e+05,1.0377e+06,2.552e+05,2.552e+05
0.352,0.352,0.82582,26.465,5.4975e+05,1.1216e+06,2.6854e+05,2.6854e+05
0.352,0.336,1.2049,25.455,6.3705e+05,1.4645e+06,2.7831e+05,2.7831e+05
0.352,0.32,1.7039,25.379,7.9819e+05,1.986e+06,2.7255e+05,2.7255e+05
0.352,0.304,2.7689,29.006,1.0186e+06,2.7537e+06,2.4028e+05,2.4028e+05
0.352,0.288,3.4411,38.495,1.119e+06,3.5014e+06,2.1163e+05,2.1163e+05
0.352,0.272,2.9408,42.611,1.0365e+06,3.9603e+06,1.979e+05,1.979e+05
0.352,0.256,2.301,44.839,8.4458e+05,4.2054e+06,2.0575e+05,2.0575e+05
0.352,0.24,1.2248,47.357,6.4472e+05,4.4275e+06,2.077e+05,2.077e+05
0.352,0.224,-0.44248,49.949,4.8199e+05,4.6972e+06,2.0515e+05,2.0515e+05
0.352,0.208,-0.28848,51.97,3.6625e+05,5.1253e+06,2.287e+05,2.287e+05
0.352,0.192,0.64243,53.728,1.8107e+05,5.2529e+06,2.5032e+05,2.5032e+05
0.352,0.176,0.2697,54.495,1.574e+05,5.3554e+06,2.5226e+05,2.5226e+05
0.352,0.16,0.29967,55.071,1.1629e+05,5.1887e+06,2.1081e+05,2.1081e+05
0.352,0.144,0.85769,54.117,1744.7,4.8766e+06,1.6394e+05,1.6394e+05
0.352,0.128,-1.4331,50.454,-2.9355e+05,3.9902e+06,1.2659e+05,1.2659e+05
0.352,0.112,-2.9026,47.507,-5.1432e+05,2.6577e+06,91043,91043
0.352,0.096,-1.6555,46.394,-6.2514e+05,1.1528e+06,57143,57143
0.352,0.08,-0.43893,43.315,-5.243e+05,44562,22298,22298
0.352,0.064,0.072629,40.444,-4.6342e+05,-9.0269e+05,3375.3,3375.3
0.352,0.048,-0.4831,39.139,-2.3897e+05,-7.8871e+05,-9363.2,9363.2
0.352,0.032,-0.40411,39.458,-1.1649e+05,-5.7685e+05,-6704.9,6704.9
0.352,0.016,-0.93855,36.58,0,0,-4468.9,4468.9
0.368,0.496,-0.83976,25.187,0,0,1429.3,1429.3
0.368,0.48,-1.7611,18.08,0,0,19927,19927
0.368,0.464,-2.2867,14.059,3.001e+05,-1.7901e+06,54862,54862
0.368,0.448,-2.1791,11.917,1.9041e+05,-1.3285e+06,1.5212e+05,1.5212e+05
0.368,0.432,-0.76518,13.128,1.3166e+05,-1.0969e+06,1.9775e+05,1.9775e+05
0.368,0.416,-0.92164,13.888,1.5505e+05,-6.1935e+05,2.2283e+05,2.2283e+05
0.368,0.4,-0.54458,15.281,3.4253e+05,-1.3836e+05,1.6741e+05,1.6741e+05
0.368,0.384,0.9517,18.598,5.2813e+05,4.4987e+05,1.1556e+05,1.1556e+05
0.368,0.368,1.7238,19.763,6.0482e+05,9.0729e+05,67860,67860
0.368,0.352,0.72419,19.334,5.6267e+05,1.053e+06,74759,74759
0.368,0.336,0.54457,18.568,6.087e+05,1.2299e+06,83090,83090
0.368,0.32,2.3372,18.088,7.4832e+05,1.5225e+06,82250,82250
0.368,0.304,3.5759,21.034,9.0509e+05,2.0012e+06,54481,54481
0.368,0.288,4.8013,24.959,9.0024e+05,2.4787e+06,31726,31726
0.368,0.272,4.0798,27.343,7.6328e+05,2.7365e+06,25493,25493
0.368,0.256,2.9339,27.455,5.9645e+05,2.8951e+06,45997,45997
0.368,0.24,1.8898,30.76,4.4416e+05,3.1605e+06,61201,61201
0.368,0.224,1.6357,35.499,2.7796e+05,3.4282e+06,70680,70680
0.368,0.208,0.6704,38.797,95194,3.5239e+06,1.0829e+05,1.0829e+05
0.368,0.192,0.5043,40.953,-83464,3.392e+06,1.3599e+05,1.3599e+05
0.368,0.176,1.5667,37.368,-1.7867e+05,3.1942e+06,1.5112e+05,1.5112e+05
0.368,0.16,-0.079597,35.69,-2.7474e+05,3.0734e+06,1.3076e+05,1.3076e+05
0.368,0.144,-0.47393,35.495,-3.8543e+05,2.6175e+06,1.0454e+05,1.0454e+05
0.368,0.128,-0.89095,34.53,-5.6676e+05,1.6693e+06,79087,79087
0.368,0.112,-0.95927,33.746,-5.9944e+05,5.8792e+05,45107,45107
0.368,0.096,-1.9269,28.804,-5.2978e+05,-1.5176e+05,28923,28923
0.368,0.08,-3.162,31.848,-3.3906e+05,-11815,16431,16431
0.368,0.064,-0.67802,34.321,-2.7425e+05,-1300.2,11721,11721
0.368,0.048,-1.1712,36.66,-1.4206e+05,1.5651e+05,-1572,1572
0.368,0.032,-3.3104,37.394,-80526,-56510,-5478.4,5478.4
0.368,0.016,-4.1357,33.792,0,0,-5319.6,5319.6
0.384,0.496,-2.553,23.373,0,0,3044.4,3044.4
0.384,0.48,-4.9245,13.51,-36794,-6.5841e+05,24390,24390
0.384,0.464,-3.604,8.2378,76460,-2.2119e+06,57023,57023
0.384,0.448,-1.9302,8.7344,2.4307e+05,-1.3547e+06,82814,82814
0.384,0.432,-2.3582,7.9294,3.0462e+05,-6.817e+05,87830,87830
0.384,0.416,-2.7182,7.7507,2.9e+05,-3.9007e+05,82128,82128
0.384,0.4,-1.4684,7.5562,3.3519e+05,-80361,78599,78599
0.384,0.384,0.78109,9.83,4.4083e+05,3.8219e+05,73974,73974
0.384,0.368,1.9558,12.475,4.88e+05,8.241e+05,64829,64829
0.384,0.352,1.4565,13.95,4.4551e+05,9.1485e+05,55840,55840
0.384,0.336,1.9137,13.209,4.7902e+05,8.2967e+05,53228,53228
0.384,0.32,2.576,11.179,6.1356e+05,8.482e+05,46987,46987
0.384,0.304,4.0321,12.114,7.1925e+05,1.0882e+06,29336,29336
0.384,0.288,3.6039,12.791,5.9796e+05,1.27e+06,14815,14815
0.384,0.272,2.4395,10.252,4.0389e+05,1.2805e+06,15420,15420
0.384,0.256,3.1391,8.9807,2.2071e+05,1.273e+06,31480,31480
0.384,0.24,3.757,10.217,96655,1.5116e+06,39977,39977
0.384,0.224,1.9818,16.353,-99098,1.5234e+06,41202,41202
0.384,0.208,1.333,16.336,-2.6636e+05,1.0425e+06,44343,44343
0.384,0.192,-0.73542,13.189,-3.381e+05,4.5996e+05,52732,52732
0.384,0.176,-0.97058,15.046,-2.8723e+05,3.9981e+05,64091,64091
0.384,0.16,-0.86863,18.908,-3.2339e+05,7.346e+05,77612,77612
0.384,0.144,-0.81795,20.836,-3.7738e+05,7.3378e+05,77305,77305
0.384,0.128,-0.7681,20.909,-3.4018e+05,5.7861e+05,68076,68076
0.384,0.112,-0.88512,20.641,-1.411e+05,2.0201e+05,43396,43396
0.384,0.096,-0.047928,21.977,72585,2.5969e+05,34005,34005
0.384,0.08,0.58303,24.613,1.8285e+05,9.2471e+05,32288,32288
0.384,0.064,1.2523,31.626,1.8142e+05,1.7728e+06,29533,29533
0.384,0.048,0.50914,34.451,1.2096e+05,1.6458e+06,13698,13698
0.384,0.032,-0.084877,34.028,42702,8.0454e+05,-89.117,89.117
0.384,0.016,-2.4014,28.888,0,0,-4043.8,4043.8
0.4,0.496,-3.0212,20.153,0,0,4398.4,4398.4
0.4,0.48,-6.0367,12.319,-11043,-9.0852e+05,19785,19785
0.4,0.464,-4.2408,6.5625,1.8523e+05,-1.8516e+06,42497,42497
0.4,0.448,-1.4836,9.8438,3.0937e+05,-1.1725e+06,66552,66552
0.4,0.432,-1.5057,8.7558,3.7046e+05,-5.2447e+05,75266,75266
0.4,0.416,-0.42794,8.724,3.1027e+05,-2.3931e+05,71786,71786
0.4,0.4,-0.12556,7.8041,2.5163e+05,-1.0215e+05,61787,61787
0.4,0.384,-0.66799,8.8516,2.5896e+05,82232,55964,55964
0.4,0.368,-0.62185,9.7348,2.3402e+05,2.7657e+05,55521,55521
0.4,0.352,0.42727,9.7941,2.018e+05,2.5398e+05,54162,54162
0.4,0.336,0.84432,8.2491,2.5767e+05,1.4862e+05,48954,48954
0.4,0.32,1.934,7.8928,4.2578e+05,1.6653e+05,36819,36819
0.4,0.304,2.3105,7.9266,5.3744e+05,3.345e+05,24399,24399
0.4,0.288,2.3877,7.9981,3.7469e+05,3.6388e+05,19462,19462
0.4,0.272,1.6667,5.7449,1.1886e+05,1.9407e+05,27253,27253
0.4,0.256,0.85391,4.7485,-64161,35155,37156,37156
0.4,0.24,-0.54542,5.0192,-1.4919e+05,1.092e+05,40946,40946
0.4,0.224,-1.4153,6.534,-2.7319e+05,-29376,34089,34089
0.4,0.208,-2.7714,3.9207,-3.9873e+05,-6.5236e+05,31861,31861
0.4,0.192,-3.753,1.2947,-3.4967e+05,-1.1473e+06,42025,42025
0.4,0.176,-2.5671,0.62986,-1.9651e+05,-9.5294e+05,58470,58470
0.4,0.16,-0.44736,1.8105,-1.2776e+05,-3.1991e+05,75659,75659
0.4,0.144,-0.6043,3.2437,-1.0528e+05,11132,77339,77339
0.4,0.128,-0.31078,3.9214,579.91,3.4242e+05,73520,73520
0.4,0.112,1.0721,15.869,2.8623e+05,7.8135e+05,59074,59074
0.4,0.096,3.4724,15.151,6.1842e+05,1.5864e+06,51133,51133
0.4,0.08,4.0443,17.695,7.5397e+05,2.3431e+06,50012,50012
0.4,0.064,1.8526,23.205,4.0299e+05,3.1814e+06,40636,40636
0.4,0.048,1.2119,25.887,1.0129e+05,2.4167e+06,23529,23529
0.4,0.032,1.1272,27.655,-1.2606e+05,1.3219e+06,4436.1,4436.1
0.4,0.016,-7.6219,37.943,0,0,-1281.6,1281.6
0.416,0.496,-4.1527,15.904,0,0,4344,4344
0.416,0.48,-5.8015,9.8357,1335.3,-9.9877e+05,22904,22904
0.416,0.464,-4.2744,5.783,1.4279e+05,-1.5021e+06,51393,51393
0.416,0.448,-2.3634,7.9656,2.6343e+05,-9.7654e+05,79837,79837
0.416,0.432,-1.4864,7.8758,3.953e+05,-2.3891e+05,89831,89831
0.416,0.416,-0.52575,6.6292,3.3515e+05,-87262,83274,83274
0.416,0.4,-0.15481,6.8392,2.097e+05,-20876,74186,74186
0.416,0.384,0.20138,7.7578,86268,12496,70223,70223
0.416,0.368,0.11673,8.2549,-7061.9,19081,71317,71317
0.416,0.352,-1.102,6.3818,-45161,-1.5121e+05,66125,66125
0.416,0.336,-0.75213,4.9487,33775,-2.0645e+05,58426,58426
0.416,0.32,0.44728,4.3731,2.0562e+05,-96625,47460,47460
0.416,0.304,2.1413,4.4717,3.0295e+05,1.5585e+05,42828,42828
0.416,0.288,4.5353,4.7622,1.7037e+05,2.4118e+05,43602,43602
0.416,0.272,2.3507,5.6848,-27055,76715,51133,51133
0.416,0.256,0.35285,3.9858,-1.591e+05,-32359,56239,56239
0.416,0.24,0.30167,3.1223,-2.0761e+05,-27899,54034,54034
0.416,0.224,-0.70216,3.446,-3.0228e+05,-1.7478e+05,49107,49107
0.416,0.208,-2.0271,4.0409,-2.9473e+05,-6.1061e+05,51720,51720
0.416,0.192,-2.0009,4.8474,-1.4479e+05,-8.9828e+05,60768,60768
0.416,0.176,-1.0827,4.9051,74676,-7.0177e+05,65623,65623
0.416,0.16,-0.77994,3.794,1.5128e+05,-3.9902e+05,63803,63803
0.416,0.144,-0.026007,3.8044,1.3407e+05,-2.182e+05,65217,65217
0.416,0.128,0.13722,4.6631,2.0433e+05,2.7005e+05,74658,74658
0.416,0.112,0.16379,10.962,1.5472e+05,3.3959e+05,81877,81877
0.416,0.096,5.5339,13.877,5.8779e+05,1.1753e+06,75379,75379
0.416,0.08,7.8296,17.008,2.8112e+05,5.7751e+05,64899,64899
0.416,0.064,5.4869,11.703,-3.3478e+05,9.0195e+05,44077,44077
0.416,0.048,-7.2173,41.843,-7.9309e+05,1.1535e+05,26372,26372
0.416,0.032,-10.334,47.468,-6.2478e+05,2.6686e+05,7891.5,7891.5
0.416,0.016,-13.828,52.947,0,0,1721.3,1721.3
0.432,0.496,-5.3955,11.85,0,0,4625.4,4625.4
0.432,0.48,-7.027,7.4795,-9.5019e+05,-1.6332e+06,28078,28078
0.432,0.464,-4.7706,4.816,-1.4624e+06,-3.1873e+06,65667,65667
0.432,0.448,-4.0805,5.1566,-1.0634e+06,-2.371e+06,1.0061e+05,1.0061e+05
0.432,0.432,-2.5389,4.2907,-4.597e+05,-1.5223e+06,1.1133e+05,1.1133e+05
0.432,0.416,-0.8453,5.0083,1.9071e+05,-3.2307e+05,1.0169e+05,1.0169e+05
0.432,0.4,-1.016,6.152,3.2113e+05,9017.2,90352,90352
0.432,0.384,-1.1797,6.5931,3.2831e+05,2.2235e+05,82450,82450
0.432,0.368,-1.4486,5.9389,-25476,-5843.8,75369,75369
0.432,0.352,-1.15,5.7016,-1.0701e+05,-2.4674e+05,65571,65571
0.432,0.336,-1.865,2.9429,-61529,-2.5637e+05,58039,58039
0.432,0.32,-1.2025,2.4106,81957,-1.6678e+05,55548,55548
0.432,0.304,1.1407,2.276,2.4679e+05,65490,57838,57838
0.432,0.288,0.52677,2.0669,1.4275e+05,1.7554e+05,61911,61911
0.432,0.272,-0.90254,3.6897,1664.6,1.217e+05,67902,67902
0.432,0.256,-0.3452,1.5961,-1.3181e+05,1.6274e+05,71078,71078
0.432,0.24,-0.65594,5.209,-90263,2.2758e+05,68316,68316
0.432,0.224,-1.5221,6.0252,-88957,3.0423e+05,65665,65665
0.432,0.208,-1.6526,6.4857,-47312,2.2088e+05,66875,66875
0.432,0.192,-0.47137,7.2603,54240,1.6566e+05,67181,67181
0.432,0.176,-0.65528,8.0605,1.2899e+05,1.2054e+05,56043,56043
0.432,0.16,-0.87178,6.7685,1.2592e+05,-36825,48504,48504
0.432,0.144,-0.049709,4.0762,87185,-1.4444e+05,54024,54024
0.432,0.128,0.090134,3.5016,82351,22338,74181,74181
0.432,0.112,1.1792,5.3384,-3.4751e+05,-5.0978e+05,89071,89071
0.432,0.096,-11.702,6.4844,3324.1,1.0744e+06,86599,86599
0.432,0.08,8.7849,11.507,-2.1658e+05,1.6658e+06,73868,73868
0.432,0.064,-17.633,19.154,6.8124e+05,2.8809e+06,46856,46856
0.432,0.048,-25.696,46.604,3.0719e+05,1.321e+06,25276,25276
0.432,0.032,-33.547,58.738,4.9835e+05,5.6054e+05,7266.6,7266.6
0.432,0.016,5.0821,26.714,0,0,1820.1,1820.1
0.448,0.496,-4.6896,7.0046,0,0,762.69,762.69
0.448,0.48,-7.7568,3.9515,-1.1586e+06,-1.578e+06,24779,24779
0.448,0.464,-31.356,-3.2834,-2.3407e+06,-4.0353e+06,66544,66544
0.448,0.448,-19.037,-11.286,-2.3217e+06,-4.2976e+06,1.1081e+05,1.1081e+05
0.448,0.432,-8.0824,-2.7881,-1.7163e+06,-3.2908e+06,1.2863e+05,1.2863e+05
0.448,0.416,-4.6766,-2.39,-9.5523e+05,-1.9925e+06,1.271e+05,1.271e+05
0.448,0.4,0.82516,5.9229,-1.1804e+05,-3.2251e+05,1.1875e+05,1.1875e+05
0.448,0.384,0.32576,4.9444,1.8322e+05,50751,1.0755e+05,1.0755e+05
0.448,0.368,-1.0025,3.6904,-43172,33239,88642,88642
0.448,0.352,-0.68776,5.0103,-3.1355e+05,-3.7801e+05,72858,72858
0.448,0.336,-1.2619,2.5741,-3.5554e+05,-3.9707e+05,66708,66708
0.448,0.32,-0.17605,0.95743,-1.9764e+05,-3.6071e+05,72775,72775
0.448,0.304,2.2661,0.22018,8960,-66723,80370,80370
0.448,0.288,4.1745,1.0624,5081.1,67842,84324,84324
0.448,0.272,0.30893,1.8763,-69725,65808,86241,86241
0.448,0.256,-0.51676,3.541,53871,3.4204e+05,89518,89518
0.448,0.24,-0.52351,6.4271,3.3215e+05,6.3977e+05,93967,93967
0.448,0.224,-0.54832,7.1444,6.5078e+05,9.512e+05,93874,93874
0.448,0.208,-0.34958,7.1672,7.6782e+05,8.9523e+05,88567,88567
0.448,0.192,0.16862,7.3636,5.9779e+05,6.4057e+05,72262,72262
0.448,0.176,0.45148,7.6222,2.4269e+05,3.1274e+05,52539,52539
0.448,0.16,0.53414,7.1736,-3462.3,-42923,48787,48787
0.448,0.144,0.47542,4.4194,11777,-1.3585e+05,63149,63149
0.448,0.128,0.95573,2.7382,51874,-15260,86206,86206
0.448,0.112,0.26631,2.7753,-5.0337e+05,-7.2162e+05,98767,98767
0.448,0.096,-14.025,5.3591,-1.8857e+05,8.006e+05,99391,99391
0.448,0.08,1.9244,47.38,-5.8688e+05,1.4059e+06,90842,90842
0.448,0.064,2.7669,65.427,9.5648e+05,2.9088e+06,65395,65395
0.448,0.048,8.2995,80.765,5.32e+05,9.7778e+05,37088,37088
0.448,0.032,-37.331,172.62,8.0188e+05,1.964e+05,13087,13087
0.448,0.016,-84.956,75.101,0,0,3255.8,3255.8
0.464,0.496,-2.4163,3.7183,0,0,-608.89,608.89
0.464,0.48,-11.244,9.693,-2.0468e+06,-2.2254e+06,16855,16855
0.464,0.464,-34.533,5.5093,-4.5147e+06,-7.2977e+06,47702,47702
0.464,0.448,-53.393,117.85,-4.1662e+06,-7.1275e+06,86235,86235
0.464,0.432,-28.878,-10.996,-3.0438e+06,-5.9266e+06,1.0596e+05,1.0596e+05
0.464,0.416,-15.336,-3.0225,-1.3789e+06,-2.7837e+06,1.0842e+05,1.0842e+05
0.464,0.4,-4.1108,-1.9539,-3.2228e+05,-6.6765e+05,95367,95367
0.464,0.384,0.24394,2.8981,-1.0452e+05,-3.3778e+05,77827,77827
0.464,0.368,-1.5754,2.4409,-5.2862e+05,-3.5088e+05,60073,60073
0.464,0.352,-2.268,4.7542,-9.8325e+05,-8.7784e+05,53472,53472
0.464,0.336,-6.2723,-7.1248,-1.0311e+06,-8.9506e+05,55228,55228
0.464,0.32,-3.0779,-2.7795,-6.3316e+05,-6.631e+05,60990,60990
0.464,0.304,3.2326,1.2325,-66891,-1.531e+05,63653,63653
0.464,0.288,-0.8418,0.12032,1.2318e+05,61615,61644,61644
0.464,0.272,-0.3643,1.4101,-2.6849e+05,-5.3508e+05,64346,64346
0.464,0.256,0.18095,2.4511,-7.0269e+05,-1.3808e+06,72881,72881
0.464,0.24,0.44057,4.7228,-8.5787e+05,-2.0818e+06,81182,81182
0.464,0.224,0.76646,5.9717,-5.1384e+05,-1.852e+06,81924,81924
0.464,0.208,2.0915,4.6756,5.78e+05,-4.6722e+05,72254,72254
0.464,0.192,1.4712,5.3842,1.2141e+06,7.1595e+05,54944,54944
0.464,0.176,0.65516,4.8102,1.2296e+06,1.1392e+06,37730,37730
0.464,0.16,1.4887,4.6443,4.3175e+05,4.7044e+05,40056,40056
0.464,0.144,1.0507,2.8761,37002,-1.2463e+05,53154,53154
0.464,0.128,1.0258,1.257,30.837,23374,67632,67632
0.464,0.112,1.871,4.2245,-3.1422e+05,-4.0228e+05,70872,70872
0.464,0.096,-0.099348,2.5622,-1.9062e+05,9.377e+05,76820,76820
0.464,0.08,4.894,10.678,-7.3695e+05,2.4684e+06,78147,78147
0.464,0.064,-257.01,-62.024,1.3359e+06,5.3082e+06,63025,63025
0.464,0.048,-285.24,184.04,1.1181e+06,3.4413e+06,35856,35856
0.464,0.032,24.466,34.134,1.5658e+06,1.0744e+06,12499,12499
0.464,0.016,42.173,143.51,0,0,2259.2,2259.2
0.48,0.496,-2.1302,0.53481,0,0,-3362.4,3362.4
0.48,0.48,-12.032,11.858,-7.296e+05,-7.8119e+05,3541.3,3541.3
0.48,0.464,-24.46,3.7008,-1.6846e+06,-2.9887e+06,14321,14321
0.48,0.448,-19.272,-10.553,-2.3185e+06,-4.4127e+06,35796,35796
0.48,0.432,-362.28,-225.64,-2.0441e+06,-4.0112e+06,49825,49825
0.48,0.416,-58.52,-141.43,-1.4139e+06,-2.4771e+06,57128,57128
0.48,0.4,-4.605,-6.5791,-5.6783e+05,-7.1465e+05,50681,50681
0.48,0.384,-3.0859,0.93973,-3.9125e+05,-5.2557e+05,39898,39898
0.48,0.368,-8.1854,0.66621,-5.3922e+05,-3.7296e+05,32275,32275
0.48,0.352,-12.448,-7.0198,-9.5715e+05,-8.0904e+05,33047,33047
0.48,0.336,-10.687,-7.8572,-1.0231e+06,-8.5969e+05,37427,37427
0.48,0.32,-5.1802,-4.0166,-6.3951e+05,-6.048e+05,40402,40402
0.48,0.304,-0.38925,-1.3524,-1.4762e+05,-1.479e+05,37506,37506
0.48,0.288,2.2832,-0.040675,96575,57637,33651,33651
0.48,0.272,-0.037029,0.82684,-2.782e+05,-5.8836e+05,33701,33701
0.48,0.256,-17.868,-12.138,-6.4275e+05,-1.5134e+06,43131,43131
0.48,0.24,-20.078,-12.057,-8.5591e+05,-2.2866e+06,51828,51828
0.48,0.224,-19.778,-12.358,-5.2165e+05,-2.0595e+06,54867,54867
0.48,0.208,-17.683,-10.486,5.543e+05,-5.9494e+05,48951,48951
0.48,0.192,1.0539,4.7512,1.1847e+06,6.4697e+05,37589,37589
0.48,0.176,2.9475,3.139,1.2008e+06,1.1034e+06,27389,27389
0.48,0.16,1.5802,3.0456,4.2197e+05,4.9765e+05,28047,28047
0.48,0.144,0.73263,2.0118,31879,-65622,33676,33676
0.48,0.128,0.0326,-2.0325,13815,84416,39571,39571
0.48,0.112,-0.66039,4.9166,-19195,-2175.5,40635,40635
0.48,0.096,-0.1259,-3.0893,80113,2.8693e+05,47883,47883
0.48,0.08,0.098098,0.62477,-5.3918e+05,1.9993e+05,52861,52861
0.48,0.064,-23.159,39.374,-6.5684e+05,4.4956e+05,47343,47343
0.48,0.048,756.41,721.72,-8.2886e+05,1.4047e+05,28366,28366
0.48,0.032,-32.541,63.751,0,0,11167,11167
0.48,0.016,13.041,120.95,0,0,1910.1,1910.1
0.496,0.496,-0.44664,-1.0587,0,0,-979.6,979.6
0.496,0.48,-7.0509,1.6627,-5.472e+05,-5.8589e+05,34.66,34.66
0.496,0.464,-40.186,-7.3953,-1.0529e+06,-1.868e+06,-966.37,966.37
0.496,0.448,-2.1354,-0.037947,-1.0529e+06,-1.868e+06,4137.2,4137.2
0.496,0.432,-1.3045,0.52599,-5.7792e+05,-1.4652e+06,10008,10008
0.496,0.416,-2.455,0.46175,-1.0071e+05,-2.8851e+05,15662,15662
0.496,0.4,7.9052,0.6707,-1.6456e+05,-2.9911e+05,13500,13500
0.496,0.384,-1.0232,2.0467,-3.0705e+05,-3.7856e+05,9428.5,9428.5
0.496,0.368,-2.7001,70.543,-5.2704e+05,-4.1161e+05,9256.2,9256.2
0.496,0.352,-97.675,-82.952,-7.205e+05,-5.9973e+05,11623,11623
0.496,0.336,-35.509,-83.246,-7.1543e+05,-5.9945e+05,14698,14698
0.496,0.32,-50.165,-79.431,-4.3948e+05,-3.6705e+05,12777,12777
0.496,0.304,-11.988,-8.1758,-84362,-99674,8548.5,8548.5
0.496,0.288,-2.4368,-4.6927,67994,15510,4814.4,4814.4
0.496,0.272,-11.263,-0.43,-2.7237e+05,-6.2199e+05,5589,5589
0.496,0.256,-23.255,-15.079,-8.1809e+05,-1.6988e+06,12168,12168
0.496,0.24,-77.433,49.922,-1.2341e+06,-2.6499e+06,13927,13927
0.496,0.224,-190.08,-252.36,-1.2371e+06,-2.652e+06,17276,17276
0.496,0.208,-21.756,-13.283,-2.3479e+05,-1.2136e+06,17384,17384
0.496,0.192,-17.075,-18.543,6.1705e+05,2.1446e+05,17707,17707
0.496,0.176,-3.5529,-0.97629,1.0199e+06,9.2378e+05,12950,12950
0.496,0.16,-1.5744,0.16864,4.6973e+05,5.1104e+05,7988.7,7988.7
0.496,0.144,-0.5037,2.0615,45695,-64580,5838.5,5838.5
0.496,0.128,-1.0204,0.7919,-16664,-5230.4,5924.7,5924.7
0.496,0.112,-1.7171,1.6406,-24815,-84818,7709.3,7709.3
0.496,0.096,-1.1179,-1.0202,-30815,27419,14116,14116
0.496,0.08,-1.198,0.88764,-5.5818e+05,17030,17944,17944
0.496,0.064,-0.75463,3.125,-6.1889e+05,1.2386e+05,18046,18046
0.496,0.048,123.64,144.82,-6.2165e+05,1.0535e+05,9659.8,9659.8
0.496,0.032,-67.978,79.506,0,0,3854.4,3854.4
0.496,0.016,-4.2244,88.724,0,0,70.202,70.202
