0.016,0.496,-0.8858,-1.1692,-5048.8,-4724.1,-2304.8,2304.8
0.016,0.48,0.39406,1.2109,-4637.1,-8482.3,-5021.5,5021.5
0.016,0.464,3.0718,-0.029138,-7557.9,-7997.5,-5615.4,5615.4
0.016,0.448,-0.69669,1.1098,-2578,-5344.7,-4710.2,4710.2
0.016,0.432,1.2596,0.79079,-19198,-6036.3,-2465.3,2465.3
0.016,0.416,4.2968,0.036075,-26278,-6456.2,-1993.2,1993.2
0.016,0.4,2.5821,-0.83802,-29125,-2576.2,-2648.3,2648.3
0.016,0.384,5.1449,-0.4128,-16620,2123.3,-3646.4,3646.4
0.016,0.368,6.5784,-0.77527,-11706,2183.3,-3943.9,3943.9
0.016,0.352,3.6902,-0.31677,-25137,1496.8,-3975.9,3975.9
0.016,0.336,5.9944,-0.21181,-31269,1748.6,-3499.3,3499.3
0.016,0.32,3.4871,0.29898,-27191,1421,-3068.2,3068.2
0.016,0.304,-0.00072615,0.79802,-14543,1540.3,-3358.6,3358.6
0.016,0.288,0.80415,-0.60783,-9829.4,1694.5,-4545.5,4545.5
0.016,0.272,1.5662,-1.4068,-11271,-945.34,-7306,7306
0.016,0.256,0.42256,2.0841,-10440,-7051.4,-8855.9,8855.9
0.016,0.24,3.203,0.85658,-19074,-10684,-8440.6,8440.6
0.016,0.224,7.4615,1.4354,-16717,-9298.8,-936.67,936.67
0.016,0.208,5.3393,0.12639,-12022,-6584.8,5563.5,5563.5
0.016,0.192,1.1823,-0.040012,5462.4,-8173.1,9608.7,9608.7
0.016,0.176,-0.68932,-0.67481,4520.5,-6422.7,1672.6,1672.6
0.016,0.16,-0.67712,-0.72806,3210.3,-3415.7,-2186.8,2186.8
0.016,0.144,-0.87871,0.50486,-1729.9,1384.5,-3004.3,3004.3
0.016,0.128,2.6157,-2.5099,-6329.7,2065.1,1958.1,1958.1
0.016,0.112,6.0113,0.28898,-9371.2,973.71,2301.5,2301.5
0.016,0.096,0.95213,-0.44061,-8565.9,2617.8,818.27,818.27
0.016,0.08,-0.71794,0.57446,-6712.4,34157,251.99,251.99
0.016,0.064,-2.0728,2.2082,-242.76,29360,-245.38,245.38
0.016,0.048,-2.0663,1.1695,164.21,27482,-889.29,889.29
0.016,0.032,-2.5813,0.73773,3944.8,-5031.7,-1273.5,1273.5
0.016,0.016,-1.2959,-0.37825,0,0,-1494.9,1494.9
0.032,0.496,0.84159,1.5166,-16958,-8032,68.749,68.749
0.032,0.48,0.112,0.49738,-41122,-5753.8,381.72,381.72
0.032,0.464,0.065621,-0.58756,-48895,-9642.3,423.47,423.47
0.032,0.448,-0.13401,0.26526,-60090,37023,452.65,452.65
0.032,0.432,-0.29395,0.17622,-47272,30422,-22.759,22.759
0.032,0.416,-0.48168,-0.62477,-49365,31324,-303.24,303.24
0.032,0.4,-0.45417,-0.3284,-32279,-11990,-336.94,336.94
0.032,0.384,-0.18301,0.30289,-23218,-3442.9,-192.87,192.87
0.032,0.368,-0.10188,0.16556,-17538,-509.92,30.724,30.724
0.032,0.352,-0.18937,-0.15386,-21896,-4209.2,-362.95,362.95
0.032,0.336,-0.41267,0.15698,-37514,-5032.4,-611.96,611.96
0.032,0.32,-0.30608,0.085907,-44829,-3079.9,-824.48,824.48
0.032,0.304,-0.15384,-0.06549,-32553,5777.4,-587.06,587.06
0.032,0.288,-0.42341,-0.23613,-19035,4026.7,-442.92,442.92
0.032,0.272,-0.38943,-0.35955,-22655,11856,-358.07,358.07
0.032,0.256,-0.3304,0.088201,-34170,-2245.7,-325.48,325.48
0.032,0.24,-0.42823,0.54804,-55363,-13859,-23.659,23.659
0.032,0.224,-0.25417,-0.022,-45879,-24353,260.78,260.78
0.032,0.208,0.036799,-0.29432,-22252,-5909.6,554.44,554.44
0.032,0.192,0.34022,0.18989,5771.3,3908.9,525.8,525.8
0.032,0.176,0.47551,-0.13847,-4878.1,5232.7,507.1,507.1
0.032,0.16,-0.099864,0.078616,-32984,-9439.3,399.92,399.92
0.032,0.144,-0.60189,0.24167,-64483,-2794.1,309.07,309.07
0.032,0.128,-0.07574,-0.4249,-81347,4643.7,214.07,214.07
0.032,0.112,-0.1511,0.046944,-67207,-5419.4,469.12,469.12
0.032,0.096,-0.061574,0.32471,-40155,-9677.3,895.78,895.78
0.032,0.08,-0.47281,0.26026,-9986.9,19811,1258.9,1258.9
0.032,0.064,-0.86619,2.3342,-1940.1,29367,1008.2,1008.2
0.032,0.048,-1.7035,1.328,61.086,27124,454.96,454.96
0.032,0.032,-1.3268,1.2973,3043.8,-10360,41.794,41.794
0.032,0.016,-1.162,-6.6768,0,0,-45.326,45.326
0.048,0.496,0.21651,2.7126,2604.9,-46566,316.61,316.61
0.048,0.48,1.9613,0.28271,7096,-73107,974.63,974.63
0.048,0.464,1.7597,-0.075857,-19582,-92188,1460.4,1460.4
0.048,0.448,2.4254,0.09253,-90655,68409,1292.4,1292.4
0.048,0.432,0.6419,2.5054,-1.0999e+05,89384,65.587,65.587
0.048,0.416,0.067608,-0.5511,-94159,1.0914e+05,-934.87,934.87
0.048,0.4,-0.83237,-0.48397,-40652,-57400,-781.74,781.74
0.048,0.384,-1.2123,-0.15162,63861,26851,123.08,123.08
0.048,0.368,-0.52122,0.9695,51082,23689,698.64,698.64
0.048,0.352,-0.45236,-0.061011,45263,70614,19.493,19.493
0.048,0.336,-0.81516,-0.64318,-66343,-6960,-758.85,758.85
0.048,0.32,-1.2297,0.37663,-59351,-10441,-1211.8,1211.8
0.048,0.304,-1.2561,0.12759,-52827,-19694,-869.17,869.17
0.048,0.288,-0.48474,-0.23115,-39496,-22702,-498.56,498.56
0.048,0.272,-0.52433,-0.14363,-37285,-7946.3,-232.57,232.57
0.048,0.256,-1.4876,1.0309,-35409,-11895,-93.374,93.374
0.048,0.24,-1.4789,-0.21948,-52515,-27620,414.06,414.06
0.048,0.224,-1.3133,-0.54506,-43161,-49336,1168.9,1168.9
0.048,0.208,-0.85591,-0.047925,-18912,-27543,1953.2,1953.2
0.048,0.192,-0.0063544,1.0673,10860,-11185,1951.4,1951.4
0.048,0.176,-0.32503,1.3608,1858.2,1435.4,1400,1400
0.048,0.16,-1.4605,0.25426,-24337,-6489.6,695.6,695.6
0.048,0.144,-1.9982,-0.34136,-47958,7749.7,306.11,306.11
0.048,0.128,-2.0734,0.17207,-55505,15924,214.5,214.5
0.048,0.112,-2.0612,0.37268,-57751,5204.7,498.29,498.29
0.048,0.096,-0.52553,-1.164,-23084,-60513,1346.8,1346.8
0.048,0.08,-0.42158,0.47333,-19406,72470,1971.8,1971.8
0.048,0.064,-0.25372,1.3139,-2890.2,65555,1837.6,1837.6
0.048,0.048,-0.87692,1.1133,-17999,1.183e+05,845.86,845.86
0.048,0.032,-0.45967,1.5097,-56.062,-22551,152.53,152.53
0.048,0.016,-0.12556,-3.334,0,0,-16.394,16.394
0.064,0.496,1.6797,1.0598,4069,-32901,312.74,312.74
0.064,0.48,3.0431,-0.0080187,13883,-1.0512e+05,1423.2,1423.2
0.064,0.464,3.7208,-0.56856,-10491,-1.2667e+05,1823.1,1823.1
0.064,0.448,2.2536,0.57355,-1.0264e+05,67189,2766.4,2766.4
0.064,0.432,1.0321,4.0935,-1.4373e+05,1.7039e+05,2028.2,2028.2
0.064,0.416,-0.54037,0.22159,-1.3523e+05,2.1661e+05,2121.3,2121.3
0.064,0.4,-0.57611,0.19956,36373,-89606,1882.3,1882.3
0.064,0.384,3.5673,1.8131,2.0914e+05,-65345,2370.9,2370.9
0.064,0.368,5.4938,3.3795,1.6647e+05,-51539,2188,2188
0.064,0.352,0.28749,0.6238,97419,56125,600.73,600.73
0.064,0.336,-0.1433,0.28064,-38028,4315.9,483.26,483.26
0.064,0.32,0.040919,0.0929,-31203,-16062,975.98,975.98
0.064,0.304,0.69711,-0.15514,-34494,-27226,2889.3,2889.3
0.064,0.288,1.012,-0.60411,21207,-33099,3621.4,3621.4
0.064,0.272,0.27141,-0.3763,54639,-7943.1,4220.1,4220.1
0.064,0.256,-0.2157,0.037978,60595,-30474,4667.6,4667.6
0.064,0.24,-0.4334,-0.25178,22916,-57117,6473.3,6473.3
0.064,0.224,0.24555,0.16739,2004.8,-73597,8442,8442
0.064,0.208,0.33635,-0.023101,187.12,21745,9931,9931
0.064,0.192,-0.78101,0.75639,-33171,88447,8950.4,8950.4
0.064,0.176,-0.6997,1.4271,-82961,1.1203e+05,7104.3,7104.3
0.064,0.16,-1.2763,1.0418,-1.1429e+05,84520,5169.4,5169.4
0.064,0.144,-1.5809,0.86002,-1.1962e+05,86632,3817.6,3817.6
0.064,0.128,-1.4581,0.84161,-91824,84903,2884,2884
0.064,0.112,-0.91948,0.57013,-70376,45403,2642.6,2642.6
0.064,0.096,-0.92734,-0.61975,-12957,-97264,3034.8,3034.8
0.064,0.08,1.4087,-1.6136,-15230,98375,3355.5,3355.5
0.064,0.064,0.28332,3.489,-1463.2,84378,2869.1,2869.1
0.064,0.048,-0.002768,1.0049,-25066,1.9001e+05,1486,1486
0.064,0.032,0.10158,1.6425,140.64,-22941,475.17,475.17
0.064,0.016,-0.56437,-1.8105,0,0,57.417,57.417
0.08,0.496,1.9538,0.81541,17975,-33293,560.18,560.18
0.08,0.48,1.7584,1.8518,37353,-96370,2022.8,2022.8
0.08,0.464,2.1958,0.068115,14363,-1.766e+05,3918.4,3918.4
0.08,0.448,2.1998,2.487,2.0368e+05,-9.8959e+05,7986.6,7986.6
0.08,0.432,1.9098,4.604,1.3641e+05,-8.4497e+05,12321,12321
0.08,0.416,0.048597,3.7796,1.9747e+05,-9.1912e+05,13366,13366
0.08,0.4,12.042,47.471,50617,-93088,11484,11484
0.08,0.384,3.6976,-1.6687,2.3189e+05,-83793,7187.5,7187.5
0.08,0.368,1.7256,-0.32641,1.0112e+05,-5655.9,4887.3,4887.3
0.08,0.352,0.35793,1.1594,-4425.4,1.2774e+05,1718.6,1718.6
0.08,0.336,0.17606,1.1924,-93013,33215,971.4,971.4
0.08,0.32,0.031037,0.83002,-7349.7,-6082.9,4821,4821
0.08,0.304,0.67985,0.83574,11367,-38600,10550,10550
0.08,0.288,0.80203,0.8822,24637,-52681,15538,15538
0.08,0.272,3.3896,0.80711,60996,-31521,16516,16516
0.08,0.256,3.2564,1.8145,60158,-32371,17629,17629
0.08,0.24,0.84938,-0.11234,18861,-49947,21633,21633
0.08,0.224,0.91495,0.76289,-55212,30542,24645,24645
0.08,0.208,0.41027,2.4696,-1.0162e+05,2.1996e+05,25178,25178
0.08,0.192,-0.61862,4.5669,-1.4217e+05,3.0353e+05,20620,20620
0.08,0.176,-2.1548,3.3965,-1.624e+05,2.4742e+05,15806,15806
0.08,0.16,-2.9121,2.481,-2.0318e+05,1.8062e+05,11832,11832
0.08,0.144,-2.8687,2.8032,-2.4456e+05,1.3904e+05,8963.2,8963.2
0.08,0.128,-2.7151,2.4063,-1.8575e+05,1.5342e+05,6602.2,6602.2
0.08,0.112,-2.1453,1.6938,-77617,75858,5001.3,5001.3
0.08,0.096,-1.3455,1.5827,43208,-62518,4099.9,4099.9
0.08,0.08,0.58328,-1.6753,19694,93269,3688.8,3688.8
0.08,0.064,-0.21881,3.4369,28272,58365,3144.2,3144.2
0.08,0.048,0.95722,0.68301,-5090.6,1.8412e+05,1731.3,1731.3
0.08,0.032,0.88291,2.2781,18218,-17760,714.6,714.6
0.08,0.016,-0.26112,-3.8445,0,0,127.83,127.83
0.096,0.496,-1.8836,-2.5436,-918.82,-57040,664.35,664.35
0.096,0.48,2.0859,3.5838,-15747,-1.0022e+05,2602.4,2602.4
0.096,0.464,1.4246,3.6227,34011,-1.812e+05,7159.3,7159.3
0.096,0.448,2.0653,4.3845,3.3508e+05,-1.2831e+06,17497,17497
0.096,0.432,12.299,-3.2742,2.7265e+05,-1.0265e+06,26651,26651
0.096,0.416,2.5888,5.5772,3.0957e+05,-1.1944e+06,32822,32822
0.096,0.4,3.3081,1.9002,46735,-78847,28828,28828
0.096,0.384,0.78602,-0.033094,1.1154e+05,-1.8012e+05,21417,21417
0.096,0.368,0.046271,2.7746,-25483,-17890,12257,12257
0.096,0.352,-2.5819,1.4729,-83905,34380,5308.9,5308.9
0.096,0.336,-1.6161,1.1613,-79675,43351,2910.3,2910.3
0.096,0.32,0.60583,1.7648,51948,33786,6260.6,6260.6
0.096,0.304,0.97794,2.4048,1.0072e+05,-16782,17202,17202
0.096,0.288,0.99109,0.17801,1.4134e+05,-1.1278e+05,29489,29489
0.096,0.272,1.7591,0.54547,97320,-1.3738e+05,37986,37986
0.096,0.256,2.0788,1.9486,10981,-21386,42130,42130
0.096,0.24,0.74527,2.9064,-1.2213e+05,1.7891e+05,49888,49888
0.096,0.224,-0.69422,2.5285,-2.4886e+05,4.4367e+05,53543,53543
0.096,0.208,-1.5592,5.7443,-3.7012e+05,7.2077e+05,51949,51949
0.096,0.192,-2.0882,6.9015,-4.408e+05,8.086e+05,42071,42071
0.096,0.176,-1.9515,5.7762,-4.7012e+05,6.8742e+05,34235,34235
0.096,0.16,-2.6076,5.5281,-5.2191e+05,5.654e+05,28541,28541
0.096,0.144,-5.7641,3.8082,-5.3364e+05,4.1171e+05,24174,24174
0.096,0.128,-5.6597,0.4983,-3.2842e+05,3.6053e+05,19065,19065
0.096,0.112,-3.2188,4.2222,10594,2.1284e+05,14200,14200
0.096,0.096,-1.9033,3.3663,2.0599e+05,47322,9143.5,9143.5
0.096,0.08,0.0074179,1.0961,1.2747e+05,69656,6147.4,6147.4
0.096,0.064,0.27333,1.2308,25796,6532.9,4170.4,4170.4
0.096,0.048,0.91854,0.7696,-19908,1.2794e+05,2258.1,2258.1
0.096,0.032,2.2787,0.34546,5240.4,3311.1,969.55,969.55
0.096,0.016,0.81572,-3.4729,0,0,275.85,275.85
0.112,0.496,1.1693,-0.47914,3558.8,-76684,806.74,806.74
0.112,0.48,1.741,2.698,-25916,-67417,3650.7,3650.7
0.112,0.464,1.2479,8.209,97418,-5.7838e+05,12326,12326
0.112,0.448,2.8142,7.7523,4.1413e+05,-1.9288e+06,26539,26539
0.112,0.432,2.2446,1.5619,3.353e+05,-1.413e+06,42224,42224
0.112,0.416,2.214,8.9387,3.971e+05,-1.5217e+06,48223,48223
0.112,0.4,2.1828,5.9339,1.4345e+05,-5.1339e+05,48640,48640
0.112,0.384,0.54103,5.7146,1.78e+05,-7.6366e+05,39635,39635
0.112,0.368,0.64202,1.7908,-12198,-4.6228e+05,30275,30275
0.112,0.352,-0.60996,2.412,-90914,-2.4322e+05,17168,17168
0.112,0.336,-0.51934,1.5711,-1.1872e+05,-83392,9454.8,9454.8
0.112,0.32,-0.34262,1.7652,9796.7,49130,9695.1,9695.1
0.112,0.304,1.2776,3.9732,1.1925e+05,-55042,18971,18971
0.112,0.288,3.1742,1.2752,1.6584e+05,-2.228e+05,35920,35920
0.112,0.272,3.3851,0.51834,83361,-2.8421e+05,53675,53675
0.112,0.256,1.2553,2.3207,-44051,-14607,67711,67711
0.112,0.24,0.57319,5.1484,-2.4746e+05,4.3303e+05,82522,82522
0.112,0.224,-1.1164,7.7304,-4.6502e+05,1.0288e+06,84242,84242
0.112,0.208,-2.1616,10.123,-6.7926e+05,1.5535e+06,81254,81254
0.112,0.192,-4.0174,10.836,-7.8535e+05,1.8942e+06,68190,68190
0.112,0.176,-4.5278,9.3613,-8.8622e+05,1.8037e+06,60864,60864
0.112,0.16,-4.9596,9.6858,-1.0095e+06,1.6631e+06,54031,54031
0.112,0.144,-7.3134,8.7248,-1.0799e+06,1.3348e+06,48270,48270
0.112,0.128,-6.131,4.5067,-7.6008e+05,1.0605e+06,41269,41269
0.112,0.112,-3.0689,2.9807,-1.7209e+05,6.3539e+05,33278,33278
0.112,0.096,-0.96545,5.134,1.7546e+05,3.6074e+05,23202,23202
0.112,0.08,0.20945,2.3051,65083,2.5274e+05,14444,14444
0.112,0.064,-1.0755,3.3028,-2.1606e+05,1.794e+05,7368.8,7368.8
0.112,0.048,-1.3364,1.516,-2.3302e+05,1.4294e+05,2496.8,2496.8
0.112,0.032,-0.061227,-0.3721,-1.1021e+05,39992,381.39,381.39
0.112,0.016,-0.62012,-1.9027,0,0,-30.17,30.17
0.128,0.496,2.4687,7.5994,3558.8,-76684,520.7,520.7
0.128,0.48,0.81241,7.1611,6227.9,-1.342e+05,5080.8,5080.8
0.128,0.464,-0.092758,13.381,2.166e+05,-8.6809e+05,18755,18755
0.128,0.448,1.3866,9.3917,1.6491e+05,-1.0931e+06,37907,37907
0.128,0.432,-0.017352,6.6803,1.2485e+05,-6.5114e+05,57464,57464
0.128,0.416,0.37923,13.171,2.0538e+05,-1.1014e+06,70542,70542
0.128,0.4,3.3898,4.5864,2.1143e+05,-1.1713e+06,74788,74788
0.128,0.384,2.8376,3.7017,2.7963e+05,-1.5532e+06,73466,73466
0.128,0.368,2.7555,3.5052,1.6201e+05,-1.2018e+06,60453,60453
0.128,0.352,2.6864,3.0024,78668,-8.6714e+05,44926,44926
0.128,0.336,-0.85015,2.7523,-58015,-4.8863e+05,28665,28665
0.128,0.32,-1.7291,3.0102,21416,-2.6507e+05,21065,21065
0.128,0.304,0.1836,3.5131,1.5531e+05,-3.3582e+05,24333,24333
0.128,0.288,2.7559,2.975,2.7817e+05,-4.8357e+05,35726,35726
0.128,0.272,3.0774,3.6141,1.4913e+05,-4.5074e+05,57275,57275
0.128,0.256,2.9279,4.7414,70.556,-46717,85812,85812
0.128,0.24,1.8125,8.0256,-2.5207e+05,6.992e+05,1.2065e+05,1.2065e+05
0.128,0.224,-0.61206,10.672,-4.4548e+05,1.5968e+06,1.3989e+05,1.3989e+05
0.128,0.208,-2.8067,16.561,-6.7345e+05,2.434e+06,1.3922e+05,1.3922e+05
0.128,0.192,-4.4106,20.421,-8.374e+05,3.1192e+06,1.1854e+05,1.1854e+05
0.128,0.176,-6.1731,22.449,-1.1394e+06,3.2772e+06,1.012e+05,1.012e+05
0.128,0.16,-7.6378,18.379,-1.3957e+06,3.2098e+06,89194,89194
0.128,0.144,-8.8297,17.254,-1.5222e+06,2.8484e+06,82718,82718
0.128,0.128,-9.1225,16.325,-1.1699e+06,2.4329e+06,73787,73787
0.128,0.112,-5.9238,11.785,-5.4004e+05,1.747e+06,61437,61437
0.128,0.096,-4.2789,8.7837,-66276,1.0501e+06,44438,44438
0.128,0.08,-5.0668,7.3637,-63432,7.8365e+05,27568,27568
0.128,0.064,-6.6415,6.9348,-3.7172e+05,6.5462e+05,13374,13374
0.128,0.048,-5.5246,3.289,-3.9067e+05,5.1133e+05,4186.2,4186.2
0.128,0.032,-1.0978,0.48493,-2.2911e+05,1.8224e+05,284.11,284.11
0.128,0.016,1.3788,0.19366,0,0,-460.02,460.02
0.144,0.496,-1.2456,25.858,0,0,169.44,169.44
0.144,0.48,-1.7846,27.677,0,0,4376.6,4376.6
0.144,0.464,-1.91,28.897,2.628e+05,-2.0057e+06,18523,18523
0.144,0.448,-0.69904,23.64,43619,-1.6481e+06,41144,41144
0.144,0.432,-1.8759,19.906,29144,-9.3444e+05,70362,70362
0.144,0.416,-0.63694,18.815,2.36e+05,-1.552e+06,87028,87028
0.144,0.4,-0.24452,15.044,3.5957e+05,-1.8152e+06,1.0423e+05,1.0423e+05
0.144,0.384,-0.074222,13.601,4.6649e+05,-2.3703e+06,95644,95644
0.144,0.368,1.3315,11.761,3.8465e+05,-2.2681e+06,86216,86216
0.144,0.352,1.0017,9.8433,2.086e+05,-1.9012e+06,53712,53712
0.144,0.336,0.22152,8.968,-8684.9,-1.5067e+06,37713,37713
0.144,0.32,0.79247,7.6922,-47963,-1.0962e+06,20882,20882
0.144,0.304,1.7657,6.4053,62595,-1.0842e+06,20909,20909
0.144,0.288,1.9852,6.7551,1.6276e+05,-9.7779e+05,26297,26297
0.144,0.272,3.3146,5.4856,86453,-7.0363e+05,45728,45728
0.144,0.256,2.1409,6.9013,-20.1,-1.9106e+05,80460,80460
0.144,0.24,1.7042,10.621,-1.6946e+05,5.9969e+05,1.2926e+05,1.2926e+05
0.144,0.224,-0.10616,15.099,-3.1637e+05,1.5746e+06,1.6203e+05,1.6203e+05
0.144,0.208,-1.2028,21.43,-5.3346e+05,2.5995e+06,1.7342e+05,1.7342e+05
0.144,0.192,-3.2923,24.921,-7.9618e+05,3.6166e+06,1.6297e+05,1.6297e+05
0.144,0.176,-4.6306,28.538,-1.2261e+06,4.1051e+06,1.4868e+05,1.4868e+05
0.144,0.16,-6.9065,25.421,-1.562e+06,4.2452e+06,1.3469e+05,1.3469e+05
0.144,0.144,-7.9139,24.591,-1.7274e+06,3.9389e+06,1.1942e+05,1.1942e+05
0.144,0.128,-7.8778,25.903,-1.5124e+06,3.5243e+06,1.1107e+05,1.1107e+05
0.144,0.112,-7.4635,24.922,-1.0678e+06,2.8011e+06,98369,98369
0.144,0.096,-7.1258,20.33,-6.0518e+05,1.9844e+06,79926,79926
0.144,0.08,-5.9511,16.109,-3.6652e+05,1.2848e+06,51875,51875
0.144,0.064,-7.8536,14.242,-3.4549e+05,7.38e+05,26885,26885
0.144,0.048,-6.6524,11.346,-2.5649e+05,3.325e+05,9995,9995
0.144,0.032,-1.3223,6.1929,-1.212e+05,72298,1588.3,1588.3
0.144,0.016,1.4413,0.85926,0,0,-419.1,419.1
0.16,0.496,-0.97409,38.192,0,0,0,0
0.16,0.48,-1.1338,38.81,0,0,2984,2984
0.16,0.464,-0.64219,39.283,NaN,NaN,15870,15870
0.16,0.448,-1.1969,38.832,NaN,NaN,50921,50921
0.16,0.432,-1.1335,36.349,NaN,NaN,84211,84211
0.16,0.416,-1.6123,32.826,3.1751e+05,-2.7608e+06,1.066e+05,1.066e+05
0.16,0.4,-1.41,30.325,2.4299e+05,-2.4314e+06,1.2556e+05,1.2556e+05
0.16,0.384,0.7661,28.9,4.0174e+05,-2.6036e+06,1.3212e+05,1.3212e+05
0.16,0.368,1.8088,25.196,4.1041e+05,-2.7508e+06,1.105e+05,1.105e+05
0.16,0.352,1.7661,19.648,3.5756e+05,-2.7166e+06,84459,84459
0.16,0.336,-1.0048,16.166,2.8092e+05,-2.7709e+06,47854,47854
0.16,0.32,-0.094352,13.174,2.7845e+05,-2.5854e+06,33471,33471
0.16,0.304,1.7094,10.224,2.6835e+05,-2.3127e+06,20866,20866
0.16,0.288,2.6907,8.1755,2.312e+05,-1.8146e+06,21843,21843
0.16,0.272,2.812,6.6642,45409,-1.1931e+06,36860,36860
0.16,0.256,1.6143,9.5722,-99027,-5.7663e+05,67811,67811
0.16,0.24,1.8661,13.111,-2.8008e+05,3.062e+05,1.1866e+05,1.1866e+05
0.16,0.224,0.52256,15.724,-3.4712e+05,1.1848e+06,1.6546e+05,1.6546e+05
0.16,0.208,0.33855,18.838,-4.6503e+05,2.1237e+06,1.901e+05,1.901e+05
0.16,0.192,-1.4375,21.025,-7.1702e+05,3.0834e+06,1.963e+05,1.963e+05
0.16,0.176,-5.4259,24.914,-1.1546e+06,3.8671e+06,1.8333e+05,1.8333e+05
0.16,0.16,-5.3749,26.167,-1.5125e+06,4.4169e+06,1.6816e+05,1.6816e+05
0.16,0.144,-4.8129,26.143,-1.6743e+06,4.5219e+06,1.4538e+05,1.4538e+05
0.16,0.128,-4.7375,25.792,-1.5651e+06,4.4177e+06,1.4211e+05,1.4211e+05
0.16,0.112,-4.7195,27.232,-1.3686e+06,4.0257e+06,1.3768e+05,1.3768e+05
0.16,0.096,-5.3673,27.934,-1.0992e+06,3.4647e+06,1.2646e+05,1.2646e+05
0.16,0.08,-6.6496,26.694,-8.1872e+05,2.6379e+06,92059,92059
0.16,0.064,-4.9351,24.484,-4.9206e+05,1.6091e+06,54586,54586
0.16,0.048,-3.7412,20.922,-2.1703e+05,6.9741e+05,24992,24992
0.16,0.032,-3.0827,19.19,-44197,1.4264e+05,6840.2,6840.2
0.16,0.016,-1.5893,13.888,0,0,383.61,383.61
0.176,0.496,0.15025,39.124,0,0,0,0
0.176,0.48,-0.27946,39.219,0,0,0,0
0.176,0.464,-1.0282,40.158,NaN,NaN,0,0
0.176,0.448,-0.78906,40.934,NaN,NaN,NaN,NaN
0.176,0.432,-0.33664,40.692,NaN,NaN,1.0672e+05,1.0672e+05
0.176,0.416,0.27493,39.803,NaN,NaN,1.1629e+05,1.1629e+05
0.176,0.4,0.76185,39.748,NaN,NaN,1.3982e+05,1.3982e+05
0.176,0.384,0.72701,37.047,5.6967e+05,-3.1109e+06,1.2309e+05,1.2309e+05
0.176,0.368,-0.022156,33.147,3.743e+05,-3.2322e+06,1.2825e+05,1.2825e+05
0.176,0.352,1.6214,25.471,3.7535e+05,-3.3093e+06,98512,98512
0.176,0.336,2.6138,21.381,4.1465e+05,-3.6114e+06,88754,88754
0.176,0.32,4.4851,16.296,4.9515e+05,-3.7132e+06,48800,48800
0.176,0.304,4.4263,13.622,4.5683e+05,-3.4701e+06,35294,35294
0.176,0.288,3.0091,12.409,3.2807e+05,-2.8131e+06,19134,19134
0.176,0.272,4.6697,14.189,84685,-1.9575e+06,34024,34024
0.176,0.256,1.7317,15.571,-1.2195e+05,-1.2011e+06,57305,57305
0.176,0.24,1.3061,15.462,-3.6996e+05,-3.2694e+05,95087,95087
0.176,0.224,-0.30172,14.843,-5.3521e+05,3.9402e+05,1.2762e+05,1.2762e+05
0.176,0.208,-0.80704,16.397,-7.2579e+05,1.228e+06,1.592e+05,1.592e+05
0.176,0.192,-1.3896,19.022,-9.742e+05,2.1667e+06,1.8929e+05,1.8929e+05
0.176,0.176,-4.4773,21.523,-1.334e+06,3.2212e+06,1.9825e+05,1.9825e+05
0.176,0.16,-7.0024,26.452,-1.6151e+06,4.2562e+06,1.8836e+05,1.8836e+05
0.176,0.144,-7.0198,31.562,-1.7115e+06,4.8356e+06,1.5846e+05,1.5846e+05
0.176,0.128,-6.6548,31.232,-1.5715e+06,5.0386e+06,1.617e+05,1.617e+05
0.176,0.112,-4.4572,31.757,-1.4197e+06,4.9961e+06,1.7093e+05,1.7093e+05
0.176,0.096,-4.598,34.182,-1.3979e+06,4.9976e+06,1.7258e+05,1.7258e+05
0.176,0.08,-7.3506,35.102,-1.3588e+06,4.5023e+06,1.3913e+05,1.3913e+05
0.176,0.064,-7.3164,32.692,-1.0804e+06,3.5511e+06,87625,87625
0.176,0.048,-4.9201,29.332,-5.6665e+05,1.8833e+06,45110,45110
0.176,0.032,-5.2518,30.639,-1.6091e+05,7.3721e+05,12978,12978
0.176,0.016,-3.0154,23.787,0,0,2957.6,2957.6
0.192,0.496,2.1036,39.953,0,0,0,0
0.192,0.48,1.157,39.098,0,0,0,0
0.192,0.464,0.047703,39.185,NaN,NaN,0,0
0.192,0.448,-0.88024,40.712,NaN,NaN,NaN,NaN
0.192,0.432,-0.6353,40.646,NaN,NaN,NaN,NaN
0.192,0.416,-0.53842,41.188,NaN,NaN,NaN,NaN
0.192,0.4,-1.433,41.899,NaN,NaN,1.4027e+05,1.4027e+05
0.192,0.384,-1.7235,38.604,NaN,NaN,1.3538e+05,1.3538e+05
0.192,0.368,-0.60348,34.97,2e+05,-2.854e+06,1.2646e+05,1.2646e+05
0.192,0.352,1.1868,27.792,4.7056e+05,-3.4802e+06,1.4165e+05,1.4165e+05
0.192,0.336,2.7594,24.553,5.8817e+05,-3.84e+06,1.3259e+05,1.3259e+05
0.192,0.32,4.4185,22.963,7.3794e+05,-4.1314e+06,1.2787e+05,1.2787e+05
0.192,0.304,4.9992,21.872,6.9545e+05,-3.9184e+06,79046,79046
0.192,0.288,2.6956,23.646,5.839e+05,-3.4853e+06,51109,51109
0.192,0.272,2.1691,22.257,3.2053e+05,-2.8048e+06,39075,39075
0.192,0.256,1.4984,20.684,24997,-2.1488e+06,58729,58729
0.192,0.24,2.4127,19.858,-3.1509e+05,-1.2747e+06,90604,90604
0.192,0.224,0.38192,18.072,-5.4565e+05,-5.0768e+05,1.1466e+05,1.1466e+05
0.192,0.208,-1.1818,18.804,-7.2592e+05,3.2e+05,1.3738e+05,1.3738e+05
0.192,0.192,-2.391,22.863,-9.3808e+05,1.1951e+06,1.6522e+05,1.6522e+05
0.192,0.176,-5.3028,24.976,-1.3001e+06,2.2889e+06,1.8077e+05,1.8077e+05
0.192,0.16,-8.9577,29.007,-1.632e+06,3.5343e+06,1.7964e+05,1.7964e+05
0.192,0.144,-10.082,38.096,-1.8531e+06,4.6006e+06,1.5601e+05,1.5601e+05
0.192,0.128,-8.4379,42.206,-1.802e+06,5.2391e+06,1.6551e+05,1.6551e+05
0.192,0.112,-6.9531,43.876,-1.6664e+06,5.5337e+06,1.8691e+05,1.8691e+05
0.192,0.096,-6.2216,45.254,-1.7025e+06,5.951e+06,2.0187e+05,2.0187e+05
0.192,0.08,-8.5626,45.009,-1.8019e+06,6.1633e+06,1.7446e+05,1.7446e+05
0.192,0.064,-9.6751,43.107,-1.8108e+06,5.9377e+06,1.1233e+05,1.1233e+05
0.192,0.048,-7.8774,42.795,-1.1512e+06,3.7518e+06,59079,59079
0.192,0.032,-4.5553,40.82,-5.0641e+05,1.712e+06,15937,15937
0.192,0.016,-5.2164,36.754,0,0,5386.9,5386.9
0.208,0.496,3.8752,42.961,0,0,0,0
0.208,0.48,2.8533,40.47,0,0,0,0
0.208,0.464,1.9997,41.486,NaN,NaN,0,0
0.208,0.448,0.9082,42.455,NaN,NaN,NaN,NaN
0.208,0.432,0.65682,43.554,NaN,NaN,NaN,NaN
0.208,0.416,-0.19996,44.036,NaN,NaN,NaN,NaN
0.208,0.4,-0.57221,43.406,NaN,NaN,NaN,NaN
0.208,0.384,0.62025,41.787,NaN,NaN,81576,81576
0.208,0.368,1.9045,37.801,-38010,-2.6907e+06,1.1528e+05,1.1528e+05
0.208,0.352,2.9853,33.034,3.9655e+05,-3.3879e+06,1.3504e+05,1.3504e+05
0.208,0.336,5.3619,30.34,4.9538e+05,-3.6638e+06,1.6357e+05,1.6357e+05
0.208,0.32,3.4475,29.044,5.8013e+05,-3.7625e+06,1.7142e+05,1.7142e+05
0.208,0.304,3.3921,28.579,6.3558e+05,-3.6472e+06,1.5983e+05,1.5983e+05
0.208,0.288,4.0863,28.353,6.3122e+05,-3.4019e+06,1.1504e+05,1.1504e+05
0.208,0.272,4.7163,24.472,5.1243e+05,-2.9894e+06,83257,83257
0.208,0.256,2.1912,26.248,1.8855e+05,-2.4281e+06,70213,70213
0.208,0.24,-1.101,29.967,-1.6287e+05,-1.7277e+06,98421,98421
0.208,0.224,-1.2191,32.334,-4.2401e+05,-1.0357e+06,1.197e+05,1.197e+05
0.208,0.208,-2.0354,32.909,-6.1967e+05,-2.7347e+05,1.3443e+05,1.3443e+05
0.208,0.192,-3.2391,34.777,-8.0749e+05,5.4e+05,1.434e+05,1.434e+05
0.208,0.176,-4.5141,38.575,-1.1075e+06,1.4768e+06,1.5025e+05,1.5025e+05
0.208,0.16,-7.1679,42.245,-1.4366e+06,2.5779e+06,1.4901e+05,1.4901e+05
0.208,0.144,-8.5595,46.238,-1.7543e+06,3.6811e+06,1.36e+05,1.36e+05
0.208,0.128,-9.4958,48.627,-1.8424e+06,4.5305e+06,1.5164e+05,1.5164e+05
0.208,0.112,-9.4366,50.586,-1.7331e+06,5.0903e+06,1.8022e+05,1.8022e+05
0.208,0.096,-7.2561,52.305,-1.7244e+06,5.7276e+06,2.0078e+05,2.0078e+05
0.208,0.08,-7.8296,52.186,-1.8452e+06,6.4006e+06,1.7978e+05,1.7978e+05
0.208,0.064,-9.0142,52.603,-2.0879e+06,6.9388e+06,1.1188e+05,1.1188e+05
0.208,0.048,-7.8362,51.301,-1.449e+06,4.7505e+06,57253,57253
0.208,0.032,-8.1042,52.283,-7.3174e+05,2.3768e+06,12511,12511
0.208,0.016,-7.888,50.691,0,0,6973,6973
0.224,0.496,3.3725,47.434,0,0,0,0
0.224,0.48,3.3568,45.852,0,0,0,0
0.224,0.464,1.6666,46.246,NaN,NaN,0,0
0.224,0.448,0.091279,46.654,NaN,NaN,NaN,NaN
0.224,0.432,-0.013276,46.411,NaN,NaN,NaN,NaN
0.224,0.416,0.50673,45.811,NaN,NaN,NaN,NaN
0.224,0.4,0.95335,44.997,NaN,NaN,NaN,NaN
0.224,0.384,1.4231,44.275,NaN,NaN,1.3462e+05,1.3462e+05
0.224,0.368,1.6412,41.47,NaN,NaN,82682,82682
0.224,0.352,2.0988,39.315,7.8382e+05,-3.7094e+06,1.3905e+05,1.3905e+05
0.224,0.336,2.1243,38.826,6.39e+05,-3.6529e+06,1.4028e+05,1.4028e+05
0.224,0.32,1.6284,36.541,4.8754e+05,-3.3521e+06,1.786e+05,1.786e+05
0.224,0.304,1.5845,35.928,4.1789e+05,-3.0249e+06,1.6607e+05,1.6607e+05
0.224,0.288,4.0631,33.706,4.2408e+05,-2.8445e+06,1.5371e+05,1.5371e+05
0.224,0.272,3.0373,35.667,3.0936e+05,-2.5899e+06,1.2316e+05,1.2316e+05
0.224,0.256,1.0714,36.52,90500,-2.2486e+06,98680,98680
0.224,0.24,-0.79628,37.876,-1.3743e+05,-1.7929e+06,1.1522e+05,1.1522e+05
0.224,0.224,-0.96045,40.562,-2.6342e+05,-1.2766e+06,1.336e+05,1.336e+05
0.224,0.208,-1.4734,43.296,-3.7573e+05,-7.4728e+05,1.4597e+05,1.4597e+05
0.224,0.192,-2.3082,44.698,-5.7962e+05,-1.7704e+05,1.4047e+05,1.4047e+05
0.224,0.176,-3.7498,46.661,-8.5501e+05,4.534e+05,1.257e+05,1.257e+05
0.224,0.16,-5.6679,48.023,-1.1894e+06,1.2775e+06,1.0939e+05,1.0939e+05
0.224,0.144,-7.3871,49.531,-1.5374e+06,2.266e+06,85960,85960
0.224,0.128,-9.101,50.593,-1.7567e+06,3.1884e+06,1.0804e+05,1.0804e+05
0.224,0.112,-8.6554,52.256,-1.7246e+06,3.8893e+06,1.4747e+05,1.4747e+05
0.224,0.096,-6.5415,53.413,-1.6624e+06,4.5648e+06,1.8111e+05,1.8111e+05
0.224,0.08,-5.9877,53.456,-1.6657e+06,5.2693e+06,1.6028e+05,1.6028e+05
0.224,0.064,-7.1743,54.788,-1.9057e+06,6.0274e+06,96998,96998
0.224,0.048,-7.7506,55.348,-1.3412e+06,4.2488e+06,47028,47028
0.224,0.032,-7.8743,56.863,-7.243e+05,2.2147e+06,10453,10453
0.224,0.016,-4.88,58.725,0,0,5714.4,5714.4
0.24,0.496,2.1867,51.83,0,0,0,0
0.24,0.48,1.038,49.799,0,0,0,0
0.24,0.464,-0.75086,49.454,NaN,NaN,0,0
0.24,0.448,-1.3364,48.696,NaN,NaN,NaN,NaN
0.24,0.432,-0.34727,46.499,NaN,NaN,NaN,NaN
0.24,0.416,0.33878,45.36,NaN,NaN,NaN,NaN
0.24,0.4,1.232,44.896,NaN,NaN,NaN,NaN
0.24,0.384,1.6117,45.07,NaN,NaN,NaN,NaN
0.24,0.368,1.9668,44.202,NaN,NaN,84566,84566
0.24,0.352,1.3035,44.949,NaN,NaN,96601,96601
0.24,0.336,0.055735,45.65,NaN,NaN,1.2266e+05,1.2266e+05
0.24,0.32,-0.43252,44.554,-13528,-2.4573e+06,1.1212e+05,1.1212e+05
0.24,0.304,-0.86985,42.636,1.9083e+05,-2.4486e+06,1.3514e+05,1.3514e+05
0.24,0.288,-0.46969,40.627,1.5175e+05,-2.1977e+06,1.2167e+05,1.2167e+05
0.24,0.272,-0.60597,40.932,43583,-1.9623e+06,1.2391e+05,1.2391e+05
0.24,0.256,-2.1586,41.517,-1.1743e+05,-1.75e+06,99222,99222
0.24,0.24,-1.4852,39.411,-2.3316e+05,-1.5975e+06,1.1378e+05,1.1378e+05
0.24,0.224,-0.65702,39.151,-2.9029e+05,-1.4513e+06,1.2924e+05,1.2924e+05
0.24,0.208,-0.92476,41.386,-3.4283e+05,-1.2364e+06,1.4161e+05,1.4161e+05
0.24,0.192,-1.5024,42.042,-4.6752e+05,-9.3172e+05,1.338e+05,1.338e+05
0.24,0.176,-2.8901,42.824,-6.0369e+05,-5.2447e+05,1.1384e+05,1.1384e+05
0.24,0.16,-4.4415,45.01,-8.208e+05,98603,80469,80469
0.24,0.144,-6.298,47.118,-1.0505e+06,8.4984e+05,41077,41077
0.24,0.128,-6.189,47.81,-1.2324e+06,1.6381e+06,49078,49078
0.24,0.112,-5.6924,49.66,-1.2321e+06,2.3385e+06,88498,88498
0.24,0.096,-4.62,52.286,-1.1924e+06,3.0153e+06,1.2746e+05,1.2746e+05
0.24,0.08,-4.9586,53.786,-1.2018e+06,3.6539e+06,1.1961e+05,1.1961e+05
0.24,0.064,-5.0371,54.772,-1.3731e+06,4.3065e+06,72743,72743
0.24,0.048,-5.7014,56.872,-9.8022e+05,3.0701e+06,35346,35346
0.24,0.032,-6.2804,58.985,-5.3169e+05,1.6421e+06,7828.4,7828.4
0.24,0.016,-5.142,60.229,0,0,3518.1,3518.1
0.256,0.496,0.76897,55.895,0,0,0,0
0.256,0.48,1.5583,51.77,0,0,0,0
0.256,0.464,0.9377,49.75,NaN,NaN,0,0
0.256,0.448,1.3326,48.766,NaN,NaN,NaN,NaN
0.256,0.432,2.2959,47.053,NaN,NaN,NaN,NaN
0.256,0.416,1.8999,46.549,NaN,NaN,NaN,NaN
0.256,0.4,1.698,46.814,NaN,NaN,NaN,NaN
0.256,0.384,2.5893,47.495,NaN,NaN,NaN,NaN
0.256,0.368,1.998,48.215,NaN,NaN,NaN,NaN
0.256,0.352,0.55738,47.944,NaN,NaN,NaN,NaN
0.256,0.336,-0.55625,47.878,NaN,NaN,51892,51892
0.256,0.32,-0.95561,46.222,NaN,NaN,39769,39769
0.256,0.304,-1.3965,44.922,-3.0585e+05,-1.9793e+06,50110,50110
0.256,0.288,-1.3359,42.754,-3.3045e+05,-1.837e+06,61748,61748
0.256,0.272,-0.93667,40.863,-3.7946e+05,-1.6466e+06,78924,78924
0.256,0.256,-0.39542,39.302,-3.9434e+05,-1.5759e+06,91149,91149
0.256,0.24,0.42184,37.235,-3.9993e+05,-1.5295e+06,1.1107e+05,1.1107e+05
0.256,0.224,-0.16569,36.256,-3.5343e+05,-1.6771e+06,1.2349e+05,1.2349e+05
0.256,0.208,-0.65946,35.264,-3.1218e+05,-1.7894e+06,1.3264e+05,1.3264e+05
0.256,0.192,-0.77118,35.211,-2.9527e+05,-1.7942e+06,1.2409e+05,1.2409e+05
0.256,0.176,-1.5215,35.541,-2.9921e+05,-1.571e+06,93935,93935
0.256,0.16,-1.7033,37.804,-3.3361e+05,-1.1206e+06,47480,47480
0.256,0.144,-2.1486,41.466,-3.6965e+05,-5.1588e+05,-8365.5,8365.5
0.256,0.128,-1.9239,44.552,-4.4294e+05,1.4082e+05,-9170.5,9170.5
0.256,0.112,-2.9869,47.62,-4.5828e+05,7.5671e+05,27100,27100
0.256,0.096,-2.9361,51.026,-4.8247e+05,1.3787e+06,67343,67343
0.256,0.08,-2.4707,53.272,-4.9412e+05,1.945e+06,73185,73185
0.256,0.064,-3.0049,55.593,-6.0949e+05,2.5735e+06,46712,46712
0.256,0.048,-3.2186,57.93,-4.477e+05,1.9017e+06,25035,25035
0.256,0.032,-3.9892,59.781,-2.5705e+05,1.0674e+06,6203.9,6203.9
0.256,0.016,-3.7523,59.961,0,0,1338.7,1338.7
0.272,0.496,0.88154,57.791,0,0,0,0
0.272,0.48,1.6262,52.982,0,0,0,0
0.272,0.464,1.9591,50.364,NaN,NaN,0,0
0.272,0.448,2.3364,49.55,NaN,NaN,NaN,NaN
0.272,0.432,2.7883,48.874,NaN,NaN,NaN,NaN
0.272,0.416,3.4279,49.245,NaN,NaN,NaN,NaN
0.272,0.4,2.468,50.645,NaN,NaN,NaN,NaN
0.272,0.384,1.9685,50.591,NaN,NaN,NaN,NaN
0.272,0.368,0.53452,50.442,NaN,NaN,NaN,NaN
0.272,0.352,-1.7164,49.676,NaN,NaN,NaN,NaN
0.272,0.336,-3.0856,49.552,NaN,NaN,NaN,NaN
0.272,0.32,-3.3975,49.285,NaN,NaN,-36790,36790
0.272,0.304,-2.9891,48.939,NaN,NaN,-43366,43366
0.272,0.288,-2.6694,46.855,-4.3221e+05,-1.8603e+06,-39461,39461
0.272,0.272,-2.3779,44.852,-4.322e+05,-1.6617e+06,-4283.5,4283.5
0.272,0.256,-1.026,43.76,-4.7598e+05,-1.5102e+06,40520,40520
0.272,0.24,-0.66767,41.393,-5.1867e+05,-1.3877e+06,96911,96911
0.272,0.224,-0.50975,40.334,-5.0798e+05,-1.5088e+06,1.1585e+05,1.1585e+05
0.272,0.208,0.35983,38.77,-4.4752e+05,-1.7446e+06,1.2537e+05,1.2537e+05
0.272,0.192,-0.32558,36.741,-2.9095e+05,-1.9941e+06,1.1463e+05,1.1463e+05
0.272,0.176,-0.70134,35.866,-1.1263e+05,-2.073e+06,85768,85768
0.272,0.16,-0.52463,37.503,1.4461e+05,-2.0723e+06,39201,39201
0.272,0.144,0.16061,38.662,3.2551e+05,-1.9675e+06,-14571,14571
0.272,0.128,-0.007271,41.15,3.7551e+05,-1.7212e+06,-27163,27163
0.272,0.112,-0.63889,44.031,3.3181e+05,-1.2133e+06,-8844.9,8844.9
0.272,0.096,-0.4876,46.859,2.5785e+05,-5.3281e+05,15316,15316
0.272,0.08,-0.85213,50.743,2.2289e+05,2.0413e+05,24699,24699
0.272,0.064,-1.0466,53.548,1.2211e+05,8.7185e+05,14214,14214
0.272,0.048,-1.5926,56.335,45475,8.0849e+05,9405.6,9405.6
0.272,0.032,-2.2034,58.016,-4891.4,5.0455e+05,216.45,216.45
0.272,0.016,-1.8682,58.452,0,0,-186.39,186.39
0.288,0.496,0.8185,58.811,0,0,0,0
0.288,0.48,1.1861,53.676,0,0,0,0
0.288,0.464,1.6746,51.849,NaN,NaN,0,0
0.288,0.448,2.2465,51.419,NaN,NaN,NaN,NaN
0.288,0.432,2.7312,50.294,NaN,NaN,NaN,NaN
0.288,0.416,3.0975,49.374,NaN,NaN,NaN,NaN
0.288,0.4,2.203,50.723,NaN,NaN,NaN,NaN
0.288,0.384,1.1802,50.588,NaN,NaN,NaN,NaN
0.288,0.368,0.15421,50.459,NaN,NaN,NaN,NaN
0.288,0.352,-2.7922,50.996,NaN,NaN,NaN,NaN
0.288,0.336,-4.114,51.56,NaN,NaN,NaN,NaN
0.288,0.32,-4.6767,52.064,NaN,NaN,NaN,NaN
0.288,0.304,-4.5129,52.824,NaN,NaN,-90300,90300
0.288,0.288,-4.0203,52.041,-5.122e+05,-2.0106e+06,-79122,79122
0.288,0.272,-3.021,50.456,-5.2351e+05,-1.6121e+06,-42433,42433
0.288,0.256,-1.4058,49.63,-5.8213e+05,-1.3106e+06,-2364.8,2364.8
0.288,0.24,-2.0612,48.251,-6.5638e+05,-1.0742e+06,59512,59512
0.288,0.224,-1.8488,46.737,-6.052e+05,-9.5e+05,1.048e+05,1.048e+05
0.288,0.208,-0.93367,45.979,-6.1752e+05,-9.5449e+05,1.37e+05,1.37e+05
0.288,0.192,-1.2489,44.33,-5.0654e+05,-1.0619e+06,1.2823e+05,1.2823e+05
0.288,0.176,-0.50043,42.509,-3.7314e+05,-1.3401e+06,89894,89894
0.288,0.16,-0.35237,40.862,-6813.5,-1.7392e+06,39908,39908
0.288,0.144,-0.11318,37.611,3.1649e+05,-2.1586e+06,-8530.1,8530.1
0.288,0.128,1.1981,36.22,5.4863e+05,-2.4632e+06,-19701,19701
0.288,0.112,0.98181,36.446,6.266e+05,-2.4015e+06,-11630,11630
0.288,0.096,0.36444,41.335,6.2226e+05,-2.023e+06,-6147.6,6147.6
0.288,0.08,-0.28877,44.466,6.0068e+05,-1.4302e+06,-6775.8,6775.8
0.288,0.064,-0.92674,49.043,4.9064e+05,-7.8423e+05,-11545,11545
0.288,0.048,-1.5849,51.164,2.9216e+05,-2.9214e+05,-7508.2,7508.2
0.288,0.032,-1.0332,53.589,1.1368e+05,-25275,-4819.9,4819.9
0.288,0.016,-0.16801,55.091,0,0,-1175.7,1175.7
0.304,0.496,-0.87484,53.313,0,0,0,0
0.304,0.48,-0.93327,50.691,0,0,0,0
0.304,0.464,-0.10846,48.988,NaN,NaN,0,0
0.304,0.448,1.042,47.804,NaN,NaN,NaN,NaN
0.304,0.432,2.1381,47.089,NaN,NaN,NaN,NaN
0.304,0.416,3.2443,46.094,NaN,NaN,NaN,NaN
0.304,0.4,3.5148,46.847,NaN,NaN,NaN,NaN
0.304,0.384,3.1654,47.315,NaN,NaN,NaN,NaN
0.304,0.368,3.3246,47.718,NaN,NaN,NaN,NaN
0.304,0.352,1.6105,49.678,NaN,NaN,NaN,NaN
0.304,0.336,0.50223,51.633,NaN,NaN,NaN,NaN
0.304,0.32,-0.46992,53.372,NaN,NaN,NaN,NaN
0.304,0.304,-2.1987,55.961,NaN,NaN,-1.7464e+05,1.7464e+05
0.304,0.288,-2.2513,56.059,NaN,NaN,-1.7204e+05,1.7204e+05
0.304,0.272,-2.3777,57.1,NaN,NaN,-97401,97401
0.304,0.256,-2.8775,57.704,-6.9197e+05,-6.5634e+05,-41381,41381
0.304,0.24,-3.2579,57.839,-7.673e+05,-5.9496e+05,55938,55938
0.304,0.224,-2.1837,57.744,-6.992e+05,-3.3055e+05,1.0985e+05,1.0985e+05
0.304,0.208,-2.3577,56.122,-8.1391e+05,-1.8302e+05,1.4282e+05,1.4282e+05
0.304,0.192,-3.5447,53.919,-7.7927e+05,76736,1.3977e+05,1.3977e+05
0.304,0.176,-2.9206,51.542,-7.6409e+05,18192,1.1063e+05,1.1063e+05
0.304,0.16,-3.424,48.96,-5.5296e+05,-2.3525e+05,66425,66425
0.304,0.144,-2.7076,45.138,-3.1415e+05,-8.8262e+05,18200,18200
0.304,0.128,-0.43584,41.829,-61727,-1.4609e+06,7098.1,7098.1
0.304,0.112,1.4956,40.265,1.3089e+05,-1.7314e+06,4741.6,4741.6
0.304,0.096,0.78217,41.039,2.8072e+05,-1.7564e+06,-3.5541,3.5541
0.304,0.08,1.6187,42.279,4.0538e+05,-1.6054e+06,-15926,15926
0.304,0.064,1.4241,43.877,4.2438e+05,-1.503e+06,-21702,21702
0.304,0.048,0.31351,46.532,2.8328e+05,-9.3272e+05,-15242,15242
0.304,0.032,1.2631,48.434,1.1954e+05,-4.4726e+05,-8155.2,8155.2
0.304,0.016,2.3175,51.248,0,0,-1883.9,1883.9
0.32,0.496,-1.023,50.857,0,0,0,0
0.32,0.48,-1.5335,47.362,0,0,0,0
0.32,0.464,-1.3068,45.969,NaN,NaN,0,0
0.32,0.448,-1.2749,44.907,NaN,NaN,NaN,NaN
0.32,0.432,-0.065228,44.465,NaN,NaN,NaN,NaN
0.32,0.416,2.2073,44.203,NaN,NaN,NaN,NaN
0.32,0.4,3.0701,44.232,NaN,NaN,NaN,NaN
0.32,0.384,3.1139,44.889,NaN,NaN,NaN,NaN
0.32,0.368,4.2015,45.43,NaN,NaN,NaN,NaN
0.32,0.352,4.6416,46.643,NaN,NaN,NaN,NaN
0.32,0.336,3.7059,49.091,NaN,NaN,NaN,NaN
0.32,0.32,2.1556,51.911,NaN,NaN,NaN,NaN
0.32,0.304,0.95502,55.282,NaN,NaN,NaN,NaN
0.32,0.288,0.075218,58.386,NaN,NaN,NaN,NaN
0.32,0.272,-1.2092,62.77,NaN,NaN,28220,28220
0.32,0.256,-1.7401,63.884,NaN,NaN,36591,36591
0.32,0.24,-3.0801,66.52,NaN,NaN,86090,86090
0.32,0.224,-2.3475,67.137,-5.5673e+05,5.3501e+05,1.2594e+05,1.2594e+05
0.32,0.208,-4.0312,64.74,-6.7123e+05,1.2633e+06,1.4878e+05,1.4878e+05
0.32,0.192,-4.3898,63.702,-7.6304e+05,1.5168e+06,1.4714e+05,1.4714e+05
0.32,0.176,-4.2194,61.394,-8.775e+05,1.5902e+06,1.1683e+05,1.1683e+05
0.32,0.16,-3.7936,58.223,-9.8463e+05,1.3303e+06,83610,83610
0.32,0.144,-3.6963,56.021,-9.8189e+05,8.0342e+05,45169,45169
0.32,0.128,-2.7199,53.568,-8.5562e+05,2.9102e+05,43333,43333
0.32,0.112,-0.84897,51.945,-6.2303e+05,-1.0545e+05,38629,38629
0.32,0.096,1.0487,50.7,-3.6875e+05,-4.9423e+05,28310,28310
0.32,0.08,1.5884,49.297,-1.0697e+05,-8.0359e+05,5747.4,5747.4
0.32,0.064,1.9594,48.693,97894,-1.1141e+06,-8291.9,8291.9
0.32,0.048,0.98762,48.561,1.2583e+05,-7.8854e+05,-9938.8,9938.8
0.32,0.032,1.6426,49.018,70943,-4.2852e+05,-6489.9,6489.9
0.32,0.016,2.3568,49.684,0,0,-1343.2,1343.2
0.336,0.496,0.47384,48.746,0,0,0,0
0.336,0.48,0.61319,44.956,0,0,0,0
0.336,0.464,-0.45343,44.943,NaN,NaN,0,0
0.336,0.448,-0.58432,44.866,NaN,NaN,NaN,NaN
0.336,0.432,0.25496,44.052,NaN,NaN,NaN,NaN
0.336,0.416,1.9403,43.939,NaN,NaN,NaN,NaN
0.336,0.4,3.3355,43.916,NaN,NaN,NaN,NaN
0.336,0.384,4.4534,43.709,NaN,NaN,NaN,NaN
0.336,0.368,4.7982,44.269,NaN,NaN,1.442e+05,1.442e+05
0.336,0.352,4.959,44.066,NaN,NaN,1.3461e+05,1.3461e+05
0.336,0.336,4.7523,45.375,NaN,NaN,1.2456e+05,1.2456e+05
0.336,0.32,3.0911,47.337,NaN,NaN,1.0781e+05,1.0781e+05
0.336,0.304,1.7693,49.183,NaN,NaN,98835,98835
0.336,0.288,1.6327,52.856,NaN,NaN,1.0276e+05,1.0276e+05
0.336,0.272,0.61697,57.421,NaN,NaN,1.1341e+05,1.1341e+05
0.336,0.256,0.036525,59.238,-1.4638e+05,1.0518e+06,1.3134e+05,1.3134e+05
0.336,0.24,-0.93509,61.707,-1.2565e+05,1.3134e+06,1.4389e+05,1.4389e+05
0.336,0.224,-0.58259,61.015,-2.0908e+05,1.385e+06,1.511e+05,1.511e+05
0.336,0.208,-2.3676,60.332,-3.5186e+05,1.8097e+06,1.4132e+05,1.4132e+05
0.336,0.192,-2.6643,59.629,-6.3433e+05,1.9805e+06,1.3525e+05,1.3525e+05
0.336,0.176,-3.3039,59.035,-8.5611e+05,1.9545e+06,1.1138e+05,1.1138e+05
0.336,0.16,-3.4342,57.258,-1.1478e+06,1.7322e+06,95038,95038
0.336,0.144,-4.2777,54.989,-1.3092e+06,1.4092e+06,66143,66143
0.336,0.128,-3.7081,54.197,-1.3311e+06,1.1245e+06,71699,71699
0.336,0.112,-2.81,54.152,-1.1625e+06,9.9896e+05,68824,68824
0.336,0.096,-1.8054,53.199,-9.232e+05,8.1379e+05,62935,62935
0.336,0.08,-0.76517,51.105,-5.9168e+05,7.1512e+05,38719,38719
0.336,0.064,0.45794,50.838,-2.8067e+05,4.5193e+05,17598,17598
0.336,0.048,1.1599,50.696,-80456,2.6905e+05,5996.3,5996.3
0.336,0.032,1.2569,49.751,-10161,65603,-447.73,447.73
0.336,0.016,1.0249,48.534,0,0,-593.64,593.64
0.352,0.496,1.5496,45.822,0,0,0,0
0.352,0.48,1.1589,42.069,0,0,0,0
0.352,0.464,0.99947,42.259,NaN,NaN,0,0
0.352,0.448,1.7975,41.805,NaN,NaN,NaN,NaN
0.352,0.432,2.3304,39.923,NaN,NaN,NaN,NaN
0.352,0.416,3.7512,39.37,NaN,NaN,NaN,NaN
0.352,0.4,4.8621,40.044,NaN,NaN,1.2063e+05,1.2063e+05
0.352,0.384,4.3987,41.182,NaN,NaN,1.1695e+05,1.1695e+05
0.352,0.368,3.937,41.787,NaN,NaN,94878,94878
0.352,0.352,3.7528,40.173,1.3713e+06,1.3643e+06,78959,78959
0.352,0.336,4.5146,39.179,1.2606e+06,1.087e+06,63105,63105
0.352,0.32,5.0143,38.781,1.0897e+06,1.0013e+06,51151,51151
0.352,0.304,3.9011,39.835,7.966e+05,9.6984e+05,37582,37582
0.352,0.288,3.3328,43.741,4.8269e+05,1.2046e+06,42197,42197
0.352,0.272,2.7037,45.596,1.8378e+05,1.2903e+06,68945,68945
0.352,0.256,0.91429,47.618,-2.2692e+05,1.0038e+06,99814,99814
0.352,0.24,0.3041,48.505,-4.924e+05,8.3e+05,1.0527e+05,1.0527e+05
0.352,0.224,0.91522,49.054,-6.6e+05,6.9868e+05,1.0822e+05,1.0822e+05
0.352,0.208,0.54074,48.849,-7.3794e+05,9.3032e+05,99104,99104
0.352,0.192,-0.43932,48.697,-7.9121e+05,1.1456e+06,1.0954e+05,1.0954e+05
0.352,0.176,-1.0776,48.312,-8.8563e+05,1.316e+06,1.0052e+05,1.0052e+05
0.352,0.16,-2.1746,46.923,-1.1139e+06,1.1396e+06,1.0015e+05,1.0015e+05
0.352,0.144,-2.8298,45.713,-1.2279e+06,8.1154e+05,88078,88078
0.352,0.128,-2.6639,45.384,-1.2325e+06,4.5794e+05,96846,96846
0.352,0.112,-3.2007,45.255,-1.1137e+06,4.1153e+05,97476,97476
0.352,0.096,-2.3695,47.734,-9.6439e+05,4.9639e+05,92602,92602
0.352,0.08,-1.0065,48.378,-7.3793e+05,8.1883e+05,70668,70668
0.352,0.064,0.80387,49.579,-4.3409e+05,1.2293e+06,46046,46046
0.352,0.048,1.8302,50.537,-1.9052e+05,9.9458e+05,24169,24169
0.352,0.032,1.2222,50.352,-47020,6.0255e+05,9695.1,9695.1
0.352,0.016,1.3652,48.72,0,0,2024.3,2024.3
0.368,0.496,2.0038,40.438,0,0,0,0
0.368,0.48,1.6284,35.765,0,0,0,0
0.368,0.464,1.3346,35.133,NaN,NaN,0,0
0.368,0.448,1.4127,35.244,NaN,NaN,13042,13042
0.368,0.432,2.8806,34.649,NaN,NaN,21912,21912
0.368,0.416,4.5212,33.561,NaN,NaN,33645,33645
0.368,0.4,5.4871,34.578,NaN,NaN,53216,53216
0.368,0.384,4.0698,36.593,5.2174e+05,6.3008e+05,56768,56768
0.368,0.368,3.7955,37.191,6.5892e+05,7.6737e+05,52161,52161
0.368,0.352,5.5777,33.969,7.8164e+05,8.7947e+05,46269,46269
0.368,0.336,6.5916,29.642,8.1023e+05,9.1325e+05,42210,42210
0.368,0.32,5.2685,27.9,6.9297e+05,9.2878e+05,34346,34346
0.368,0.304,3.9198,31.919,5.3743e+05,1.1867e+06,24901,24901
0.368,0.288,3.0677,36.265,4.1842e+05,1.731e+06,27833,27833
0.368,0.272,2.0188,39.536,2.8223e+05,2.0775e+06,33851,33851
0.368,0.256,1.2206,39.777,-84290,1.4954e+06,47384,47384
0.368,0.24,0.60768,37.322,-5.0647e+05,8.2004e+05,37093,37093
0.368,0.224,-0.44848,37.362,-8.3391e+05,-87118,35608,35608
0.368,0.208,-1.3517,37.4,-1.021e+06,-4.8879e+05,37247,37247
0.368,0.192,-1.8422,38.128,-1.0541e+06,-7.7258e+05,64941,64941
0.368,0.176,-0.56901,40.068,-1.0489e+06,-6.4401e+05,78880,78880
0.368,0.16,-0.98461,38.852,-1.0808e+06,-6.418e+05,90797,90797
0.368,0.144,-2.1119,36.29,-1.0242e+06,-5.9636e+05,91663,91663
0.368,0.128,-0.79899,33.827,-8.9882e+05,-4.2952e+05,1.0256e+05,1.0256e+05
0.368,0.112,-0.72178,34.303,-7.4373e+05,17992,1.0619e+05,1.0619e+05
0.368,0.096,-1.4901,37.859,-5.4604e+05,6.4745e+05,1.0564e+05,1.0564e+05
0.368,0.08,-0.21402,39.824,-2.7091e+05,1.437e+06,90406,90406
0.368,0.064,-0.08016,42.265,-4215.3,2.2626e+06,67769,67769
0.368,0.048,1.8165,45.825,77800,1.7563e+06,38103,38103
0.368,0.032,2.1232,48.002,46306,1.0441e+06,16448,16448
0.368,0.016,3.32,47.843,0,0,3375.4,3375.4
0.384,0.496,1.3554,32.043,0,0,0,0
0.384,0.48,0.93104,29.492,0,0,0,0
0.384,0.464,-0.16783,27.703,NaN,NaN,23009,23009
0.384,0.448,0.37124,27.813,NaN,NaN,29525,29525
0.384,0.432,2.1369,28.06,1.5355e+05,-1.9295e+06,19721,19721
0.384,0.416,1.7512,25.308,1.0523e+05,-1.5771e+06,11897,11897
0.384,0.4,3.4856,23.839,95185,-1.2063e+06,30062,30062
0.384,0.384,3.1581,24.311,1.706e+05,-2.681e+05,37854,37854
0.384,0.368,3.6495,23.934,1.5287e+05,-5902,25871,25871
0.384,0.352,3.6963,24.751,2.3712e+05,2.3212e+05,11502,11502
0.384,0.336,2.3657,19.846,3.4603e+05,4.3642e+05,-556.67,556.67
0.384,0.32,2.3017,20.438,4.6371e+05,9.305e+05,952.13,952.13
0.384,0.304,1.9524,21.83,4.9912e+05,1.6384e+06,-3349.9,3349.9
0.384,0.288,2.6562,25.56,4.6168e+05,2.4551e+06,1901,1901
0.384,0.272,3.1031,29.596,4.0198e+05,2.7302e+06,14065,14065
0.384,0.256,3.0067,26.353,67280,1.7671e+06,15943,15943
0.384,0.24,0.80088,22.755,-4.3192e+05,3.537e+05,-6159.6,6159.6
0.384,0.224,-1.8596,23.755,-9.1728e+05,-1.2419e+06,-25904,25904
0.384,0.208,-5.8359,20.358,-9.9249e+05,-1.8749e+06,-18961,18961
0.384,0.192,-3.1678,20.97,-8.1271e+05,-2.1865e+06,26906,26906
0.384,0.176,-2.8132,21.978,-6.4778e+05,-2.0075e+06,57932,57932
0.384,0.16,-2.9402,21.567,-5.2344e+05,-1.518e+06,85183,85183
0.384,0.144,-2.06,22.02,-4.309e+05,-1.0593e+06,1.0252e+05,1.0252e+05
0.384,0.128,-1.0874,23.58,-2.4297e+05,-1.5574e+05,1.246e+05,1.246e+05
0.384,0.112,-0.53231,25.087,-1.4624e+05,3.3959e+05,1.3636e+05,1.3636e+05
0.384,0.096,0.40829,27.94,29322,9.0586e+05,1.3756e+05,1.3756e+05
0.384,0.08,1.6316,27.715,3.7249e+05,9.8307e+05,1.2197e+05,1.2197e+05
0.384,0.064,1.6525,27.036,7.2016e+05,2.0737e+06,90763,90763
0.384,0.048,1.3906,32.884,6.2459e+05,1.681e+06,48472,48472
0.384,0.032,4.148,34.433,3.0208e+05,1.3193e+06,17603,17603
0.384,0.016,4.905,29.799,0,0,4585.7,4585.7
0.4,0.496,1.499,22.323,0,0,0,0
0.4,0.48,-0.070139,21.755,0,0,0,0
0.4,0.464,-1.3358,18.856,NaN,NaN,14663,14663
0.4,0.448,-0.80409,17.77,2.1412e+05,88948,8258.8,8258.8
0.4,0.432,-0.39543,14.306,-53074,-9.1504e+05,3784.4,3784.4
0.4,0.416,-0.33638,10.552,-87510,-8.5005e+05,2864.9,2864.9
0.4,0.4,0.89153,9.0115,-97867,-8.4179e+05,9845.8,9845.8
0.4,0.384,1.2402,6.8663,-14845,-1.9503e+05,11123,11123
0.4,0.368,0.91351,8.8792,4144.3,-67011,4253.2,4253.2
0.4,0.352,-1.603,10.545,-11406,33593,227.02,227.02
0.4,0.336,-1.648,11.438,1.0795e+05,3.3628e+05,-2739.9,2739.9
0.4,0.32,1.3447,10.834,3.3174e+05,1.2011e+06,-2424.7,2424.7
0.4,0.304,4.1934,16.237,4.8062e+05,2.352e+06,1217.8,1217.8
0.4,0.288,4.5711,23.214,5.4404e+05,3.2397e+06,10578,10578
0.4,0.272,5.4785,26.479,3.693e+05,3.1655e+06,9191.9,9191.9
0.4,0.256,3.9442,20.457,50509,1.564e+06,-4419.1,4419.1
0.4,0.24,1.9378,12.086,-4.0683e+05,-1.8591e+05,-28898,28898
0.4,0.224,0.034242,8.0236,-6.9261e+05,-1.7325e+06,-44719,44719
0.4,0.208,-2.2361,6.4371,-6.3211e+05,-2.0447e+06,-39908,39908
0.4,0.192,-3.2739,5.8795,-4.0841e+05,-2.2481e+06,-4741.6,4741.6
0.4,0.176,-3.7719,6.8742,-2.5299e+05,-2.1938e+06,31785,31785
0.4,0.16,-3.3703,5.4742,-1.4765e+05,-1.7461e+06,69273,69273
0.4,0.144,-1.7934,9.9901,-1.1023e+05,-1.1275e+06,1.0049e+05,1.0049e+05
0.4,0.128,-2.811,15.12,59818,2.0793e+05,1.42e+05,1.42e+05
0.4,0.112,1.2047,20.425,3.1221e+05,1.2031e+06,1.704e+05,1.704e+05
0.4,0.096,-0.69507,13.161,5.4059e+05,1.9645e+06,1.7859e+05,1.7859e+05
0.4,0.08,2.1269,11.049,1.519e+06,2.8739e+06,1.5137e+05,1.5137e+05
0.4,0.064,5.2533,9.3732,1.8045e+06,4.1372e+06,1.0485e+05,1.0485e+05
0.4,0.048,10.517,25.936,1.5773e+06,3.4255e+06,53633,53633
0.4,0.032,3.2605,44.32,5.2588e+05,1.9574e+06,18941,18941
0.4,0.016,1.4201,47.97,0,0,5329.4,5329.4
0.416,0.496,2.1986,12.89,0,0,0,0
0.416,0.48,1.1479,13.424,0,0,-775.21,775.21
0.416,0.464,1.8149,13.125,NaN,NaN,8691.3,8691.3
0.416,0.448,3.8639,13.111,3.6696e+05,4.3112e+05,255.42,255.42
0.416,0.432,3.0379,9.4652,2.1026e+05,-3.785e+05,-5110,5110
0.416,0.416,2.0789,6.7765,1.665e+05,-4.7735e+05,-11230,11230
0.416,0.4,1.8573,4.2662,42186,-5.8887e+05,-713.05,713.05
0.416,0.384,1.1713,1.5111,-97722,-2.198e+05,8148.6,8148.6
0.416,0.368,-0.79338,5.635,-2.3483e+05,-1.9098e+05,9510.9,9510.9
0.416,0.352,-1.4423,4.2174,-2.2334e+05,-70241,5132.6,5132.6
0.416,0.336,0.82568,6.4169,85115,3.416e+05,-5475,5475
0.416,0.32,3.7448,11.704,5.1502e+05,1.4132e+06,-10310,10310
0.416,0.304,6.708,17.93,7.0673e+05,2.4509e+06,-8903.4,8903.4
0.416,0.288,4.9484,22.048,5.2039e+05,2.8834e+06,-1034.9,1034.9
0.416,0.272,2.3674,20.618,72999,2.2356e+06,-2442.2,2442.2
0.416,0.256,-0.57305,13.948,-2.9797e+05,5.2142e+05,-12329,12329
0.416,0.24,-0.97982,8.4539,-4.5563e+05,-9.0698e+05,-31812,31812
0.416,0.224,-1.8044,3.9904,-4.2936e+05,-1.5038e+06,-45239,45239
0.416,0.208,-2.714,2.1107,-2.0674e+05,-1.252e+06,-53913,53913
0.416,0.192,-2.6175,3.1626,41499,-1.0652e+06,-32023,32023
0.416,0.176,-1.3555,4.0123,1.7306e+05,-1.0899e+06,255,255
0.416,0.16,-3.7381,3.5237,1.6636e+05,-7.4592e+05,44717,44717
0.416,0.144,-3.3487,5.3556,1.4788e+06,-1.6444e+06,1.0674e+05,1.0674e+05
0.416,0.128,-2.4502,8.5441,1.4214e+06,-8.2204e+05,1.8875e+05,1.8875e+05
0.416,0.112,0.33625,11.487,1.847e+06,8.4119e+05,2.3251e+05,2.3251e+05
0.416,0.096,5.9578,25.183,6.489e+05,2.7499e+06,2.228e+05,2.228e+05
0.416,0.08,5.8582,15.434,1.9448e+06,3.9675e+06,1.5522e+05,1.5522e+05
0.416,0.064,12.965,38.971,2.2549e+06,4.4052e+06,94015,94015
0.416,0.048,9.2362,43.896,1.7395e+06,3.2998e+06,42822,42822
0.416,0.032,7.8936,47.211,4.9499e+05,1.6711e+06,13191,13191
0.416,0.016,4.2512,50.23,0,0,3749.9,3749.9
0.432,0.496,1.2229,9.6017,0,0,-1440.3,1440.3
0.432,0.48,0.98182,8.7374,0,0,-3951.9,3951.9
0.432,0.464,2.4968,9.0526,-3.8501e+05,1.6586e+05,-7968.1,7968.1
0.432,0.448,4.9284,10.608,1.4879e+05,2.748e+05,-12692,12692
0.432,0.432,4.3435,9.1626,1.787e+05,36491,-13633,13633
0.432,0.416,4.711,5.0811,2.5279e+05,-1.7411e+05,-10417,10417
0.432,0.4,4.2925,1.0261,74654,-2.6986e+05,-1123.9,1123.9
0.432,0.384,0.87252,1.7572,-1.0289e+05,-1.1267e+05,6984.7,6984.7
0.432,0.368,-1.6106,4.2161,-2.2511e+05,43675,11223,11223
0.432,0.352,-0.9944,3.601,-81252,2.9232e+05,7555.4,7555.4
0.432,0.336,1.9635,7.2616,2.5605e+05,6.8869e+05,-3588.7,3588.7
0.432,0.32,4.5881,10.056,6.9852e+05,1.3912e+06,-16626,16626
0.432,0.304,6.4699,11.607,7.8562e+05,1.8486e+06,-23375,23375
0.432,0.288,3.6644,12.135,4.1323e+05,1.7011e+06,-21896,21896
0.432,0.272,-0.22509,10.355,-1.8481e+05,8.9672e+05,-24851,24851
0.432,0.256,-1.2276,8.0313,-5.2039e+05,-3.2266e+05,-20258,20258
0.432,0.24,-1.6235,7.6644,-4.9097e+05,-9.047e+05,-31076,31076
0.432,0.224,-2.8138,6.3263,-3.4626e+05,-8.8736e+05,-35570,35570
0.432,0.208,-3.4536,4.4939,-1.3295e+05,-4.3089e+05,-49621,49621
0.432,0.192,-2.3594,3.7542,49371,-2.2008e+05,-42096,42096
0.432,0.176,-0.86705,2.9036,1.7569e+05,-1.9299e+05,-16380,16380
0.432,0.16,0.43715,3.2519,3.3878e+06,-3.057e+06,35431,35431
0.432,0.144,1.4073,0.15399,4.6088e+06,-4.131e+06,1.1752e+05,1.1752e+05
0.432,0.128,2.3463,1.2795,4.4951e+06,-3.9962e+06,2.1456e+05,2.1456e+05
0.432,0.112,-8.853,13.931,-9.7089e+05,8.6716e+06,2.4193e+05,2.4193e+05
0.432,0.096,10.605,51.19,-2.813e+06,1.3047e+07,1.9553e+05,1.9553e+05
0.432,0.08,24.267,50.152,-2.6251e+06,2.0326e+07,74956,74956
0.432,0.064,29.045,50.003,2.8917e+06,7.4471e+06,10531,10531
0.432,0.048,23.098,61.85,1.5983e+06,3.85e+06,-13890,13890
0.432,0.032,23.908,69.632,2.672e+05,1.2147e+06,528.73,528.73
0.432,0.016,-83.051,87.123,0,0,1993.2,1993.2
0.448,0.496,1.7523,7.0773,0,0,-11741,11741
0.448,0.48,1.3538,5.7662,-22521,80167,-22727,22727
0.448,0.464,-0.11855,6.5429,-3.6554e+05,1.2744e+05,-24275,24275
0.448,0.448,0.78557,6.154,-62508,1.7729e+05,-20588,20588
0.448,0.432,2.009,4.7637,27512,1.2787e+05,-13738,13738
0.448,0.416,2.6348,3.1399,1.5083e+05,24470,-9890.7,9890.7
0.448,0.4,1.9047,1.4068,52259,-1.2034e+05,-3608.7,3608.7
0.448,0.384,0.039219,2.3794,-74770,-1.3771e+05,3006.6,3006.6
0.448,0.368,0.05544,2.3373,-1.1867e+05,-34082,6424.6,6424.6
0.448,0.352,-0.87125,4.1719,-89381,2.603e+05,5216.3,5216.3
0.448,0.336,-0.33082,7.7388,1.5231e+05,4.8996e+05,-2286.5,2286.5
0.448,0.32,3.6025,4.7075,5.3858e+05,8.0608e+05,-15751,15751
0.448,0.304,6.0937,4.7017,6.7278e+05,8.4396e+05,-31163,31163
0.448,0.288,3.592,4.1671,2.8769e+05,5.4707e+05,-41775,41775
0.448,0.272,-0.48858,3.6812,-1.5169e+05,42719,-41983,41983
0.448,0.256,-0.0033313,3.2435,-3.8774e+05,-4.1589e+05,-27587,27587
0.448,0.24,-2.3214,5.15,-2.1645e+05,-5.2793e+05,-28435,28435
0.448,0.224,-2.8287,6.5502,50744,-2.7424e+05,-27426,27426
0.448,0.208,-2.3911,6.1606,6.3437e+05,81683,-30919,30919
0.448,0.192,-2.4593,5.8469,8.0652e+05,2.1326e+05,-13116,13116
0.448,0.176,-1.7409,2.8917,99172,-1.2116e+06,20323,20323
0.448,0.16,-0.13477,2.6692,2.2132e+06,-5.3852e+06,85229,85229
0.448,0.144,1.8721,-1.087,3.6283e+06,-6.6459e+06,1.8484e+05,1.8484e+05
0.448,0.128,-1.2683,4.3612,4.0471e+06,-5.4763e+06,2.815e+05,2.815e+05
0.448,0.112,3.7435,-1.2954,-1.3121e+06,8.9654e+06,2.6581e+05,2.6581e+05
0.448,0.096,7.3008,8.0383,-3.6956e+06,1.3721e+07,1.7007e+05,1.7007e+05
0.448,0.08,33.501,58.509,-7.1758e+06,2.7863e+07,9851.8,9851.8
0.448,0.064,40.99,62.625,-1.1057e+07,-1.3655e+07,-48543,48543
0.448,0.048,31.224,70.402,-2.7642e+06,-3.4137e+06,-55618,55618
0.448,0.032,26.538,67.976,-1.5796e+06,-1.9507e+06,-15437,15437
0.448,0.016,3.347,32.696,0,0,-4997.7,4997.7
0.464,0.496,-7.4615,2.7226,1.7533e+06,5.1679e+05,-18358,18358
0.464,0.48,6.2367,4.8962,2.4366e+06,7.8764e+05,-33510,33510
0.464,0.464,2.2913,4.3515,2.7941e+06,9.9997e+05,-33823,33823
0.464,0.448,0.78432,3.8191,4.7303e+05,-1.6483e+05,-26001,26001
0.464,0.432,0.59146,2.6669,1.9609e+05,-27725,-14085,14085
0.464,0.416,-2.2425,6.9999,1.305e+05,54208,-8707.8,8707.8
0.464,0.4,-2.6805,8.257,-3.2475e+05,57580,-3454.2,3454.2
0.464,0.384,0.15178,3.3412,-1.9319e+05,-1.1966e+05,350.84,350.84
0.464,0.368,-0.57796,1.8091,-56584,-1.7144e+05,2640,2640
0.464,0.352,0.43602,1.0072,-99545,26779,3079.7,3079.7
0.464,0.336,0.13668,1.6041,-57722,1.1993e+05,-248.47,248.47
0.464,0.32,1.0037,0.85851,1.3567e+05,1.9167e+05,-10248,10248
0.464,0.304,2.8122,1.1296,2.3479e+05,2.1401e+05,-26380,26380
0.464,0.288,2.1454,1.0897,86047,1.146e+05,-39420,39420
0.464,0.272,-0.15089,0.15637,-4.5055e+05,-9.2523e+05,-41823,41823
0.464,0.256,0.27948,0.24224,-1.0035e+06,-2.1071e+06,-27792,27792
0.464,0.24,0.245,3.248,-1.8409e+06,-3.9141e+06,-29965,29965
0.464,0.224,-0.087557,1.8671,-1.6264e+06,-3.2621e+06,-31344,31344
0.464,0.208,1.216,1.7287,-1.4946e+06,-3.195e+06,-38580,38580
0.464,0.192,1.7368,2.07,-1.3279e+06,-2.9211e+06,-5865,5865
0.464,0.176,7.0469,-10.662,-1.9411e+06,-4.4966e+06,40654,40654
0.464,0.16,-27.365,2.1246,5.6896e+05,-8.4683e+06,1.1241e+05,1.1241e+05
0.464,0.144,-42.515,28.207,7.1755e+05,-7.2584e+06,1.761e+05,1.761e+05
0.464,0.128,-224.77,210.52,1.2662e+06,-4.7964e+06,2.1487e+05,2.1487e+05
0.464,0.112,1.0816,-0.86335,-3.3803e+06,9.0287e+06,1.6652e+05,1.6652e+05
0.464,0.096,2.6903,-0.43371,-3.0897e+06,1.0967e+07,73920,73920
0.464,0.08,88.67,43.228,-5.6102e+06,1.8745e+07,-51352,51352
0.464,0.064,263.41,563.28,-9.5922e+05,-3.2505e+06,-85278,85278
0.464,0.048,4.5652,4.5041,-6.971e+05,-2.2642e+06,-74043,74043
0.464,0.032,1.6274,3.6746,-4.3569e+05,-1.4151e+06,-21902,21902
0.464,0.016,2.5445,-16.033,0,0,-8671.4,8671.4
0.48,0.496,-118.64,-36.334,1.5341e+06,4.5219e+05,-19252,19252
0.48,0.48,-3.1014,1.0129,1.7404e+06,5.626e+05,-35712,35712
0.48,0.464,11.797,5.2988,1.9269e+06,6.39e+05,-35953,35953
0.48,0.448,5.9993,3.5587,4.2528e+05,-1.7514e+05,-27689,27689
0.48,0.432,2.809,3.2546,1.5195e+05,-55030,-14056,14056
0.48,0.416,-1.9468,8.4369,2330.6,1.5447e+05,-8110.5,8110.5
0.48,0.4,-4.2928,9.0055,-3.8894e+05,1.4066e+05,-5321.3,5321.3
0.48,0.384,-3.2322,4.1488,-2.0587e+05,-37628,-4149.3,4149.3
0.48,0.368,-1.178,0.42545,-4798,-2.3229e+05,-4266.1,4266.1
0.48,0.352,1.1161,0.028701,-78655,-1.2544e+05,-3390.6,3390.6
0.48,0.336,-0.25583,-0.72583,-86114,-1.0772e+05,-4138.1,4138.1
0.48,0.32,-1.8617,-0.90966,-49560,-97653,-9254.3,9254.3
0.48,0.304,-1.559,-0.24041,15072,-30933,-19793,19793
0.48,0.288,-1.1123,-0.27538,10473,-4243.7,-31314,31314
0.48,0.272,-1.1921,1.2484,-4.0657e+05,-9.3147e+05,-38157,38157
0.48,0.256,-20.998,-16.942,-8.976e+05,-1.9839e+06,-32677,32677
0.48,0.24,-22.73,-6.3464,-1.7959e+06,-3.8331e+06,-35018,35018
0.48,0.224,-49.827,-29.465,-1.5564e+06,-3.1854e+06,-26650,26650
0.48,0.208,-19.979,-1.5475,-1.4704e+06,-3.1568e+06,-21799,21799
0.48,0.192,-37.345,-15.817,-1.3452e+06,-2.8464e+06,13427,13427
0.48,0.176,-32.235,5.1535,-2.0179e+06,-4.4247e+06,43655,43655
0.48,0.16,-93.792,52.249,-3.7248e+06,-4.7013e+06,88087,88087
0.48,0.144,-24.317,12.342,-3.467e+06,-3.6425e+06,1.1989e+05,1.1989e+05
0.48,0.128,-10.323,-7.1903,-2.4032e+06,-1.5913e+06,1.3866e+05,1.3866e+05
0.48,0.112,-0.52288,4.2337,-3.9974e+05,-2.6008e+05,98452,98452
0.48,0.096,1.7994,1.022,1.9125e+05,3.9722e+05,39791,39791
0.48,0.08,1.8548,5.7695,1.8767e+05,1.7733e+05,-26866,26866
0.48,0.064,254.28,267.33,-4.7961e+05,-1.6252e+06,-41627,41627
0.48,0.048,1.0512,41.653,-4.9793e+05,-1.6173e+06,-36964,36964
0.48,0.032,9.3265,11.865,-3.8728e+05,-1.2579e+06,-14750,14750
0.48,0.016,-7.3119,2.3005,0,0,-9778.6,9778.6
0.496,0.496,-213.68,-88.727,1.3637e+06,4.0195e+05,-8952.5,8952.5
0.496,0.48,-171.78,-62.397,1.5341e+06,4.5219e+05,-16479,16479
0.496,0.464,-31.993,-4.186,1.7533e+06,5.1679e+05,-16611,16611
0.496,0.448,-25.301,11.032,5.3329e+05,-1.8278e+05,-13003,13003
0.496,0.432,-13,15.616,3.199e+05,-49025,-6180.8,6180.8
0.496,0.416,-153.02,163.52,1.7629e+05,77679,-3369.2,3369.2
0.496,0.4,15.942,-8.9744,-2.6958e+05,1.5025e+05,-2490.3,2490.3
0.496,0.384,16.891,7.2195,-1.4662e+05,19951,-3509.6,3509.6
0.496,0.368,6.1946,-1.8553,-29998,-98247,-3985.3,3985.3
0.496,0.352,-0.53013,-0.15482,-27066,-98067,-3838.7,3838.7
0.496,0.336,-2.1575,-0.79047,-62870,-98893,-3891.9,3891.9
0.496,0.32,-4.416,21.312,-1.2086e+05,-1.1693e+05,-4939.9,4939.9
0.496,0.304,-1.6004,2.7933,-1.1913e+05,-63203,-8635.3,8635.3
0.496,0.288,-3.338,1.9075,-1.0725e+05,-36355,-13927,13927
0.496,0.272,-11.855,11.555,-4.6827e+05,-9.4288e+05,-19305,19305
0.496,0.256,-26.864,-20.165,-9.2889e+05,-2.0168e+06,-20650,20650
0.496,0.24,-104.1,165.46,-1.8499e+06,-3.8395e+06,-25143,25143
0.496,0.224,-200.07,-411.91,-1.8078e+06,-3.3121e+06,-23236,23236
0.496,0.208,-131.21,188.06,-2.1806e+06,-3.4189e+06,-25158,25158
0.496,0.192,-112.71,-64.793,-1.8865e+06,-2.824e+06,-4694.8,4694.8
0.496,0.176,-165.28,128.58,-1.7079e+06,-2.7336e+06,6694.6,6694.6
0.496,0.16,-97.82,119.28,-1.6851e+06,-2.0154e+06,22878,22878
0.496,0.144,90.984,-282.44,-1.4596e+06,-1.0889e+06,21980,21980
0.496,0.128,-4.9803,7.9926,-1.2516e+06,-7.0083e+05,18697,18697
0.496,0.112,-0.72604,-0.44003,-3.7309e+05,-1.3814e+05,3243.5,3243.5
0.496,0.096,-0.59541,-0.06306,1.5224e+05,4.4613e+05,-12582,12582
0.496,0.08,-2.4354,8.9213,1.1979e+05,2.0144e+05,-22638,22638
0.496,0.064,-92.036,300.28,1.0224e+06,4.879e+05,-20405,20405
0.496,0.048,-12.294,24.996,9.4642e+05,2.9173e+05,-14545,14545
0.496,0.032,-216.71,-348.83,8.4127e+05,2.5932e+05,-6846.3,6846.3
0.496,0.016,-10.433,34.32,0,0,-5398.3,5398.3
