0.016,0.496,-2.4936,1.8165,8521.7,-5638.7,-28.742,28.742
0.016,0.48,-0.6483,0.83442,2666.2,-489.75,55.339,55.339
0.016,0.464,2.3984,1.607,1377.2,-3988.4,-127.83,127.83
0.016,0.448,0.13425,0.88624,-2618.7,-717.9,-667.91,667.91
0.016,0.432,0.58817,0.98047,19695,-4388.8,-957.9,957.9
0.016,0.416,1.467,-0.26085,-31204,1254.4,-1778.2,1778.2
0.016,0.4,2.3785,0.67336,-60197,-2017.2,-5711.4,5711.4
0.016,0.384,3.1952,0.5223,-84636,-19257,-16506,16506
0.016,0.368,5.7996,-1.0116,-25935,-34739,-21202,21202
0.016,0.352,3.4243,0.38015,-7511.6,-26840,-10795,10795
0.016,0.336,6.01,1.8392,125.59,-10961,5677.6,5677.6
0.016,0.32,3.9036,0.49812,-4692,2566.8,13929,13929
0.016,0.304,0.26428,0.76283,-2757.4,2668.3,7116.6,7116.6
0.016,0.288,0.63043,-0.5617,-7003.9,5008.8,-455.46,455.46
0.016,0.272,1.5508,-1.8975,-10488,4887.9,-7145.1,7145.1
0.016,0.256,0.61866,0.92986,-9738.8,1615.7,-6058.3,6058.3
0.016,0.24,3.4671,1.3692,-30302,-3511.3,-5241.3,5241.3
0.016,0.224,8.1431,1.0131,-41212,-3862.5,1646.3,1646.3
0.016,0.208,6.8049,-0.24991,-35038,-4191.4,3866.9,3866.9
0.016,0.192,1.2829,-0.13724,-6163.7,-3957.9,13830,13830
0.016,0.176,-0.96417,-0.6398,6047.5,-3758.3,16286,16286
0.016,0.16,-1.1551,-0.32884,5319.9,-639.53,14215,14215
0.016,0.144,-0.99212,0.72912,254,2026.8,5132.3,5132.3
0.016,0.128,2.5756,-1.9892,-2384.7,2393.4,-259.94,259.94
0.016,0.112,6.0573,0.52006,-16437,-10016,-1013.6,1013.6
0.016,0.096,1.5137,2.1385,-24830,-8179.4,-808.43,808.43
0.016,0.08,4.9779,-0.87939,-19982,-9507.1,-860.95,860.95
0.016,0.064,11.813,-0.26481,-6124.1,82.714,-628.29,628.29
0.016,0.048,3.7733,-0.122,3613.3,-1984,-421.39,421.39
0.016,0.032,1.8747,0.26438,1892.8,-940.76,-159.72,159.72
0.016,0.016,2.5131,-9.2271,0,0,-13.952,13.952
0.032,0.496,-1.8642,2.8472,15166,-23972,-8.8163,8.8163
0.032,0.48,-1.0879,1.4608,3651.5,-11100,140.2,140.2
0.032,0.464,-0.95669,1.2942,105.05,-31781,289.55,289.55
0.032,0.448,-0.21282,0.99112,-14388,-10292,415.19,415.19
0.032,0.432,0.47571,0.89905,20721,-27051,340.98,340.98
0.032,0.416,1.4202,1.3114,58233,-65068,355.81,355.81
0.032,0.4,2.3958,1.1662,1.0765e+05,-1.425e+05,397.58,397.58
0.032,0.384,1.7423,-0.23193,1.2121e+05,-1.6098e+05,404.05,404.05
0.032,0.368,2.029,0.36771,84428,-1.2799e+05,134.4,134.4
0.032,0.352,1.5749,0.078075,21155,-29629,-192.07,192.07
0.032,0.336,-0.24218,0.40849,-19365,-7432.4,-439.89,439.89
0.032,0.32,-0.021462,-0.14321,-19696,16493,-490.87,490.87
0.032,0.304,-0.029618,-0.16329,-12775,583.21,-469.47,469.47
0.032,0.288,-0.49949,-0.1318,-15292,5457.4,130.96,130.96
0.032,0.272,-0.32577,-0.38041,-24493,12236,15.849,15.849
0.032,0.256,-0.22249,0.083653,-36207,-2646.4,-256.14,256.14
0.032,0.24,-0.39218,0.54677,-64084,-11998,-1133.6,1133.6
0.032,0.224,-0.43617,-0.10909,-69387,-19313,-1184.4,1184.4
0.032,0.208,-0.21942,-0.40257,-48132,-6130.6,-861.48,861.48
0.032,0.192,0.51984,-0.086358,-13601,4144.3,-572.29,572.29
0.032,0.176,0.44139,-0.32217,-8059.8,6994.9,-431.37,431.37
0.032,0.16,0.0073225,0.18,-22956,-1210.6,-646.52,646.52
0.032,0.144,-0.50495,0.47409,-51781,-5020.9,-924.28,924.28
0.032,0.128,-0.059037,-0.2302,-80956,-7195.1,-1025.1,1025.1
0.032,0.112,-0.077992,0.017236,-91616,-42965,-916.08,916.08
0.032,0.096,-0.7037,-0.19328,-1.0368e+05,-34753,-751.92,751.92
0.032,0.08,-0.25847,-0.097503,-75177,-24922,-402.97,402.97
0.032,0.064,0.1121,0.040153,-49955,17240,-142.47,142.47
0.032,0.048,0.2216,-0.2653,-9840.2,7210.9,152.66,152.66
0.032,0.032,-0.49083,0.057177,2943.7,-978.13,79.201,79.201
0.032,0.016,-0.52083,-5.0844,0,0,34.063,34.063
0.048,0.496,-0.51498,3.4815,4394.7,-34339,-41.166,41.166
0.048,0.48,0.68219,1.8963,-16580,-4834.4,161.6,161.6
0.048,0.464,1.0502,2.6061,-34260,-39826,377.16,377.16
0.048,0.448,1.6412,1.8209,-43695,-49011,1115.2,1115.2
0.048,0.432,0.04424,1.4665,-12880,-1.0426e+05,1104.3,1104.3
0.048,0.416,0.68747,1.3932,19226,-1.1922e+05,1441.6,1441.6
0.048,0.4,6.1012,1.0237,61504,-1.8584e+05,1198.8,1198.8
0.048,0.384,4.7817,-0.021794,96835,-1.9401e+05,1132.5,1132.5
0.048,0.368,3.192,1.9617,82327,-1.5609e+05,272.98,272.98
0.048,0.352,1.8778,1.9457,14533,-42533,-618.84,618.84
0.048,0.336,1.1425,2.3743,-33902,-8390.2,-1321.4,1321.4
0.048,0.32,-0.63541,-0.29893,-36501,2899.3,-2258.4,2258.4
0.048,0.304,-0.84772,-0.27359,-13047,447.19,-4483.6,4483.6
0.048,0.288,-0.6903,0.11376,-15670,4599.8,-5206.8,5206.8
0.048,0.272,-0.48124,-0.045626,-24259,11389,-2904,2904
0.048,0.256,-1.3491,0.39598,-31951,-2679.7,-888.13,888.13
0.048,0.24,-1.5476,-0.40966,-60316,-13185,-188.54,188.54
0.048,0.224,-1.1247,-0.33386,-66803,-25287,-1689.6,1689.6
0.048,0.208,-0.74199,-0.40472,-48064,-11704,-1176.1,1176.1
0.048,0.192,-0.28082,0.20673,-11951,2653.3,-842.75,842.75
0.048,0.176,-0.41034,1.0851,-4936.1,10464,-779.84,779.84
0.048,0.16,-1.2249,0.088355,-17689,-720.98,-1289.5,1289.5
0.048,0.144,-1.6855,-0.25519,-44628,-8716.2,-1854.5,1854.5
0.048,0.128,-1.9815,-0.070831,-69869,-11450,-2134.7,2134.7
0.048,0.112,-2.3674,-0.14503,-78266,-37211,-1790.3,1790.3
0.048,0.096,-1.7974,-1.4299,-87673,-25082,-1104.5,1104.5
0.048,0.08,-2.2499,0.36872,-60596,-14485,-191.19,191.19
0.048,0.064,-1.4713,0.88734,-37909,18176,315.14,315.14
0.048,0.048,-0.30896,-0.10191,-3423.4,5807.6,515.54,515.54
0.048,0.032,-1.2587,1.0591,5482.7,-3821,219.97,219.97
0.048,0.016,-0.88599,-5.4555,0,0,95.378,95.378
0.064,0.496,1.0905,3.5681,-14819,-45256,-174.61,174.61
0.064,0.48,1.8572,1.9211,-32262,-24043,188.64,188.64
0.064,0.464,2.9519,2.749,-64680,-91378,1090.9,1090.9
0.064,0.448,2.9872,2.4415,-83676,-91856,2796.8,2796.8
0.064,0.432,2.9871,1.8209,-97386,-1.5329e+05,4725.5,4725.5
0.064,0.416,2.2968,2.664,-11631,-1.4917e+05,3202,3202
0.064,0.4,1.5859,3.675,68964,-2.0143e+05,1363.8,1363.8
0.064,0.384,1.063,2.278,1.2336e+05,-2.0824e+05,-1440.4,1440.4
0.064,0.368,1.3009,2.03,68044,-1.7071e+05,-1643.7,1643.7
0.064,0.352,1.2103,2.8987,52602,-1.1286e+05,-2433.6,2433.6
0.064,0.336,0.74465,1.6935,-20622,-63703,-3591.8,3591.8
0.064,0.32,-0.30002,-0.15205,-59808,-66801,-6113.6,6113.6
0.064,0.304,-0.36528,-0.099016,-1.344e+05,-1.5135e+05,-11033,11033
0.064,0.288,-0.21156,-0.51726,-6.614e+05,-7.195e+05,-13219,13219
0.064,0.272,0.09197,-0.14485,-6.3777e+05,-6.9054e+05,-10320,10320
0.064,0.256,-0.15786,0.23529,-6.383e+05,-5.8584e+05,-3240.7,3240.7
0.064,0.24,-0.48307,-0.18575,-86801,-48837,251.17,251.17
0.064,0.224,0.08023,0.15567,-96974,-47330,427.81,427.81
0.064,0.208,0.18558,-0.11768,-49995,-35238,-440.47,440.47
0.064,0.192,-0.40884,0.065227,-29789,13515,-543.06,543.06
0.064,0.176,-0.28102,0.57942,-15545,18951,-836.73,836.73
0.064,0.16,-0.12234,-0.19777,-35479,18730,-1896,1896
0.064,0.144,-0.24281,-0.6538,-54683,7930.4,-2641.8,2641.8
0.064,0.128,-0.080543,-0.21818,-78338,-22094,-2991.1,2991.1
0.064,0.112,-0.41008,0.24742,-22662,-91398,-2408.9,2408.9
0.064,0.096,-0.8151,-0.13606,18969,-97003,-1049.2,1049.2
0.064,0.08,-0.57274,0.2273,71228,-25080,315.64,315.64
0.064,0.064,-0.24977,0.55201,14857,61717,1035.1,1035.1
0.064,0.048,-0.40811,0.44178,-2297.9,58385,1013.8,1013.8
0.064,0.032,-0.42972,0.89109,-17432,9372.2,521.68,521.68
0.064,0.016,-0.35895,-0.022183,0,0,166.59,166.59
0.08,0.496,2.1862,1.841,-23046,-1.4108e+05,-284.44,284.44
0.08,0.48,3.3739,1.5871,-25962,-1.9582e+05,767.12,767.12
0.08,0.464,3.8377,2.744,-31978,-3.2118e+05,2897.2,2897.2
0.08,0.448,3.4581,3.1836,-42145,-2.664e+05,7066.7,7066.7
0.08,0.432,3.3459,4.5494,-1.252e+05,-2.9063e+05,8072.8,8072.8
0.08,0.416,3.0809,4.3663,-2.036e+05,-1.8968e+05,7207.7,7207.7
0.08,0.4,2.1646,3.7659,-2.4602e+05,-1.3208e+05,1405.2,1405.2
0.08,0.384,1.5701,4.112,-1.9032e+05,-1.4142e+05,-2162.8,2162.8
0.08,0.368,0.61707,2.7924,-1.3018e+05,-1.6735e+05,-5042.8,5042.8
0.08,0.352,0.96195,2.0387,-44956,-2.2424e+05,-5570.3,5570.3
0.08,0.336,3.5207,2.5777,-44914,-1.4047e+05,-7181,7181
0.08,0.32,1.0487,2.8823,8592.6,-99721,-9950.7,9950.7
0.08,0.304,0.3374,-1.5101,53193,-1.2257e+05,-15895,15895
0.08,0.288,2.6333,-0.026851,-5.538e+05,-7.7209e+05,-18721,18721
0.08,0.272,2.2063,1.0267,-4.8881e+05,-8.6701e+05,-14193,14193
0.08,0.256,-0.080667,0.84791,-5.0404e+05,-7.5606e+05,-2752.2,2752.2
0.08,0.24,4.617,3.0224,76750,-1.7875e+05,4776.2,4776.2
0.08,0.224,2.5657,1.2235,-81398,-89681,5020.7,5020.7
0.08,0.208,0.94952,2.3646,-1.7598e+05,-49532,3033.6,3033.6
0.08,0.192,-0.42915,-0.062299,-1.6587e+05,75426,-136.47,136.47
0.08,0.176,-0.94801,1.4182,-1.1454e+05,1.4819e+05,-1733.8,1733.8
0.08,0.16,-1.008,1.763,-59735,1.4583e+05,-4188.6,4188.6
0.08,0.144,-1.0495,1.2144,2788,93172,-4132.7,4132.7
0.08,0.128,-0.7177,0.89302,72452,-74976,-4569,4569
0.08,0.112,1.7772,-0.24617,1.249e+05,-1.7758e+05,-4142.9,4142.9
0.08,0.096,3.5395,-2.3044,1.6429e+05,-1.9921e+05,-2305.2,2305.2
0.08,0.08,3.5548,-0.18354,1.6439e+05,-44117,131.67,131.67
0.08,0.064,3.0739,2.2515,71330,68200,1664.8,1664.8
0.08,0.048,1.3699,2.8821,10207,92497,1564.3,1564.3
0.08,0.032,-0.085319,0.31421,-39732,37686,809.86,809.86
0.08,0.016,-0.56672,1.8625,0,0,168.97,168.97
0.096,0.496,3.7801,1.8331,-13809,-1.4705e+05,-200.7,200.7
0.096,0.48,4.0047,2.1584,39613,-5.5439e+05,2309.1,2309.1
0.096,0.464,4.2489,4.69,1.3492e+05,-1.0808e+06,7081.8,7081.8
0.096,0.448,4.6162,4.6514,2.0181e+05,-1.2335e+06,10942,10942
0.096,0.432,4.1688,5.1317,1.5954e+05,-1.2752e+06,10412,10412
0.096,0.416,3.0652,4.2806,83456,-1.1112e+06,6453.1,6453.1
0.096,0.4,2.3736,3.8138,-6739.5,-7.7995e+05,3754.8,3754.8
0.096,0.384,2.8056,4.7585,-43818,-4.4759e+05,-453.44,453.44
0.096,0.368,3.424,4.6193,10347,-2.6579e+05,-2988.3,2988.3
0.096,0.352,1.4295,4.4361,23381,-3.1325e+05,-6471.5,6471.5
0.096,0.336,0.7185,3.5269,-29634,-2.7846e+05,-7089.8,7089.8
0.096,0.32,1.4643,4.3255,6881.4,-1.4384e+05,-8022.2,8022.2
0.096,0.304,3.334,6.2582,2.6763e+05,-1.1521e+05,-11577,11577
0.096,0.288,3.8922,5.9275,-43349,-7.3618e+05,-12700,12700
0.096,0.272,61.916,61.262,1.057e+05,-9.0083e+05,-10327,10327
0.096,0.256,7.5615,3.795,-1.1101e+05,-8.3683e+05,766.59,766.59
0.096,0.24,7.1578,4.1514,2.5344e+05,-1.9119e+05,8901.5,8901.5
0.096,0.224,2.657,1.5582,-1.246e+05,37984,11489,11489
0.096,0.208,2.0257,4.0777,-3.8004e+05,1.7285e+05,8756,8756
0.096,0.192,-0.66596,4.7219,-5.3783e+05,3.902e+05,-549.8,549.8
0.096,0.176,-1.4969,5.2655,-5.5889e+05,5.0356e+05,-6064,6064
0.096,0.16,-1.807,5.3284,-3.5353e+05,4.8251e+05,-12601,12601
0.096,0.144,-1.3277,5.1465,-28536,3.3009e+05,-11274,11274
0.096,0.128,-0.42157,4.2662,2.4088e+05,-20961,-10564,10564
0.096,0.112,2.4672,2.3258,2.7832e+05,-2.7519e+05,-9523.8,9523.8
0.096,0.096,1.5069,-0.62365,1.9627e+05,-3.8151e+05,-5846.5,5846.5
0.096,0.08,1.8395,-0.24517,1.4004e+05,-1.773e+05,-2469.6,2469.6
0.096,0.064,2.0899,1.7785,59191,36410,2007.2,2007.2
0.096,0.048,0.75219,3.2547,12970,1.0094e+05,2516.5,2516.5
0.096,0.032,1.2002,0.96623,-32909,39065,1741.2,1741.2
0.096,0.016,-0.71587,2.436,0,0,268.13,268.13
0.112,0.496,4.8101,5.8616,-2035.4,-1.4677e+05,53.031,53.031
0.112,0.48,4.5179,5.74,72341,-7.0964e+05,4569.8,4569.8
0.112,0.464,4.6771,5.3428,2.6814e+05,-1.6293e+06,10061,10061
0.112,0.448,5.1443,6.3144,2.9424e+05,-1.7449e+06,13902,13902
0.112,0.432,5.2034,6.8665,2.4815e+05,-1.7867e+06,9594.5,9594.5
0.112,0.416,5.0279,5.4759,76658,-1.4973e+06,6033.1,6033.1
0.112,0.4,5.1148,5.6818,-40155,-1.1269e+06,3861.4,3861.4
0.112,0.384,3.426,7.2343,-58245,-7.5848e+05,6345.3,6345.3
0.112,0.368,2.1734,8.2112,88049,-5.6431e+05,5243.2,5243.2
0.112,0.352,4.2872,7.5366,-37009,-4.8689e+05,2246.9,2246.9
0.112,0.336,0.67601,6.1449,-2.7265e+05,-2.5564e+05,-2877.4,2877.4
0.112,0.32,-0.12582,4.8779,-3.58e+05,-33122,-3722.1,3722.1
0.112,0.304,2.6926,8.0837,1.7397e+05,1.0591e+05,-3206.6,3206.6
0.112,0.288,3.945,7.645,8.5412e+05,76471,1159.7,1159.7
0.112,0.272,4.7384,7.0867,1.1753e+06,-3.1032e+05,7925.1,7925.1
0.112,0.256,5.5385,6.1016,9.1805e+05,-4.8408e+05,17438,17438
0.112,0.24,4.4409,1.419,3.7933e+05,-3.5821e+05,22557,22557
0.112,0.224,4.2591,4.5817,-1.5407e+05,1.3035e+05,19660,19660
0.112,0.208,0.83591,6.6159,-8.8618e+05,3.5201e+05,15588,15588
0.112,0.192,-1.2151,7.7372,-1.2443e+06,7.3614e+05,-618.48,618.48
0.112,0.176,-5.1295,8.6471,-1.3626e+06,9.335e+05,-11682,11682
0.112,0.16,-7.1342,6.7724,-7.6425e+05,9.5265e+05,-23709,23709
0.112,0.144,-2.2807,8.3528,-1.5405e+05,5.4265e+05,-24256,24256
0.112,0.128,-0.86832,8.349,3.9871e+05,-1.3575e+05,-21761,21761
0.112,0.112,0.85731,6.6446,4.9944e+05,-6.2378e+05,-19032,19032
0.112,0.096,1.4858,3.0292,3.4083e+05,-8.152e+05,-10904,10904
0.112,0.08,1.0824,0.97033,1.2886e+05,-5.5984e+05,-5217.8,5217.8
0.112,0.064,1.0381,2.3037,-2874.7,-1.804e+05,1849.7,1849.7
0.112,0.048,1.2464,2.0975,-32655,-6981.6,4592.9,4592.9
0.112,0.032,0.89026,2.4948,-25079,-1566.2,3756.3,3756.3
0.112,0.016,-0.79663,1.5067,0,0,1038.5,1038.5
0.128,0.496,4.2685,10.785,0,0,123.52,123.52
0.128,0.48,2.811,12.512,92118,-6.5408e+05,4399.7,4399.7
0.128,0.464,2.6195,12.106,5.2892e+05,-2.914e+06,6291.1,6291.1
0.128,0.448,3.2499,13.135,4.4795e+05,-2.6393e+06,6538,6538
0.128,0.432,2.4573,13.601,4.4526e+05,-2.5707e+06,2225.9,2225.9
0.128,0.416,1.8045,10.926,2.208e+05,-2.2125e+06,1490.7,1490.7
0.128,0.4,0.29893,9.8139,1.1397e+05,-1.9813e+06,6837.3,6837.3
0.128,0.384,0.60343,9.7667,88525,-1.6865e+06,14691,14691
0.128,0.368,3.0369,9.2758,2.2203e+05,-1.2319e+06,23765,23765
0.128,0.352,2.0486,8.5949,-83485,-7.9971e+05,16680,16680
0.128,0.336,-1.8273,6.6941,-5.6129e+05,-3.1362e+05,3572.7,3572.7
0.128,0.32,-5.6989,7.0143,-8.6379e+05,-28744,-5705.9,5705.9
0.128,0.304,-4.8891,6.2788,-3.0433e+05,1.787e+05,-1147.2,1147.2
0.128,0.288,-0.87167,5.4997,5.4088e+05,1.4056e+05,10482,10482
0.128,0.272,5.1263,9.4363,9.722e+05,-2.5993e+05,20640,20640
0.128,0.256,3.4199,1.7697,7.7819e+05,-5.9039e+05,28815,28815
0.128,0.24,3.7991,1.3773,3.6912e+05,-4.2202e+05,31081,31081
0.128,0.224,1.5545,5.8134,-73894,2.2557e+05,25729,25729
0.128,0.208,-0.36934,10.325,-6.6478e+05,7.6441e+05,19202,19202
0.128,0.192,-3.4552,13.134,-1.1813e+06,1.3756e+06,-3310.1,3310.1
0.128,0.176,-4.913,13.496,-1.4634e+06,1.8642e+06,-22300,22300
0.128,0.16,-4.3387,14.268,-1.1507e+06,2.0942e+06,-43036,43036
0.128,0.144,-2.5456,11.904,-6.0897e+05,1.6817e+06,-52032,52032
0.128,0.128,-2.2794,10.228,50800,5.5591e+05,-50769,50769
0.128,0.112,0.43515,10.826,4.5188e+05,-7.307e+05,-45562,45562
0.128,0.096,2.9022,7.2198,4.6122e+05,-1.4551e+06,-30163,30163
0.128,0.08,2.4621,5.3001,2.6378e+05,-1.2465e+06,-16919,16919
0.128,0.064,1.6392,4.2177,72066,-5.2831e+05,-3992.2,3992.2
0.128,0.048,1.1523,2.6431,2718.9,-1.4772e+05,4231.3,4231.3
0.128,0.032,0.18588,3.0922,2178.2,-56209,3281.8,3281.8
0.128,0.016,-0.27716,0.075463,0,0,844.45,844.45
0.144,0.496,3.2532,25.072,0,0,91.809,91.809
0.144,0.48,1.4481,27.894,0,0,3040.3,3040.3
0.144,0.464,-0.2918,30.102,NaN,NaN,1996.2,1996.2
0.144,0.448,-1.1633,33.628,-1.4004e+05,-1.5043e+06,2249.1,2249.1
0.144,0.432,0.51809,29.271,-16977,-1.6485e+06,-7092.8,7092.8
0.144,0.416,1.8927,19.818,-1.717e+05,-1.6766e+06,-6705.1,6705.1
0.144,0.4,0.21246,15.015,-2.8791e+05,-1.8267e+06,-3716.9,3716.9
0.144,0.384,0.0030392,11.899,-3.5409e+05,-1.6273e+06,11021,11021
0.144,0.368,1.8635,9.9966,-3.7366e+05,-1.1277e+06,24587,24587
0.144,0.352,0.18987,8.6967,-6.0026e+05,-5.7271e+05,28611,28611
0.144,0.336,-3.7199,6.9716,-9.0892e+05,-1.0548e+05,10829,10829
0.144,0.32,-5.4874,8.1093,-1.0422e+06,50589,-1653.8,1653.8
0.144,0.304,-3.6345,9.7913,-5.4799e+05,2.3055e+05,-3583.8,3583.8
0.144,0.288,-3.0991,9.9836,2.2803e+05,2.4288e+05,14021,14021
0.144,0.272,-0.85189,8.792,6.5902e+05,-47332,29229,29229
0.144,0.256,1.1115,6.086,6.0539e+05,-5.1239e+05,40502,40502
0.144,0.24,0.9238,3.232,3.0271e+05,-4.4615e+05,42724,42724
0.144,0.224,0.83865,13.266,65656,1.2321e+05,38088,38088
0.144,0.208,-0.12099,12.581,-3.766e+05,8.7117e+05,31434,31434
0.144,0.192,-1.282,18.375,-7.1345e+05,1.7748e+06,1617.5,1617.5
0.144,0.176,-4.1652,22.51,-9.3164e+05,2.6477e+06,-27166,27166
0.144,0.16,-5.1175,27.467,-7.675e+05,3.2587e+06,-57402,57402
0.144,0.144,-4.5267,27.27,-5.7141e+05,2.9446e+06,-68729,68729
0.144,0.128,-2.6639,21.919,-1.3245e+05,1.4899e+06,-73771,73771
0.144,0.112,-0.89719,16.239,3.1147e+05,-6.1756e+05,-69901,69901
0.144,0.096,2.1059,9.8791,4.9622e+05,-1.955e+06,-54985,54985
0.144,0.08,2.8726,6.0605,3.5086e+05,-1.9457e+06,-29851,29851
0.144,0.064,2.4476,5.1644,1.112e+05,-9.5004e+05,-10973,10973
0.144,0.048,1.9453,3.688,13565,-3.2005e+05,3594,3594
0.144,0.032,1.108,3.5564,8911,-1.2269e+05,2176.8,2176.8
0.144,0.016,1.2962,-0.87061,0,0,561.38,561.38
0.16,0.496,-0.3681,39.603,0,0,-22.779,22.779
0.16,0.48,-0.85056,39.462,0,0,-34.169,34.169
0.16,0.464,-0.87558,40.244,NaN,NaN,-5509.8,5509.8
0.16,0.448,-1.741,39.713,NaN,NaN,-15928,15928
0.16,0.432,-2.1742,35.592,NaN,NaN,-18922,18922
0.16,0.416,-2.0485,31.685,-67064,-2.974e+06,-25464,25464
0.16,0.4,-0.39242,27.307,-3.1736e+05,-2.5597e+06,-25184,25184
0.16,0.384,-2.6435,20.646,-4.3598e+05,-1.9838e+06,-19955,19955
0.16,0.368,-5.504,16.511,-6.1671e+05,-1.1698e+06,-7653.5,7653.5
0.16,0.352,-6.5645,13.269,-7.7451e+05,-6.9769e+05,-2809.1,2809.1
0.16,0.336,-4.5004,10.55,-8.2475e+05,-6.3231e+05,-11928,11928
0.16,0.32,-3.1382,10.28,-6.9261e+05,-6.7036e+05,-17205,17205
0.16,0.304,-2.4327,13.072,-3.1315e+05,-4.2797e+05,-14157,14157
0.16,0.288,-1.0914,14.603,2.1649e+05,-4.0909e+05,4970.6,4970.6
0.16,0.272,-0.38854,14.684,5.4481e+05,-6.2269e+05,21456,21456
0.16,0.256,-0.64327,13.681,5.616e+05,-9.2213e+05,34213,34213
0.16,0.24,0.60374,9.8699,4.0241e+05,-5.0836e+05,39455,39455
0.16,0.224,-0.53641,14.207,2.8424e+05,1.2647e+05,38670,38670
0.16,0.208,-0.95618,18.206,2.6677e+05,9.6179e+05,33081,33081
0.16,0.192,-0.9429,19.877,1.5802e+05,1.8171e+06,1240,1240
0.16,0.176,-2.4681,27.267,-404.81,2.9794e+06,-31239,31239
0.16,0.16,-2.696,33.445,-2.736e+05,3.7633e+06,-67853,67853
0.16,0.144,-2.2409,34.134,-4.6245e+05,3.6532e+06,-85245,85245
0.16,0.128,-1.7831,29.259,-3.2376e+05,2.1546e+06,-1.0127e+05,1.0127e+05
0.16,0.112,-0.35905,22.07,60297,-3.668e+05,-1.0101e+05,1.0101e+05
0.16,0.096,0.24661,13.397,3.5433e+05,-2.1134e+06,-83725,83725
0.16,0.08,0.64055,8.3878,3.4471e+05,-2.4616e+06,-44810,44810
0.16,0.064,0.93186,5.4492,1.6514e+05,-1.4209e+06,-16737,16737
0.16,0.048,1.7258,4.2778,65390,-5.8389e+05,2011.4,2011.4
0.16,0.032,1.8527,3.8653,20488,-2.0405e+05,-110.27,110.27
0.16,0.016,1.7809,0.61298,0,0,-413.38,413.38
0.176,0.496,-0.59297,34.603,0,0,0,0
0.176,0.48,-2.5233,35.34,0,0,0,0
0.176,0.464,-2.0664,36.381,NaN,NaN,0,0
0.176,0.448,-2.0206,36.33,NaN,NaN,NaN,NaN
0.176,0.432,-3.7415,34.78,NaN,NaN,-42396,42396
0.176,0.416,-4.2556,34.067,NaN,NaN,-50294,50294
0.176,0.4,-4.3952,33.831,-9.01e+05,-1.3311e+06,-46649,46649
0.176,0.384,-4.1602,32.703,-1.2652e+06,-4.4637e+05,-42048,42048
0.176,0.368,-4.4489,30.261,-1.3718e+06,-67185,-63873,63873
0.176,0.352,-4.4411,30.199,-1.0958e+06,-2.6025e+05,-74457,74457
0.176,0.336,-2.9587,27.903,-7.2122e+05,-7.755e+05,-90144,90144
0.176,0.32,-3.3729,24.197,-3.6033e+05,-9.8362e+05,-61406,61406
0.176,0.304,-2.6083,23.362,-18642,-7.9119e+05,-33288,33288
0.176,0.288,-1.8624,23.503,4.3945e+05,-4.5352e+05,6216.8,6216.8
0.176,0.272,0.96069,22.822,6.2214e+05,-4.12e+05,22839,22839
0.176,0.256,0.81135,23.073,6.4544e+05,-5.5031e+05,34839,34839
0.176,0.24,-0.89469,20.674,4.7672e+05,-6.1219e+05,40424,40424
0.176,0.224,-2.2669,18.56,3.94e+05,-4.895e+05,42280,42280
0.176,0.208,-1.2455,21.85,3.1101e+05,-1.1668e+05,36359,36359
0.176,0.192,-0.62026,25.615,3.2474e+05,4.3253e+05,-2845.5,2845.5
0.176,0.176,-1.0542,29.225,2.6695e+05,1.411e+06,-39465,39465
0.176,0.16,-2.241,33.309,1.5322e+05,2.0805e+06,-83070,83070
0.176,0.144,-1.8087,32.391,-70219,2.0818e+06,-99984,99984
0.176,0.128,-1.3867,28.42,-1.0918e+05,9.778e+05,-1.2215e+05,1.2215e+05
0.176,0.112,-1.2964,22.589,60729,-9.4986e+05,-1.2234e+05,1.2234e+05
0.176,0.096,0.074947,15.307,3.1757e+05,-2.2562e+06,-99762,99762
0.176,0.08,0.36619,11.172,3.5189e+05,-2.6538e+06,-51460,51460
0.176,0.064,1.1539,8.8305,1.8029e+05,-1.7878e+06,-15492,15492
0.176,0.048,1.3831,7.6263,42334,-8.7841e+05,3348.1,3348.1
0.176,0.032,2.201,5.8207,-8083.4,-3.1639e+05,313.95,313.95
0.176,0.016,3.1216,3.2224,0,0,-392.55,392.55
0.192,0.496,-0.58652,32.162,0,0,0,0
0.192,0.48,-1.5526,32.676,0,0,0,0
0.192,0.464,-0.66286,34.892,NaN,NaN,0,0
0.192,0.448,-0.64695,35.41,NaN,NaN,NaN,NaN
0.192,0.432,-2.0076,35.587,NaN,NaN,NaN,NaN
0.192,0.416,-2.4042,36.259,NaN,NaN,-85244,85244
0.192,0.4,-2.741,39.098,NaN,NaN,-81900,81900
0.192,0.384,-2.6289,41.761,NaN,NaN,-79490,79490
0.192,0.368,-2.1348,42.383,NaN,NaN,-1.1809e+05,1.1809e+05
0.192,0.352,-1.1231,44.07,-2.8771e+05,-2.1667e+06,-1.381e+05,1.381e+05
0.192,0.336,-0.13989,44.133,-2.4206e+05,-2.2501e+06,-1.449e+05,1.449e+05
0.192,0.32,-0.30726,43.239,-1.2997e+05,-2.0321e+06,-98436,98436
0.192,0.304,0.69461,43.352,51181,-1.7596e+06,-35388,35388
0.192,0.288,1.3732,42.508,4.5291e+05,-1.0938e+06,10595,10595
0.192,0.272,1.8211,41.967,4.8801e+05,-4.2118e+05,24002,24002
0.192,0.256,0.97505,39.341,5.2507e+05,-1.6209e+05,30195,30195
0.192,0.24,0.63013,35.35,4.3335e+05,-1.6662e+05,32908,32908
0.192,0.224,0.24648,31.703,4.4467e+05,-4.1026e+05,32693,32693
0.192,0.208,0.12208,33.016,4.1299e+05,-6.1913e+05,21470,21470
0.192,0.192,-0.12433,34.187,3.6425e+05,-7.4987e+05,-19920,19920
0.192,0.176,0.16558,31.803,1.9901e+05,-4.5571e+05,-66403,66403
0.192,0.16,-1.08,32.678,-23677,-3.9895e+05,-1.1625e+05,1.1625e+05
0.192,0.144,-1.2467,30.821,-1.9784e+05,-5.4362e+05,-1.4219e+05,1.4219e+05
0.192,0.128,-0.74324,26.183,-1.7432e+05,-1.2856e+06,-1.5432e+05,1.5432e+05
0.192,0.112,0.21799,22.096,1.0363e+05,-2.3579e+06,-1.4208e+05,1.4208e+05
0.192,0.096,1.7595,17.733,4.2157e+05,-3.0036e+06,-1.074e+05,1.074e+05
0.192,0.08,2.0773,15.848,5.3432e+05,-3.135e+06,-55281,55281
0.192,0.064,0.58294,15.999,3.5606e+05,-2.4081e+06,-16280,16280
0.192,0.048,-0.083025,13.704,1.32e+05,-1.3056e+06,4671.8,4671.8
0.192,0.032,3.0288,7.1957,15126,-5.1072e+05,1272.1,1272.1
0.192,0.016,3.8109,2.8772,0,0,-217.63,217.63
0.208,0.496,0.15061,34.624,0,0,0,0
0.208,0.48,0.056469,34.817,0,0,0,0
0.208,0.464,-0.081734,37.79,NaN,NaN,0,0
0.208,0.448,-0.58388,39.797,NaN,NaN,NaN,NaN
0.208,0.432,-2.1913,41.182,NaN,NaN,NaN,NaN
0.208,0.416,-2.539,42.256,NaN,NaN,NaN,NaN
0.208,0.4,-2.8584,43.244,NaN,NaN,NaN,NaN
0.208,0.384,-2.8815,44.94,NaN,NaN,NaN,NaN
0.208,0.368,-2.4427,46.359,NaN,NaN,-2.4045e+05,2.4045e+05
0.208,0.352,-2.0419,47.506,NaN,NaN,-2.3522e+05,2.3522e+05
0.208,0.336,-1.0222,49.195,NaN,NaN,-2.2714e+05,2.2714e+05
0.208,0.32,-0.81245,48.983,NaN,NaN,-1.5126e+05,1.5126e+05
0.208,0.304,-0.9311,48.094,NaN,NaN,-42023,42023
0.208,0.288,-0.63955,49.169,6.103e+05,1.4632e+06,28763,28763
0.208,0.272,-1.0011,48.359,3.3837e+05,1.4002e+06,33642,33642
0.208,0.256,-1.1686,46.74,2.4778e+05,1.1736e+06,33046,33046
0.208,0.24,0.08193,45.714,2.6681e+05,4.5828e+05,27015,27015
0.208,0.224,0.80953,43.485,3.4292e+05,-2.2346e+05,23244,23244
0.208,0.208,-0.21657,42.196,4.2288e+05,-1.0353e+06,7568.1,7568.1
0.208,0.192,-0.47972,39.636,3.824e+05,-1.7174e+06,-40349,40349
0.208,0.176,-0.57315,35.045,2.3834e+05,-2.1838e+06,-98220,98220
0.208,0.16,-2.4493,31.171,80155,-2.6517e+06,-1.5356e+05,1.5356e+05
0.208,0.144,-1.9882,27.627,11489,-2.8212e+06,-1.78e+05,1.78e+05
0.208,0.128,-0.52973,25.283,90405,-3.0833e+06,-1.742e+05,1.742e+05
0.208,0.112,1.4546,24.46,3.4865e+05,-3.3126e+06,-1.4839e+05,1.4839e+05
0.208,0.096,4.5578,22.844,5.8508e+05,-3.3508e+06,-1.0466e+05,1.0466e+05
0.208,0.08,5.2076,23.104,6.7436e+05,-3.2303e+06,-57944,57944
0.208,0.064,3.5674,25.358,5.3329e+05,-2.8724e+06,-19313,19313
0.208,0.048,3.237,21.192,2.6623e+05,-1.7702e+06,1128.8,1128.8
0.208,0.032,3.8183,13.577,91347,-8.3541e+05,2946.1,2946.1
0.208,0.016,4.0822,5.9962,0,0,193.79,193.79
0.224,0.496,1.8005,39.049,0,0,0,0
0.224,0.48,1.7816,36.78,0,0,0,0
0.224,0.464,0.56437,40.887,NaN,NaN,0,0
0.224,0.448,-0.79279,42.479,NaN,NaN,NaN,NaN
0.224,0.432,-1.2603,43.782,NaN,NaN,NaN,NaN
0.224,0.416,-1.7856,46.563,NaN,NaN,NaN,NaN
0.224,0.4,-2.3432,48.151,NaN,NaN,NaN,NaN
0.224,0.384,-2.866,49.764,NaN,NaN,NaN,NaN
0.224,0.368,-2.9215,51.32,NaN,NaN,NaN,NaN
0.224,0.352,-2.531,52.08,NaN,NaN,NaN,NaN
0.224,0.336,-1.6023,52.535,NaN,NaN,NaN,NaN
0.224,0.32,-1.2343,53.137,NaN,NaN,NaN,NaN
0.224,0.304,-1.2395,52.157,NaN,NaN,32731,32731
0.224,0.288,-1.6262,51.557,NaN,NaN,41491,41491
0.224,0.272,-2.6069,50.39,-1.0956e+05,2.4042e+06,43749,43749
0.224,0.256,-2.1344,49.294,-2.4756e+05,1.9032e+06,34907,34907
0.224,0.24,-0.83613,49.057,-82432,1.2853e+06,22958,22958
0.224,0.224,0.3761,46.433,42976,6.9693e+05,7316,7316
0.224,0.208,0.21047,44.648,2.3963e+05,-2.3725e+05,-9536.5,9536.5
0.224,0.192,-0.42543,41.757,3.1049e+05,-1.1453e+06,-54484,54484
0.224,0.176,0.58522,37.755,2.6476e+05,-1.9929e+06,-1.1509e+05,1.1509e+05
0.224,0.16,0.66993,33.928,2.2166e+05,-2.6677e+06,-1.6619e+05,1.6619e+05
0.224,0.144,1.2567,31.816,2.2299e+05,-2.9608e+06,-1.852e+05,1.852e+05
0.224,0.128,1.9473,34.917,3.1159e+05,-3.0735e+06,-1.7068e+05,1.7068e+05
0.224,0.112,2.1711,37.018,4.7722e+05,-3.09e+06,-1.391e+05,1.391e+05
0.224,0.096,2.3784,35.837,5.7248e+05,-3.0638e+06,-94263,94263
0.224,0.08,2.2934,35.853,6.2177e+05,-2.9571e+06,-53551,53551
0.224,0.064,3.8107,33.228,5.2538e+05,-2.8037e+06,-22714,22714
0.224,0.048,4.5717,29.062,3.1201e+05,-1.7825e+06,-5041.8,5041.8
0.224,0.032,4.0847,24.728,1.2495e+05,-8.9324e+05,637.52,637.52
0.224,0.016,2.3753,20.415,0,0,678.37,678.37
0.24,0.496,1.8417,43.489,0,0,0,0
0.24,0.48,1.717,41.729,0,0,0,0
0.24,0.464,1.6249,43.715,NaN,NaN,0,0
0.24,0.448,0.39015,43.78,NaN,NaN,NaN,NaN
0.24,0.432,0.16945,45.738,NaN,NaN,NaN,NaN
0.24,0.416,-0.18484,47.899,NaN,NaN,NaN,NaN
0.24,0.4,-1.2586,50.061,NaN,NaN,NaN,NaN
0.24,0.384,-1.3556,52.47,NaN,NaN,NaN,NaN
0.24,0.368,-1.4702,54.013,NaN,NaN,NaN,NaN
0.24,0.352,-1.9924,54.428,NaN,NaN,NaN,NaN
0.24,0.336,-2.5078,55.046,NaN,NaN,NaN,NaN
0.24,0.32,-1.6672,55.594,NaN,NaN,NaN,NaN
0.24,0.304,-1.6471,55.147,NaN,NaN,NaN,NaN
0.24,0.288,-1.9823,53.487,NaN,NaN,57763,57763
0.24,0.272,-2.3046,52.256,NaN,NaN,60857,60857
0.24,0.256,-1.8008,52.033,-5.0459e+05,1.9506e+06,42846,42846
0.24,0.24,-1.1021,51.196,-2.8049e+05,1.2763e+06,23185,23185
0.24,0.224,-0.47436,49.067,-1.9923e+05,9.5912e+05,-3843.2,3843.2
0.24,0.208,-0.52418,48.103,-43056,2.7928e+05,-22542,22542
0.24,0.192,0.23335,46.977,99323,-4.5021e+05,-63658,63658
0.24,0.176,2.0347,46.455,2.1041e+05,-1.1905e+06,-1.1308e+05,1.1308e+05
0.24,0.16,2.0239,46.192,3.0825e+05,-1.7299e+06,-1.5257e+05,1.5257e+05
0.24,0.144,1.9748,46.481,3.3729e+05,-1.9219e+06,-1.5777e+05,1.5777e+05
0.24,0.128,1.2383,46.661,3.8985e+05,-1.9748e+06,-1.4284e+05,1.4284e+05
0.24,0.112,0.37246,46.508,4.3012e+05,-1.991e+06,-1.1904e+05,1.1904e+05
0.24,0.096,0.30402,45.663,3.9869e+05,-2.0516e+06,-78944,78944
0.24,0.08,0.081208,44.353,3.4725e+05,-2.1095e+06,-40896,40896
0.24,0.064,0.39281,42.667,2.4351e+05,-2.1476e+06,-15296,15296
0.24,0.048,-0.2468,41.691,1.4721e+05,-1.441e+06,-5245,5245
0.24,0.032,-1.3515,41.048,56284,-7.3343e+05,-2406.7,2406.7
0.24,0.016,-1.3273,40.025,0,0,104.57,104.57
0.256,0.496,0.99245,46.981,0,0,0,0
0.256,0.48,1.2991,46.329,0,0,0,0
0.256,0.464,1.2819,47.542,NaN,NaN,0,0
0.256,0.448,1.7437,48.11,NaN,NaN,NaN,NaN
0.256,0.432,2.6278,48.721,NaN,NaN,NaN,NaN
0.256,0.416,2.5169,50.358,NaN,NaN,NaN,NaN
0.256,0.4,0.90473,51.767,NaN,NaN,NaN,NaN
0.256,0.384,0.47915,52.665,NaN,NaN,NaN,NaN
0.256,0.368,0.93761,53.251,NaN,NaN,NaN,NaN
0.256,0.352,-0.18128,53.456,NaN,NaN,NaN,NaN
0.256,0.336,-1.468,54.401,NaN,NaN,NaN,NaN
0.256,0.32,-1.3677,54.864,NaN,NaN,NaN,NaN
0.256,0.304,-0.74053,54.878,NaN,NaN,NaN,NaN
0.256,0.288,-0.98029,54.81,NaN,NaN,NaN,NaN
0.256,0.272,-1.4949,54.476,NaN,NaN,61005,61005
0.256,0.256,-1.828,55.102,-5.889e+05,1.6626e+06,46791,46791
0.256,0.24,-0.75421,54.35,-3.3311e+05,9.8025e+05,28559,28559
0.256,0.224,0.17966,53.629,-2.7658e+05,7.9771e+05,492.58,492.58
0.256,0.208,-0.58253,53.664,-1.8675e+05,4.4684e+05,-23015,23015
0.256,0.192,0.28187,53.411,-92678,41407,-63337,63337
0.256,0.176,1.9058,52.283,9035.5,-3.5459e+05,-1.0251e+05,1.0251e+05
0.256,0.16,1.8371,52.207,91992,-6.3768e+05,-1.3205e+05,1.3205e+05
0.256,0.144,1.8004,51.891,88783,-7.7568e+05,-1.2615e+05,1.2615e+05
0.256,0.128,0.40866,51.541,79434,-9.6817e+05,-1.1207e+05,1.1207e+05
0.256,0.112,-0.59011,49.911,96831,-1.1921e+06,-94655,94655
0.256,0.096,-1.1531,48.681,1.0242e+05,-1.4327e+06,-63826,63826
0.256,0.08,-1.9651,47.671,78438,-1.5107e+06,-25779,25779
0.256,0.064,-2.6536,48.023,-34858,-1.4191e+06,-3368.6,3368.6
0.256,0.048,-3.0364,48.785,-48691,-8.8604e+05,2337.7,2337.7
0.256,0.032,-3.6126,49.21,-50004,-4.0426e+05,-2884.2,2884.2
0.256,0.016,-3.6413,50.31,0,0,-526.17,526.17
0.272,0.496,-0.51375,49.901,0,0,0,0
0.272,0.48,-0.53357,50.948,0,0,0,0
0.272,0.464,-0.53513,51.863,NaN,NaN,0,0
0.272,0.448,-0.10035,53.046,NaN,NaN,NaN,NaN
0.272,0.432,0.97801,52.892,NaN,NaN,NaN,NaN
0.272,0.416,1.2433,54.1,NaN,NaN,NaN,NaN
0.272,0.4,1.1385,54.377,NaN,NaN,NaN,NaN
0.272,0.384,0.92053,53.581,NaN,NaN,NaN,NaN
0.272,0.368,0.48737,53.56,NaN,NaN,NaN,NaN
0.272,0.352,-0.42299,52.434,NaN,NaN,NaN,NaN
0.272,0.336,-1.2981,52.701,NaN,NaN,NaN,NaN
0.272,0.32,-1.8029,53.535,NaN,NaN,-1.1786e+05,1.1786e+05
0.272,0.304,-1.479,53.239,NaN,NaN,-63389,63389
0.272,0.288,-1.4704,53.319,NaN,NaN,-73933,73933
0.272,0.272,-1.8867,53.16,NaN,NaN,-5216.7,5216.7
0.272,0.256,-1.8748,53.866,-4.6068e+05,-6.4867e+05,16249,16249
0.272,0.24,-1.5583,53.067,-2.8435e+05,-41792,25236,25236
0.272,0.224,-0.73126,52.56,-2.274e+05,2073.7,9617.7,9617.7
0.272,0.208,0.031763,52.209,-1.7412e+05,53317,-18206,18206
0.272,0.192,0.0096246,52.084,-1.3405e+05,-73498,-63013,63013
0.272,0.176,0.69634,51.552,-1.1239e+05,-1.7977e+05,-1.0082e+05,1.0082e+05
0.272,0.16,1.5041,50.742,-84370,-3.507e+05,-1.2766e+05,1.2766e+05
0.272,0.144,0.49565,50.272,-1.0586e+05,-5.1285e+05,-1.1645e+05,1.1645e+05
0.272,0.128,-1.5144,50.299,-1.1936e+05,-8.4182e+05,-97425,97425
0.272,0.112,-2.1986,48.716,-98889,-1.1431e+06,-78336,78336
0.272,0.096,-2.4214,48.061,-66478,-1.3762e+06,-52295,52295
0.272,0.08,-2.623,47.618,-22211,-1.3008e+06,-14698,14698
0.272,0.064,-2.5832,48.642,-36561,-1.0558e+06,8169.2,8169.2
0.272,0.048,-2.8549,49.651,-12362,-5.8722e+05,13139,13139
0.272,0.032,-3.1696,51.665,-14299,-2.4763e+05,1285.2,1285.2
0.272,0.016,-3.8246,52.174,0,0,-545.23,545.23
0.288,0.496,0.55914,54.254,0,0,0,0
0.288,0.48,0.19265,52.979,0,0,0,0
0.288,0.464,-0.41859,53.591,NaN,NaN,0,0
0.288,0.448,-0.87583,54.513,NaN,NaN,NaN,NaN
0.288,0.432,0.48198,54.034,NaN,NaN,NaN,NaN
0.288,0.416,1.5819,53.338,NaN,NaN,NaN,NaN
0.288,0.4,1.7478,51.966,NaN,NaN,NaN,NaN
0.288,0.384,1.1945,51.373,NaN,NaN,NaN,NaN
0.288,0.368,0.57201,50.989,NaN,NaN,NaN,NaN
0.288,0.352,0.052277,49.522,NaN,NaN,-1.6093e+05,1.6093e+05
0.288,0.336,-0.81097,49.115,NaN,NaN,-1.6078e+05,1.6078e+05
0.288,0.32,-1.5633,49.481,NaN,NaN,-1.4786e+05,1.4786e+05
0.288,0.304,-2.4074,48.906,-6.8892e+05,-2.5989e+06,-1.1791e+05,1.1791e+05
0.288,0.288,-2.6817,48.639,-6.558e+05,-2.5268e+06,-1.2789e+05,1.2789e+05
0.288,0.272,-2.8277,48.148,-6.361e+05,-2.5087e+06,-84271,84271
0.288,0.256,-2.9754,48.719,-6.0547e+05,-2.0314e+06,-43656,43656
0.288,0.24,-2.2281,48.812,-5.487e+05,-1.4394e+06,6135.3,6135.3
0.288,0.224,-1.5316,48.701,-4.0984e+05,-1.0381e+06,14329,14329
0.288,0.208,0.14727,48.542,-2.707e+05,-6.7479e+05,-6131.4,6131.4
0.288,0.192,0.8061,48.038,-1.2758e+05,-4.034e+05,-50653,50653
0.288,0.176,1.0808,48.342,-72989,-2.5312e+05,-92309,92309
0.288,0.16,0.93542,47.533,-11445,-3.6112e+05,-1.2437e+05,1.2437e+05
0.288,0.144,-0.255,45.543,30533,-6.5398e+05,-1.2159e+05,1.2159e+05
0.288,0.128,-1.4736,44.483,9535.8,-1.204e+06,-1.0274e+05,1.0274e+05
0.288,0.112,-2.9949,43.415,-74982,-1.7359e+06,-77465,77465
0.288,0.096,-3.6009,43.595,-75411,-1.8503e+06,-48446,48446
0.288,0.08,-2.9245,44.734,22639,-1.4999e+06,-11230,11230
0.288,0.064,-1.3053,46.531,1.3921e+05,-9.4304e+05,12651,12651
0.288,0.048,-1.2201,47.724,1.2043e+05,-4.7763e+05,18597,18597
0.288,0.032,-1.4185,50.519,53581,-1.904e+05,6262.4,6262.4
0.288,0.016,-1.6387,50.881,0,0,571.68,571.68
0.304,0.496,2.9623,53.14,0,0,0,0
0.304,0.48,2.5815,50.661,0,0,0,0
0.304,0.464,1.8815,49.807,NaN,NaN,0,0
0.304,0.448,1.973,49.819,NaN,NaN,NaN,NaN
0.304,0.432,1.9264,49.279,NaN,NaN,NaN,NaN
0.304,0.416,1.6402,47.397,NaN,NaN,NaN,NaN
0.304,0.4,1.0303,45.196,NaN,NaN,NaN,NaN
0.304,0.384,0.24477,44.246,NaN,NaN,NaN,NaN
0.304,0.368,0.318,44.379,NaN,NaN,NaN,NaN
0.304,0.352,0.24982,42.568,NaN,NaN,-74069,74069
0.304,0.336,-1.1337,40.211,-7.9948e+05,-3.317e+06,-73601,73601
0.304,0.32,-2.1388,39.852,-6.3941e+05,-3.2986e+06,-1.1077e+05,1.1077e+05
0.304,0.304,-3.094,39.702,-5.4688e+05,-3.0052e+06,-1.3647e+05,1.3647e+05
0.304,0.288,-3.142,40.221,-4.8602e+05,-2.7708e+06,-1.7167e+05,1.7167e+05
0.304,0.272,-2.9581,40.897,-5.8676e+05,-2.7143e+06,-1.4294e+05,1.4294e+05
0.304,0.256,-3.0979,41.278,-6.2004e+05,-2.2886e+06,-97625,97625
0.304,0.24,-3.3648,41.121,-6.2256e+05,-1.9974e+06,-27838,27838
0.304,0.224,-3.4505,40.875,-4.8556e+05,-1.5462e+06,-1120.3,1120.3
0.304,0.208,-1.3066,41.519,-3.0536e+05,-1.1247e+06,-497.7,497.7
0.304,0.192,0.10436,43.09,-91380,-5.4681e+05,-34224,34224
0.304,0.176,0.56518,42.037,79697,-2.7217e+05,-75137,75137
0.304,0.16,0.42284,39.578,2.1359e+05,-4.5135e+05,-1.1003e+05,1.1003e+05
0.304,0.144,-0.27207,36.64,2.8291e+05,-1.0384e+06,-1.1388e+05,1.1388e+05
0.304,0.128,-0.62319,33.599,2.2749e+05,-1.7587e+06,-99470,99470
0.304,0.112,-2.9467,31.697,34342,-2.3363e+06,-74106,74106
0.304,0.096,-4.8541,31.647,-14129,-2.1853e+06,-44293,44293
0.304,0.08,-2.1024,35.889,1.0509e+05,-1.4424e+06,-6358.6,6358.6
0.304,0.064,-1.7048,38.487,3.1116e+05,-4.8396e+05,15484,15484
0.304,0.048,-1.7123,41.545,2.6326e+05,-57981,21716,21716
0.304,0.032,-0.99499,44.265,1.3498e+05,50109,8282.2,8282.2
0.304,0.016,-0.18408,43.509,0,0,1648.1,1648.1
0.32,0.496,4.2149,51.965,0,0,0,0
0.32,0.48,4.1858,49.274,0,0,0,0
0.32,0.464,3.8665,48.782,NaN,NaN,0,0
0.32,0.448,3.3687,47.671,NaN,NaN,NaN,NaN
0.32,0.432,1.6586,45.694,NaN,NaN,NaN,NaN
0.32,0.416,-0.028721,42.297,NaN,NaN,NaN,NaN
0.32,0.4,-0.75727,39.66,NaN,NaN,-1.8149e+05,1.8149e+05
0.32,0.384,-1.4193,37.15,NaN,NaN,-1.4636e+05,1.4636e+05
0.32,0.368,-0.37252,36.592,NaN,NaN,-1.2062e+05,1.2062e+05
0.32,0.352,-0.96412,36.366,NaN,NaN,-43073,43073
0.32,0.336,-1.3588,34.676,-8.8426e+05,-3.1418e+06,-28383,28383
0.32,0.32,-1.0313,31.552,-6.2404e+05,-3.0809e+06,-61991,61991
0.32,0.304,-0.4287,28.849,-5.6459e+05,-3.0214e+06,-1.3273e+05,1.3273e+05
0.32,0.288,-0.72665,28.35,-4.4114e+05,-2.9595e+06,-1.9617e+05,1.9617e+05
0.32,0.272,-1.6214,28.718,-5.0727e+05,-2.9482e+06,-1.7815e+05,1.7815e+05
0.32,0.256,-3.5382,29.504,-4.9917e+05,-2.7744e+06,-1.1788e+05,1.1788e+05
0.32,0.24,-2.2376,31.974,-5.2378e+05,-2.429e+06,-46607,46607
0.32,0.224,-1.9392,30.402,-4.6259e+05,-1.8755e+06,-14473,14473
0.32,0.208,-2.3601,30.923,-2.7107e+05,-1.1975e+06,4021.5,4021.5
0.32,0.192,-1.1835,29.532,59810,-3.3025e+05,-10532,10532
0.32,0.176,-0.025953,26.07,4.0061e+05,2.508e+05,-37293,37293
0.32,0.16,0.015487,22.427,6.036e+05,3.8749e+05,-72043,72043
0.32,0.144,-0.35407,22.741,6.4176e+05,-2.7335e+05,-82790,82790
0.32,0.128,-1.3219,21.027,5.1339e+05,-1.1394e+06,-79696,79696
0.32,0.112,-2.4001,21.612,2.6014e+05,-1.7639e+06,-60468,60468
0.32,0.096,-3.729,26.379,1.3853e+05,-1.5785e+06,-35493,35493
0.32,0.08,-2.1085,29.437,1.377e+05,-8.8915e+05,-32.023,32.023
0.32,0.064,-0.75618,33.192,2.2028e+05,-91579,18649,18649
0.32,0.048,-0.51007,37.236,1.4695e+05,1.501e+05,23547,23547
0.32,0.032,-0.23806,40.016,70158,1.8082e+05,9192.6,9192.6
0.32,0.016,-0.078115,38.937,0,0,1901.1,1901.1
0.336,0.496,3.6446,52.174,0,0,0,0
0.336,0.48,4.0966,47.481,0,0,0,0
0.336,0.464,2.8669,45.132,NaN,NaN,0,0
0.336,0.448,1.2631,43.4,NaN,NaN,NaN,NaN
0.336,0.432,0.29503,41.164,NaN,NaN,-2.5749e+05,2.5749e+05
0.336,0.416,-1.3292,38.702,NaN,NaN,-2.3515e+05,2.3515e+05
0.336,0.4,-1.4216,34.218,NaN,NaN,-1.2417e+05,1.2417e+05
0.336,0.384,-2.0789,29.707,-1.1622e+06,-3.9961e+06,-35833,35833
0.336,0.368,-3.7869,30.559,-1.0107e+06,-3.775e+06,18383,18383
0.336,0.352,-1.2873,32.836,-9.0064e+05,-3.5877e+06,44905,44905
0.336,0.336,-0.51304,35.028,-7.8591e+05,-3.218e+06,51480,51480
0.336,0.32,-1.5401,30.78,-6.4273e+05,-3.0905e+06,15778,15778
0.336,0.304,-1.9337,24.113,-6.5814e+05,-3.2445e+06,-64961,64961
0.336,0.288,-3.6515,19.648,-6.0964e+05,-3.4401e+06,-1.3685e+05,1.3685e+05
0.336,0.272,-3.0694,15.465,-6.5962e+05,-3.4762e+06,-1.3636e+05,1.3636e+05
0.336,0.256,-3.0013,13.888,-4.9304e+05,-2.9725e+06,-85926,85926
0.336,0.24,-2.0276,19.669,-3.3159e+05,-2.2825e+06,-33698,33698
0.336,0.224,-2.188,26.217,-1.5038e+05,-1.4957e+06,-8514.6,8514.6
0.336,0.208,-2.4552,27.694,77252,-7.5476e+05,13581,13581
0.336,0.192,-0.42314,27.547,3.8772e+05,2.6218e+05,10243,10243
0.336,0.176,0.95096,25.814,7.4361e+05,1.0052e+06,-1031.4,1031.4
0.336,0.16,1.1147,24.29,9.5077e+05,1.4216e+06,-25882,25882
0.336,0.144,0.85304,24.233,9.0715e+05,9.7416e+05,-37260,37260
0.336,0.128,1.8391,21.41,6.7623e+05,38793,-45780,45780
0.336,0.112,0.84765,22.163,3.4158e+05,-7.9416e+05,-38759,38759
0.336,0.096,-0.44906,27.615,1.5707e+05,-1.1173e+06,-24300,24300
0.336,0.08,-0.68159,28.941,82013,-7.7073e+05,5974.2,5974.2
0.336,0.064,-1.6572,28.465,-13666,-2.659e+05,19362,19362
0.336,0.048,-2.2673,31.908,-40424,29113,23639,23639
0.336,0.032,-3.7045,33.302,-62806,1.3523e+05,8946.3,8946.3
0.336,0.016,-2.977,28.418,0,0,1857.1,1857.1
0.352,0.496,2.7764,46.615,0,0,-22.779,22.779
0.352,0.48,2.7051,43.014,0,0,-34.169,34.169
0.352,0.464,2.2193,39.107,NaN,NaN,0,0
0.352,0.448,0.71312,36.413,NaN,NaN,-2.3852e+05,2.3852e+05
0.352,0.432,-0.15035,33.971,NaN,NaN,-1.8568e+05,1.8568e+05
0.352,0.416,-0.86245,29.965,-1.0814e+06,-4.7434e+06,-1.5755e+05,1.5755e+05
0.352,0.4,-2.5776,26.735,-9.9905e+05,-4.4842e+06,-68200,68200
0.352,0.384,-2.1866,25.792,-8.7092e+05,-3.9311e+06,11725,11725
0.352,0.368,-2.4474,23.471,-6.7293e+05,-3.3188e+06,60573,60573
0.352,0.352,-2.4703,22.868,-5.8629e+05,-3.0269e+06,79658,79658
0.352,0.336,-2.3894,24.061,-6.0857e+05,-2.8626e+06,77874,77874
0.352,0.32,-3.1571,23.409,-5.968e+05,-2.8672e+06,63205,63205
0.352,0.304,-5.4883,17.832,-7.789e+05,-3.2942e+06,23547,23547
0.352,0.288,-7.6824,13.244,-8.5419e+05,-3.7088e+06,-26574,26574
0.352,0.272,-8.3573,8.6694,-8.8678e+05,-3.7399e+06,-48006,48006
0.352,0.256,-5.8122,7.1671,-4.4669e+05,-2.8979e+06,-36325,36325
0.352,0.24,-3.4679,10.139,11256,-1.8519e+06,-10180,10180
0.352,0.224,-3.1239,17.129,3.7638e+05,-8.9555e+05,6061.5,6061.5
0.352,0.208,-0.96905,25.312,6.1163e+05,-61472,19378,19378
0.352,0.192,0.87613,27.396,8.2995e+05,9.1094e+05,18992,18992
0.352,0.176,1.06,31.592,1.0209e+06,1.6904e+06,17407,17407
0.352,0.16,0.53179,30.384,1.0461e+06,2.2276e+06,3665.3,3665.3
0.352,0.144,0.50061,27.513,8.4461e+05,2.0255e+06,-3458.4,3458.4
0.352,0.128,0.99609,24.805,5.5019e+05,1.049e+06,-18494,18494
0.352,0.112,1.3677,21.039,3.4679e+05,1.8132e+05,-23780,23780
0.352,0.096,0.80033,21.664,2.5536e+05,-5.6691e+05,-20968,20968
0.352,0.08,0.33493,20.653,1.4072e+05,-6.8339e+05,5093.5,5093.5
0.352,0.064,-0.32954,16.477,-1.5973e+05,-8.4768e+05,17796,17796
0.352,0.048,-3.1223,16.944,-2.2029e+05,-5.4194e+05,21379,21379
0.352,0.032,-4.2057,17.188,-1.706e+05,-2.0803e+05,7278.8,7278.8
0.352,0.016,-3.6905,10.769,0,0,1178.8,1178.8
0.368,0.496,0.16168,31.22,0,0,-68.338,68.338
0.368,0.48,-0.66353,30.32,0,0,-224.85,224.85
0.368,0.464,0.03738,29.134,NaN,NaN,2232.6,2232.6
0.368,0.448,-1.9213,29.024,NaN,NaN,-43457,43457
0.368,0.432,-1.0352,24.102,-3.956e+05,-1.9155e+06,-72903,72903
0.368,0.416,-1.0757,18.811,-6.1967e+05,-2.8952e+06,-78030,78030
0.368,0.4,-3.4722,14.905,-6.0426e+05,-3.0631e+06,-5893.1,5893.1
0.368,0.384,-3.7999,14.647,-6.4475e+05,-3.1633e+06,77301,77301
0.368,0.368,-2.0646,15.338,-5.0804e+05,-2.7599e+06,1.4994e+05,1.4994e+05
0.368,0.352,-1.6529,15.639,-4.2647e+05,-2.4452e+06,1.3859e+05,1.3859e+05
0.368,0.336,-3.412,16.737,-4.2426e+05,-2.3194e+06,1.1736e+05,1.1736e+05
0.368,0.32,-5.0475,14.867,-5.1964e+05,-2.4063e+06,91723,91723
0.368,0.304,-5.9584,13.755,-8.1642e+05,-2.8988e+06,94065,94065
0.368,0.288,-8.4243,10.955,-1.0037e+06,-3.1862e+06,83279,83279
0.368,0.272,-8.887,11.695,-1.0707e+06,-3.1137e+06,57207,57207
0.368,0.256,-7.3004,10.219,-5.8071e+05,-2.1934e+06,27139,27139
0.368,0.24,-3.0183,9.755,97716,-1.3415e+06,12200,12200
0.368,0.224,0.35235,13.653,6.9591e+05,-6.6414e+05,18850,18850
0.368,0.208,0.43804,16.308,9.3038e+05,-1.0068e+05,26040,26040
0.368,0.192,-0.097363,19.24,8.5753e+05,5.9186e+05,23615,23615
0.368,0.176,-1.7775,19.489,7.7204e+05,1.2338e+06,22690,22690
0.368,0.16,-1.0759,19.17,7.0636e+05,1.6672e+06,19255,19255
0.368,0.144,-0.10308,20.184,5.6432e+05,1.7785e+06,20065,20065
0.368,0.128,-1.1598,21.114,3.8687e+05,1.1963e+06,6625.9,6625.9
0.368,0.112,-0.7373,18.38,2.9017e+05,4.576e+05,-8560.3,8560.3
0.368,0.096,2.5802,15.027,3.1784e+05,-4.7465e+05,-18128,18128
0.368,0.08,2.2031,11.869,1.8916e+05,-9.3046e+05,-205.74,205.74
0.368,0.064,-0.84348,9.5069,-2.1219e+05,-1.2695e+06,11950,11950
0.368,0.048,-2.1362,10.012,-3.0855e+05,-8.5992e+05,17726,17726
0.368,0.032,-3.0558,9.6206,-2.4008e+05,-3.8175e+05,6003.3,6003.3
0.368,0.016,-5.5943,5.9702,0,0,1366.7,1366.7
0.384,0.496,-0.93178,13.716,0,0,-210.39,210.39
0.384,0.48,0.36993,11.442,0,0,-1251.4,1251.4
0.384,0.464,0.8602,13.555,-4.249e+05,-9.3494e+05,780.22,780.22
0.384,0.448,-0.51238,15.265,-5.6001e+05,-1.0151e+06,-20838,20838
0.384,0.432,-2.4296,14.453,-5.3069e+05,-1.3957e+06,-11178,11178
0.384,0.416,-2.3264,15.204,-5.8896e+05,-2.155e+06,1004.9,1004.9
0.384,0.4,-2.4743,14.562,-5.308e+05,-2.48e+06,45361,45361
0.384,0.384,-2.8254,10.132,-4.6867e+05,-2.4894e+06,81131,81131
0.384,0.368,-3.6664,9.2915,-2.7241e+05,-2.0281e+06,1.1992e+05,1.1992e+05
0.384,0.352,-3.2885,10.828,-1.4358e+05,-1.6378e+06,1.3444e+05,1.3444e+05
0.384,0.336,-3.2821,11.085,-1.7995e+05,-1.6554e+06,1.301e+05,1.301e+05
0.384,0.32,-5.4698,9.236,-2.7311e+05,-1.8129e+06,1.0828e+05,1.0828e+05
0.384,0.304,-5.716,10.527,-5.3244e+05,-2.1441e+06,1.2368e+05,1.2368e+05
0.384,0.288,-7.2699,12.837,-6.865e+05,-2.1792e+06,1.3984e+05,1.3984e+05
0.384,0.272,-7.4422,15.143,-7.3494e+05,-1.9096e+06,1.3711e+05,1.3711e+05
0.384,0.256,-7.4243,16.805,-3.0924e+05,-1.0395e+06,91308,91308
0.384,0.24,-5.1977,13.908,3.1046e+05,-4.8289e+05,42295,42295
0.384,0.224,-1.2333,10.278,7.7423e+05,-4.5183e+05,20890,20890
0.384,0.208,0.16775,8.6348,8.6722e+05,-4.6833e+05,15872,15872
0.384,0.192,-1.5254,10.233,6.3222e+05,-1.6847e+05,15424,15424
0.384,0.176,-1.9093,10.533,4.0979e+05,4.2384e+05,18917,18917
0.384,0.16,-0.67123,13.57,2.7527e+05,8.3258e+05,24028,24028
0.384,0.144,0.32675,15.795,2.0609e+05,1.1461e+06,33112,33112
0.384,0.128,-0.09334,14.934,2.0996e+05,1.1248e+06,26541,26541
0.384,0.112,0.59854,15.003,3.1569e+05,9.4697e+05,9201.6,9201.6
0.384,0.096,2.0093,13.856,4.4671e+05,3.291e+05,-8006.9,8006.9
0.384,0.08,2.9733,10.815,2.4902e+05,-3.6211e+05,-4764.6,4764.6
0.384,0.064,0.92977,7.4421,-2.3224e+05,-9.8049e+05,3784.7,3784.7
0.384,0.048,-1.41,7.9083,-3.8008e+05,-8.0028e+05,10507,10507
0.384,0.032,-2.4534,7.6362,-2.7829e+05,-3.6437e+05,4966.1,4966.1
0.384,0.016,-3.3117,5.4344,0,0,1978.2,1978.2
0.4,0.496,2.6898,14.723,0,0,-543.95,543.95
0.4,0.48,3.3607,12.151,0,0,-2347.9,2347.9
0.4,0.464,3.0933,10.825,-3.3453e+05,-5.6863e+05,-812.39,812.39
0.4,0.448,1.0586,9.3788,-3.6976e+05,-7.2361e+05,9820.6,9820.6
0.4,0.432,-2.5538,7.6328,-3.6627e+05,-1.1018e+06,26887,26887
0.4,0.416,-3.526,7.5764,-3.6219e+05,-1.3319e+06,44754,44754
0.4,0.4,-3.6365,9.1937,-2.8501e+05,-1.4949e+06,58494,58494
0.4,0.384,-3.8165,9.0182,-1.5427e+05,-1.3487e+06,64919,64919
0.4,0.368,-3.7151,7.8031,18813,-1.1219e+06,86773,86773
0.4,0.352,-2.7712,5.042,90954,-8.4007e+05,1.0772e+05,1.0772e+05
0.4,0.336,-3.4626,5.0025,7483.5,-8.472e+05,1.2165e+05,1.2165e+05
0.4,0.32,-4.134,3.5955,-79275,-9.1883e+05,1.0903e+05,1.0903e+05
0.4,0.304,-3.7286,4.0959,-2.2403e+05,-1.0011e+06,1.2201e+05,1.2201e+05
0.4,0.288,-5.7689,9.3521,-3.2042e+05,-1.107e+06,1.5447e+05,1.5447e+05
0.4,0.272,-7.1839,9.4382,-3.9248e+05,-1.061e+06,1.6877e+05,1.6877e+05
0.4,0.256,-3.2556,11.992,-5.5026e+05,-1.2544e+06,1.3723e+05,1.3723e+05
0.4,0.24,-2.414,14.942,-4.4913e+05,-1.0187e+06,81047,81047
0.4,0.224,-5.8387,10.148,-4.7654e+05,-1.6864e+06,38047,38047
0.4,0.208,-1.7823,6.5906,8573.7,-1.3716e+06,18484,18484
0.4,0.192,-0.62946,3.4135,2.8556e+05,-1.1692e+06,17988,17988
0.4,0.176,-1.0105,4.0986,1.0653e+06,-1.7349e+05,38366,38366
0.4,0.16,-1.1708,7.8507,1.1981e+06,3.4038e+05,51819,51819
0.4,0.144,-0.060859,10.042,1.2106e+06,6.6896e+05,57449,57449
0.4,0.128,0.47801,13.751,9.4518e+05,6.228e+05,47192,47192
0.4,0.112,1.9193,15.166,8.4105e+05,6.1432e+05,24592,24592
0.4,0.096,2.2544,15.036,7.0661e+05,3.6418e+05,4042.8,4042.8
0.4,0.08,2.0196,12.679,1.8336e+05,-44804,-5793.2,5793.2
0.4,0.064,-0.36514,9.0264,-3.4419e+05,-6.4136e+05,-2721.4,2721.4
0.4,0.048,-3.3484,7.3864,-4.3067e+05,-6.5574e+05,3791.1,3791.1
0.4,0.032,-5.3029,6.7535,-2.972e+05,-2.7647e+05,3696.2,3696.2
0.4,0.016,-1.5139,4.9596,0,0,2850.7,2850.7
0.416,0.496,4.3779,12.466,0,0,-966.05,966.05
0.416,0.48,5.106,11.221,1.4035e+05,54275,-3577.3,3577.3
0.416,0.464,4.8976,7.8183,3.3175e+05,-1.2821e+05,-3651.5,3651.5
0.416,0.448,2.8669,3.8046,98904,-3.1906e+05,1943.9,1943.9
0.416,0.432,-0.85405,1.8194,-82146,-5.9589e+05,15234,15234
0.416,0.416,-3.8304,2.3582,-2.4394e+05,-7.6143e+05,31969,31969
0.416,0.4,-4.1921,7.1817,-1.9587e+05,-8.9214e+05,43114,43114
0.416,0.384,-3.5547,4.9938,-78147,-7.996e+05,50102,50102
0.416,0.368,-0.55546,6.6884,1.6313e+05,-5.743e+05,55785,55785
0.416,0.352,0.11807,5.5264,4.1465e+05,-2.1324e+05,72693,72693
0.416,0.336,-0.0868,5.8551,4.1359e+05,-1.2544e+05,85195,85195
0.416,0.32,-1.2113,5.6646,2.5018e+05,-1.8285e+05,84804,84804
0.416,0.304,-2.6171,5.312,-18424,-3.2412e+05,1.0105e+05,1.0105e+05
0.416,0.288,-4.1533,5.8212,-65035,-5.8256e+05,1.2489e+05,1.2489e+05
0.416,0.272,-8.0442,3.8821,-1.5112e+05,-8.8452e+05,1.4727e+05,1.4727e+05
0.416,0.256,-9.4891,4.8597,-1.9774e+06,-9.9357e+05,1.3469e+05,1.3469e+05
0.416,0.24,-19.616,4.1614,-3.205e+06,-1.3501e+06,1.0667e+05,1.0667e+05
0.416,0.224,-13.88,15.901,-4.2588e+06,-2.5811e+06,64488,64488
0.416,0.208,-12.876,0.46931,-2.3838e+06,-2.0388e+06,29570,29570
0.416,0.192,-2.1514,5.8125,4.5375e+05,-1.2636e+06,28143,28143
0.416,0.176,-0.75607,7.3412,3.7134e+06,1.9089e+05,62809,62809
0.416,0.16,1.7228,9.8251,5.0766e+06,15936,95648,95648
0.416,0.144,0.90051,11.752,4.2254e+06,2.2358e+05,92881,92881
0.416,0.128,1.3945,13.183,2.9593e+06,6.3885e+05,66652,66652
0.416,0.112,3.1263,15.883,1.8188e+06,8.4901e+05,32182,32182
0.416,0.096,2.8867,17.287,1.0717e+06,7.3509e+05,9265.7,9265.7
0.416,0.08,0.81335,14.933,35439,1.5181e+05,-2097.6,2097.6
0.416,0.064,-0.41361,10.605,-4.2328e+05,-5.35e+05,-2419.4,2419.4
0.416,0.048,-2.231,7.5577,-4.0838e+05,-6.4577e+05,1343.1,1343.1
0.416,0.032,-3.1153,7.3414,-2.2685e+05,-3.2044e+05,2282.5,2282.5
0.416,0.016,-2.6606,4.6102,0,0,2492.2,2492.2
0.432,0.496,1.6692,6.5648,34466,9497.2,-1060.7,1060.7
0.432,0.48,1.6233,5.6922,1.3892e+05,35745,-3534.1,3534.1
0.432,0.464,3.2866,3.8353,3.1554e+05,54868,-3899.9,3899.9
0.432,0.448,6.0291,2.7523,1.9522e+05,-47288,-1248.6,1248.6
0.432,0.432,1.1575,0.39311,82767,-3.5231e+05,8019.1,8019.1
0.432,0.416,-2.8834,2.292,-88514,-4.9625e+05,21099,21099
0.432,0.4,-4.0229,3.8896,-41394,-6.1252e+05,44486,44486
0.432,0.384,-4.0556,3.9693,-3.0452e+05,-9.1952e+05,67484,67484
0.432,0.368,-5.0988,4.5438,-1.5147e+05,-6.8446e+05,80719,80719
0.432,0.352,0.41904,6.1999,6.2616e+05,1.2588e+05,80483,80483
0.432,0.336,1.4072,8.2755,1.2344e+06,8.0177e+05,77215,77215
0.432,0.32,0.48902,7.4716,1.1255e+06,7.5312e+05,72781,72781
0.432,0.304,-1.5357,7.5137,1.2428e+05,-90807,97293,97293
0.432,0.288,-3.0479,4.5628,-1.8966e+05,-4.2375e+05,1.2436e+05,1.2436e+05
0.432,0.272,-3.6062,2.3146,-4.2241e+05,-1.0712e+06,1.3788e+05,1.3788e+05
0.432,0.256,-10.734,4.1108,-2.4248e+06,-1.3851e+06,1.2958e+05,1.2958e+05
0.432,0.24,-70.672,10.162,-4.4486e+06,-2.1386e+06,1.1964e+05,1.1964e+05
0.432,0.224,-47.275,12.913,-7.7644e+06,-2.699e+06,97627,97627
0.432,0.208,-41.515,9.1179,-5.7837e+06,-2.513e+06,55959,55959
0.432,0.192,-9.8325,30.934,-2.5861e+06,-2.064e+06,47598,47598
0.432,0.176,-1.2006,11.946,3.787e+06,-1.4253e+06,89788,89788
0.432,0.16,0.74751,12.944,6.7521e+06,-7.1783e+05,1.3756e+05,1.3756e+05
0.432,0.144,1.4272,11.671,6.29e+06,-70793,1.2913e+05,1.2913e+05
0.432,0.128,2.5273,11.101,3.6145e+06,4.6036e+05,82610,82610
0.432,0.112,4.1854,12.774,1.9416e+06,5.9253e+05,38034,38034
0.432,0.096,2.5703,14.225,1.0282e+06,5.7934e+05,17174,17174
0.432,0.08,-0.057388,12.721,-65405,2.0058e+05,11073,11073
0.432,0.064,0.21801,9.6796,-5.4752e+05,-3.302e+05,9628.9,9628.9
0.432,0.048,-1.0069,7.1968,-4.2854e+05,-4.4373e+05,5716.6,5716.6
0.432,0.032,-6.3011,19.68,-2.1145e+05,-2.0673e+05,3303.5,3303.5
0.432,0.016,-9.2753,21.197,0,0,1930.4,1930.4
0.448,0.496,-0.31571,3.0941,25893,4455.9,-722.74,722.74
0.448,0.48,0.70204,2.872,89090,5135.4,-2514.7,2514.7
0.448,0.464,0.54307,2.067,2.9022e+05,1.4864e+05,-2386.9,2386.9
0.448,0.448,-0.43006,0.38798,63532,-4.0811e+05,-321.67,321.67
0.448,0.432,-1.8228,-0.67669,-1.5738e+05,-1.1253e+06,6796,6796
0.448,0.416,-3.7877,-2.4099,-3.5149e+05,-1.3681e+06,18385,18385
0.448,0.4,-4.5888,1.4905,-3.2023e+05,-1.3213e+06,45311,45311
0.448,0.384,-2.5411,2.7339,-1.2066e+06,-2.7672e+06,83030,83030
0.448,0.368,-18.576,-6.7276,-2.2739e+06,-2.5392e+06,1.1414e+05,1.1414e+05
0.448,0.352,-6.0698,5.237,-1.3699e+06,-1.1944e+06,1.1692e+05,1.1692e+05
0.448,0.336,1.1384,7.5911,1.6783e+06,1.6215e+06,1.0034e+05,1.0034e+05
0.448,0.32,1.837,5.1848,1.9229e+06,5.0666e+05,81129,81129
0.448,0.304,0.69048,6.8097,1.0903e+06,-6.616e+05,1.0566e+05,1.0566e+05
0.448,0.288,-15.501,0.94813,-3.2692e+06,-8.8157e+05,1.4388e+05,1.4388e+05
0.448,0.272,-3.9103,4.3951,-4.6174e+06,6.5014e+05,1.6589e+05,1.6589e+05
0.448,0.256,-11.732,7.2116,-7.0629e+06,1.3462e+06,1.4875e+05,1.4875e+05
0.448,0.24,-92.325,23.866,-8.4136e+06,-31958,1.2801e+05,1.2801e+05
0.448,0.224,-86.107,26.425,-1.1636e+07,-1.9483e+06,1.0237e+05,1.0237e+05
0.448,0.208,-73.514,19.335,-8.852e+06,-3.54e+06,60864,60864
0.448,0.192,-44.844,5.9098,-5.2669e+06,-3.9352e+06,56046,56046
0.448,0.176,-15.098,-8.9909,1.5855e+06,-3.278e+06,96456,96456
0.448,0.16,0.83542,8.3287,5.5223e+06,-1.9467e+06,1.474e+05,1.474e+05
0.448,0.144,0.92591,6.9722,5.9853e+06,-22460,1.3177e+05,1.3177e+05
0.448,0.128,1.9147,6.9873,2.8388e+06,6.7452e+05,76685,76685
0.448,0.112,3.9507,6.84,1.3763e+06,8.9411e+05,34421,34421
0.448,0.096,3.7278,7.4569,6.5135e+05,8.0826e+05,20888,20888
0.448,0.08,0.41857,7.8545,-1.1855e+05,3.8568e+05,22058,22058
0.448,0.064,-0.56041,6.882,-5.4683e+05,9.9334e+05,20630,20630
0.448,0.048,-2.7145,13.663,-4.4557e+05,8.9966e+05,13283,13283
0.448,0.032,0.3606,52.647,-2.6253e+05,8.9399e+05,6930.6,6930.6
0.448,0.016,-16.42,38.669,0,0,2491.4,2491.4
0.464,0.496,-1.9947,0.63297,20266,1626,-216,216
0.464,0.48,-0.93455,1.4134,18580,-11602,-1251.9,1251.9
0.464,0.464,-1.056,0.8084,45805,70540,-1075.1,1075.1
0.464,0.448,-1.6162,-1.0689,-1.3036e+05,-3.9874e+05,74.752,74.752
0.464,0.432,-6.9654,-17.509,-1.7868e+05,-9.2836e+05,5895.6,5895.6
0.464,0.416,-9.5557,-20.878,-4.3266e+05,-1.5823e+06,16258,16258
0.464,0.4,-3.5361,0.0032963,-8.0098e+05,-2.4558e+06,44156,44156
0.464,0.384,-12.187,-11.976,-2.7767e+06,-5.5974e+06,82758,82758
0.464,0.368,-32.423,-17.636,-4.8363e+06,-6.3976e+06,1.2442e+05,1.2442e+05
0.464,0.352,-55.012,7.8538,-5.7232e+06,-4.968e+06,1.3425e+05,1.3425e+05
0.464,0.336,-6.0459,12.413,-3.3216e+06,-1.0289e+06,1.1982e+05,1.1982e+05
0.464,0.32,0.29893,8.1902,-2.0564e+06,-7.7114e+05,88945,88945
0.464,0.304,-39.002,7.2003,-8.9784e+05,-1.5121e+06,1.0178e+05,1.0178e+05
0.464,0.288,-123.07,46.051,-5.2015e+06,-1.3308e+06,1.3564e+05,1.3564e+05
0.464,0.272,-84.438,22.978,-7.2824e+06,1.6451e+06,1.5558e+05,1.5558e+05
0.464,0.256,-82.226,35.483,-8.6941e+06,2.5831e+06,1.3694e+05,1.3694e+05
0.464,0.24,-95.291,10.579,-9.6599e+06,-8.0712e+05,97576,97576
0.464,0.224,-188.35,230.73,-1.3135e+07,-2.2057e+06,61199,61199
0.464,0.208,-177.29,-202.02,-1.1451e+07,-4.9427e+06,27906,27906
0.464,0.192,-51.886,0.27165,-9.1226e+06,-6.5436e+06,39640,39640
0.464,0.176,-37.324,-7.088,-2.1277e+06,-5.4669e+06,87439,87439
0.464,0.16,0.055887,3.2088,9.7049e+05,-3.1023e+06,1.2341e+05,1.2341e+05
0.464,0.144,-1.1612,2.3581,3.3616e+06,66236,1.0246e+05,1.0246e+05
0.464,0.128,-0.47966,2.9569,8.7781e+05,2.456e+05,53289,53289
0.464,0.112,-0.65839,1.1681,2.9725e+05,3.7606e+05,24474,24474
0.464,0.096,0.44991,4.419,1.0166e+05,3.5125e+05,22356,22356
0.464,0.08,0.80932,4.5523,-27837,8372.8,25239,25239
0.464,0.064,-0.36394,9.197,-4.3193e+05,9.5419e+05,23443,23443
0.464,0.048,-4.2938,50.835,-3.5515e+05,8.5946e+05,13703,13703
0.464,0.032,-88.971,276.65,-2.7599e+05,1.1485e+06,7365.3,7365.3
0.464,0.016,-102.43,508.3,0,0,2326,2326
0.48,0.496,-1.2161,0.36265,-6541.2,-5760.6,17.379,17.379
0.48,0.48,-1.2064,0.3896,-11658,-11310,-384.89,384.89
0.48,0.464,-0.66159,1.5987,30101,80861,-396.6,396.6
0.48,0.448,-0.31155,0.35385,-1.0252e+05,-3.7929e+05,-641.84,641.84
0.48,0.432,-0.61892,-0.42411,-1.5168e+05,-7.6445e+05,2079,2079
0.48,0.416,-0.93122,-0.27972,-4.0201e+05,-1.3759e+06,7209.8,7209.8
0.48,0.4,-12.988,-16.873,-8.1933e+05,-2.2326e+06,20954,20954
0.48,0.384,-19.025,-29.53,-2.454e+06,-5.0044e+06,32473,32473
0.48,0.368,-44.942,-38.872,-4.4763e+06,-5.8736e+06,55897,55897
0.48,0.352,-48.352,-21.088,-5.9173e+06,-4.9186e+06,78846,78846
0.48,0.336,-86.048,-26.624,-4.1467e+06,-1.5306e+06,88714,88714
0.48,0.32,-69.332,-8.3983,-3.0682e+06,-1.328e+06,73283,73283
0.48,0.304,-183.72,99.989,-1.0945e+06,-1.2192e+06,66775,66775
0.48,0.288,-146.27,113.76,-4.8944e+06,-9.6185e+05,80598,80598
0.48,0.272,-270.98,-79.983,-6.7425e+06,2.2693e+06,90452,90452
0.48,0.256,-184.41,60.265,-6.7425e+06,2.2693e+06,79598,79598
0.48,0.24,-443.85,415.99,-5.597e+06,-2.4683e+05,46787,46787
0.48,0.224,-56.86,-2.9384,-2.8604e+06,-2.0112e+06,20273,20273
0.48,0.208,-211.92,-43.008,-4.3632e+06,-3.0357e+06,4807,4807
0.48,0.192,-101.32,-18.705,-4.6152e+06,-4.9338e+06,31406,31406
0.48,0.176,-47.516,-13.265,-2.1974e+06,-3.5914e+06,70338,70338
0.48,0.16,-9.8529,8.9628,-6.984e+05,-2.5176e+06,84676,84676
0.48,0.144,1.04,0.60084,1.2534e+06,-22870,57806,57806
0.48,0.128,1.2435,0.56424,98367,-1.3936e+05,23506,23506
0.48,0.112,0.18513,1.3882,21348,53842,8073.8,8073.8
0.48,0.096,1.5528,0.52817,-6487.9,1.2374e+05,10018,10018
0.48,0.08,0.66307,1.6262,38749,-72526,13061,13061
0.48,0.064,0.64043,-0.38704,-1.2872e+05,9.3688e+05,13385,13385
0.48,0.048,-16.227,127.49,-1.2859e+05,8.6032e+05,8720.3,8720.3
0.48,0.032,74.931,243.56,-1.4408e+05,1.1032e+06,4582.2,4582.2
0.48,0.016,-131.35,212.07,0,0,1737.7,1737.7
0.496,0.496,-1.771,-0.32842,-2750,-2334.7,16.048,16.048
0.496,0.48,-1.6707,-0.22218,1767.8,7955.5,-163.16,163.16
0.496,0.464,-1.282,2.3999,9611.3,7797.1,-501.22,501.22
0.496,0.448,6.2507,-1.2383,47365,82817,-1107,1107
0.496,0.432,-1.911,-0.93299,1.3747e+05,2.4521e+05,-307.82,307.82
0.496,0.416,-2.5945,-0.25735,-89575,-2.298e+05,1271.6,1271.6
0.496,0.4,-120.6,-399.81,-5.0529e+05,-1.2369e+06,4542,4542
0.496,0.384,-27.32,-39.754,-1.6084e+06,-2.9942e+06,2506.3,2506.3
0.496,0.368,-1.0509,2.5286,-2.4958e+06,-3.9203e+06,7093.3,7093.3
0.496,0.352,1.0224,2.6026,-4.0652e+06,-3.574e+06,22916,22916
0.496,0.336,-435.03,-189.49,-4.6524e+06,-2.3513e+06,38893,38893
0.496,0.32,-90.769,134.93,-3.9891e+06,-1.0689e+06,37196,37196
0.496,0.304,-177.98,-59.194,-2.0517e+06,-4.654e+05,27372,27372
0.496,0.288,0.77424,0.86745,0,0,22581,22581
0.496,0.272,1.1891,12.059,0,0,17755,17755
0.496,0.256,-47.13,-207.49,0,0,15250,15250
0.496,0.24,-23.099,23.059,-1.6345e+06,-1.1493e+06,136.84,136.84
0.496,0.224,-16.482,50.752,-1.6345e+06,-1.1493e+06,-6225.8,6225.8
0.496,0.208,-4.7768,5.0054,-1.6345e+06,-1.1493e+06,-8785.2,8785.2
0.496,0.192,-72.703,-1.9161,-1.3888e+06,-1.6449e+06,15597,15597
0.496,0.176,-66.799,-33.185,-8.9791e+05,-1.443e+06,39733,39733
0.496,0.16,-28.233,-3.5434,-6.7002e+05,-1.3454e+06,42353,42353
0.496,0.144,-7.5254,4.3668,4.2936e+05,-69480,24117,24117
0.496,0.128,-0.84733,0.91738,1.3698e+05,-57728,7278,7278
0.496,0.112,-0.25795,1.8721,25928,27765,1421.1,1421.1
0.496,0.096,0.57357,-2.1977,-795.91,44888,2867.2,2867.2
0.496,0.08,1.3666,0.76875,50666,-3.0457e+05,3911.2,3911.2
0.496,0.064,0.57562,-0.97821,37784,-3.6829e+05,3923.7,3923.7
0.496,0.048,-19.479,161.13,46231,-3.8367e+05,1934.5,1934.5
0.496,0.032,20.192,560.52,0,0,648.34,648.34
0.496,0.016,-24.319,259.98,0,0,262.38,262.38
