0.016,0.496,-0.69278,2.6767,-2707.3,-32586,460.42,460.42
0.016,0.48,-1.3845,3.2076,13501,-64345,399.7,399.7
0.016,0.464,-1.4083,2.4112,-9520.5,-49944,2331.7,2331.7
0.016,0.448,0.86982,1.1133,-7121.7,-24008,823.58,823.58
0.016,0.432,0.76478,3.1396,-39054,3862.6,-4330.2,4330.2
0.016,0.416,4.2986,0.42732,-25794,-9865.9,-11417,11417
0.016,0.4,2.8853,-0.026604,-30657,-1994.5,-14749,14749
0.016,0.384,4.4231,-0.70689,-16741,2052,-13182,13182
0.016,0.368,6.0855,-1.2903,-6738.6,275.73,-11368,11368
0.016,0.352,4.2148,0.16715,-2991.6,-700,-10809,10809
0.016,0.336,6.0148,0.17864,-1185.9,-678.9,-6966.1,6966.1
0.016,0.32,3.5008,0.51744,-123.37,-1440.2,-2830.2,2830.2
0.016,0.304,0.1168,0.83441,-1846.9,-2058.1,1959.8,1959.8
0.016,0.288,0.57706,-0.14693,-5157.5,-941.19,1986.8,1986.8
0.016,0.272,1.5959,-1.4215,-7163.4,2752.3,1714.2,1714.2
0.016,0.256,0.39729,0.40246,-7212.6,4123.2,1856.5,1856.5
0.016,0.24,2.6746,1.5554,-20604,2485.3,2410.9,2410.9
0.016,0.224,7.268,0.4177,-20841,1246.9,2418.7,2418.7
0.016,0.208,6.1051,-0.06828,-15046,409.27,1562.3,1562.3
0.016,0.192,0.72807,0.2226,5582.5,713.33,531.62,531.62
0.016,0.176,-0.9632,-0.78305,7002.2,1404.9,-549.48,549.48
0.016,0.16,-0.64331,-1.0783,5253.6,6186.5,-939.22,939.22
0.016,0.144,-0.99668,0.62065,1108.6,6544.7,-545.04,545.04
0.016,0.128,2.0817,-1.9628,-653.3,5739.9,-85.316,85.316
0.016,0.112,5.7425,-0.089938,-10734,-12629,4.876,4.876
0.016,0.096,1.463,4.1904,-18387,-12341,94.26,94.26
0.016,0.08,5.9265,-0.68963,-18046,-14001,608.43,608.43
0.016,0.064,7.708,0.11128,35717,-59075,1338,1338
0.016,0.048,1.8348,0.044285,43592,-59684,1245.4,1245.4
0.016,0.032,2.1161,0.40511,44532,-58500,751.41,751.41
0.016,0.016,0.70929,0.37681,0,0,208.45,208.45
0.032,0.496,0.57612,4.8311,-4735.2,-68870,661.22,661.22
0.032,0.48,0.4089,2.8902,-2568.5,-1.0894e+05,834.44,834.44
0.032,0.464,1.1954,1.0615,-47027,-77755,983.08,983.08
0.032,0.448,-0.043822,2.1793,-21565,-30901,433.14,433.14
0.032,0.432,0.18706,1.4922,-43376,8913.4,120.19,120.19
0.032,0.416,-0.45838,-0.52379,-20617,-18355,-535.99,535.99
0.032,0.4,-0.39737,-0.078287,-62491,-4449.9,-763.34,763.34
0.032,0.384,-0.22584,0.30295,-39211,-1536.6,-658.85,658.85
0.032,0.368,-0.057411,0.083382,-15730,-13351,-253.97,253.97
0.032,0.352,0.091645,-0.0046877,5161.7,-4487.3,29.05,29.05
0.032,0.336,-0.035637,0.27945,-2827.9,-3026.1,58.681,58.681
0.032,0.32,0.035204,-0.16526,-8718.5,2205.5,22.434,22.434
0.032,0.304,-0.072989,-0.35939,-9371.4,1510,116.81,116.81
0.032,0.288,-0.44505,-0.19718,-4528.6,44.034,22.721,22.721
0.032,0.272,-0.2623,-0.37496,-4814.2,8803,-109.08,109.08
0.032,0.256,-0.12223,0.14298,-12508,-4.8366,-477.25,477.25
0.032,0.24,-0.47462,0.62732,-35573,-1464,-655.42,655.42
0.032,0.224,-0.30743,-0.15946,-34767,-7701.1,-672.8,672.8
0.032,0.208,0.24889,-0.48131,-20191,-10496,-393.75,393.75
0.032,0.192,0.59127,-0.27006,2152.5,-2361.8,-63.591,63.591
0.032,0.176,0.40667,-0.21101,-3013.1,-286.2,89.906,89.906
0.032,0.16,-0.085567,0.12731,-16874,9314.4,-15.714,15.714
0.032,0.144,-0.51561,0.44441,-26740,4371.3,-231.8,231.8
0.032,0.128,-0.02372,-0.24832,-26474,2729.1,-480.5,480.5
0.032,0.112,-0.051105,0.028887,-44931,-21031,-663.17,663.17
0.032,0.096,-0.58581,0.055107,-51910,-33832,-676.04,676.04
0.032,0.08,-0.20331,0.026166,-33463,-39452,-214.53,214.53
0.032,0.064,0.1667,-0.10484,28028,-44622,390.66,390.66
0.032,0.048,2.5032,-0.35385,45105,-36207,755.15,755.15
0.032,0.032,1.3033,2.9328,35147,-30875,532.3,532.3
0.032,0.016,0.15872,-3.4179,0,0,332.44,332.44
0.048,0.496,0.62409,4.6998,-5327.1,-77478,958.89,958.89
0.048,0.48,0.53283,3.215,-27112,-1.2137e+05,1707.4,1707.4
0.048,0.464,-0.16728,2.6633,-64158,-1.2817e+05,2483.3,2483.3
0.048,0.448,-0.79881,3.233,-37637,-61604,2541.1,2541.1
0.048,0.432,0.54923,1.8989,-40326,-24212,2347,2347
0.048,0.416,-0.47483,0.98142,-27383,-14165,1520.3,1520.3
0.048,0.4,-1.4538,0.035211,-64756,-8039.1,859.19,859.19
0.048,0.384,-1.4329,-0.36458,-37047,-176.58,1271.2,1271.2
0.048,0.368,-0.24814,0.78237,-13469,-16233,1680,1680
0.048,0.352,0.096818,0.16887,10190,-4519.7,2058.4,2058.4
0.048,0.336,-0.33152,-0.47684,1905.9,-5923,1482.3,1482.3
0.048,0.32,-0.77115,-0.067784,-3952.7,5057.8,1510.5,1510.5
0.048,0.304,-0.81315,-0.55683,3524.6,-5733.1,1631.3,1631.3
0.048,0.288,-0.25809,-0.37511,31241,-26503,1492.9,1492.9
0.048,0.272,-0.17498,-0.14468,35433,-19495,493.07,493.07
0.048,0.256,-0.96267,0.57324,20704,-19668,-579.67,579.67
0.048,0.24,-1.026,-0.51798,-26620,-2874.9,-1125.5,1125.5
0.048,0.224,-0.61918,-0.75207,-33256,-11083,-877.56,877.56
0.048,0.208,0.053077,-1.2197,-21014,-12618,-431.31,431.31
0.048,0.192,0.33794,-1.0428,584.42,-3209.5,-164.4,164.4
0.048,0.176,-0.24517,0.72949,-2841.9,780.61,87.729,87.729
0.048,0.16,-1.2069,-0.030868,-14173,8856.8,88.691,88.691
0.048,0.144,-1.4448,-0.25142,-19412,2164.6,-115.33,115.33
0.048,0.128,-1.2779,0.11662,-18751,415.46,-567.82,567.82
0.048,0.112,-1.1082,-0.3406,-39161,-16578,-891.31,891.31
0.048,0.096,-1.269,-1.0039,-50350,-31455,-570.63,570.63
0.048,0.08,0.00013403,-0.70431,-28879,-34820,2.6356,2.6356
0.048,0.064,1.1535,0.4175,-39362,13722,539.31,539.31
0.048,0.048,0.32836,2.1831,-22297,25021,521.49,521.49
0.048,0.032,-0.65175,4.8112,-36291,28420,291.41,291.41
0.048,0.016,-0.8369,-5.9606,0,0,294.4,294.4
0.064,0.496,1.2812,5.1084,-2607.3,-46651,747.08,747.08
0.064,0.48,1.1839,3.3536,-42482,-90344,1562.2,1562.2
0.064,0.464,0.11286,3.7967,-57420,-1.3595e+05,2859,2859
0.064,0.448,1.2833,1.8388,-53216,-95078,3960.8,3960.8
0.064,0.432,0.48836,1.8791,-27627,-59877,4882.9,4882.9
0.064,0.416,-0.44851,0.59765,-32312,-17820,4814,4814
0.064,0.4,-0.72872,0.023767,-50625,-14206,4288.2,4288.2
0.064,0.384,-0.1575,-0.29369,-38392,-28277,3569.7,3569.7
0.064,0.368,0.26967,0.75006,-11545,-68462,3508.3,3508.3
0.064,0.352,-0.14559,0.14319,8867.1,3488.8,3607.8,3607.8
0.064,0.336,-0.40884,-0.24443,-1871.3,23997,3893.8,3893.8
0.064,0.32,-0.48616,0.0035643,-29440,41920,4151.2,4151.2
0.064,0.304,-0.35795,0.10794,34255,-42118,4416.1,4416.1
0.064,0.288,0.18843,-0.29781,-1.1426e+05,1.5079e+05,3844.5,3844.5
0.064,0.272,0.66638,-0.2882,-1.4042e+05,1.5806e+05,2183.1,2183.1
0.064,0.256,0.33243,0.039684,-1.9451e+05,1.8823e+05,67.658,67.658
0.064,0.24,-0.17943,-0.18914,-47266,-13023,-948.62,948.62
0.064,0.224,0.11421,0.098066,-7181.9,-5173.2,-990.87,990.87
0.064,0.208,0.34043,-0.18504,-12131,-22219,-464.37,464.37
0.064,0.192,-0.11623,-0.14229,-16064,-14441,-374.46,374.46
0.064,0.176,-0.037258,0.32058,-23076,-18169,-205.4,205.4
0.064,0.16,0.006565,-0.2589,-28379,-8025.4,97.376,97.376
0.064,0.144,-0.18322,-0.28858,-33571,-11567,137.17,137.17
0.064,0.128,0.29907,0.013916,-21593,-3214.5,-23.513,23.513
0.064,0.112,0.085764,0.082555,-37967,-7654.4,-346.35,346.35
0.064,0.096,-0.75991,-0.051103,-29422,-30671,233.36,233.36
0.064,0.08,0.64086,-0.16831,-29196,8412,900.54,900.54
0.064,0.064,0.47122,0.98518,-98756,1.1827e+05,1251.1,1251.1
0.064,0.048,-2.3858,3.2895,-92972,1.3774e+05,791.11,791.11
0.064,0.032,-1.247,2.8571,-95067,94594,238.95,238.95
0.064,0.016,-0.74853,-3.2421,0,0,122.57,122.57
0.08,0.496,1.6423,7.6754,0,0,608.99,608.99
0.08,0.48,1.9665,3.9647,-39373,-88802,1248.9,1248.9
0.08,0.464,2.0944,3.9974,-52561,-1.7489e+05,2555.8,2555.8
0.08,0.448,1.7226,3.5741,-75349,-1.807e+05,3935.7,3935.7
0.08,0.432,0.15371,2.4764,-63111,-1.5781e+05,5694.6,5694.6
0.08,0.416,-0.35921,0.82452,-65450,-1.2372e+05,6905.8,6905.8
0.08,0.4,-1.3466,0.40786,-35090,-86085,7022.7,7022.7
0.08,0.384,-0.32704,-1.0703,-38475,-40425,6484.6,6484.6
0.08,0.368,0.62844,-0.091708,-34426,-34391,5330,5330
0.08,0.352,0.76657,-0.3399,-27543,17104,5343.9,5343.9
0.08,0.336,-0.0013697,2.6717,-9808.7,-37.085,5680.1,5680.1
0.08,0.32,-0.77882,0.60764,-10056,9097.1,6774.3,6774.3
0.08,0.304,-0.4665,-0.9872,46348,-41710,6648.2,6648.2
0.08,0.288,2.2565,0.0049543,-1.1421e+05,1.667e+05,5405.5,5405.5
0.08,0.272,-8.5157,9.5297,-1.4456e+05,1.5078e+05,2656.7,2656.7
0.08,0.256,-2.3783,-0.47154,-2.0331e+05,1.8335e+05,147.16,147.16
0.08,0.24,-0.24875,0.89297,-59114,-12962,-1374,1374
0.08,0.224,0.1766,0.70991,-24217,12653,-1508.5,1508.5
0.08,0.208,0.52227,0.83624,-16339,55356,-1240.4,1240.4
0.08,0.192,0.46342,0.86585,-6664.1,30003,-1209.1,1209.1
0.08,0.176,0.31657,0.69443,-16799,16307,-932.37,932.37
0.08,0.16,-0.46583,-0.54219,-22007,-38173,-334.91,334.91
0.08,0.144,-0.87263,-0.25468,-17576,-18558,365.48,365.48
0.08,0.128,-1.0983,0.17036,2668.5,-759.87,812.61,812.61
0.08,0.112,-0.042777,0.9466,3469,-18338,1066,1066
0.08,0.096,-0.22642,-1.2125,13641,-47259,1719.2,1719.2
0.08,0.08,0.8738,-0.51746,-9360.7,-1822.7,2284.3,2284.3
0.08,0.064,-0.068652,2.4217,-1.0846e+05,1.3708e+05,2379,2379
0.08,0.048,-0.91176,2.4206,-1.1671e+05,1.6744e+05,1747,1747
0.08,0.032,-2.3985,3.6218,-1.0104e+05,1.1634e+05,800.77,800.77
0.08,0.016,-1.5236,-0.64687,0,0,269.09,269.09
0.096,0.496,2.0478,6.9158,0,0,421.33,421.33
0.096,0.48,2.32,4.321,-10819,-1.0127e+05,621.28,621.28
0.096,0.464,1.5945,4.3627,-66575,-1.3491e+05,1635.3,1635.3
0.096,0.448,1.1909,4.437,-52796,-2.1774e+05,2672.1,2672.1
0.096,0.432,2.7594,1.9168,-50568,-2.2168e+05,4875.5,4875.5
0.096,0.416,1.9922,1.5916,-10176,-2.9754e+05,5523.1,5523.1
0.096,0.4,1.4727,-0.3573,-3221.7,-2.6221e+05,5361.1,5361.1
0.096,0.384,1.7891,0.75474,-20452,-2.0255e+05,3653.2,3653.2
0.096,0.368,0.6834,2.496,-16009,-1.301e+05,2884.1,2884.1
0.096,0.352,-0.075594,2.9561,-32887,-14616,3092.6,3092.6
0.096,0.336,0.21711,1.0815,-12306,-10822,4617.4,4617.4
0.096,0.32,-0.24949,0.82652,-35728,18853,5821.7,5821.7
0.096,0.304,-0.34106,1.6356,30668,-19522,5283.7,5283.7
0.096,0.288,-0.50084,1.6944,-1.4286e+05,2.0234e+05,3194.1,3194.1
0.096,0.272,-0.31567,1.5167,-1.7083e+05,1.8157e+05,717.8,717.8
0.096,0.256,0.31018,0.79407,-2.4473e+05,2.0428e+05,-865.1,865.1
0.096,0.24,-0.017421,1.2971,-1.21e+05,-10137,-1760.9,1760.9
0.096,0.224,-1.199,1.488,-1.0254e+05,-17805,-2404,2404
0.096,0.208,-0.21151,0.76163,-1.1663e+05,63370,-2621.3,2621.3
0.096,0.192,1.3183,3.5241,-79434,33451,-2754.1,2754.1
0.096,0.176,0.7263,0.87237,-72305,16671,-2141.6,2141.6
0.096,0.16,0.54058,-0.71025,-1222.7,-65728,-1136.6,1136.6
0.096,0.144,-0.080648,0.17786,15920,-61929,-67.255,67.255
0.096,0.128,-0.18613,0.022685,32362,-22119,1143.5,1143.5
0.096,0.112,0.51108,-0.041579,29687,-1.1704e+05,2250.7,2250.7
0.096,0.096,0.93567,-1.6565,23338,-1.2009e+05,3330.7,3330.7
0.096,0.08,1.0347,-0.91954,4639.1,-70073,4226.4,4226.4
0.096,0.064,0.25635,0.72117,-59663,1.7934e+05,4361.7,4361.7
0.096,0.048,-0.30479,3.0692,-56222,2.0905e+05,3717.7,3717.7
0.096,0.032,-0.45308,4.9959,-35818,1.6062e+05,2021.5,2021.5
0.096,0.016,-0.32231,-0.52476,0,0,607.49,607.49
0.112,0.496,2.9398,5.0159,0,0,660.47,660.47
0.112,0.48,2.2416,5.778,23177,-2.3831e+05,689.88,689.88
0.112,0.464,2.4461,5.139,-50303,-2.459e+05,1676.2,1676.2
0.112,0.448,2.5788,4.6618,-39585,-2.8648e+05,2223.2,2223.2
0.112,0.432,4.3345,3.9849,-77262,-2.2832e+05,3135.5,3135.5
0.112,0.416,2.5828,4.3258,-26501,-3.356e+05,2246.5,2246.5
0.112,0.4,3.0112,3.1606,-11466,-3.56e+05,949.9,949.9
0.112,0.384,2.3151,2.1592,-13755,-3.1205e+05,394.68,394.68
0.112,0.368,1.3709,2.6084,-832.23,-2.4472e+05,1501,1501
0.112,0.352,1.2965,2.5336,-16130,-98062,2041.2,2041.2
0.112,0.336,-0.36177,3.0938,755.29,-10807,2430.5,2430.5
0.112,0.32,-0.53081,2.8548,-39664,62440,2805.5,2805.5
0.112,0.304,-1.0633,2.725,-40595,89413,2048.8,2048.8
0.112,0.288,-0.84565,1.3521,-30565,62858,592.35,592.35
0.112,0.272,-0.0069766,0.4624,61966,-89452,-992.59,992.59
0.112,0.256,0.58162,1.6293,94273,-2.4071e+05,208.64,208.64
0.112,0.24,1.957,2.1007,26482,-2.7706e+05,886.79,886.79
0.112,0.224,2.432,1.9506,-71187,-1.7428e+05,-465.73,465.73
0.112,0.208,2.0416,1.4167,-1.59e+05,31491,-2680.9,2680.9
0.112,0.192,0.30762,3.127,-1.1663e+05,32195,-3946.9,3946.9
0.112,0.176,-0.17684,1.6197,-1.0802e+05,7309,-3050.9,3050.9
0.112,0.16,1.1345,-1.4394,-7574,-71675,-1713.5,1713.5
0.112,0.144,2.7148,1.0632,10493,-52347,-157.71,157.71
0.112,0.128,2.4397,0.22001,-11642,-40808,998.41,998.41
0.112,0.112,1.344,-0.12652,-18307,-1.7421e+05,2616.3,2616.3
0.112,0.096,1.7095,-2.832,-26443,-1.8226e+05,4016.9,4016.9
0.112,0.08,-0.43589,-0.11083,6185.2,-1.2179e+05,5479.8,5479.8
0.112,0.064,0.13383,0.94248,-51317,2.3489e+05,5602.8,5602.8
0.112,0.048,-0.13412,5.056,-38230,2.5533e+05,4698.7,4698.7
0.112,0.032,0.95879,6.662,-26479,2.295e+05,2542.5,2542.5
0.112,0.016,1.1357,-0.81956,0,0,783.63,783.63
0.128,0.496,2.4304,4.5263,0,0,592.26,592.26
0.128,0.48,3.1151,6.3325,44510,-2.2563e+05,891.76,891.76
0.128,0.464,4.4079,3.2706,-34722,-3.5935e+05,2471.5,2471.5
0.128,0.448,2.4474,6.3067,-2.8391,-4.1771e+05,1834.3,1834.3
0.128,0.432,1.9175,6.2725,-25524,-3.6284e+05,1263.1,1263.1
0.128,0.416,2.3859,6.5003,12975,-3.956e+05,-1825,1825
0.128,0.4,2.4812,7.0229,-5405.5,-4.174e+05,-2997.5,2997.5
0.128,0.384,1.8945,5.213,-48976,-4.232e+05,-2400.4,2400.4
0.128,0.368,1.2133,3.8826,-82840,-3.693e+05,-693.38,693.38
0.128,0.352,0.49705,1.0031,-1.393e+05,-1.2672e+05,-1286.7,1286.7
0.128,0.336,-0.21751,3.1717,-1.383e+05,1.2325e+05,-3566.4,3566.4
0.128,0.32,-0.72786,4.7427,-1.7743e+05,2.7774e+05,-4399.4,4399.4
0.128,0.304,-1.9032,3.9224,-1.6479e+05,3.1748e+05,-4396.6,4396.6
0.128,0.288,-1.936,3.9533,-1.0578e+05,3.0675e+05,-4105.1,4105.1
0.128,0.272,-1.8412,2.7221,1.2077e+05,58593,-2282.6,2282.6
0.128,0.256,2.1067,2.2895,3.0467e+05,-3.0577e+05,2710.4,2710.4
0.128,0.24,4.6884,1.6352,2.8022e+05,-5.5761e+05,7164.8,7164.8
0.128,0.224,3.9473,2.0719,1.3609e+05,-4.7527e+05,5959.2,5959.2
0.128,0.208,3.7808,2.9735,-82624,-1.9176e+05,1779.6,1779.6
0.128,0.192,1.6698,2.0328,-87362,-94790,-2720.6,2720.6
0.128,0.176,0.1002,0.97981,-72072,-82673,-3416.8,3416.8
0.128,0.16,-0.35413,-0.35221,48697,-1.0122e+05,-2478.3,2478.3
0.128,0.144,1.3042,1.0584,1.0689e+05,-1.1461e+05,-800.56,800.56
0.128,0.128,1.8566,2.0665,1.1654e+05,-1.0744e+05,432.56,432.56
0.128,0.112,2.4303,0.72559,1.3035e+05,-2.3036e+05,2059.1,2059.1
0.128,0.096,2.6145,-0.92765,42269,-1.9198e+05,4184.8,4184.8
0.128,0.08,0.39958,0.46198,-36493,-90977,5669,5669
0.128,0.064,-0.068423,2.0081,-1.1108e+05,2.5427e+05,5583.3,5583.3
0.128,0.048,-0.16642,4.7461,-67646,2.6763e+05,4043.5,4043.5
0.128,0.032,-0.2175,4.6791,-17744,2.1181e+05,2039.7,2039.7
0.128,0.016,0.091838,-0.96266,0,0,554.85,554.85
0.144,0.496,4.3081,5.861,0,0,489.13,489.13
0.144,0.48,3.6511,5.7914,61250,-2.6571e+05,1971.7,1971.7
0.144,0.464,2.6938,8.3046,164.89,-5.7035e+05,5812.6,5812.6
0.144,0.448,3.3568,8.6464,-1.2343e+05,-5.7304e+05,8420.8,8420.8
0.144,0.432,3.1405,7.9499,-1.8288e+05,-4.7663e+05,9843.6,9843.6
0.144,0.416,2.3682,8.4991,-1.2954e+05,-4.4528e+05,7928.5,7928.5
0.144,0.4,1.8426,9.082,-62720,-4.1073e+05,5674.4,5674.4
0.144,0.384,1.7678,7.0342,-1.4307e+05,-2.8656e+05,7317.6,7317.6
0.144,0.368,-0.094801,6.9073,-3.3847e+05,-62625,6948.5,6948.5
0.144,0.352,-1.7894,7.1522,-5.6432e+05,3.7555e+05,1947.2,1947.2
0.144,0.336,-1.9726,6.6156,-6.6591e+05,7.3484e+05,-9454,9454
0.144,0.32,-2.289,6.2305,-7.2474e+05,8.9994e+05,-15286,15286
0.144,0.304,-2.8565,6.6072,-5.8941e+05,8.6994e+05,-18617,18617
0.144,0.288,-2.6489,7.1464,-2.1619e+05,5.9723e+05,-16242,16242
0.144,0.272,-1.7363,10.311,4.3164e+05,-1.4912e+05,-10934,10934
0.144,0.256,0.11587,7.4155,8.1256e+05,-8.1646e+05,-772.08,772.08
0.144,0.24,4.6368,3.501,7.6411e+05,-1.1033e+06,5081,5081
0.144,0.224,3.969,2.704,4.0446e+05,-7.5808e+05,2648.8,2648.8
0.144,0.208,3.871,2.2038,92836,-3.6946e+05,-2157.7,2157.7
0.144,0.192,2.3173,2.2332,2206.3,-2.1176e+05,-6075.5,6075.5
0.144,0.176,2.1571,1.1287,-20348,-1.4872e+05,-6958.1,6958.1
0.144,0.16,2.8065,1.8718,42470,-1.8711e+05,-6193.6,6193.6
0.144,0.144,2.2181,1.7655,80691,-1.7103e+05,-4626.8,4626.8
0.144,0.128,3.8498,0.52935,1.1501e+05,-1.5935e+05,-2691.1,2691.1
0.144,0.112,4.6792,2.2173,1.2854e+05,-1.6426e+05,-702.79,702.79
0.144,0.096,3.6688,2.0795,61159,-1.417e+05,1175,1175
0.144,0.08,2.0404,1.9556,-66033,-41847,1543.1,1543.1
0.144,0.064,0.00883,3.4911,-1.5173e+05,1.504e+05,839.33,839.33
0.144,0.048,0.76786,4.5018,-1.2174e+05,1.899e+05,-177.32,177.32
0.144,0.032,2.1284,3.3735,-46104,1.2105e+05,-199.86,199.86
0.144,0.016,1.2989,-1.1071,0,0,-114.41,114.41
0.16,0.496,4.5839,10.27,0,0,144.59,144.59
0.16,0.48,3.3697,13.709,0,0,1767.9,1767.9
0.16,0.464,2.1909,12.931,-1.2278e+05,-6.6928e+05,7300.2,7300.2
0.16,0.448,2.2914,11.696,-2.184e+05,-7.674e+05,12481,12481
0.16,0.432,1.2615,12.024,-1.9712e+05,-6.9341e+05,16326,16326
0.16,0.416,1.2481,12.32,-1.2373e+05,-5.9055e+05,16032,16032
0.16,0.4,2.3783,12.393,-1.8522e+05,-3.6298e+05,15506,15506
0.16,0.384,1.1194,10.55,-3.9199e+05,72493,15717,15717
0.16,0.368,-1.4607,11.855,-7.4375e+05,7.3438e+05,12150,12150
0.16,0.352,-3.3622,15.062,-1.1064e+06,1.5244e+06,1909.5,1909.5
0.16,0.336,-6.3279,16.524,-1.3785e+06,2.0981e+06,-16616,16616
0.16,0.32,-6.7582,14.571,-1.4898e+06,2.2665e+06,-30106,30106
0.16,0.304,-7.3358,13.256,-1.2688e+06,2.093e+06,-40600,40600
0.16,0.288,-4.4271,12.957,-5.7222e+05,1.333e+06,-40641,40641
0.16,0.272,-0.98123,11.978,3.5066e+05,1.7748e+05,-30522,30522
0.16,0.256,1.9573,10.086,8.8479e+05,-7.7444e+05,-7476.1,7476.1
0.16,0.24,1.9959,7.6203,8.4885e+05,-1.1151e+06,7748,7748
0.16,0.224,2.3131,4.8172,4.6756e+05,-9.0485e+05,9478.8,9478.8
0.16,0.208,2.059,1.9473,1.6846e+05,-5.4106e+05,1097.9,1097.9
0.16,0.192,1.7136,4.2778,20139,-3.2672e+05,-5094.2,5094.2
0.16,0.176,1.6301,2.4911,-16334,-2.0447e+05,-6854.4,6854.4
0.16,0.16,1.145,2.662,16268,-2.3721e+05,-8779.8,8779.8
0.16,0.144,2.143,2.7329,48589,-2.7257e+05,-10920,10920
0.16,0.128,1.4755,1.4423,1.2431e+05,-2.5508e+05,-12332,12332
0.16,0.112,1.6969,3.0942,1.7297e+05,-2.5779e+05,-11859,11859
0.16,0.096,2.3034,3.5672,1.0004e+05,-2.0292e+05,-10105,10105
0.16,0.08,2.7039,2.6302,-58942,-99445,-8822.7,8822.7
0.16,0.064,1.401,3.6912,-1.8808e+05,47229,-7146.9,7146.9
0.16,0.048,0.46496,4.0899,-1.4658e+05,1.2301e+05,-4752.2,4752.2
0.16,0.032,1.3448,2.9027,-75233,69573,-2278.9,2278.9
0.16,0.016,3.3664,1.5923,0,0,-656.33,656.33
0.176,0.496,6.3475,23.381,0,0,35.705,35.705
0.176,0.48,6.1937,21.489,0,0,1603,1603
0.176,0.464,1.5548,17.414,NaN,NaN,8148.5,8148.5
0.176,0.448,-0.49482,17.409,-6.8225e+05,-7.0624e+05,20022,20022
0.176,0.432,0.031016,18.956,-5.4649e+05,-7.1018e+05,25724,25724
0.176,0.416,0.31747,18.947,-2.8201e+05,-6.5794e+05,25150,25150
0.176,0.4,0.46425,19.241,-3.011e+05,-3.2981e+05,21582,21582
0.176,0.384,0.19545,19.85,-5.2319e+05,3.4439e+05,16912,16912
0.176,0.368,-1.7888,21.545,-9.448e+05,1.2578e+06,8098.1,8098.1
0.176,0.352,-4.6543,25.17,-1.4324e+06,2.3148e+06,-9925,9925
0.176,0.336,-7.7925,27.17,-1.8448e+06,2.9857e+06,-37418,37418
0.176,0.32,-9.6429,27.906,-2.1421e+06,3.4278e+06,-62506,62506
0.176,0.304,-9.7991,27.233,-1.9448e+06,3.2913e+06,-83901,83901
0.176,0.288,-6.0422,24.31,-1.2585e+06,2.4369e+06,-88096,88096
0.176,0.272,-3.9149,16.073,-4402.4,6.4014e+05,-74305,74305
0.176,0.256,-3.5038,13.02,9.5875e+05,-9.2817e+05,-35306,35306
0.176,0.24,-2.7682,10.801,1.2713e+06,-1.7933e+06,-1840.2,1840.2
0.176,0.224,-0.31062,7.6735,8.6805e+05,-1.7055e+06,12476,12476
0.176,0.208,0.15985,4.9374,4.3091e+05,-1.3499e+06,6613.2,6613.2
0.176,0.192,0.24371,5.0515,1.3823e+05,-9.0832e+05,-1921.8,1921.8
0.176,0.176,1.4657,4.6105,-31772,-5.7354e+05,-4579.5,4579.5
0.176,0.16,1.2481,4.5743,-1.266e+05,-4.3969e+05,-7640.2,7640.2
0.176,0.144,1.1555,5.2895,-2.1293e+05,-3.7235e+05,-14850,14850
0.176,0.128,0.46166,3.3748,-1.5174e+05,-3.5791e+05,-24514,24514
0.176,0.112,1.5548,3.3556,-49969,-4.6267e+05,-30843,30843
0.176,0.096,2.6138,3.7319,-4782.4,-5.5576e+05,-30796,30796
0.176,0.08,2.1985,2.8067,-10788,-6.7851e+05,-25717,25717
0.176,0.064,2.7729,2.9341,-1.1596e+05,-5.693e+05,-18618,18618
0.176,0.048,1.4576,3.915,-87420,-3.3711e+05,-11004,11004
0.176,0.032,1.2025,2.6367,-75561,-1.159e+05,-4562.8,4562.8
0.176,0.016,-0.87043,2.7063,0,0,-1340.5,1340.5
0.192,0.496,3.6963,26.409,0,0,0,0
0.192,0.48,3.5563,25.823,0,0,0,0
0.192,0.464,1.7153,22.013,NaN,NaN,3670.9,3670.9
0.192,0.448,1.1936,23.752,NaN,NaN,17581,17581
0.192,0.432,1.7142,25.655,NaN,NaN,21941,21941
0.192,0.416,1.4121,27.006,NaN,NaN,20936,20936
0.192,0.4,0.26443,26.694,-9.55e+05,2.3816e+05,19226,19226
0.192,0.384,-2.6931,27.591,-9.7541e+05,9.695e+05,12288,12288
0.192,0.368,-7.0951,30.099,-1.1847e+06,1.8913e+06,1522.8,1522.8
0.192,0.352,-12.409,34.834,-1.5888e+06,3.2181e+06,-19376,19376
0.192,0.336,-13.435,33.564,-2.1135e+06,4.1776e+06,-67757,67757
0.192,0.32,-13.673,35.296,-2.4701e+06,4.5703e+06,-1.101e+05,1.101e+05
0.192,0.304,-10.947,33.532,-2.4801e+06,4.6325e+06,-1.433e+05,1.433e+05
0.192,0.288,-9.6164,30.008,-1.9456e+06,3.7978e+06,-1.5334e+05,1.5334e+05
0.192,0.272,-6.8254,26.473,-1.0092e+06,2.2485e+06,-1.3718e+05,1.3718e+05
0.192,0.256,-2.443,21.937,4.1173e+05,-30633,-87546,87546
0.192,0.24,-1.3495,17.006,1.3994e+06,-1.8866e+06,-24225,24225
0.192,0.224,1.2598,10.757,1.5705e+06,-2.7512e+06,17108,17108
0.192,0.208,1.8958,7.7561,1.1223e+06,-2.8617e+06,27896,27896
0.192,0.192,3.0981,5.5944,6.7988e+05,-2.7843e+06,15549,15549
0.192,0.176,3.2841,6.2574,4.1879e+05,-2.5201e+06,8746.2,8746.2
0.192,0.16,2.7655,5.0148,1.7106e+05,-2.1131e+06,2298.2,2298.2
0.192,0.144,2.3258,5.1672,-1.2731e+05,-1.3564e+06,-11361,11361
0.192,0.128,2.0702,6.4269,-2.7634e+05,-8.8632e+05,-28579,28579
0.192,0.112,2.6608,5.8534,-2.2591e+05,-8.8314e+05,-43995,43995
0.192,0.096,3.0334,4.1562,-1.639e+05,-1.0805e+06,-47169,47169
0.192,0.08,2.575,2.1948,-58501,-1.3164e+06,-42799,42799
0.192,0.064,3.3637,1.7998,-1.191e+05,-1.0743e+06,-31265,31265
0.192,0.048,2.3812,2.85,-66446,-6.5136e+05,-18713,18713
0.192,0.032,0.23535,5.3848,-81513,-2.1158e+05,-7834.9,7834.9
0.192,0.016,0.85559,3.125,0,0,-2208.9,2208.9
0.208,0.496,5.4827,30.409,0,0,0,0
0.208,0.48,4.2759,30.905,0,0,0,0
0.208,0.464,1.4867,33.925,NaN,NaN,0,0
0.208,0.448,0.67485,34.39,NaN,NaN,NaN,NaN
0.208,0.432,-0.09811,34.338,NaN,NaN,NaN,NaN
0.208,0.416,-1.8422,35.096,NaN,NaN,12547,12547
0.208,0.4,-1.8576,33.499,NaN,NaN,9518.2,9518.2
0.208,0.384,-5.1332,32.469,NaN,NaN,2972.4,2972.4
0.208,0.368,-10.038,34.612,NaN,NaN,-13608,13608
0.208,0.352,-13.823,36.62,NaN,NaN,-40165,40165
0.208,0.336,-15.501,39.729,NaN,NaN,-1.0301e+05,1.0301e+05
0.208,0.32,-17.118,41.729,-2.7291e+06,5.2708e+06,-1.4768e+05,1.4768e+05
0.208,0.304,-15.965,41.063,-2.7949e+06,5.3842e+06,-1.7553e+05,1.7553e+05
0.208,0.288,-12.306,40.371,-2.5457e+06,4.7716e+06,-1.8332e+05,1.8332e+05
0.208,0.272,-8.8674,36.153,-1.7458e+06,3.4219e+06,-1.7753e+05,1.7753e+05
0.208,0.256,-5.5774,30.221,-4.7213e+05,1.3172e+06,-1.4579e+05,1.4579e+05
0.208,0.24,-2.8689,24.412,1.0804e+06,-1.1875e+06,-86555,86555
0.208,0.224,-0.70077,19.1,1.8602e+06,-2.9933e+06,-18643,18643
0.208,0.208,1.1482,13.463,1.9418e+06,-4.0237e+06,27480,27480
0.208,0.192,3.812,8.3094,1.698e+06,-4.683e+06,37528,37528
0.208,0.176,6.672,7.3418,1.4073e+06,-4.717e+06,27732,27732
0.208,0.16,5.3539,8.4603,1.0779e+06,-4.3178e+06,19556,19556
0.208,0.144,4.4028,7.7648,7.0007e+05,-3.1921e+06,3160.1,3160.1
0.208,0.128,2.582,11.165,4.603e+05,-2.1706e+06,-15085,15085
0.208,0.112,2.3039,12.144,3.3002e+05,-1.4451e+06,-33016,33016
0.208,0.096,2.7386,10.32,69433,-9.3993e+05,-40863,40863
0.208,0.08,2.7331,12.498,-1.5032e+05,-8.3969e+05,-43124,43124
0.208,0.064,2.1385,13.609,-2.3019e+05,-1.2598e+06,-36437,36437
0.208,0.048,0.42112,10.781,-1.3495e+05,-1.1131e+06,-24275,24275
0.208,0.032,1.4283,9.8619,-6656.6,-8.4134e+05,-10873,10873
0.208,0.016,3.3563,5.0104,0,0,-3613.3,3613.3
0.224,0.496,3.9774,38.102,0,0,0,0
0.224,0.48,1.9216,38.652,0,0,0,0
0.224,0.464,0.13544,38.702,NaN,NaN,0,0
0.224,0.448,-2.0974,39.21,NaN,NaN,NaN,NaN
0.224,0.432,-4.2676,37.928,NaN,NaN,NaN,NaN
0.224,0.416,-4.3251,35.242,NaN,NaN,NaN,NaN
0.224,0.4,-3.7585,32.539,NaN,NaN,NaN,NaN
0.224,0.384,-4.7054,32.306,NaN,NaN,NaN,NaN
0.224,0.368,-7.2814,34.083,NaN,NaN,NaN,NaN
0.224,0.352,-10.001,36.422,NaN,NaN,NaN,NaN
0.224,0.336,-10.859,42.051,NaN,NaN,-1.8735e+05,1.8735e+05
0.224,0.32,-12.75,46.529,NaN,NaN,-1.8456e+05,1.8456e+05
0.224,0.304,-14.786,49.086,-3.1691e+06,6.571e+06,-1.5019e+05,1.5019e+05
0.224,0.288,-14.195,48.363,-2.8088e+06,5.4489e+06,-1.2937e+05,1.2937e+05
0.224,0.272,-11.368,44.556,-2.2569e+06,4.3781e+06,-1.1888e+05,1.1888e+05
0.224,0.256,-8.7908,41.075,-1.1761e+06,2.3591e+06,-1.1435e+05,1.1435e+05
0.224,0.24,-5.9715,36.276,2.6356e+05,2.8307e+05,-84077,84077
0.224,0.224,-4.0518,29.752,1.1391e+06,-1.197e+06,-22128,22128
0.224,0.208,-2.0372,24.169,1.725e+06,-2.4026e+06,32388,32388
0.224,0.192,1.4156,20.085,1.8157e+06,-3.4691e+06,58455,58455
0.224,0.176,3.8103,18.664,1.7706e+06,-3.8646e+06,60436,60436
0.224,0.16,3.6784,18.079,1.6402e+06,-3.6896e+06,56642,56642
0.224,0.144,3.9804,20.446,1.3621e+06,-2.5784e+06,43288,43288
0.224,0.128,2.6033,25.973,1.1221e+06,-1.5723e+06,30905,30905
0.224,0.112,-0.20217,29.796,9.4672e+05,-8.894e+05,13353,13353
0.224,0.096,-1.5334,32.445,7.3431e+05,-5.3804e+05,-2173.2,2173.2
0.224,0.08,-2.7553,30.089,5.7125e+05,-6.0937e+05,-20303,20303
0.224,0.064,-1.2496,24.203,6.1672e+05,-1.3858e+06,-26379,26379
0.224,0.048,4.2003,22.236,4.516e+05,-1.2849e+06,-22036,22036
0.224,0.032,6.0912,20.522,3.1246e+05,-9.9153e+05,-10865,10865
0.224,0.016,3.1345,21.064,0,0,-3880.2,3880.2
0.24,0.496,3.1014,42.441,0,0,0,0
0.24,0.48,2.6352,37.411,0,0,0,0
0.24,0.464,1.2019,35.333,NaN,NaN,0,0
0.24,0.448,-3.0038,34.467,NaN,NaN,NaN,NaN
0.24,0.432,-5.856,33.643,NaN,NaN,NaN,NaN
0.24,0.416,-6.128,31.498,NaN,NaN,NaN,NaN
0.24,0.4,-4.5674,30.321,NaN,NaN,NaN,NaN
0.24,0.384,-4.5523,32.284,NaN,NaN,NaN,NaN
0.24,0.368,-4.7687,35.139,NaN,NaN,NaN,NaN
0.24,0.352,-6.0585,37.737,NaN,NaN,NaN,NaN
0.24,0.336,-6.1791,43.601,NaN,NaN,NaN,NaN
0.24,0.32,-8.4483,48.652,NaN,NaN,-1.4225e+05,1.4225e+05
0.24,0.304,-12.169,53.108,NaN,NaN,-79946,79946
0.24,0.288,-13.626,53.439,-3.259e+06,5.2011e+06,-66324,66324
0.24,0.272,-13.339,52.647,-2.5823e+06,4.6309e+06,-1787.2,1787.2
0.24,0.256,-9.9267,51.071,-1.9517e+06,3.2552e+06,39571,39571
0.24,0.24,-6.2268,48.678,-5.8469e+05,1.6006e+06,39253,39253
0.24,0.224,-4.3877,46.325,1.5638e+05,7.1623e+05,39243,39243
0.24,0.208,-2.938,43.754,8.9275e+05,2.7961e+05,40183,40183
0.24,0.192,-0.31898,42.428,1.1429e+06,1.3144e+05,79324,79324
0.24,0.176,2.347,39.83,1.3952e+06,-35438,96273,96273
0.24,0.16,3.7277,41.508,1.5093e+06,3319.2,1.087e+05,1.087e+05
0.24,0.144,3.8259,44.966,1.4879e+06,4.1075e+05,1.0991e+05,1.0991e+05
0.24,0.128,2.2311,46.208,1.4494e+06,1.0064e+06,1.047e+05,1.047e+05
0.24,0.112,2.4753,46.871,1.3541e+06,1.5669e+06,87419,87419
0.24,0.096,2.3471,47.982,1.132e+06,2.0516e+06,63545,63545
0.24,0.08,3.0308,47.265,9.1599e+05,1.8861e+06,30014,30014
0.24,0.064,2.9231,46.331,1.0045e+06,6.6621e+05,3738.8,3738.8
0.24,0.048,2.9347,46.493,7.1811e+05,-1.2924e+05,-11189,11189
0.24,0.032,3.3257,44.828,4.8558e+05,-5.1151e+05,-9037.6,9037.6
0.24,0.016,2.9552,41.377,0,0,-4570.3,4570.3
0.256,0.496,1.3123,42.517,0,0,0,0
0.256,0.48,1.2759,33.782,0,0,0,0
0.256,0.464,-0.6201,30.102,NaN,NaN,0,0
0.256,0.448,-2.828,30.919,NaN,NaN,NaN,NaN
0.256,0.432,-3.3493,30.466,NaN,NaN,NaN,NaN
0.256,0.416,-3.5225,29.793,NaN,NaN,NaN,NaN
0.256,0.4,-3.5259,30.984,NaN,NaN,NaN,NaN
0.256,0.384,-3.5336,33.18,NaN,NaN,NaN,NaN
0.256,0.368,-3.5948,34.578,NaN,NaN,NaN,NaN
0.256,0.352,-4.2175,38.003,NaN,NaN,NaN,NaN
0.256,0.336,-5.3106,42.974,NaN,NaN,NaN,NaN
0.256,0.32,-6.95,47.541,NaN,NaN,NaN,NaN
0.256,0.304,-7.6252,52.677,NaN,NaN,77104,77104
0.256,0.288,-9.9802,56.395,NaN,NaN,80405,80405
0.256,0.272,-11.663,59.139,NaN,NaN,1.3207e+05,1.3207e+05
0.256,0.256,-10.206,59.729,-1.5514e+06,2.6087e+06,1.775e+05,1.775e+05
0.256,0.24,-8.8209,58.8,-8.8542e+05,2.1438e+06,2.1926e+05,2.1926e+05
0.256,0.224,-6.9511,59.189,-6.0259e+05,2.4643e+06,2.3876e+05,2.3876e+05
0.256,0.208,-3.5432,57.987,-95495,2.9218e+06,2.5079e+05,2.5079e+05
0.256,0.192,-1.7882,57.08,2.3273e+05,3.2353e+06,2.6052e+05,2.6052e+05
0.256,0.176,-0.091305,56.311,6.7736e+05,3.3662e+06,2.9465e+05,2.9465e+05
0.256,0.16,-0.31173,56.092,9.6594e+05,3.4121e+06,2.8469e+05,2.8469e+05
0.256,0.144,0.003607,58.88,1.0287e+06,4.1902e+06,2.5358e+05,2.5358e+05
0.256,0.128,1.3554,58.406,1.0306e+06,4.8396e+06,1.9369e+05,1.9369e+05
0.256,0.112,0.52853,60.259,1.1385e+06,5.2525e+06,1.6503e+05,1.6503e+05
0.256,0.096,1.6645,61.587,1.2793e+06,5.2182e+06,1.2617e+05,1.2617e+05
0.256,0.08,2.4364,61.675,1.4141e+06,4.8428e+06,76995,76995
0.256,0.064,0.31918,59.672,1.5132e+06,4.2342e+06,30543,30543
0.256,0.048,2.6604,59.617,1.0324e+06,2.564e+06,8124.2,8124.2
0.256,0.032,3.6222,61.213,5.5622e+05,1.1904e+06,524.59,524.59
0.256,0.016,3.1696,61.123,0,0,-1446.4,1446.4
0.272,0.496,0.25017,38.516,0,0,0,0
0.272,0.48,-2.0943,30.282,0,0,0,0
0.272,0.464,-2.1607,27.031,NaN,NaN,0,0
0.272,0.448,-3.1749,25.696,NaN,NaN,NaN,NaN
0.272,0.432,-2.5701,24.558,NaN,NaN,NaN,NaN
0.272,0.416,-2.2036,27.703,NaN,NaN,NaN,NaN
0.272,0.4,-2.1757,28.226,NaN,NaN,NaN,NaN
0.272,0.384,-1.8381,28.876,NaN,NaN,NaN,NaN
0.272,0.368,-2.3282,31.969,NaN,NaN,NaN,NaN
0.272,0.352,-2.8869,35.323,NaN,NaN,NaN,NaN
0.272,0.336,-3.202,40.495,NaN,NaN,NaN,NaN
0.272,0.32,-3.7773,45.35,NaN,NaN,NaN,NaN
0.272,0.304,-4.1044,49.128,NaN,NaN,NaN,NaN
0.272,0.288,-6.363,53.845,NaN,NaN,NaN,NaN
0.272,0.272,-7.5788,58.922,NaN,NaN,4.0126e+05,4.0126e+05
0.272,0.256,-7.7137,63.753,NaN,NaN,4.1675e+05,4.1675e+05
0.272,0.24,-8.2969,68.545,NaN,NaN,3.8714e+05,3.8714e+05
0.272,0.224,-6.8213,71.332,-1.1113e+06,3.5245e+06,3.7279e+05,3.7279e+05
0.272,0.208,-4.9069,70.311,-7.4574e+05,4.3538e+06,3.5531e+05,3.5531e+05
0.272,0.192,-2.9828,70.03,-3.4769e+05,4.8303e+06,3.5412e+05,3.5412e+05
0.272,0.176,-1.8619,70.113,2.1461e+05,5.4539e+06,3.9114e+05,3.9114e+05
0.272,0.16,-0.61317,71.013,5.5215e+05,5.7166e+06,4.2125e+05,4.2125e+05
0.272,0.144,0.31891,71.654,7.089e+05,6.3373e+06,3.7443e+05,3.7443e+05
0.272,0.128,1.5829,72.664,7.267e+05,6.9725e+06,3.1169e+05,3.1169e+05
0.272,0.112,0.8245,75.066,9.0775e+05,7.8428e+06,2.1845e+05,2.1845e+05
0.272,0.096,2.5346,75.007,1.0339e+06,8.457e+06,1.6178e+05,1.6178e+05
0.272,0.08,2.3773,75.347,1.1474e+06,8.646e+06,95409,95409
0.272,0.064,2.5301,74.595,1.1996e+06,8.4738e+06,52393,52393
0.272,0.048,2.9799,74.39,8.058e+05,5.5028e+06,27657,27657
0.272,0.032,4.3131,74.919,4.2479e+05,2.7175e+06,10851,10851
0.272,0.016,3.9589,71.133,0,0,2430.8,2430.8
0.288,0.496,-1.8258,33.861,0,0,0,0
0.288,0.48,-4.5329,27.996,0,0,0,0
0.288,0.464,-4.1637,27.884,NaN,NaN,0,0
0.288,0.448,-4.1002,23.474,NaN,NaN,NaN,NaN
0.288,0.432,-2.5707,21.447,NaN,NaN,NaN,NaN
0.288,0.416,-2.4315,23.649,NaN,NaN,-43223,43223
0.288,0.4,-0.7722,24.686,NaN,NaN,-50063,50063
0.288,0.384,-0.46619,26.145,NaN,NaN,-46817,46817
0.288,0.368,-1.1722,30.753,NaN,NaN,-23902,23902
0.288,0.352,-0.55027,35.235,NaN,NaN,20115,20115
0.288,0.336,-0.39607,40.275,NaN,NaN,49599,49599
0.288,0.32,-0.5611,45.188,NaN,NaN,61636,61636
0.288,0.304,-1.7655,48.606,NaN,NaN,48125,48125
0.288,0.288,-3.0215,52.156,NaN,NaN,NaN,NaN
0.288,0.272,-4.0729,57.397,NaN,NaN,NaN,NaN
0.288,0.256,-3.7831,62.695,NaN,NaN,NaN,NaN
0.288,0.24,-4.1488,68.292,NaN,NaN,6.6739e+05,6.6739e+05
0.288,0.224,-4.63,71.408,NaN,NaN,6.5527e+05,6.5527e+05
0.288,0.208,-3.7684,74.418,NaN,NaN,6.3961e+05,6.3961e+05
0.288,0.192,-2.7513,75.668,NaN,NaN,6.082e+05,6.082e+05
0.288,0.176,-1.7226,77.066,NaN,NaN,6.489e+05,6.489e+05
0.288,0.16,-0.33164,76.707,NaN,NaN,6.075e+05,6.075e+05
0.288,0.144,0.69758,76.422,8.0169e+05,8.2211e+06,5.0541e+05,5.0541e+05
0.288,0.128,1.3052,77.994,7.431e+05,8.5452e+06,3.6781e+05,3.6781e+05
0.288,0.112,0.99911,79.695,1.0143e+06,9.3266e+06,2.5289e+05,2.5289e+05
0.288,0.096,1.7266,79.432,1.1754e+06,9.8793e+06,1.478e+05,1.478e+05
0.288,0.08,1.7725,80.361,1.2712e+06,1.0143e+07,95999,95999
0.288,0.064,3.0938,80.393,1.2811e+06,1.04e+07,64498,64498
0.288,0.048,3.9205,81.824,8.4128e+05,6.9838e+06,46859,46859
0.288,0.032,4.4217,80.644,4.0821e+05,3.5391e+06,23631,23631
0.288,0.016,3.8667,72.429,0,0,7897,7897
0.304,0.496,-2.5061,29.305,0,0,0,0
0.304,0.48,-4.7329,28.334,0,0,0,0
0.304,0.464,-5.5666,29.993,NaN,NaN,0,0
0.304,0.448,-5.0904,26.865,NaN,NaN,NaN,NaN
0.304,0.432,-3.4038,23.069,NaN,NaN,NaN,NaN
0.304,0.416,-1.9169,22.02,NaN,NaN,-36700,36700
0.304,0.4,-1.6871,20.791,8.1535e+05,-2.4187e+06,-43479,43479
0.304,0.384,0.39114,22.164,8.3061e+05,-2.2356e+06,-13984,13984
0.304,0.368,-0.52986,25.809,8.8092e+05,-2.1006e+06,31305,31305
0.304,0.352,1.1407,31.907,8.9183e+05,-1.6657e+06,93165,93165
0.304,0.336,1.1648,38.311,9.1481e+05,-1.4723e+06,1.1051e+05,1.1051e+05
0.304,0.32,-0.25086,43.516,8.4808e+05,-1.114e+06,2.3401e+05,2.3401e+05
0.304,0.304,-0.56219,47.618,NaN,NaN,3.9329e+05,3.9329e+05
0.304,0.288,-1.0574,52.15,NaN,NaN,6.8382e+05,6.8382e+05
0.304,0.272,-1.0964,56.4,NaN,NaN,6.7406e+05,6.7406e+05
0.304,0.256,-2.0966,60.925,NaN,NaN,6.7445e+05,6.7445e+05
0.304,0.24,-1.1288,66.068,NaN,NaN,6.7002e+05,6.7002e+05
0.304,0.224,-1.339,70.086,NaN,NaN,6.523e+05,6.523e+05
0.304,0.208,-1.3329,73.827,NaN,NaN,6.1974e+05,6.1974e+05
0.304,0.192,-1.1224,76.815,NaN,NaN,5.7893e+05,5.7893e+05
0.304,0.176,-0.98727,77.953,NaN,NaN,5.3717e+05,5.3717e+05
0.304,0.16,-1.0443,76.285,NaN,NaN,6.4068e+05,6.4068e+05
0.304,0.144,0.28174,76.193,NaN,NaN,5.499e+05,5.499e+05
0.304,0.128,1.6288,77.892,8.8571e+05,8.5048e+06,4.4456e+05,4.4456e+05
0.304,0.112,0.67419,77.304,1.0075e+06,9.2706e+06,2.5916e+05,2.5916e+05
0.304,0.096,1.3405,78.703,1.0898e+06,9.5759e+06,1.4903e+05,1.4903e+05
0.304,0.08,1.4048,79.575,1.1431e+06,9.8514e+06,93928,93928
0.304,0.064,2.6833,78.277,1.1314e+06,1.0141e+07,79307,79307
0.304,0.048,2.4687,78.497,7.3153e+05,6.8135e+06,58300,58300
0.304,0.032,2.2242,75.789,3.3759e+05,3.4651e+06,29553,29553
0.304,0.016,1.4978,69.014,0,0,10351,10351
0.32,0.496,-2.1267,32.358,0,0,0,0
0.32,0.48,-3.7137,32.13,0,0,0,0
0.32,0.464,-4.4486,31.549,NaN,NaN,0,0
0.32,0.448,-4.0352,28.971,NaN,NaN,NaN,NaN
0.32,0.432,-3.1136,25.511,NaN,NaN,NaN,NaN
0.32,0.416,-2.5576,23.251,NaN,NaN,-30177,30177
0.32,0.4,-1.7222,20.046,8.1535e+05,-2.4187e+06,-12797,12797
0.32,0.384,0.053589,19.321,5.7937e+05,-2.135e+06,16572,16572
0.32,0.368,-0.054829,21.025,5.9883e+05,-1.9709e+06,67385,67385
0.32,0.352,0.84582,22.609,5.8175e+05,-1.6702e+06,1.1382e+05,1.1382e+05
0.32,0.336,1.4983,27.026,6.3458e+05,-1.4328e+06,1.1568e+05,1.1568e+05
0.32,0.32,0.81189,32.735,5.9922e+05,-1.0388e+06,1.7678e+05,1.7678e+05
0.32,0.304,0.66944,39.019,5.1008e+05,-3.6409e+05,2.3943e+05,2.3943e+05
0.32,0.288,0.23669,45.945,4.9554e+05,4.3725e+05,3.5746e+05,3.5746e+05
0.32,0.272,0.91482,51.151,6.2665e+05,1.3703e+06,3.5853e+05,3.5853e+05
0.32,0.256,1.698,55.846,6.3743e+05,2.1288e+06,3.7474e+05,3.7474e+05
0.32,0.24,1.5192,58.727,5.7441e+05,2.8296e+06,3.9332e+05,3.9332e+05
0.32,0.224,0.28343,62.964,3.5858e+05,3.4138e+06,4.065e+05,4.065e+05
0.32,0.208,-0.49929,67.855,2.6906e+05,4.0552e+06,4.0763e+05,4.0763e+05
0.32,0.192,0.83301,71.373,1.9909e+05,4.757e+06,3.9913e+05,3.9913e+05
0.32,0.176,-0.041308,73.594,1.6241e+05,5.4338e+06,4.3056e+05,4.3056e+05
0.32,0.16,-0.033795,73.421,1.7272e+05,6.0724e+06,5.1499e+05,5.1499e+05
0.32,0.144,0.99904,75.179,2.7383e+05,6.6221e+06,5.0933e+05,5.0933e+05
0.32,0.128,1.766,75.979,5.5403e+05,7.4636e+06,4.0593e+05,4.0593e+05
0.32,0.112,1.4342,74.999,7.9063e+05,8.215e+06,2.6801e+05,2.6801e+05
0.32,0.096,1.2005,73.247,8.8717e+05,8.6348e+06,1.6521e+05,1.6521e+05
0.32,0.08,1.1107,73.146,8.6017e+05,8.9028e+06,1.2026e+05,1.2026e+05
0.32,0.064,0.80263,70.37,6.916e+05,8.9547e+06,89440,89440
0.32,0.048,1.4499,68.382,3.7832e+05,5.9636e+06,63037,63037
0.32,0.032,-0.10924,66.079,1.3893e+05,2.944e+06,30635,30635
0.32,0.016,0.37815,63.543,0,0,9381.6,9381.6
0.336,0.496,0.33015,36.166,0,0,0,0
0.336,0.48,-0.95005,35.372,0,0,0,0
0.336,0.464,-2.9141,34.465,NaN,NaN,0,0
0.336,0.448,-2.6214,31.362,NaN,NaN,4.0849e+05,4.0849e+05
0.336,0.432,-2.3175,30.176,NaN,NaN,4.3781e+05,4.3781e+05
0.336,0.416,-2.2214,28.712,NaN,NaN,1.8905e+05,1.8905e+05
0.336,0.4,-2.28,25.968,8.1535e+05,-2.4187e+06,1.0388e+05,1.0388e+05
0.336,0.384,-2.4105,25.602,5.7937e+05,-2.135e+06,72828,72828
0.336,0.368,-1.0747,24.145,4.7111e+05,-1.8608e+06,1.175e+05,1.175e+05
0.336,0.352,0.8525,25.975,4.0059e+05,-1.5772e+06,1.4273e+05,1.4273e+05
0.336,0.336,1.1295,25.264,3.8491e+05,-1.4536e+06,1.2579e+05,1.2579e+05
0.336,0.32,1.35,26.55,4.0349e+05,-1.1021e+06,1.5872e+05,1.5872e+05
0.336,0.304,0.84036,30.568,4.336e+05,-2.2249e+05,1.9058e+05,1.9058e+05
0.336,0.288,1.3349,35.87,5.4885e+05,1.0409e+06,2.4593e+05,2.4593e+05
0.336,0.272,2.464,39.569,7.4787e+05,2.2756e+06,2.4965e+05,2.4965e+05
0.336,0.256,4.2231,42.024,7.9903e+05,3.0377e+06,2.6819e+05,2.6819e+05
0.336,0.24,3.6221,48.735,6.7197e+05,3.367e+06,2.8915e+05,2.8915e+05
0.336,0.224,2.097,51.456,4.0871e+05,3.5423e+06,3.0651e+05,3.0651e+05
0.336,0.208,0.74341,55.065,2.691e+05,3.8357e+06,3.1612e+05,3.1612e+05
0.336,0.192,-0.042955,57.741,2.0999e+05,4.3667e+06,3.4228e+05,3.4228e+05
0.336,0.176,-0.88344,61.042,2.0324e+05,5.0012e+06,3.95e+05,3.95e+05
0.336,0.16,0.018682,65.313,2.526e+05,5.6927e+06,4.8052e+05,4.8052e+05
0.336,0.144,-0.14495,67.196,3.3596e+05,6.1151e+06,4.4806e+05,4.4806e+05
0.336,0.128,0.51866,69.051,4.5839e+05,6.6417e+06,3.8089e+05,3.8089e+05
0.336,0.112,1.2663,69.51,5.4759e+05,6.8868e+06,2.53e+05,2.53e+05
0.336,0.096,1.3467,66.628,5.7975e+05,7.2881e+06,1.9943e+05,1.9943e+05
0.336,0.08,1.7196,65.141,4.8664e+05,7.464e+06,1.4114e+05,1.4114e+05
0.336,0.064,0.90508,62.001,2.3352e+05,7.09e+06,96938,96938
0.336,0.048,0.70513,58.995,43627,4.5591e+06,60594,60594
0.336,0.032,0.95699,56.927,-41119,2.0253e+06,26929,26929
0.336,0.016,0.86229,54.894,0,0,7100.4,7100.4
0.352,0.496,1.967,37.898,0,0,0,0
0.352,0.48,0.90375,34.717,0,0,0,0
0.352,0.464,0.41561,33.233,NaN,NaN,62501,62501
0.352,0.448,0.58072,31.111,NaN,NaN,2.1476e+05,2.1476e+05
0.352,0.432,-0.45255,29.944,-2.5289e+05,-2.9641e+06,2.4808e+05,2.4808e+05
0.352,0.416,-1.4728,28.577,-82672,-2.2892e+06,1.7207e+05,1.7207e+05
0.352,0.4,-1.9072,29.478,18618,-1.7812e+06,1.4403e+05,1.4403e+05
0.352,0.384,-1.626,29.74,1.2478e+05,-1.1104e+06,1.009e+05,1.009e+05
0.352,0.368,-1.2445,27.625,98621,-9.385e+05,1.1396e+05,1.1396e+05
0.352,0.352,-0.82522,27.085,71395,-9.4865e+05,1.083e+05,1.083e+05
0.352,0.336,-0.71546,23.876,1.3527e+05,-9.4675e+05,86550,86550
0.352,0.32,-0.36613,18.966,2.446e+05,-6.7641e+05,60425,60425
0.352,0.304,0.74551,21.316,4.1372e+05,1.0069e+05,31922,31922
0.352,0.288,2.4592,27.588,5.7689e+05,1.1899e+06,24193,24193
0.352,0.272,3.3926,31.867,7.4268e+05,2.1743e+06,31667,31667
0.352,0.256,4.3778,34.572,7.3416e+05,2.5993e+06,55841,55841
0.352,0.24,3.6247,37.123,6.0746e+05,2.7864e+06,83685,83685
0.352,0.224,1.4939,40.104,4.0371e+05,3.0429e+06,1.1205e+05,1.1205e+05
0.352,0.208,0.87303,43.723,2.9763e+05,3.4889e+06,1.4874e+05,1.4874e+05
0.352,0.192,0.74173,46.482,2.434e+05,3.9789e+06,2.1187e+05,2.1187e+05
0.352,0.176,0.2654,48.508,2.1019e+05,4.4534e+06,3.0433e+05,3.0433e+05
0.352,0.16,0.68134,51.046,2.0228e+05,4.9948e+06,3.7837e+05,3.7837e+05
0.352,0.144,1.8043,52.083,1.728e+05,5.3542e+06,3.6188e+05,3.6188e+05
0.352,0.128,0.98478,51.883,1.2696e+05,5.4877e+06,3.0095e+05,3.0095e+05
0.352,0.112,-0.63568,51.418,72847,5.3183e+06,2.3097e+05,2.3097e+05
0.352,0.096,0.36456,53.071,11591,5.0929e+06,1.9233e+05,1.9233e+05
0.352,0.08,1.019,51.631,-44717,4.9318e+06,1.4624e+05,1.4624e+05
0.352,0.064,1.7852,49.037,-2.1483e+05,4.3796e+06,94104,94104
0.352,0.048,0.73123,46.401,-1.993e+05,2.8119e+06,53464,53464
0.352,0.032,0.3371,45.694,-1.5534e+05,1.1653e+06,21470,21470
0.352,0.016,0.0037209,44.411,0,0,4848.3,4848.3
0.368,0.496,2.7478,35.349,0,0,0,0
0.368,0.48,1.4977,28.094,0,0,0,0
0.368,0.464,-0.40362,22.872,NaN,NaN,44481,44481
0.368,0.448,-1.2711,19.415,-4.0203e+05,-2.5234e+06,1.3733e+05,1.3733e+05
0.368,0.432,0.077397,17.648,-3.2578e+05,-2.4838e+06,1.765e+05,1.765e+05
0.368,0.416,0.094281,15.608,-2.2772e+05,-2.0877e+06,1.7078e+05,1.7078e+05
0.368,0.4,0.30609,15.046,-3020.8,-1.4629e+06,1.542e+05,1.542e+05
0.368,0.384,0.39217,17.343,2.0917e+05,-5.7267e+05,97251,97251
0.368,0.368,-0.16592,20.436,2.7115e+05,-55858,80184,80184
0.368,0.352,-0.95687,20.903,1.7928e+05,66315,67263,67263
0.368,0.336,-0.97816,18.373,1.2672e+05,-1.991e+05,62917,62917
0.368,0.32,0.22326,14.593,2.0181e+05,-2.255e+05,52912,52912
0.368,0.304,2.1643,14.184,3.8627e+05,2.3396e+05,35327,35327
0.368,0.288,3.6883,17.254,5.8652e+05,1.1237e+06,23967,23967
0.368,0.272,4.1052,19.923,7.0038e+05,1.8916e+06,27581,27581
0.368,0.256,3.9945,20.675,6.3882e+05,2.058e+06,45610,45610
0.368,0.24,2.4891,20.93,4.9233e+05,2.0208e+06,64502,64502
0.368,0.224,3.136,24.4,3.2499e+05,2.1091e+06,79167,79167
0.368,0.208,2.8568,29.761,2.3265e+05,2.3535e+06,1.0618e+05,1.0618e+05
0.368,0.192,2.0409,32.583,1.7083e+05,2.4821e+06,1.6948e+05,1.6948e+05
0.368,0.176,2.0481,31.154,78477,2.596e+06,2.443e+05,2.443e+05
0.368,0.16,1.5279,31.52,-22092,2.8375e+06,3.0423e+05,3.0423e+05
0.368,0.144,0.80152,33.635,-1.3739e+05,3.1485e+06,2.8406e+05,2.8406e+05
0.368,0.128,0.3558,34.548,-2.302e+05,3.4347e+06,2.4401e+05,2.4401e+05
0.368,0.112,0.7952,35.421,-2.7257e+05,3.4921e+06,1.9037e+05,1.9037e+05
0.368,0.096,0.41052,34.865,-3.1269e+05,3.3361e+06,1.6516e+05,1.6516e+05
0.368,0.08,-1.4422,34.757,-3.0857e+05,3.2127e+06,1.3044e+05,1.3044e+05
0.368,0.064,-0.45413,35.342,-3.8888e+05,2.9162e+06,89092,89092
0.368,0.048,-0.57818,37.048,-2.7032e+05,1.9919e+06,48812,48812
0.368,0.032,-2.354,37.118,-1.6441e+05,8.7916e+05,18945,18945
0.368,0.016,-2.3998,37.024,0,0,4472.4,4472.4
0.384,0.496,1.837,29.852,0,0,35.705,35.705
0.384,0.48,-1.8683,22.158,0,0,5496.7,5496.7
0.384,0.464,-3.6116,13.19,NaN,NaN,47722,47722
0.384,0.448,-2.1239,11.804,1.0221e+05,-2.069e+06,69538,69538
0.384,0.432,-2.5769,9.0739,34653,-1.8952e+06,91373,91373
0.384,0.416,-3.243,7.4057,30378,-1.6098e+06,97987,97987
0.384,0.4,-2.1658,6.2696,96384,-1.0891e+06,1.063e+05,1.063e+05
0.384,0.384,-0.2587,7.5832,1.8846e+05,-4.4396e+05,75854,75854
0.384,0.368,0.83935,10.728,2.575e+05,1.3033e+05,50389,50389
0.384,0.352,0.68776,14.242,1.8448e+05,4.0196e+05,52823,52823
0.384,0.336,0.83887,13.398,1.0403e+05,2.8837e+05,65346,65346
0.384,0.32,1.266,9.7279,1.4397e+05,99646,65675,65675
0.384,0.304,2.3761,8.9998,3.3838e+05,2.3852e+05,47041,47041
0.384,0.288,2.9135,11.292,4.923e+05,6.6022e+05,37566,37566
0.384,0.272,2.3839,11.942,4.5538e+05,9.4449e+05,43488,43488
0.384,0.256,3.2119,10.197,2.6916e+05,7.7122e+05,58985,58985
0.384,0.24,3.409,9.8277,1.2101e+05,6.6009e+05,70263,70263
0.384,0.224,2.8693,12.226,51727,6.828e+05,72956,72956
0.384,0.208,2.4805,12.433,9306,8.1975e+05,86655,86655
0.384,0.192,1.9566,9.601,3746.3,7.8295e+05,1.1615e+05,1.1615e+05
0.384,0.176,1.0184,8.7834,-54128,8.0585e+05,1.6308e+05,1.6308e+05
0.384,0.16,0.0019385,11.681,-1.2885e+05,9.6593e+05,2.0235e+05,2.0235e+05
0.384,0.144,-1.0365,15.209,-2.5895e+05,1.2349e+06,2.0088e+05,2.0088e+05
0.384,0.128,-0.49512,18.591,-3.0101e+05,1.7803e+06,1.8255e+05,1.8255e+05
0.384,0.112,0.44365,23.861,-2.7851e+05,2.172e+06,1.5095e+05,1.5095e+05
0.384,0.096,0.80405,24.786,-2.4441e+05,2.1136e+06,1.3707e+05,1.3707e+05
0.384,0.08,-0.1604,21.235,-1.5296e+05,2.0071e+06,1.1526e+05,1.1526e+05
0.384,0.064,-0.13959,23.648,-1.1918e+05,2.2618e+06,83806,83806
0.384,0.048,0.39375,30.209,-31568,1.839e+06,49112,49112
0.384,0.032,-0.030463,32.997,-33605,1.0628e+06,19386,19386
0.384,0.016,-0.93921,31.446,0,0,4852.4,4852.4
0.4,0.496,1.1898,26.043,0,0,1630.7,1630.7
0.4,0.48,-4.419,21.338,0,0,13205,13205
0.4,0.464,-5.9046,11.798,-3.9661e+05,-2.5697e+06,28863,28863
0.4,0.448,-2.6623,10.018,1.3059e+05,-2.0038e+06,61177,61177
0.4,0.432,-1.3184,9.3359,1.9428e+05,-1.507e+06,84363,84363
0.4,0.416,-0.76815,8.0193,2.2157e+05,-1.1396e+06,97324,97324
0.4,0.4,-0.42968,7.1126,2.105e+05,-5.6866e+05,82103,82103
0.4,0.384,-0.57973,7.2845,1.8894e+05,-1.9567e+05,48184,48184
0.4,0.368,-0.28745,7.8486,1.9964e+05,2.4151e+05,38802,38802
0.4,0.352,-0.23742,9.0979,1.1711e+05,3.7298e+05,56243,56243
0.4,0.336,-1.3355,8.3765,39261,1.7084e+05,77021,77021
0.4,0.32,-0.73392,6.9717,1.3131e+05,-56547,77536,77536
0.4,0.304,0.45462,7.0234,3.3518e+05,-9318.4,65426,65426
0.4,0.288,1.6569,8.6011,4.738e+05,2.854e+05,63944,63944
0.4,0.272,1.8341,7.8616,3.6128e+05,4.0402e+05,75022,75022
0.4,0.256,1.9648,6.7466,1.2837e+05,2.6415e+05,84938,84938
0.4,0.24,0.19539,5.3029,-49672,1.048e+05,86910,86910
0.4,0.224,-0.6532,4.8097,-1.1718e+05,-9303.3,79459,79459
0.4,0.208,-1.1958,2.4222,-1.5303e+05,-83382,72813,72813
0.4,0.192,-1.6993,1.4547,-1.0821e+05,-2.0934e+05,77259,77259
0.4,0.176,-0.86809,0.29967,-1.046e+05,-2.5717e+05,98895,98895
0.4,0.16,-0.35167,0.82531,-1.0039e+05,-2.29e+05,1.2769e+05,1.2769e+05
0.4,0.144,-0.027493,2.2284,-1.732e+05,-98928,1.3966e+05,1.3966e+05
0.4,0.128,-0.088331,1.0485,-1.6765e+05,5.3751e+05,1.4047e+05,1.4047e+05
0.4,0.112,0.34118,10.485,14448,1.2817e+06,1.3041e+05,1.3041e+05
0.4,0.096,1.3721,12.621,2.7142e+05,1.9808e+06,1.2545e+05,1.2545e+05
0.4,0.08,2.4853,10.229,5.393e+05,2.3636e+06,1.1337e+05,1.1337e+05
0.4,0.064,3.9476,17.77,5.346e+05,3.193e+06,88407,88407
0.4,0.048,2.1364,25.672,3.5137e+05,2.4651e+06,55401,55401
0.4,0.032,4.9558,28.341,1.2521e+05,1.5324e+06,23394,23394
0.4,0.016,0.71893,32.335,0,0,5891,5891
0.416,0.496,0.36855,21.29,0,0,5051.7,5051.7
0.416,0.48,-5.283,17.234,-2.9416e+05,-8.9719e+05,22394,22394
0.416,0.464,-7.5825,11.144,-8.126e+05,-2.5964e+06,49936,49936
0.416,0.448,-5.8191,6.2927,-3.1416e+05,-1.9979e+06,81483,81483
0.416,0.432,-1.9724,9.3481,1.233e+05,-1.1305e+06,97049,97049
0.416,0.416,-1.0957,6.8493,3.6621e+05,-6.3097e+05,83588,83588
0.416,0.4,-0.41662,6.3659,3.4801e+05,-1.6971e+05,51736,51736
0.416,0.384,-0.11894,7.2936,1.1495e+05,-52979,27739,27739
0.416,0.368,-0.81904,7.9651,-69148,69217,33957,33957
0.416,0.352,-1.6842,7.4809,-1.797e+05,-28979,67013,67013
0.416,0.336,-1.9511,5.7137,-1.5548e+05,-2.0192e+05,87673,87673
0.416,0.32,-1.5196,4.7943,24047,-2.455e+05,92833,92833
0.416,0.304,0.8049,4.4678,2.2331e+05,-55194,89745,89745
0.416,0.288,3.9598,4.0344,2.303e+05,2.2461e+05,98432,98432
0.416,0.272,4.0789,4.8797,79427,2.1662e+05,1.1087e+05,1.1087e+05
0.416,0.256,1.7085,4.4747,-1.107e+05,1.2599e+05,1.1101e+05,1.1101e+05
0.416,0.24,0.79355,3.6777,-1.8551e+05,-13216,1.0285e+05,1.0285e+05
0.416,0.224,0.099761,2.9564,-2.4912e+05,-59773,88960,88960
0.416,0.208,-1.0848,3.8786,-2.4177e+05,-1.2074e+05,77528,77528
0.416,0.192,-1.3157,5.9051,-1.0142e+05,-1.1614e+05,71373,71373
0.416,0.176,-0.34984,5.8713,28603,-69944,74712,74712
0.416,0.16,-0.35404,4.0179,1.1937e+05,-71315,88247,88247
0.416,0.144,0.52281,3.9409,67498,-1.7306e+05,1.0235e+05,1.0235e+05
0.416,0.128,0.14616,2.4688,54776,1.4218e+05,1.1589e+05,1.1589e+05
0.416,0.112,-0.66848,5.9988,50183,6.8286e+05,1.218e+05,1.218e+05
0.416,0.096,5.156,16.146,3.7592e+05,1.69e+06,1.2398e+05,1.2398e+05
0.416,0.08,7.5791,22.822,2.6452e+05,2.0449e+06,1.1772e+05,1.1772e+05
0.416,0.064,7.6275,22.204,2.9825e+05,3.5203e+06,93044,93044
0.416,0.048,3.0027,33.114,-27607,2.5975e+06,58999,58999
0.416,0.032,3.2273,41.314,69066,1.9499e+06,23753,23753
0.416,0.016,1.8138,42.418,0,0,6800.7,6800.7
0.432,0.496,-1.2631,11.366,-1.7091e+05,-5.2133e+05,7295.4,7295.4
0.432,0.48,-6.4417,7.3732,-5.9782e+05,-1.6117e+06,15300,15300
0.432,0.464,-7.0616,5.9649,-1.2422e+06,-3.023e+06,33925,33925
0.432,0.448,-8.3478,2.0873,-1.1335e+06,-2.5839e+06,51211,51211
0.432,0.432,-6.4339,2.9684,-8.5195e+05,-2.0448e+06,73937,73937
0.432,0.416,-2.0941,4.9274,-78487,-8.7887e+05,56479,56479
0.432,0.4,-0.57473,5.3077,4.5987e+05,77356,33216,33216
0.432,0.384,-0.98782,6.3171,4.9378e+05,5.13e+05,10090,10090
0.432,0.368,-2.8013,6.8264,85587,2.5729e+05,28160,28160
0.432,0.352,-2.3535,6.3533,-1.8375e+05,-1.2845e+05,64826,64826
0.432,0.336,-2.1367,4.6831,-1.3272e+05,-2.6115e+05,89970,89970
0.432,0.32,-1.63,3.8368,-14915,-2.3393e+05,1.0675e+05,1.0675e+05
0.432,0.304,0.7733,2.4283,1.3299e+05,-84962,1.1417e+05,1.1417e+05
0.432,0.288,0.87207,0.70467,1.3004e+05,1.6093e+05,1.261e+05,1.261e+05
0.432,0.272,-2.3665,4.6924,34050,1.7733e+05,1.2941e+05,1.2941e+05
0.432,0.256,-0.68511,1.8867,-1.1764e+05,2.3566e+05,1.2086e+05,1.2086e+05
0.432,0.24,-0.65025,4.0354,-1.3842e+05,2.4607e+05,1.0725e+05,1.0725e+05
0.432,0.224,-1.2497,5.8721,-1.5713e+05,3.4897e+05,93125,93125
0.432,0.208,-1.7605,6.8197,-1.166e+05,3.6006e+05,82629,82629
0.432,0.192,-0.45176,7.7228,-5319.7,3.4163e+05,75173,75173
0.432,0.176,-0.015287,8.8962,91570,2.5569e+05,73082,73082
0.432,0.16,-0.34507,7.8074,1.3209e+05,39156,77649,77649
0.432,0.144,-0.036875,5.2582,74466,-1.7756e+05,92228,92228
0.432,0.128,-0.038271,3.2663,8682.3,-1.1654e+05,1.0872e+05,1.0872e+05
0.432,0.112,0.14283,4.8561,-1.6977e+05,2.7228e+05,1.2333e+05,1.2333e+05
0.432,0.096,-5.5173,6.7294,4.959e+05,1.8338e+06,1.2613e+05,1.2613e+05
0.432,0.08,6.1705,22.263,3.714e+05,2.3444e+06,1.2019e+05,1.2019e+05
0.432,0.064,-13.988,34.798,6.1321e+05,4.212e+06,92815,92815
0.432,0.048,-1.6829,43.716,-2.4892e+05,2.3238e+06,58233,58233
0.432,0.032,-7.2268,47.423,2574.4,1.6496e+06,23321,23321
0.432,0.016,11.319,39.77,0,0,7661.7,7661.7
0.448,0.496,-1.1025,5.3002,-1.7091e+05,-5.2133e+05,9913.7,9913.7
0.448,0.48,-6.9354,2.921,-5.177e+05,-1.6504e+06,9159,9159
0.448,0.464,-9.8406,1.8817,-1.1823e+06,-2.9084e+06,8831.5,8831.5
0.448,0.448,-13.473,-11.011,-1.5144e+06,-2.8634e+06,578.9,578.9
0.448,0.432,-14.499,-8.1542,-1.7354e+06,-2.8306e+06,15956,15956
0.448,0.416,-11.018,-9.1856,-1.0255e+06,-1.9425e+06,16295,16295
0.448,0.4,-0.31804,5.0378,10131,-4.8422e+05,12385,12385
0.448,0.384,0.72419,5.3175,3.9666e+05,3.2995e+05,1482.1,1482.1
0.448,0.368,-0.60614,4.4207,2.0587e+05,3.6444e+05,15468,15468
0.448,0.352,-0.36628,3.7985,-4.88e+05,-5.6288e+05,49356,49356
0.448,0.336,-1.133,4.6569,-9.181e+05,-1.0135e+06,77648,77648
0.448,0.32,-2.5738,0.67508,-4.2357e+05,-6.7031e+05,96689,96689
0.448,0.304,0.82582,0.22658,-64451,-1.9893e+05,1.0494e+05,1.0494e+05
0.448,0.288,2.267,0.46271,3.616e+05,3.3735e+05,1.0713e+05,1.0713e+05
0.448,0.272,1.7791,2.0187,-74957,1.1578e+05,1.019e+05,1.019e+05
0.448,0.256,-0.0044792,3.8817,-2.4125e+05,3.2388e+05,91896,91896
0.448,0.24,-0.23972,5.4423,-2.8878e+05,5.6644e+05,82711,82711
0.448,0.224,0.066622,7.3315,-1.7637e+05,6.4558e+05,72466,72466
0.448,0.208,-0.26339,7.4007,1.3038e+05,5.3872e+05,61672,61672
0.448,0.192,-0.43113,7.2471,2.6935e+05,3.3139e+05,51268,51268
0.448,0.176,0.03223,8.2697,1.6614e+05,2.3904e+05,46219,46219
0.448,0.16,0.3456,8.1798,16840,41334,47038,47038
0.448,0.144,0.38077,5.867,17746,-1.1506e+05,57890,57890
0.448,0.128,0.84526,3.3329,21485,-70917,75002,75002
0.448,0.112,0.23445,3.5694,-2.5125e+05,1.1244e+05,95550,95550
0.448,0.096,-6.5199,5.0309,2.7082e+05,1.3532e+06,1.076e+05,1.076e+05
0.448,0.08,6.4755,27.822,-1.2012e+05,1.6063e+06,1.0399e+05,1.0399e+05
0.448,0.064,40.21,88.086,1.7093e+05,3.6094e+06,77238,77238
0.448,0.048,41.206,75.88,-7.8433e+05,1.5026e+06,43544,43544
0.448,0.032,-6.158,91.283,-1.0689e+05,1.0714e+06,15354,15354
0.448,0.016,-23.208,35.163,0,0,5986.9,5986.9
0.464,0.496,0.8717,2.7127,-1.7091e+05,-5.2133e+05,7050.4,7050.4
0.464,0.48,-0.45419,2.7344,-4.0787e+05,-1.3273e+06,-7558.8,7558.8
0.464,0.464,-6.481,0.3076,1.7026e+06,5.6246e+06,-29585,29585
0.464,0.448,-14.986,5.1601,7.1e+05,3.9904e+06,-64931,64931
0.464,0.432,-13.221,-11.744,1.3006e+05,3.4484e+06,-56709,56709
0.464,0.416,-12.985,-10.959,-1.558e+06,-2.7729e+06,-37606,37606
0.464,0.4,-9.4547,-8.862,-2.6088e+05,-9.2245e+05,-11041,11041
0.464,0.384,-0.31871,2.6582,2.1877e+05,-61439,-6178.5,6178.5
0.464,0.368,-0.58754,1.8418,-2180.2,54646,328.77,328.77
0.464,0.352,-2.096,2.8051,-1.1862e+06,-1.3494e+06,18607,18607
0.464,0.336,-12.3,-11.765,-2.2348e+06,-2.2742e+06,42746,42746
0.464,0.32,-19.176,-7.4177,-1.8869e+06,-1.951e+06,63825,63825
0.464,0.304,3.3979,1.2207,-1.0496e+06,-9.2133e+05,72740,72740
0.464,0.288,1.6697,0.94617,1.731e+05,1.2104e+05,69673,69673
0.464,0.272,0.62276,0.28249,24793,-11175,60247,60247
0.464,0.256,0.71827,2.1727,-3.4049e+05,-36384,54983,54983
0.464,0.24,-3.7967,6.7402,-7.3473e+05,80753,52678,52678
0.464,0.224,-3.2045,8.687,-6.404e+05,2.181e+05,48201,48201
0.464,0.208,0.95373,4.4824,-1.1609e+05,2.867e+05,37850,37850
0.464,0.192,1.1988,4.94,4.0018e+05,2.7956e+05,26423,26423
0.464,0.176,-0.0035907,4.8465,4.8609e+05,3.3965e+05,20372,20372
0.464,0.16,0.97384,4.9155,3.046e+05,1.5855e+05,20089,20089
0.464,0.144,0.98841,3.9989,1.0202e+05,-67597,27959,27959
0.464,0.128,0.78781,1.7725,13291,52554,40521,40521
0.464,0.112,1.5566,3.9152,-1.4893e+05,71127,60349,60349
0.464,0.096,0.34262,1.4732,2.4784e+05,9.433e+05,74519,74519
0.464,0.08,1.2616,3.0348,82985,1.6258e+06,72216,72216
0.464,0.064,-52.53,25.798,4.9849e+05,2.9052e+06,51531,51531
0.464,0.048,-191.47,77.8,-4.3614e+05,1.1246e+06,25582,25582
0.464,0.032,37.178,79.786,0,0,9065.5,9065.5
0.464,0.016,63.577,151.69,0,0,3454.6,3454.6
0.48,0.496,-0.091771,-0.24826,0,0,4885.4,4885.4
0.48,0.48,-1.7363,3.6315,-6163.5,-3.1372e+05,-4738.5,4738.5
0.48,0.464,-2.0385,9.8834,2.7057e+06,7.6943e+06,-24066,24066
0.48,0.448,-0.060781,-6.1951,1.8061e+06,5.7067e+06,-57063,57063
0.48,0.432,-81.478,29.742,1.3806e+06,5.3458e+06,-69585,69585
0.48,0.416,-72.415,-270.39,-1.1836e+06,-2.1055e+06,-59025,59025
0.48,0.4,-7.8818,-11.433,-4.9742e+05,-1.0724e+06,-37151,37151
0.48,0.384,-1.5497,0.84145,-2.0907e+05,-5.6524e+05,-20630,20630
0.48,0.368,-2.7117,0.95352,-1.8491e+05,-1.6159e+05,-17448,17448
0.48,0.352,-11.52,-9.8763,-1.1755e+06,-1.3045e+06,-11180,11180
0.48,0.336,-19.289,-13.465,-2.2245e+06,-2.2064e+06,4401.2,4401.2
0.48,0.32,-24.254,-9.843,-1.8376e+06,-1.8922e+06,19068,19068
0.48,0.304,-14.674,-10.305,-1.0305e+06,-8.6916e+05,28927,28927
0.48,0.288,0.5471,0.25013,1.6687e+05,1.0004e+05,22887,22887
0.48,0.272,1.9776,0.32132,25476,-85076,17060,17060
0.48,0.256,-5.3107,-4.2551,-2.8409e+05,-1.7485e+05,15533,15533
0.48,0.24,-9.5323,0.3904,-6.6701e+05,-1.1929e+05,18370,18370
0.48,0.224,-9.7969,1.3314,-6.1207e+05,12042,17532,17532
0.48,0.208,-9.0171,2.2426,-1.0762e+05,1.3427e+05,9665.2,9665.2
0.48,0.192,-2.997,8.1529,3.9754e+05,1.9551e+05,302.35,302.35
0.48,0.176,2.3956,2.9327,4.7437e+05,2.8129e+05,-5366.3,5366.3
0.48,0.16,2.665,2.9885,2.8781e+05,1.4866e+05,-5581.5,5581.5
0.48,0.144,1.5865,2.3862,83913,-18921,-1201.6,1201.6
0.48,0.128,0.34749,-1.2087,19899,1.171e+05,7168.5,7168.5
0.48,0.112,-0.4283,3.8269,-1768.3,67704,20156,20156
0.48,0.096,-0.17027,-1.7833,4455.3,1.9792e+05,32746,32746
0.48,0.08,-0.074115,0.6515,-2.1718e+05,5.9589e+05,32977,32977
0.48,0.064,-9.8471,26.527,-2.6338e+05,8.7714e+05,23608,23608
0.48,0.048,913.22,1044.7,-2.9076e+05,7.4975e+05,9248.1,9248.1
0.48,0.032,-20.985,30.271,0,0,2972.2,2972.2
0.48,0.016,-23.258,125.1,0,0,926.82,926.82
0.496,0.496,-0.36337,-1.2787,0,0,700.94,700.94
0.496,0.48,0.54782,3.0556,0,0,-6138.6,6138.6
0.496,0.464,-8.6999,1.1578,1.9379e+06,5.7648e+06,-15410,15410
0.496,0.448,-1.9463,-0.61234,1.9379e+06,5.7648e+06,-33140,33140
0.496,0.432,-1.6435,-0.1482,1.9379e+06,5.7648e+06,-45277,45277
0.496,0.416,-0.5154,0.71301,-1.9254e+05,-4.5854e+05,-43798,43798
0.496,0.4,2.0979,1.0256,-1.2683e+05,-3.5809e+05,-31291,31291
0.496,0.384,-1.326,2.0254,-1.5934e+05,-3.5184e+05,-18803,18803
0.496,0.368,2.4821,19.756,-2.9265e+05,-2.9462e+05,-18518,18518
0.496,0.352,-29.474,105.63,-8.0854e+05,-8.4452e+05,-20125,20125
0.496,0.336,-110.81,-93.631,-1.3707e+06,-1.3546e+06,-12863,12863
0.496,0.32,-223.19,-264.47,-1.4413e+06,-1.3567e+06,-751.77,751.77
0.496,0.304,-36.269,-39.524,-9.5447e+05,-7.5636e+05,8963,8963
0.496,0.288,-2.3172,-9.271,-2.5719e+05,-1.9749e+05,9239.6,9239.6
0.496,0.272,-3.5996,0.070675,-15514,-1.403e+05,6287,6287
0.496,0.256,-10.694,-1.8658,-2.2117e+05,-3.3019e+05,6002.2,6002.2
0.496,0.24,-17.744,9.9055,-5.0544e+05,-4.2604e+05,8290,8290
0.496,0.224,-98.169,-42.455,-5.5518e+05,-2.7387e+05,8615.3,8615.3
0.496,0.208,-14.793,-2.5463,-3.1051e+05,-73059,5221.7,5221.7
0.496,0.192,-9.5485,0.48902,1.3142e+05,1.3024e+05,542.18,542.18
0.496,0.176,-1.9956,3.0751,3.7558e+05,2.4173e+05,-2655.1,2655.1
0.496,0.16,-1.4369,2.1542,3.4073e+05,1.4171e+05,-2901.7,2901.7
0.496,0.144,-0.071913,1.4329,1.0606e+05,-25034,-1031.6,1031.6
0.496,0.128,-1.3303,0.60152,4892.8,47359,1636.5,1636.5
0.496,0.112,-0.79056,1.4188,-10829,13093,6098.6,6098.6
0.496,0.096,-0.60041,-0.90793,-23739,70404,9843.7,9843.7
0.496,0.08,-1.0651,1.5608,-1.9886e+05,4.7845e+05,9770.2,9770.2
0.496,0.064,-0.78085,3.6196,-2.1969e+05,5.7721e+05,7022.3,7022.3
0.496,0.048,269.66,341.25,-2.1807e+05,5.6231e+05,2773.5,2773.5
0.496,0.032,-79.595,147.12,0,0,1394,1394
0.496,0.016,1.1734,44.502,0,0,29.092,29.092
