0.016,0.496,0.34588,2.3671,31173,-25722,714.9,714.9
0.016,0.48,-0.27636,3.142,52713,-56365,2265,2265
0.016,0.464,-0.32443,1.4553,35093,-31151,1545.4,1545.4
0.016,0.448,0.38967,2.5767,3671.3,-13143,-1153.5,1153.5
0.016,0.432,1.2326,1.3606,-32177,14338,-4173.8,4173.8
0.016,0.416,4.8882,0.058492,-23543,-8025.3,-2918.8,2918.8
0.016,0.4,3.1962,-1.7034,-23259,1208.7,-722.35,722.35
0.016,0.384,4.4189,-0.68432,-8425.6,3578.7,2122.1,2122.1
0.016,0.368,5.946,-0.81118,-574.75,1308.2,2874.6,2874.6
0.016,0.352,4.0711,0.3733,-34.25,182.78,3681.3,3681.3
0.016,0.336,5.7468,0.34825,673.46,643.41,2992.9,2992.9
0.016,0.32,3.774,0.98856,1815.8,-497.37,1599.3,1599.3
0.016,0.304,0.4164,0.63234,-3789.5,-182.02,661.73,661.73
0.016,0.288,0.90832,-0.25194,-9993.8,1956,858.85,858.85
0.016,0.272,1.7713,-1.7511,-11672,2383.1,1040.9,1040.9
0.016,0.256,0.24581,1.034,-9218.1,326,1953.7,1953.7
0.016,0.24,2.5711,1.2668,-22916,-3560.5,3027.3,3027.3
0.016,0.224,7.1234,0.5006,-21600,-4473.5,5667.1,5667.1
0.016,0.208,5.9063,-0.14585,-17364,-5582.5,5839.1,5839.1
0.016,0.192,0.78701,-0.41373,4590.9,-6990.4,4350.1,4350.1
0.016,0.176,-1.1226,-0.9828,4773.2,-5740.2,1546.9,1546.9
0.016,0.16,-0.68312,-0.55325,3680.3,-1433.3,374.84,374.84
0.016,0.144,-0.8395,0.098252,764.17,1144.2,-183.75,183.75
0.016,0.128,2.4128,-2.7488,-756.89,2261.3,-252.24,252.24
0.016,0.112,6.065,0.056493,-12146,-11126,-34.77,34.77
0.016,0.096,1.4365,2.2342,-21929,-8663.5,920.91,920.91
0.016,0.08,5.7896,-1.24,-16534,-56538,1471.9,1471.9
0.016,0.064,6.3317,-0.56543,29061,-25639,2452.1,2452.1
0.016,0.048,1.6813,-0.024868,38475,-27192,1849.7,1849.7
0.016,0.032,0.53045,0.39025,34774,19362,1300.6,1300.6
0.016,0.016,-0.1896,0.75312,0,0,415.97,415.97
0.032,0.496,0.64459,3.6325,34730,-60745,812.7,812.7
0.032,0.48,1.941,2.88,33374,-91698,1363.8,1363.8
0.032,0.464,1.7654,1.5382,-4073.9,-54072,1517.6,1517.6
0.032,0.448,0.56411,2.9859,-32182,-11575,1091.5,1091.5
0.032,0.432,0.20364,0.67923,-48995,15438,455.99,455.99
0.032,0.416,-0.37277,-0.67699,-23218,-17960,-142.71,142.71
0.032,0.4,-0.32803,-0.36047,-48492,-32425,-219.86,219.86
0.032,0.384,0.028553,0.1459,-17822,7187.1,-99.173,99.173
0.032,0.368,0.068156,0.14163,-10342,4215.8,122.38,122.38
0.032,0.352,-0.029222,0.074577,8618.4,30964,2.0034,2.0034
0.032,0.336,0.016906,0.30334,-6646.5,-7615.4,-104.55,104.55
0.032,0.32,0.12232,-0.1084,-10836,-13494,-220.95,220.95
0.032,0.304,-0.058559,-0.22472,-17828,-8749.1,-252.69,252.69
0.032,0.288,-0.47908,-0.092248,-17009,-9148.4,-230.24,230.24
0.032,0.272,-0.34103,-0.39751,-18150,2217.5,-206.3,206.3
0.032,0.256,-0.25965,0.089844,-18916,2059.6,-223.92,223.92
0.032,0.24,-0.50334,0.70418,-37699,2275,-344.31,344.31
0.032,0.224,-0.34923,-0.10895,-29956,-16342,-383.06,383.06
0.032,0.208,0.15628,-0.52551,-18174,-22955,-24.992,24.992
0.032,0.192,0.54036,-0.19314,845.56,-1356.9,354,354
0.032,0.176,0.43705,-0.30449,-7695.3,8579.8,335.87,335.87
0.032,0.16,0.034012,0.11086,-22486,9066.6,-58.688,58.688
0.032,0.144,-0.40352,0.23091,-39516,-7137.7,-473.82,473.82
0.032,0.128,0.044715,-0.40094,-47679,-6296.1,-558.15,558.15
0.032,0.112,-0.076753,0.080889,-65533,-38927,-467.99,467.99
0.032,0.096,-0.70164,-0.00071843,-51929,-32732,149.39,149.39
0.032,0.08,-0.22001,-0.031904,-14653,-94696,1332.5,1332.5
0.032,0.064,0.65702,-1.404,12316,58182,2218.7,2218.7
0.032,0.048,1.6367,1.6443,17449,49683,2286,2286
0.032,0.032,-0.51999,3.8013,-1342.7,1.1274e+05,1284.7,1284.7
0.032,0.016,-0.94564,-4.0027,0,0,755.52,755.52
0.048,0.496,0.36338,4.884,39071,-68338,942.62,942.62
0.048,0.48,0.68242,2.9505,21300,-1.1437e+05,1545.4,1545.4
0.048,0.464,-0.30969,3.0211,-10104,-94287,1792,1792
0.048,0.448,-0.78617,3.2203,-36738,-41952,1494.6,1494.6
0.048,0.432,0.24563,1.2404,-40950,-5866.1,897.77,897.77
0.048,0.416,0.050825,-0.1978,-23310,-15778,140.19,140.19
0.048,0.4,-0.90277,-0.66171,-52371,-31733,-253.38,253.38
0.048,0.384,-1.1445,-1.1701,-23702,30278,-314.39,314.39
0.048,0.368,-0.10207,1.7936,-20129,16406,-116.79,116.79
0.048,0.352,-0.24821,1.7011,2345.8,43810,-301.92,301.92
0.048,0.336,-0.54916,-0.26713,-8800.1,-16006,-450.92,450.92
0.048,0.32,-0.73393,-0.33888,-10039,-14707,-606.72,606.72
0.048,0.304,-1.0046,-0.43249,-18128,-9967.6,-847.82,847.82
0.048,0.288,-0.60791,-0.18935,-37965,-26151,-273.87,273.87
0.048,0.272,-0.54203,-0.75517,-37044,-13106,-222.31,222.31
0.048,0.256,-1.2392,0.44545,-33489,-13902,390.31,390.31
0.048,0.24,-1.1062,0.51435,-31218,1147.8,-127.08,127.08
0.048,0.224,-0.67063,-0.45505,-28138,-21605,-38.182,38.182
0.048,0.208,-0.087209,-1.3876,-20522,-26096,-43.204,43.204
0.048,0.192,0.24107,-0.44062,-3310.6,-2883.2,593.17,593.17
0.048,0.176,-0.24926,1.6306,-10085,9249.2,471.93,471.93
0.048,0.16,-1.1013,0.08975,-23716,10575,34.934,34.934
0.048,0.144,-1.4767,-0.59837,-38869,-6150.5,-906.05,906.05
0.048,0.128,-1.6256,-0.13979,-44611,-5352.8,-1191.4,1191.4
0.048,0.112,-1.5351,-0.2086,-68862,-42830,-673.35,673.35
0.048,0.096,-0.5178,-1.5751,-49717,-44827,912.97,912.97
0.048,0.08,0.77472,0.54598,-39649,-81604,2834.9,2834.9
0.048,0.064,1.1321,0.01823,-15152,92267,3823.2,3823.2
0.048,0.048,-0.9241,4.1762,-16304,91543,3316.4,3316.4
0.048,0.032,-1.2782,4.6188,-9917.3,1.2973e+05,1820.2,1820.2
0.048,0.016,-1.4853,-5.1506,0,0,936.9,936.9
0.064,0.496,1.1873,5.0361,4573.2,-45030,796.54,796.54
0.064,0.48,0.62713,3.6656,-26784,-90833,1327.7,1327.7
0.064,0.464,-0.050788,3.2279,-65667,-1.1534e+05,1722.4,1722.4
0.064,0.448,0.71151,0.96164,-55220,-65140,1669,1669
0.064,0.432,-0.095621,0.72597,-39104,-32845,1483.4,1483.4
0.064,0.416,-0.39538,0.20739,-23524,-3716,912.6,912.6
0.064,0.4,-0.62134,0.024897,-38656,-58744,186.6,186.6
0.064,0.384,0.345,-0.26182,-10297,-2523.7,-528.28,528.28
0.064,0.368,0.22893,1.5996,-2328.7,-24394,-746.01,746.01
0.064,0.352,-0.41194,0.66567,7669.7,46952,-949.03,949.03
0.064,0.336,-0.78888,-0.079454,-16629,-6488.9,-933.62,933.62
0.064,0.32,-0.52613,0.064032,-20761,880.2,-1223.9,1223.9
0.064,0.304,-0.31895,0.14982,-2427,-2760.5,-1572.3,1572.3
0.064,0.288,0.062927,-0.31638,-51943,-2683.2,-358.28,358.28
0.064,0.272,0.11921,-0.34531,5.7801e+05,-2.2815e+05,701.24,701.24
0.064,0.256,-0.29243,0.2095,3.8793e+05,-3.4607e+05,2277.6,2277.6
0.064,0.24,-0.52357,0.1058,4.5091e+05,-3.3964e+05,1258.5,1258.5
0.064,0.224,0.032478,0.24672,-1.8907e+05,-1.2169e+05,756.77,756.77
0.064,0.208,0.45123,-0.1328,-25838,-18066,-162.28,162.28
0.064,0.192,-0.062097,-0.037073,-53366,1526.4,309.4,309.4
0.064,0.176,0.1658,0.50142,-49632,9744.9,79.682,79.682
0.064,0.16,0.12985,-0.18525,-49082,15705,-105.19,105.19
0.064,0.144,-0.27448,-0.22542,-58299,-4259.2,-1069.6,1069.6
0.064,0.128,0.088748,0.034588,-56969,3555.2,-1200.8,1200.8
0.064,0.112,-0.16037,0.22855,-68642,-30007,-100.84,100.84
0.064,0.096,0.15319,-0.27302,-32203,-26519,2112.1,2112.1
0.064,0.08,0.76985,0.41926,-31226,-8603.3,4104.8,4104.8
0.064,0.064,-0.82494,2.2762,-72677,1.4856e+05,4625.2,4625.2
0.064,0.048,-0.75831,2.6947,-81619,1.3948e+05,3789,3789
0.064,0.032,0.18849,3.1784,-66812,1.1749e+05,2081.8,2081.8
0.064,0.016,0.19376,-3.8198,0,0,926.51,926.51
0.08,0.496,1.8455,6.0431,0,0,560.05,560.05
0.08,0.48,1.4129,4.29,-16873,-79073,940.61,940.61
0.08,0.464,2.2598,3.3535,-58799,-1.4427e+05,1388.7,1388.7
0.08,0.448,0.73754,2.6204,-36651,-1.1549e+05,1528.3,1528.3
0.08,0.432,-0.25502,2.3083,-23657,-1.007e+05,2029.3,2029.3
0.08,0.416,-0.71697,0.31908,-10004,-24483,1990.7,1990.7
0.08,0.4,-0.20899,-0.30266,7662.4,-43640,1565,1565
0.08,0.384,0.78251,-0.77818,5336.5,28372,438.65,438.65
0.08,0.368,0.94563,1.0446,-11601,10361,-417.31,417.31
0.08,0.352,0.19325,0.82029,-23857,43277,-1236.2,1236.2
0.08,0.336,-0.60387,1.851,-24750,15723,-1502.5,1502.5
0.08,0.32,-0.62559,0.92396,-152.04,5598.5,-1782.3,1782.3
0.08,0.304,-0.23819,0.60483,7904.2,21161,-2128.1,2128.1
0.08,0.288,1.1861,0.87014,-20793,53211,69.895,69.895
0.08,0.272,-0.26123,2.3925,6.2125e+05,-1.8713e+05,1942.5,1942.5
0.08,0.256,15.897,11.255,4.4177e+05,-3.4479e+05,5092,5092
0.08,0.24,1.8078,0.96306,4.6635e+05,-3.7898e+05,3508.3,3508.3
0.08,0.224,2.0484,1.0423,-1.94e+05,-1.4194e+05,3083.3,3083.3
0.08,0.208,1.065,0.78386,-24772,37736,718.96,718.96
0.08,0.192,1.0223,0.50119,-25905,25607,759.98,759.98
0.08,0.176,0.89332,0.86095,8553,-12616,-344.05,344.05
0.08,0.16,0.22767,0.087357,-7272.1,-34655,-279.27,279.27
0.08,0.144,-0.68616,-0.21156,-8897.4,-24287,-947.2,947.2
0.08,0.128,-1.0491,0.13437,-15956,18673,-361.23,361.23
0.08,0.112,-0.35782,0.54476,-12770,-472.19,1206.2,1206.2
0.08,0.096,0.2279,-0.33466,6632,7484.1,3921,3921
0.08,0.08,0.0026074,1.2751,-19522,26579,5993.6,5993.6
0.08,0.064,-0.31167,2.375,-62797,1.2854e+05,6424.8,6424.8
0.08,0.048,-1.9206,2.6907,-73851,1.1795e+05,5170.7,5170.7
0.08,0.032,-2.5611,3.4766,-50150,92819,2814.8,2814.8
0.08,0.016,-1.7805,-2.0813,0,0,1017.2,1017.2
0.096,0.496,1.4304,5.5501,0,0,322.95,322.95
0.096,0.48,1.7096,4.4845,5745.6,-76958,979.73,979.73
0.096,0.464,1.3023,4.3413,-39547,-2.0195e+05,2027.2,2027.2
0.096,0.448,0.37611,3.9037,17626,-2.0075e+05,3019,3019
0.096,0.432,0.3422,0.59158,20324,-2.1462e+05,4110.8,4110.8
0.096,0.416,0.85881,-0.17451,7753.5,-1.1739e+05,3895.3,3895.3
0.096,0.4,0.30962,1.893,-52172,1198.7,2120.4,2120.4
0.096,0.384,0.38137,2.7668,-93988,1.5369e+05,-826.1,826.1
0.096,0.368,-0.40941,3.2862,-1.178e+05,1.8177e+05,-2423.1,2423.1
0.096,0.352,-1.3293,3.5232,-53864,79558,-3178.4,3178.4
0.096,0.336,-0.13836,1.7272,-29787,19326,-2216.4,2216.4
0.096,0.32,-0.69308,1.0327,20503,-30301,-2139.7,2139.7
0.096,0.304,-0.90493,0.41575,-13434,32221,-1785.4,1785.4
0.096,0.288,0.16919,0.50585,-20511,79650,-626.46,626.46
0.096,0.272,1.1776,2.1716,6.224e+05,-1.9591e+05,943.09,943.09
0.096,0.256,1.6667,2.1205,4.0927e+05,-3.6335e+05,3901.1,3901.1
0.096,0.24,1.935,0.72088,4.2373e+05,-4.3177e+05,2366.8,2366.8
0.096,0.224,0.62819,0.68024,-2.2213e+05,-1.7148e+05,1896.8,1896.8
0.096,0.208,1.527,0.23135,-12510,30074,-637.53,637.53
0.096,0.192,2.6525,2.1407,-23497,30801,-375.4,375.4
0.096,0.176,2.2743,1.1877,23805,-36396,-1354.2,1354.2
0.096,0.16,2.3128,-1.0618,-27101,-19052,-1175.3,1175.3
0.096,0.144,-0.062064,0.62019,-30318,-24530,-1104.4,1104.4
0.096,0.128,-0.28841,0.16884,-70464,52158,78.621,78.621
0.096,0.112,0.08612,-0.24203,-9303.5,-65787,1642,1642
0.096,0.096,0.36354,0.2079,16931,-18975,3369,3369
0.096,0.08,0.81333,1.4217,8451,41081,4585.6,4585.6
0.096,0.064,0.81963,1.9227,-76829,3.3693e+05,5917,5917
0.096,0.048,-0.16261,5.11,-86355,3.0252e+05,5620.8,5620.8
0.096,0.032,-1.3845,4.5306,-70827,2.4201e+05,3788.7,3788.7
0.096,0.016,-1.7655,0.11091,0,0,1152.5,1152.5
0.112,0.496,1.6934,5.7211,0,0,277.6,277.6
0.112,0.48,2.2614,5.2452,-21951,-39152,1184.4,1184.4
0.112,0.464,1.4456,6.3155,-17073,-2.1987e+05,2828.2,2828.2
0.112,0.448,2.244,5.3082,24295,-2.1344e+05,4388.4,4388.4
0.112,0.432,3.2247,5.5182,-35585,-1.2758e+05,4822,4822
0.112,0.416,1.3065,5.0999,-1.4722e+05,85058,1916.3,1916.3
0.112,0.4,-0.41166,4.3259,-3.14e+05,3.6347e+05,-2970.9,2970.9
0.112,0.384,-1.5698,6.0913,-4.0895e+05,5.7966e+05,-7951.9,7951.9
0.112,0.368,-2.2086,6.1509,-4.2533e+05,5.2596e+05,-8681,8681
0.112,0.352,-2.2803,5.6926,-1.9645e+05,1.8533e+05,-8630.5,8630.5
0.112,0.336,-0.80559,3.6053,5627.5,-63173,-6563,6563
0.112,0.32,-1.2658,1.0157,1.1441e+05,-82603,-5777.9,5777.9
0.112,0.304,-0.69364,0.38332,-8757.5,1.2969e+05,-5202.3,5202.3
0.112,0.288,-0.92844,0.5018,7508.1,82502,-5498.6,5498.6
0.112,0.272,-0.58783,1.331,67020,-1.2692e+05,-6456.5,6456.5
0.112,0.256,1.8695,2.2074,43431,-3.2562e+05,-3981.8,3981.8
0.112,0.24,1.4711,2.5031,-72987,-3.1742e+05,-4529.2,4529.2
0.112,0.224,1.8579,1.5822,-1.3986e+05,-1.8181e+05,-3099.9,3099.9
0.112,0.208,1.8964,0.20408,-74316,-11783,-4276.8,4276.8
0.112,0.192,1.3224,1.3844,-17039,18597,-2576.8,2576.8
0.112,0.176,1.2052,1.5178,22451,-43020,-3061.4,3061.4
0.112,0.16,2.0785,-0.43077,-17983,-48470,-2638.8,2638.8
0.112,0.144,0.28157,2.7614,-52372,-69843,-2578.6,2578.6
0.112,0.128,1.0933,-1.2234,-94156,862.69,-750.3,750.3
0.112,0.112,1.3031,-0.044256,-52758,-1.1554e+05,899.48,899.48
0.112,0.096,1.4043,-1.8728,-16453,-44302,1996,1996
0.112,0.08,1.0097,1.173,-26133,91794,2489.6,2489.6
0.112,0.064,0.21788,3.7161,-83692,5.0058e+05,4449.3,4449.3
0.112,0.048,-0.34087,7.9513,-85626,4.7062e+05,5020,5020
0.112,0.032,0.029666,6.5718,-49223,3.4007e+05,3917.1,3917.1
0.112,0.016,-0.28612,-0.72562,0,0,1010.6,1010.6
0.128,0.496,1.7166,7.6111,0,0,154.09,154.09
0.128,0.48,1.6085,8.093,0,0,1365.2,1365.2
0.128,0.464,2.7193,6.4207,88667,-3.0746e+05,3289.2,3289.2
0.128,0.448,1.5293,8.4828,30681,-2.0566e+05,4464.1,4464.1
0.128,0.432,0.36909,8.5811,-1.6983e+05,1.0505e+05,2221.7,2221.7
0.128,0.416,-1.3941,10.711,-4.3086e+05,4.8861e+05,-5591.2,5591.2
0.128,0.4,-2.6709,11.285,-7.806e+05,1.0062e+06,-15317,15317
0.128,0.384,-4.1051,10.818,-9.5352e+05,1.2686e+06,-23350,23350
0.128,0.368,-4.6626,9.3997,-9.4216e+05,1.1568e+06,-24907,24907
0.128,0.352,-4.4209,6.1137,-5.2364e+05,5.8509e+05,-27190,27190
0.128,0.336,-1.8827,3.9547,-82390,58436,-24671,24671
0.128,0.32,-0.41321,4.3523,2.043e+05,-80100,-24221,24221
0.128,0.304,-1.815,6.6044,1.7758e+05,1.0025e+05,-22559,22559
0.128,0.288,-1.5711,7.0486,2.7099e+05,-61381,-25735,25735
0.128,0.272,0.88996,4.4954,3.2652e+05,-3.8045e+05,-27189,27189
0.128,0.256,4.4968,4.1585,2.0552e+05,-6.1188e+05,-23756,23756
0.128,0.24,4.8392,3.319,-45519,-4.9913e+05,-19717,19717
0.128,0.224,2.692,2.1468,-1.6133e+05,-2.9837e+05,-14961,14961
0.128,0.208,1.4399,1.9698,-89387,-1.827e+05,-12083,12083
0.128,0.192,1.1949,1.2965,-52360,-74052,-8409.3,8409.3
0.128,0.176,1.4384,1.725,-21170,-96025,-6910.2,6910.2
0.128,0.16,0.10319,1.973,-13266,-30415,-6551.4,6551.4
0.128,0.144,2.2067,2.2506,4747.3,-94894,-6071.4,6071.4
0.128,0.128,2.2281,0.80929,-27535,-76299,-4214.3,4214.3
0.128,0.112,2.1333,0.79579,-11277,-2.1131e+05,-551.27,551.27
0.128,0.096,1.2647,-0.27391,-59738,-86687,767.44,767.44
0.128,0.08,0.17857,1.3329,-1.3344e+05,1.7059e+05,572.28,572.28
0.128,0.064,-0.57051,4.5733,-1.7014e+05,5.6327e+05,1228,1228
0.128,0.048,0.15406,6.7165,-1.194e+05,5.0004e+05,1957.9,1957.9
0.128,0.032,0.70614,5.5082,-22191,2.8784e+05,2489.6,2489.6
0.128,0.016,1.1823,-1.4735,0,0,520.59,520.59
0.144,0.496,2.3935,10.281,0,0,69.603,69.603
0.144,0.48,1.1937,9.4012,0,0,923.6,923.6
0.144,0.464,0.45072,10.504,66440,-2.0318e+05,2486.8,2486.8
0.144,0.448,0.75034,11.538,-92152,-62774,2173.8,2173.8
0.144,0.432,0.63679,11.761,-3.6538e+05,4.1148e+05,-2854,2854
0.144,0.416,-3.0419,14.748,-6.7279e+05,8.6901e+05,-14869,14869
0.144,0.4,-5.0431,15.711,-1.0753e+06,1.4411e+06,-29037,29037
0.144,0.384,-7.3672,16.838,-1.2725e+06,1.6803e+06,-42104,42104
0.144,0.368,-7.8652,15.697,-1.4499e+06,1.7496e+06,-48717,48717
0.144,0.352,-6.1499,12.986,-1.1486e+06,1.3308e+06,-54964,54964
0.144,0.336,-4.3454,10.989,-6.1731e+05,7.4134e+05,-51617,51617
0.144,0.32,-3.4368,9.8419,8840.7,1.7201e+05,-44167,44167
0.144,0.304,-3.5225,11.924,4.2359e+05,-1.507e+05,-40276,40276
0.144,0.288,-1.5957,11.376,7.2636e+05,-5.8732e+05,-44167,44167
0.144,0.272,2.6267,9.7392,8.0371e+05,-1.0297e+06,-50416,50416
0.144,0.256,5.544,6.3698,5.2081e+05,-1.1543e+06,-46201,46201
0.144,0.24,5.4486,4.3056,17613,-8.48e+05,-38573,38573
0.144,0.224,4.4167,2.956,-2.2815e+05,-4.5288e+05,-28946,28946
0.144,0.208,3.4268,3.0247,-2.0136e+05,-2.9006e+05,-20945,20945
0.144,0.192,2.3992,1.0697,-1.3658e+05,-1.5472e+05,-14658,14658
0.144,0.176,1.4798,2.8187,-96036,-1.9389e+05,-13909,13909
0.144,0.16,1.8859,3.0357,-15455,-2.208e+05,-14747,14747
0.144,0.144,2.9021,3.0725,38792,-3.3713e+05,-14857,14857
0.144,0.128,4.065,2.318,63007,-3.5622e+05,-10977,10977
0.144,0.112,3.6887,1.0381,17407,-3.4687e+05,-5269.7,5269.7
0.144,0.096,3.2065,1.3388,-66828,-1.4896e+05,-2237.7,2237.7
0.144,0.08,0.81289,3.6918,-1.8217e+05,1.3453e+05,-1332.5,1332.5
0.144,0.064,-0.97267,5.1166,-1.9692e+05,3.4151e+05,-1198.6,1198.6
0.144,0.048,0.7635,5.3364,-1.3121e+05,2.8751e+05,-475.42,475.42
0.144,0.032,0.42418,4.0906,-20841,1.1003e+05,400.64,400.64
0.144,0.016,0.069503,3.1004,0,0,-85.592,85.592
0.16,0.496,2.5277,14.776,0,0,0,0
0.16,0.48,2.3775,13.126,0,0,507.66,507.66
0.16,0.464,1.0486,13.09,NaN,NaN,1539.8,1539.8
0.16,0.448,0.28781,15.123,-1.7222e+05,26750,166.39,166.39
0.16,0.432,-2.4275,18.027,-5.2537e+05,6.939e+05,-6291.2,6291.2
0.16,0.416,-5.1768,20.38,-8.0937e+05,1.1186e+06,-20278,20278
0.16,0.4,-9.9544,23.823,-1.3365e+06,1.8727e+06,-36412,36412
0.16,0.384,-14.581,26.093,-1.615e+06,2.1703e+06,-66157,66157
0.16,0.368,-15.958,26.083,-1.8841e+06,2.3763e+06,-87118,87118
0.16,0.352,-12.794,21.407,-1.8694e+06,2.2669e+06,-1.0359e+05,1.0359e+05
0.16,0.336,-9.4844,19.175,-1.2473e+06,1.5438e+06,-98322,98322
0.16,0.32,-6.002,16.075,-2.5118e+05,5.115e+05,-80898,80898
0.16,0.304,-4.3375,10.936,1.0654e+06,-8.9584e+05,-58695,58695
0.16,0.288,-0.479,9.0719,1.7025e+06,-1.7513e+06,-60026,60026
0.16,0.272,4.7048,7.659,1.5666e+06,-2.0729e+06,-68271,68271
0.16,0.256,6.5668,6.1854,8.1645e+05,-1.7188e+06,-74232,74232
0.16,0.24,5.3406,5.3128,1.3346e+05,-1.2232e+06,-63233,63233
0.16,0.224,3.7091,3.5694,-2.062e+05,-7.0131e+05,-49597,49597
0.16,0.208,2.7631,3.932,-2.4826e+05,-4.3956e+05,-37105,37105
0.16,0.192,1.542,3.3723,-2.2685e+05,-2.0746e+05,-29729,29729
0.16,0.176,1.3651,4.0009,-1.5924e+05,-2.7862e+05,-30449,30449
0.16,0.16,1.6739,3.6168,-41132,-4.04e+05,-33056,33056
0.16,0.144,2.5016,2.5792,54032,-6.0328e+05,-33319,33319
0.16,0.128,3.4356,2.3182,56403,-6.1919e+05,-27898,27898
0.16,0.112,3.4734,2.5346,3741.1,-6.1675e+05,-20764,20764
0.16,0.096,2.5454,3.0088,-86413,-4.3336e+05,-14638,14638
0.16,0.08,2.5419,4.4578,-1.9678e+05,-1.637e+05,-9674.3,9674.3
0.16,0.064,1.0625,5.1373,-2.4166e+05,28396,-5467.4,5467.4
0.16,0.048,0.24452,4.5568,-1.6928e+05,60565,-3282.9,3282.9
0.16,0.032,1.58,4.028,-58762,-12785,-1088.2,1088.2
0.16,0.016,1.062,3.703,0,0,-716.83,716.83
0.176,0.496,2.0246,24.412,0,0,0,0
0.176,0.48,2.3985,17.275,0,0,0,0
0.176,0.464,-0.22212,19.213,NaN,NaN,357.54,357.54
0.176,0.448,-1.1217,23.497,NaN,NaN,-2324.2,2324.2
0.176,0.432,-3.3535,24.867,NaN,NaN,-7813.6,7813.6
0.176,0.416,-7.0217,28.078,NaN,NaN,-21691,21691
0.176,0.4,-12.765,32.815,NaN,NaN,-39887,39887
0.176,0.384,-16.643,34.857,NaN,NaN,-83210,83210
0.176,0.368,-20.626,36.469,-2.7136e+06,3.4883e+06,-1.409e+05,1.409e+05
0.176,0.352,-19.911,33.522,-2.6885e+06,3.2533e+06,-1.6224e+05,1.6224e+05
0.176,0.336,-14.983,24.779,-1.9857e+06,2.3988e+06,-1.6014e+05,1.6014e+05
0.176,0.32,-8.8845,20.348,-5.8792e+05,7.7448e+05,-1.2539e+05,1.2539e+05
0.176,0.304,-4.4115,17.4,1.1416e+06,-1.2201e+06,-83145,83145
0.176,0.288,1.9402,12.098,2.3307e+06,-2.9663e+06,-60287,60287
0.176,0.272,4.593,7.4558,2.2672e+06,-3.55e+06,-66051,66051
0.176,0.256,5.2113,7.0846,1.2634e+06,-2.9799e+06,-83341,83341
0.176,0.24,4.6352,6.2843,4.5304e+05,-2.1663e+06,-91717,91717
0.176,0.224,3.6938,4.2322,-50583,-1.2546e+06,-81809,81809
0.176,0.208,3.2169,5.5331,-2.6057e+05,-6.4521e+05,-69432,69432
0.176,0.192,2.247,7.2256,-3.4227e+05,-2.1451e+05,-60278,60278
0.176,0.176,1.8805,7.8993,-3.2809e+05,-2.4859e+05,-62636,62636
0.176,0.16,1.9803,7.1328,-2.0189e+05,-5.2351e+05,-65345,65345
0.176,0.144,2.3075,6.3491,-1.007e+05,-8.8865e+05,-67191,67191
0.176,0.128,1.9885,4.6782,-65018,-9.2062e+05,-59374,59374
0.176,0.112,2.6203,5.4523,-75936,-9.7291e+05,-50946,50946
0.176,0.096,2.8954,4.4088,-1.1168e+05,-8.6413e+05,-40480,40480
0.176,0.08,2.4611,4.8409,-1.8058e+05,-7.5425e+05,-27513,27513
0.176,0.064,1.6221,5.2327,-2.4897e+05,-5.2799e+05,-15114,15114
0.176,0.048,0.28407,4.8468,-1.8391e+05,-2.8445e+05,-6648.2,6648.2
0.176,0.032,0.097031,4.7221,-97429,-1.3317e+05,-2554.3,2554.3
0.176,0.016,-0.39941,2.1476,0,0,-974.91,974.91
0.192,0.496,0.98555,32.417,0,0,0,0
0.192,0.48,1.5265,29.306,0,0,0,0
0.192,0.464,-0.088753,26.653,NaN,NaN,0,0
0.192,0.448,-2.0878,30.521,NaN,NaN,NaN,NaN
0.192,0.432,-3.6047,31.791,NaN,NaN,NaN,NaN
0.192,0.416,-9.0298,36.881,NaN,NaN,NaN,NaN
0.192,0.4,-13.328,39.208,NaN,NaN,NaN,NaN
0.192,0.384,-18.009,40.51,NaN,NaN,-1.5022e+05,1.5022e+05
0.192,0.368,-22.462,40.25,NaN,NaN,-2.0358e+05,2.0358e+05
0.192,0.352,-23.394,41.227,-3.2633e+06,3.9368e+06,-1.9638e+05,1.9638e+05
0.192,0.336,-19.615,35.405,-2.4927e+06,3.1904e+06,-1.9913e+05,1.9913e+05
0.192,0.32,-14.46,26.213,-9.7031e+05,1.2889e+06,-1.731e+05,1.731e+05
0.192,0.304,-5.2686,22.772,8.1713e+05,-8.4048e+05,-1.3209e+05,1.3209e+05
0.192,0.288,-0.40523,18.786,2.4963e+06,-3.3627e+06,-83654,83654
0.192,0.272,4.2222,14.092,2.7221e+06,-4.4074e+06,-61900,61900
0.192,0.256,5.3795,11.04,1.7425e+06,-4.1145e+06,-69273,69273
0.192,0.24,4.5811,9.0211,9.3337e+05,-3.5044e+06,-86322,86322
0.192,0.224,4.3823,7.5785,4.0483e+05,-2.7113e+06,-92914,92914
0.192,0.208,3.4465,10.083,1.137e+05,-2.1699e+06,-94977,94977
0.192,0.192,2.1627,12.976,-92992,-1.6213e+06,-94281,94281
0.192,0.176,1.9404,11.894,-2.2951e+05,-1.2969e+06,-99002,99002
0.192,0.16,2.9182,9.4248,-2.4081e+05,-1.1599e+06,-1.0152e+05,1.0152e+05
0.192,0.144,4.0142,9.3612,-2.2209e+05,-1.3638e+06,-1.0306e+05,1.0306e+05
0.192,0.128,4.0191,9.4667,-1.7193e+05,-1.6163e+06,-94726,94726
0.192,0.112,3.3287,10.026,-1.2215e+05,-1.8813e+06,-86700,86700
0.192,0.096,3.4589,6.9558,-1.3919e+05,-1.8152e+06,-72432,72432
0.192,0.08,2.5946,6.8407,-2.1119e+05,-1.5247e+06,-53609,53609
0.192,0.064,2.6168,7.8594,-3.4317e+05,-1.0042e+06,-31428,31428
0.192,0.048,1.8238,8.2087,-2.6288e+05,-4.8349e+05,-15474,15474
0.192,0.032,1.1342,7.9908,-1.5494e+05,-1.788e+05,-5805.1,5805.1
0.192,0.016,1.1036,2.8642,0,0,-2001.9,2001.9
0.208,0.496,-0.60971,39.789,0,0,0,0
0.208,0.48,-2.1946,39.343,0,0,0,0
0.208,0.464,-3.3397,37.345,NaN,NaN,0,0
0.208,0.448,-3.7568,34.006,NaN,NaN,NaN,NaN
0.208,0.432,-5.8519,34.773,NaN,NaN,NaN,NaN
0.208,0.416,-9.1253,38.427,NaN,NaN,NaN,NaN
0.208,0.4,-13.989,40.428,NaN,NaN,NaN,NaN
0.208,0.384,-16.982,41.684,NaN,NaN,NaN,NaN
0.208,0.368,-20.289,43.5,NaN,NaN,-2.9111e+05,2.9111e+05
0.208,0.352,-20.264,42.903,NaN,NaN,-2.7867e+05,2.7867e+05
0.208,0.336,-16.576,40.5,-2.9015e+06,3.8671e+06,-2.3819e+05,2.3819e+05
0.208,0.32,-12.873,35.713,-1.3067e+06,1.45e+06,-2.2354e+05,2.2354e+05
0.208,0.304,-7.4856,29.834,54168,-1.2427e+05,-1.775e+05,1.775e+05
0.208,0.288,-2.5375,24.492,1.6075e+06,-2.4574e+06,-1.3204e+05,1.3204e+05
0.208,0.272,0.2565,18.81,2.4726e+06,-4.1126e+06,-76673,76673
0.208,0.256,2.1378,15.376,2.1996e+06,-4.8335e+06,-54768,54768
0.208,0.24,3.8302,11.514,1.7412e+06,-5.0259e+06,-58917,58917
0.208,0.224,5.4175,11.585,1.3002e+06,-4.706e+06,-71423,71423
0.208,0.208,5.0973,12.06,1.0155e+06,-4.3519e+06,-80957,80957
0.208,0.192,5.8266,9.9846,7.4156e+05,-3.6343e+06,-95777,95777
0.208,0.176,5.1654,10.937,4.8183e+05,-3.0524e+06,-1.1112e+05,1.1112e+05
0.208,0.16,3.531,13.536,3.1369e+05,-2.5962e+06,-1.2021e+05,1.2021e+05
0.208,0.144,3.3663,13.397,1.324e+05,-2.3195e+06,-1.2616e+05,1.2616e+05
0.208,0.128,4.1041,13.673,45329,-2.164e+06,-1.1895e+05,1.1895e+05
0.208,0.112,4.6515,14.249,-54342,-2.0581e+06,-1.1168e+05,1.1168e+05
0.208,0.096,4.1329,14.222,-2.0535e+05,-1.9563e+06,-98806,98806
0.208,0.08,3.5756,15.093,-3.2908e+05,-1.9208e+06,-81368,81368
0.208,0.064,1.9375,15.131,-3.9686e+05,-1.8802e+06,-54941,54941
0.208,0.048,0.31334,13.874,-2.4677e+05,-1.2964e+06,-29769,29769
0.208,0.032,1.6435,12.502,-1.1925e+05,-6.8007e+05,-11304,11304
0.208,0.016,1.7363,9.5128,0,0,-2818.6,2818.6
0.224,0.496,-2.0391,40.267,0,0,0,0
0.224,0.48,-4.9259,37.589,0,0,0,0
0.224,0.464,-5.5512,35.731,NaN,NaN,0,0
0.224,0.448,-4.9292,33.652,NaN,NaN,NaN,NaN
0.224,0.432,-6.5275,36.35,NaN,NaN,NaN,NaN
0.224,0.416,-7.8034,38.853,NaN,NaN,NaN,NaN
0.224,0.4,-11.3,42.669,NaN,NaN,NaN,NaN
0.224,0.384,-13.926,44.883,NaN,NaN,NaN,NaN
0.224,0.368,-15.3,46.755,NaN,NaN,NaN,NaN
0.224,0.352,-15.247,47.147,NaN,NaN,-2.8955e+05,2.8955e+05
0.224,0.336,-12.482,46.128,-2.9356e+06,4.4719e+06,-2.3683e+05,2.3683e+05
0.224,0.32,-9.9803,44.047,-1.657e+06,1.9032e+06,-2.328e+05,2.328e+05
0.224,0.304,-7.0813,39.843,-3.7911e+05,4.1015e+05,-2.0998e+05,2.0998e+05
0.224,0.288,-3.3845,34.829,9.6917e+05,-1.1568e+06,-1.8364e+05,1.8364e+05
0.224,0.272,-0.10073,29.016,1.8284e+06,-2.2343e+06,-1.2441e+05,1.2441e+05
0.224,0.256,0.8111,24.071,1.8233e+06,-2.8111e+06,-66438,66438
0.224,0.24,3.1802,20.271,1.7639e+06,-3.7593e+06,-34208,34208
0.224,0.224,5.5307,19.175,1.6087e+06,-4.16e+06,-27088,27088
0.224,0.208,5.2671,20.779,1.5138e+06,-4.3066e+06,-33868,33868
0.224,0.192,5.2527,22.921,1.3783e+06,-3.9018e+06,-47609,47609
0.224,0.176,4.7083,26.797,1.2442e+06,-3.5147e+06,-72984,72984
0.224,0.16,4.7414,26.08,1.143e+06,-3.0863e+06,-93829,93829
0.224,0.144,4.7498,26.402,9.9298e+05,-2.7077e+06,-1.1042e+05,1.1042e+05
0.224,0.128,2.3308,28.356,9.1198e+05,-2.5813e+06,-1.1077e+05,1.1077e+05
0.224,0.112,2.0639,29.601,7.7346e+05,-2.5168e+06,-1.1351e+05,1.1351e+05
0.224,0.096,1.9632,26.182,5.7793e+05,-2.6584e+06,-1.0564e+05,1.0564e+05
0.224,0.08,1.1327,23.766,3.9022e+05,-2.8556e+06,-94043,94043
0.224,0.064,1.8235,21.541,2.3161e+05,-2.8905e+06,-65079,65079
0.224,0.048,4.006,21.334,1.3387e+05,-1.9533e+06,-37205,37205
0.224,0.032,4.0711,24.257,46538,-9.1997e+05,-14064,14064
0.224,0.016,1.833,20.332,0,0,-3248.4,3248.4
0.24,0.496,-3.113,33.786,0,0,0,0
0.24,0.48,-4.7969,27.737,0,0,0,0
0.24,0.464,-4.075,27.589,NaN,NaN,0,0
0.24,0.448,-5.01,29.208,NaN,NaN,NaN,NaN
0.24,0.432,-4.3045,35.514,NaN,NaN,NaN,NaN
0.24,0.416,-4.3047,39.253,NaN,NaN,NaN,NaN
0.24,0.4,-5.9338,44.391,NaN,NaN,NaN,NaN
0.24,0.384,-8.8628,48.104,NaN,NaN,NaN,NaN
0.24,0.368,-11.632,50.736,NaN,NaN,NaN,NaN
0.24,0.352,-13.191,52.223,NaN,NaN,-4.2858e+05,4.2858e+05
0.24,0.336,-10.393,52.187,NaN,NaN,-2.6009e+05,2.6009e+05
0.24,0.32,-9.2489,52.229,-1.3162e+06,9.4792e+05,-2.4933e+05,2.4933e+05
0.24,0.304,-7.5346,49.098,-4.9747e+05,4.0218e+05,-1.5314e+05,1.5314e+05
0.24,0.288,-4.5758,44.889,3.4546e+05,29542,-1.0216e+05,1.0216e+05
0.24,0.272,-2.1556,41.973,1.2797e+06,-8.1968e+05,-32568,32568
0.24,0.256,0.54774,40.062,1.614e+06,-1.6492e+06,7815.4,7815.4
0.24,0.24,3.702,39.239,1.8848e+06,-3.0276e+06,28119,28119
0.24,0.224,3.8607,38.331,1.7303e+06,-2.4558e+06,37455,37455
0.24,0.208,3.2306,40.961,1.616e+06,-1.7008e+06,36488,36488
0.24,0.192,4.2155,42.722,1.5276e+06,-8.1658e+05,29200,29200
0.24,0.176,3.3924,42.984,1.551e+06,-1.0126e+06,2297,2297
0.24,0.16,3.5358,43.776,1.591e+06,-1.2082e+06,-24370,24370
0.24,0.144,3.56,45.213,1.5271e+06,-1.1859e+06,-47198,47198
0.24,0.128,3.5018,45.107,1.4376e+06,-9.9319e+05,-61531,61531
0.24,0.112,3.4879,45.332,1.3107e+06,-9.7186e+05,-80109,80109
0.24,0.096,3.8033,45.145,1.1814e+06,-1.4613e+06,-87468,87468
0.24,0.08,5.3867,43.416,1.1079e+06,-2.3279e+06,-80451,80451
0.24,0.064,5.6054,42.441,1.0625e+06,-2.957e+06,-55416,55416
0.24,0.048,4.2123,45.22,7.1985e+05,-2.19e+06,-29817,29817
0.24,0.032,3.5299,48.391,3.5908e+05,-1.0652e+06,-11354,11354
0.24,0.016,2.3939,43.228,0,0,-2345.7,2345.7
0.256,0.496,-2.8547,29.204,0,0,0,0
0.256,0.48,-2.0521,23.695,0,0,0,0
0.256,0.464,-2.7241,25.82,NaN,NaN,0,0
0.256,0.448,-2.265,29.739,NaN,NaN,NaN,NaN
0.256,0.432,-1.8163,34.887,NaN,NaN,NaN,NaN
0.256,0.416,-2.6944,40.053,NaN,NaN,NaN,NaN
0.256,0.4,-3.2385,44.399,NaN,NaN,NaN,NaN
0.256,0.384,-5.6325,48.704,NaN,NaN,NaN,NaN
0.256,0.368,-8.285,52.133,NaN,NaN,NaN,NaN
0.256,0.352,-9.6916,54.505,NaN,NaN,NaN,NaN
0.256,0.336,-9.629,57.413,NaN,NaN,-2.4195e+05,2.4195e+05
0.256,0.32,-9.492,60.552,NaN,NaN,-2.1164e+05,2.1164e+05
0.256,0.304,-6.5003,60.09,NaN,NaN,-1.1497e+05,1.1497e+05
0.256,0.288,-4.4065,59.732,5.5989e+05,2.1915e+06,-38795,38795
0.256,0.272,-3.7172,58.079,6.7295e+05,1.9659e+06,9933.6,9933.6
0.256,0.256,-1.0122,56.718,8.3067e+05,1.4343e+06,41268,41268
0.256,0.24,0.030711,55.367,1.1112e+06,3.2486e+05,96828,96828
0.256,0.224,1.3414,55.636,1.1896e+06,1.0078e+06,1.3979e+05,1.3979e+05
0.256,0.208,1.9238,54.721,1.1989e+06,1.5462e+06,1.5971e+05,1.5971e+05
0.256,0.192,2.1159,55.294,1.2336e+06,1.8959e+06,1.5181e+05,1.5181e+05
0.256,0.176,3.6632,55.132,1.4085e+06,1.2593e+06,1.2085e+05,1.2085e+05
0.256,0.16,3.9769,54.431,1.6504e+06,1.776e+06,87925,87925
0.256,0.144,3.8557,56.163,1.833e+06,2.1297e+06,50824,50824
0.256,0.128,4.3951,56.689,1.863e+06,2.5107e+06,21334,21334
0.256,0.112,4.4541,58.355,1.9382e+06,2.0105e+06,-11904,11904
0.256,0.096,5.6888,58.695,1.9187e+06,9.8687e+05,-33360,33360
0.256,0.08,6.7418,57.908,1.8865e+06,-6.3394e+05,-35708,35708
0.256,0.064,5.8099,57.196,1.7229e+06,-1.9074e+06,-25769,25769
0.256,0.048,5.7924,58.676,1.0847e+06,-1.6742e+06,-9506.2,9506.2
0.256,0.032,4.1428,59.932,5.2093e+05,-7.7961e+05,-3681.2,3681.2
0.256,0.016,2.6295,56.326,0,0,262.55,262.55
0.272,0.496,-3.2407,27.807,0,0,0,0
0.272,0.48,-3.2956,25.994,0,0,0,0
0.272,0.464,-2.5372,28.633,NaN,NaN,0,0
0.272,0.448,-1.6513,31.519,NaN,NaN,NaN,NaN
0.272,0.432,-1.4617,34.675,NaN,NaN,NaN,NaN
0.272,0.416,-2.4283,41.598,NaN,NaN,NaN,NaN
0.272,0.4,-2.5059,45.044,NaN,NaN,NaN,NaN
0.272,0.384,-3.9692,48.951,NaN,NaN,NaN,NaN
0.272,0.368,-4.7125,53.38,NaN,NaN,NaN,NaN
0.272,0.352,-6.2112,58.43,NaN,NaN,NaN,NaN
0.272,0.336,-7.112,62.919,NaN,NaN,NaN,NaN
0.272,0.32,-7.3916,66.751,NaN,NaN,NaN,NaN
0.272,0.304,-5.2091,69.839,NaN,NaN,2.1522e+05,2.1522e+05
0.272,0.288,-5.774,72.815,NaN,NaN,2.2607e+05,2.2607e+05
0.272,0.272,-5.056,73.554,NaN,NaN,2.1504e+05,2.1504e+05
0.272,0.256,-2.6432,76.046,NaN,NaN,1.9563e+05,1.9563e+05
0.272,0.24,-1.201,76.002,NaN,NaN,2.0706e+05,2.0706e+05
0.272,0.224,-0.19545,74.499,8.9397e+05,5.4353e+06,2.1915e+05,2.1915e+05
0.272,0.208,-0.31252,71.795,8.767e+05,5.1832e+06,2.2774e+05,2.2774e+05
0.272,0.192,2.3275,69.399,9.3795e+05,4.8042e+06,2.0904e+05,2.0904e+05
0.272,0.176,4.2376,68.1,1.0302e+06,3.9985e+06,1.9175e+05,1.9175e+05
0.272,0.16,4.5506,68.88,1.3382e+06,4.5286e+06,1.6834e+05,1.6834e+05
0.272,0.144,6.0534,70.289,1.6446e+06,5.2985e+06,1.3943e+05,1.3943e+05
0.272,0.128,7.2888,69.59,1.6687e+06,5.6971e+06,94355,94355
0.272,0.112,6.87,68.906,1.7498e+06,5.4133e+06,51727,51727
0.272,0.096,9.6627,66.884,1.6896e+06,4.0583e+06,17767,17767
0.272,0.08,9.2752,62.615,1.68e+06,1.8355e+06,4891.7,4891.7
0.272,0.064,6.8416,60.135,1.5675e+06,-4.3472e+05,3103.9,3103.9
0.272,0.048,5.196,59.893,1.0082e+06,-1.0489e+06,9575.2,9575.2
0.272,0.032,4.0297,59.19,5.0089e+05,-6.9324e+05,6572.6,6572.6
0.272,0.016,3.8572,58.134,0,0,2977.3,2977.3
0.288,0.496,-4.6716,26.983,0,0,0,0
0.288,0.48,-4.41,26.336,0,0,0,0
0.288,0.464,-2.4383,30.654,NaN,NaN,0,0
0.288,0.448,-1.2585,30.551,NaN,NaN,NaN,NaN
0.288,0.432,-1.2565,32.537,NaN,NaN,NaN,NaN
0.288,0.416,-2.2426,40.767,NaN,NaN,NaN,NaN
0.288,0.4,-2.1023,45.717,NaN,NaN,NaN,NaN
0.288,0.384,-2.7945,51.27,NaN,NaN,NaN,NaN
0.288,0.368,-2.8508,57.201,NaN,NaN,NaN,NaN
0.288,0.352,-3.0963,62.457,NaN,NaN,NaN,NaN
0.288,0.336,-2.82,66.323,NaN,NaN,NaN,NaN
0.288,0.32,-3.4274,70.773,NaN,NaN,NaN,NaN
0.288,0.304,-3.435,74.145,NaN,NaN,NaN,NaN
0.288,0.288,-3.024,77.263,NaN,NaN,NaN,NaN
0.288,0.272,-2.5138,80.263,NaN,NaN,NaN,NaN
0.288,0.256,-1.4315,82.435,NaN,NaN,NaN,NaN
0.288,0.24,-0.1634,83.266,NaN,NaN,3.9786e+05,3.9786e+05
0.288,0.224,0.54719,81.236,NaN,NaN,3.7486e+05,3.7486e+05
0.288,0.208,1.1292,81.992,NaN,NaN,3.5206e+05,3.5206e+05
0.288,0.192,3.0741,80.452,NaN,NaN,3.542e+05,3.542e+05
0.288,0.176,4.6938,77.704,NaN,NaN,2.9642e+05,2.9642e+05
0.288,0.16,5.5514,77.956,1.7577e+06,8.1631e+06,2.5344e+05,2.5344e+05
0.288,0.144,5.608,76.66,1.7678e+06,7.9563e+06,1.8252e+05,1.8252e+05
0.288,0.128,6.9513,71.672,1.6223e+06,7.6953e+06,1.351e+05,1.351e+05
0.288,0.112,7.3066,68.646,1.531e+06,7.0326e+06,93497,93497
0.288,0.096,7.5634,65.111,1.3234e+06,5.342e+06,56998,56998
0.288,0.08,6.027,62.165,1.2198e+06,2.8499e+06,36505,36505
0.288,0.064,6.3551,59.426,1.1062e+06,2.1911e+05,25490,25490
0.288,0.048,4.9293,58.544,7.2231e+05,-6.9648e+05,26131,26131
0.288,0.032,4.7321,57.283,3.6601e+05,-6.2451e+05,14760,14760
0.288,0.016,4.4703,54.365,0,0,5655.8,5655.8
0.304,0.496,-3.3753,25.973,0,0,0,0
0.304,0.48,-4.526,27.184,0,0,0,0
0.304,0.464,-2.9493,29.524,NaN,NaN,0,0
0.304,0.448,-1.099,28.137,NaN,NaN,NaN,NaN
0.304,0.432,-0.84528,28.307,NaN,NaN,NaN,NaN
0.304,0.416,-0.74118,33.185,NaN,NaN,NaN,NaN
0.304,0.4,-1.1957,39.506,NaN,NaN,NaN,NaN
0.304,0.384,-0.28698,47.104,NaN,NaN,NaN,NaN
0.304,0.368,-0.22399,55.182,NaN,NaN,NaN,NaN
0.304,0.352,0.26027,62.374,NaN,NaN,NaN,NaN
0.304,0.336,-0.0091755,68.059,NaN,NaN,NaN,NaN
0.304,0.32,-0.5753,73.095,NaN,NaN,NaN,NaN
0.304,0.304,-1.3521,74.592,NaN,NaN,NaN,NaN
0.304,0.288,-0.9964,77.557,NaN,NaN,NaN,NaN
0.304,0.272,-0.22486,79.339,NaN,NaN,NaN,NaN
0.304,0.256,0.37391,79.51,NaN,NaN,NaN,NaN
0.304,0.24,0.77098,79.514,NaN,NaN,NaN,NaN
0.304,0.224,1.1737,79.531,NaN,NaN,NaN,NaN
0.304,0.208,1.9089,78.77,NaN,NaN,5.4277e+05,5.4277e+05
0.304,0.192,2.4361,77.33,NaN,NaN,4.6337e+05,4.6337e+05
0.304,0.176,3.6923,75.527,1.0188e+06,7.394e+06,3.5205e+05,3.5205e+05
0.304,0.16,4.4194,73.65,1.211e+06,7.3811e+06,2.666e+05,2.666e+05
0.304,0.144,5.0121,70.159,1.3065e+06,7.3058e+06,1.8612e+05,1.8612e+05
0.304,0.128,4.4636,66.861,1.2144e+06,6.8966e+06,1.3211e+05,1.3211e+05
0.304,0.112,3.9318,64.479,1.0257e+06,5.9218e+06,81823,81823
0.304,0.096,3.208,62.537,7.2447e+05,3.98e+06,47774,47774
0.304,0.08,2.589,60.7,6.2132e+05,1.7985e+06,38612,38612
0.304,0.064,4.1303,59.104,6.124e+05,-2.2033e+05,40213,40213
0.304,0.048,4.4833,56.7,4.4633e+05,-6.8869e+05,37848,37848
0.304,0.032,3.6888,54.452,2.2781e+05,-5.8859e+05,20780,20780
0.304,0.016,1.9283,51.553,0,0,6875.9,6875.9
0.32,0.496,-4.2931,30.087,0,0,0,0
0.32,0.48,-4.9108,29.457,0,0,0,0
0.32,0.464,-2.795,29.244,NaN,NaN,0,0
0.32,0.448,-1.1379,28.281,NaN,NaN,NaN,NaN
0.32,0.432,-1.3204,27.525,NaN,NaN,NaN,NaN
0.32,0.416,-1.1953,27.563,NaN,NaN,NaN,NaN
0.32,0.4,-0.17157,33.623,NaN,NaN,NaN,NaN
0.32,0.384,0.149,37.989,NaN,NaN,NaN,NaN
0.32,0.368,1.1572,47.679,NaN,NaN,-11177,11177
0.32,0.352,0.86873,54.086,NaN,NaN,-21525,21525
0.32,0.336,0.68954,59.176,NaN,NaN,-37889,37889
0.32,0.32,0.090507,66.264,NaN,NaN,-63722,63722
0.32,0.304,0.049737,68.868,NaN,NaN,-75508,75508
0.32,0.288,1.1238,72.613,NaN,NaN,-77953,77953
0.32,0.272,0.60628,75.418,NaN,NaN,-67229,67229
0.32,0.256,1.3738,75.831,NaN,NaN,2.6761e+05,2.6761e+05
0.32,0.24,1.3803,75.203,NaN,NaN,2.444e+05,2.444e+05
0.32,0.224,0.77335,76.635,NaN,NaN,2.7547e+05,2.7547e+05
0.32,0.208,1.3863,75.706,NaN,NaN,3.3772e+05,3.3772e+05
0.32,0.192,1.568,73.092,4.8803e+05,6.4331e+06,3.5586e+05,3.5586e+05
0.32,0.176,1.5059,71.132,6.4833e+05,6.7172e+06,2.9448e+05,2.9448e+05
0.32,0.16,2.4601,67.954,7.9153e+05,6.8028e+06,2.2387e+05,2.2387e+05
0.32,0.144,2.8394,65.116,7.5575e+05,6.4927e+06,1.4698e+05,1.4698e+05
0.32,0.128,3.0776,61.404,5.8898e+05,5.5451e+06,1.0194e+05,1.0194e+05
0.32,0.112,1.7396,58.566,3.0382e+05,3.8633e+06,57186,57186
0.32,0.096,1.0783,56.503,98405,1.7205e+06,32204,32204
0.32,0.08,0.49705,55.392,51837,-94868,38212,38212
0.32,0.064,1.4697,53.474,1.1793e+05,-1.486e+06,47606,47606
0.32,0.048,2.7688,51.471,1.2504e+05,-1.294e+06,45174,45174
0.32,0.032,1.8575,49.735,92515,-7.7669e+05,22173,22173
0.32,0.016,1.3836,46.797,0,0,7411.8,7411.8
0.336,0.496,-2.0152,31.01,0,0,0,0
0.336,0.48,-3.0465,30.904,0,0,0,0
0.336,0.464,-2.6922,30.749,NaN,NaN,1.188e+05,1.188e+05
0.336,0.448,-1.3016,28.553,NaN,NaN,4.5909e+05,4.5909e+05
0.336,0.432,-2.1518,29.58,NaN,NaN,4.4337e+05,4.4337e+05
0.336,0.416,-0.80405,30.909,NaN,NaN,4.1542e+05,4.1542e+05
0.336,0.4,0.45607,29.351,NaN,NaN,3.837e+05,3.837e+05
0.336,0.384,0.014138,32.125,NaN,NaN,3.6288e+05,3.6288e+05
0.336,0.368,2.1184,36.72,NaN,NaN,2.0614e+05,2.0614e+05
0.336,0.352,2.193,42.601,9.961e+05,2.6553e+06,1.2655e+05,1.2655e+05
0.336,0.336,2.4629,44.099,1.0664e+06,2.958e+06,59985,59985
0.336,0.32,1.6143,48.663,1.1759e+06,3.3105e+06,42004,42004
0.336,0.304,1.7977,53.813,1.2659e+06,3.6381e+06,14624,14624
0.336,0.288,2.2601,58.063,1.3949e+06,4.0155e+06,41590,41590
0.336,0.272,2.0586,61.614,NaN,NaN,89755,89755
0.336,0.256,1.6185,64.372,NaN,NaN,1.8099e+05,1.8099e+05
0.336,0.24,1.3215,66.601,2.5564e+05,5.3659e+06,1.8256e+05,1.8256e+05
0.336,0.224,1.2884,67.41,2.3137e+05,5.3584e+06,1.9442e+05,1.9442e+05
0.336,0.208,0.41604,66.588,2.1193e+05,5.5205e+06,2.3027e+05,2.3027e+05
0.336,0.192,-0.74386,64.461,2.4689e+05,5.6983e+06,2.1399e+05,2.1399e+05
0.336,0.176,-0.60916,63.176,2.7208e+05,5.8179e+06,1.872e+05,1.872e+05
0.336,0.16,-0.22161,62.625,2.5012e+05,5.5198e+06,1.3507e+05,1.3507e+05
0.336,0.144,-0.76472,60.008,1.2004e+05,4.589e+06,1.0415e+05,1.0415e+05
0.336,0.128,-0.92503,55.786,-1.1283e+05,2.7989e+06,66876,66876
0.336,0.112,-1.0063,51.456,-3.0803e+05,8.3844e+05,24193,24193
0.336,0.096,-0.33223,48.207,-3.7601e+05,-9.5971e+05,11631,11631
0.336,0.08,-0.73438,46.137,-3.078e+05,-2.1921e+06,27834,27834
0.336,0.064,-0.50901,44.476,-1.9163e+05,-3.0886e+06,45869,45869
0.336,0.048,0.46683,43.262,-88857,-2.2616e+06,39142,39142
0.336,0.032,0.45317,41.689,-18869,-1.1796e+06,16104,16104
0.336,0.016,-0.44646,38.648,0,0,3767.7,3767.7
0.352,0.496,-2.0653,24.527,0,0,84.488,84.488
0.352,0.48,-3.0849,23.667,0,0,19612,19612
0.352,0.464,-1.2497,23.267,NaN,NaN,1.0568e+05,1.0568e+05
0.352,0.448,-0.14441,22.898,3.7309e+05,-1.2348e+06,2.2106e+05,2.2106e+05
0.352,0.432,-1.6011,24.236,3.7312e+05,-8.4087e+05,2.3534e+05,2.3534e+05
0.352,0.416,-1.6893,26.403,4.4363e+05,-2.5858e+05,2.2601e+05,2.2601e+05
0.352,0.4,-0.4669,24.763,7.1163e+05,8.013e+05,2.0619e+05,2.0619e+05
0.352,0.384,0.27135,25.629,1.0056e+06,1.81e+06,1.9282e+05,1.9282e+05
0.352,0.368,0.22664,27.159,1.0833e+06,2.3846e+06,1.2402e+05,1.2402e+05
0.352,0.352,1.6734,29.118,9.585e+05,2.6947e+06,91142,91142
0.352,0.336,1.9046,28.906,9.5379e+05,2.9369e+06,57795,57795
0.352,0.32,2.2396,32.02,1.0959e+06,3.3736e+06,50613,50613
0.352,0.304,2.8824,36.243,1.1991e+06,3.8542e+06,27406,27406
0.352,0.288,3.0562,45.009,1.1903e+06,4.3927e+06,38655,38655
0.352,0.272,2.0537,48.637,9.1213e+05,4.5267e+06,61125,61125
0.352,0.256,0.98463,50.437,6.8094e+05,4.6052e+06,1.191e+05,1.191e+05
0.352,0.24,0.26838,52.088,4.2533e+05,4.8727e+06,1.2879e+05,1.2879e+05
0.352,0.224,-1.1938,53.232,2.3231e+05,4.874e+06,1.3729e+05,1.3729e+05
0.352,0.208,-1.2557,53.73,73160,4.7893e+06,1.1559e+05,1.1559e+05
0.352,0.192,-0.40342,53.806,11684,4.6735e+06,78213,78213
0.352,0.176,-1.2801,52.873,-1.1849e+05,4.3473e+06,54317,54317
0.352,0.16,-2.6824,50.871,-2.4231e+05,3.6613e+06,46896,46896
0.352,0.144,-1.8959,48.038,-4.9564e+05,2.0486e+06,47206,47206
0.352,0.128,-3.2739,43.214,-6.0761e+05,1.5872e+05,29234,29234
0.352,0.112,-3.5959,40.267,-5.9853e+05,-1.6173e+06,5577.4,5577.4
0.352,0.096,-2.045,38.98,-5.2033e+05,-2.7083e+06,-827.5,827.5
0.352,0.08,-1.1351,37.346,-4.0537e+05,-3.1005e+06,8836.3,8836.3
0.352,0.064,-1.071,36.08,-3.183e+05,-3.3622e+06,22314,22314
0.352,0.048,-1.3998,36.06,-1.7175e+05,-2.2628e+06,20408,20408
0.352,0.032,-0.88964,36.159,-66952,-1.2184e+06,6904.3,6904.3
0.352,0.016,-0.98769,33.08,0,0,543.15,543.15
0.368,0.496,-3.4113,18.153,0,0,622.67,622.67
0.368,0.48,-3.0789,12.48,0,0,20490,20490
0.368,0.464,-2.5761,11.01,6.5378e+05,-6.8419e+05,86705,86705
0.368,0.448,-2.1916,10.524,4.2767e+05,-6.6572e+05,1.4905e+05,1.4905e+05
0.368,0.432,-1.5281,12.68,3.5499e+05,-4.6175e+05,1.7203e+05,1.7203e+05
0.368,0.416,-1.3724,14.606,3.2526e+05,-1.0508e+05,1.6857e+05,1.6857e+05
0.368,0.4,-0.30945,15.783,5.1143e+05,5.0449e+05,1.5286e+05,1.5286e+05
0.368,0.384,1.5484,19.114,7.5362e+05,1.0878e+06,1.3903e+05,1.3903e+05
0.368,0.368,2.3697,20.781,8.238e+05,1.4415e+06,1.0541e+05,1.0541e+05
0.368,0.352,1.6127,21.392,7.8784e+05,1.8034e+06,93902,93902
0.368,0.336,1.7367,22.998,8.1574e+05,2.1225e+06,78237,78237
0.368,0.32,3.7562,24.375,9.7432e+05,2.5908e+06,80366,80366
0.368,0.304,4.2899,28.689,9.8281e+05,2.7566e+06,63009,63009
0.368,0.288,4.4222,31.341,7.5088e+05,2.5919e+06,62043,62043
0.368,0.272,3.1514,32.721,3.5828e+05,2.0814e+06,64412,64412
0.368,0.256,1.5438,32.833,2.4741e+05,2.1815e+06,71725,71725
0.368,0.24,0.83512,36.748,1.3312e+05,2.8899e+06,67225,67225
0.368,0.224,0.16455,40.187,-34453,3.0305e+06,48073,48073
0.368,0.208,-1.0103,39.627,-2.3948e+05,2.4615e+06,26574,26574
0.368,0.192,-0.99234,39.955,-3.3912e+05,1.7091e+06,698.45,698.45
0.368,0.176,0.18949,37.869,-4.9421e+05,1.2578e+06,8855.6,8855.6
0.368,0.16,-1.4011,34.878,-6.2369e+05,1.0321e+06,25240,25240
0.368,0.144,-1.6612,32.942,-7.1188e+05,-28660,37951,37951
0.368,0.128,-1.9092,30.478,-6.0071e+05,-1.1832e+06,32055,32055
0.368,0.112,-1.6345,29.592,-3.9793e+05,-2e+06,14371,14371
0.368,0.096,-2.0465,26.462,-2.1026e+05,-1.6303e+06,8783.5,8783.5
0.368,0.08,-2.2365,32.122,-49359,-8.1488e+05,9186.4,9186.4
0.368,0.064,-0.39413,35.607,-26267,-8.1714e+05,16061,16061
0.368,0.048,-1.6522,37.165,-3581.3,-5.7092e+05,10270,10270
0.368,0.032,-3.83,35.627,-29493,-6.4857e+05,485.38,485.38
0.368,0.016,-4.6619,29.64,0,0,-2366.2,2366.2
0.384,0.496,-4.5306,17.244,0,0,1501.2,1501.2
0.384,0.48,-5.4073,8.8707,84930,-3.0273e+05,21452,21452
0.384,0.464,-2.8589,6.7826,4.9675e+05,-9.4755e+05,31123,31123
0.384,0.448,-1.4825,8.0515,4.8278e+05,-5.3293e+05,41550,41550
0.384,0.432,-1.9986,8.5111,4.7094e+05,-1.1497e+05,37785,37785
0.384,0.416,-1.7326,9.0015,4.1007e+05,91343,44222,44222
0.384,0.4,-0.14524,8.7526,4.5631e+05,4.5386e+05,35047,35047
0.384,0.384,1.7221,10.922,5.3551e+05,7.2909e+05,27015,27015
0.384,0.368,2.4264,12.482,5.8598e+05,9.8249e+05,20447,20447
0.384,0.352,1.6937,12.742,5.557e+05,1.0755e+06,28396,28396
0.384,0.336,2.7082,14.448,5.947e+05,1.2184e+06,30998,30998
0.384,0.32,3.837,14.93,7.124e+05,1.5043e+06,32499,32499
0.384,0.304,4.9545,15.696,6.756e+05,1.6909e+06,27543,27543
0.384,0.288,2.8641,12.935,4.35e+05,1.5685e+06,23781,23781
0.384,0.272,1.2444,9.4557,1.735e+05,1.3229e+06,22209,22209
0.384,0.256,2.3376,8.9226,85058,1.3609e+06,26915,26915
0.384,0.24,3.5894,10.878,-24915,1.6192e+06,25048,25048
0.384,0.224,0.47957,18.835,-2.6235e+05,1.0477e+06,15983,15983
0.384,0.208,-1.0639,17.788,-4.8721e+05,-3.5876e+05,7248.1,7248.1
0.384,0.192,-3.7447,13.323,-4.8633e+05,-1.3692e+06,7471.2,7471.2
0.384,0.176,-3.1752,16.956,-3.5886e+05,-1.1788e+06,26956,26956
0.384,0.16,-1.9145,20.774,-2.919e+05,-4.0235e+05,46285,46285
0.384,0.144,-1.3091,21.224,-2.3008e+05,-3.7471e+05,58877,58877
0.384,0.128,-1.162,19.447,-51490,-3.812e+05,55934,55934
0.384,0.112,-0.74527,19.443,2.521e+05,-3.0123e+05,43305,43305
0.384,0.096,0.89968,23.236,4.4679e+05,6.308e+05,32484,32484
0.384,0.08,2.3729,30.262,4.9015e+05,1.6108e+06,21855,21855
0.384,0.064,2.3899,36.132,2.9367e+05,1.4705e+06,14771,14771
0.384,0.048,-0.93669,34.153,1.3284e+05,8.9507e+05,7634.4,7634.4
0.384,0.032,-0.69171,31.783,-2231.5,-95816,1123.5,1123.5
0.384,0.016,-2.9004,24.281,0,0,179.2,179.2
0.4,0.496,-5.0003,14.21,0,0,2362.1,2362.1
0.4,0.48,-5.9498,7.8651,1.7221e+05,-3.846e+05,9824.3,9824.3
0.4,0.464,-3.3136,5.0826,5.9431e+05,-6.7388e+05,22210,22210
0.4,0.448,-1.0957,9.9189,5.4884e+05,-2.4693e+05,33297,33297
0.4,0.432,-1.2533,9.1963,5.0854e+05,1.7297e+05,41857,41857
0.4,0.416,-0.11777,10.126,3.5205e+05,2.4133e+05,41252,41252
0.4,0.4,-0.067964,9.3536,2.9854e+05,2.2651e+05,30543,30543
0.4,0.384,-0.55979,10.02,2.8222e+05,1.737e+05,22337,22337
0.4,0.368,-0.25451,10.279,2.5424e+05,1.89e+05,18902,18902
0.4,0.352,1.3018,9.8419,2.25e+05,90688,22321,22321
0.4,0.336,1.7796,7.6487,3.0108e+05,1.5087e+05,16694,16694
0.4,0.32,3.1233,8.6296,4.7267e+05,3.5304e+05,10804,10804
0.4,0.304,2.8136,8.3233,4.6123e+05,4.2928e+05,9405.8,9405.8
0.4,0.288,1.8322,6.7399,1.3955e+05,1.5637e+05,14306,14306
0.4,0.272,1.0571,4.2378,-1.2256e+05,-1.6851e+05,19963,19963
0.4,0.256,-0.12711,3.8937,-1.8794e+05,-1.9432e+05,21431,21431
0.4,0.24,-1.4938,5.3207,-1.9686e+05,2189.3,18213,18213
0.4,0.224,-1.9231,8.3691,-3.5291e+05,-5.5893e+05,13824,13824
0.4,0.208,-4.1242,4.8808,-4.684e+05,-1.83e+06,12203,12203
0.4,0.192,-4.9243,1.6035,-3.3174e+05,-2.5781e+06,18181,18181
0.4,0.176,-3.2844,1.8273,-83684,-1.9942e+06,37230,37230
0.4,0.16,-0.45081,4.4294,60640,-7.2028e+05,61290,61290
0.4,0.144,-0.69141,6.6137,1.7613e+05,-44728,75126,75126
0.4,0.128,-0.49992,9.017,3.4836e+05,4.7024e+05,73893,73893
0.4,0.112,2.9649,19.158,6.4047e+05,1.0942e+06,59251,59251
0.4,0.096,6.037,19.833,8.4871e+05,2.1741e+06,51749,51749
0.4,0.08,4.0554,22.271,8.154e+05,2.8466e+06,39357,39357
0.4,0.064,-0.12885,23.753,2.1216e+05,1.816e+06,29808,29808
0.4,0.048,-3.0393,26.71,-98203,7.4544e+05,15504,15504
0.4,0.032,-4.9625,28.203,-2.7911e+05,-3.5905e+05,6160.8,6160.8
0.4,0.016,-10.453,35.819,0,0,2074.6,2074.6
0.416,0.496,-5.934,11.708,0,0,2386,2386
0.416,0.48,-5.3205,6.638,2.2716e+05,-4.3375e+05,15063,15063
0.416,0.464,-2.7811,4.3287,5.68e+05,-5.3262e+05,36692,36692
0.416,0.448,-1.1614,8.6862,5.3384e+05,-2.2853e+05,58736,58736
0.416,0.432,-1.08,7.2545,4.8624e+05,1.9697e+05,65898,65898
0.416,0.416,-0.27053,7.4141,2.905e+05,1.9146e+05,56581,56581
0.416,0.4,-0.00026415,7.6181,1.6822e+05,1.4585e+05,39817,39817
0.416,0.384,0.92065,8.203,97590,42865,30576,30576
0.416,0.368,0.87179,8.4454,48432,-38520,28749,28749
0.416,0.352,-0.37859,6.3486,11952,-2.2307e+05,32195,32195
0.416,0.336,0.30224,5.364,69686,-1.9323e+05,27767,27767
0.416,0.32,1.5545,4.7775,2.2629e+05,-28926,21976,21976
0.416,0.304,2.7023,4.5937,2.5037e+05,1.3105e+05,17963,17963
0.416,0.288,3.5619,4.0298,49403,1.0505e+05,20801,20801
0.416,0.272,0.56395,5.7212,-1.0292e+05,-67370,25782,25782
0.416,0.256,-0.23108,3.7778,-1.5706e+05,-91370,27063,27063
0.416,0.24,-0.084634,3.0585,-1.2912e+05,8107,25000,25000
0.416,0.224,-1.5458,4.0182,-2.2906e+05,-4.0496e+05,21056,21056
0.416,0.208,-2.4888,3.86,-2.027e+05,-9.7071e+05,17226,17226
0.416,0.192,-2.1919,4.3299,-34531,-1.2514e+06,16270,16270
0.416,0.176,-1.3024,5.139,2.2527e+05,-7.3707e+05,32535,32535
0.416,0.16,-0.52691,5.1983,3.4641e+05,-1.9019e+05,53791,53791
0.416,0.144,-0.043773,5.5481,3.8894e+05,1.3841e+05,74028,74028
0.416,0.128,0.86724,8.4369,4.6968e+05,6.2438e+05,75142,75142
0.416,0.112,2.1556,12.777,3.9368e+05,8.3579e+05,67631,67631
0.416,0.096,4.8984,11.961,6.8437e+05,1.296e+06,58136,58136
0.416,0.08,5.5003,11.603,3.128e+05,7.5733e+05,44134,44134
0.416,0.064,3.026,6.1157,-7.6708e+05,1.352e+05,28873,28873
0.416,0.048,-13.018,39.483,-1.1917e+06,-4.6229e+05,13536,13536
0.416,0.032,-17.397,43.604,-1.0382e+06,-4.3101e+05,4097.9,4097.9
0.416,0.016,-22.539,49.796,0,0,1722.6,1722.6
0.432,0.496,-6.7501,11.47,-76427,-1.6535e+05,2813,2813
0.432,0.48,-5.7617,6.9318,-1.2686e+06,-1.2528e+06,21851,21851
0.432,0.464,-3.0272,4.9526,-1.8267e+06,-3.1997e+06,56476,56476
0.432,0.448,-1.8136,6.57,-1.3504e+06,-2.4287e+06,94633,94633
0.432,0.432,-0.60042,4.8357,-3.2626e+05,-1.5992e+06,1.0666e+05,1.0666e+05
0.432,0.416,-0.71422,5.6212,3.2906e+05,7496.9,94248,94248
0.432,0.4,-1.1211,6.7499,3.2653e+05,1.0361e+05,71153,71153
0.432,0.384,-0.95732,6.5007,2.5698e+05,83049,61174,61174
0.432,0.368,-0.43732,5.7483,-25327,-87690,60480,60480
0.432,0.352,-0.78504,4.9619,-65974,-2.3062e+05,61850,61850
0.432,0.336,-1.2469,2.3629,-45177,-1.9197e+05,58725,58725
0.432,0.32,-0.48019,2.3205,1.5334e+05,-49264,52793,52793
0.432,0.304,1.0036,2.7313,3.494e+05,1.2141e+05,48897,48897
0.432,0.288,0.53735,2.9787,1.4386e+05,1.3911e+05,46691,46691
0.432,0.272,-0.52392,3.1032,-7695.6,44315,47838,47838
0.432,0.256,-0.41436,2.4981,-1.5283e+05,1.0192e+05,42402,42402
0.432,0.24,-0.7512,5.6218,-11908,2.0287e+05,35474,35474
0.432,0.224,-1.3511,6.2342,-10094,2.1805e+05,25034,25034
0.432,0.208,-1.2961,6.2893,13690,1.2391e+05,18964,18964
0.432,0.192,-0.62071,7.1595,93529,76867,15340,15340
0.432,0.176,-0.97247,7.8724,1.5628e+05,74982,21669,21669
0.432,0.16,-0.47845,6.3816,1.4849e+05,-52268,38339,38339
0.432,0.144,0.47295,4.1088,1.5139e+05,-86319,55718,55718
0.432,0.128,0.96548,4.9354,1.854e+05,99576,65536,65536
0.432,0.112,2.1498,5.9277,-3.0117e+05,-2.7639e+05,66386,66386
0.432,0.096,-7.3437,4.8084,-1.5836e+05,8.3141e+05,62590,62590
0.432,0.08,7.2823,5.2184,-6.7912e+05,1.1953e+06,49857,49857
0.432,0.064,-13.042,7.0256,-1.4329e+06,1.3869e+06,32430,32430
0.432,0.048,-35.252,46.521,-1.6681e+06,96360,14082,14082
0.432,0.032,-38.66,57.875,-1.1772e+06,-5.0293e+05,4075.4,4075.4
0.432,0.016,-20.769,23.19,0,0,727.01,727.01
0.448,0.496,-6.1861,7.9505,-76427,-1.6535e+05,-3467.8,3467.8
0.448,0.48,-7.8646,2.3781,-1.5669e+06,-1.3429e+06,16980,16980
0.448,0.464,-53.361,-7.3559,-2.8342e+06,-4.3195e+06,58227,58227
0.448,0.448,-29.405,-12.56,-2.8657e+06,-4.5959e+06,1.1407e+05,1.1407e+05
0.448,0.432,-3.5787,1.1926,-1.726e+06,-3.3724e+06,1.395e+05,1.395e+05
0.448,0.416,-0.52572,2.3774,-4.427e+05,-1.4623e+06,1.3365e+05,1.3365e+05
0.448,0.4,0.93584,5.8039,2.3648e+05,-1.8018e+05,1.0767e+05,1.0767e+05
0.448,0.384,-0.012049,4.7403,4.8933e+05,-72300,87687,87687
0.448,0.368,-0.82521,3.8675,-1.1568e+05,-1.0293e+05,76771,76771
0.448,0.352,-0.82034,5.0872,-1.5454e+05,-2.1679e+05,73032,73032
0.448,0.336,-0.97962,1.282,-1.1866e+05,-1.5673e+05,69342,69342
0.448,0.32,0.22026,0.66979,7812.5,-1.2935e+05,64445,64445
0.448,0.304,3.1923,1.4063,1.1438e+05,17284,59024,59024
0.448,0.288,5.6357,1.6593,-19404,35242,53285,53285
0.448,0.272,-0.96215,2.2838,-81504,53137,51377,51377
0.448,0.256,-1.1532,4.1297,2.5449e+05,2.8035e+05,48422,48422
0.448,0.24,-0.57505,6.4105,7.4085e+05,4.9277e+05,46542,46542
0.448,0.224,-0.62195,6.8444,1.0299e+06,6.281e+05,39049,39049
0.448,0.208,-0.28977,7.1867,7.9799e+05,5.2845e+05,34683,34683
0.448,0.192,0.25362,7.6173,4.4604e+05,3.876e+05,30129,30129
0.448,0.176,0.57903,7.1108,1.473e+05,1.8176e+05,37789,37789
0.448,0.16,0.59911,6.1703,4753.8,-79950,48889,48889
0.448,0.144,0.53936,3.3829,37673,-1.4819e+05,61267,61267
0.448,0.128,0.87611,2.811,79073,9023.3,63588,63588
0.448,0.112,-0.093472,2.8645,-5.1749e+05,-5.0365e+05,69995,69995
0.448,0.096,-10.619,2.945,-1.4604e+05,1.0346e+06,69031,69031
0.448,0.08,-0.2866,44.606,-7.4922e+05,1.5906e+06,59391,59391
0.448,0.064,-6.3003,50.209,-1.2096e+06,3.1524e+06,37011,37011
0.448,0.048,-26.828,91.422,-1.8144e+06,8.4584e+05,14788,14788
0.448,0.032,-35.254,138.43,-9.5439e+05,67326,3840.4,3840.4
0.448,0.016,-105.1,74.692,0,0,-344.58,344.58
0.464,0.496,-4.6374,4.3995,-76427,-1.6535e+05,-3594.1,3594.1
0.464,0.48,-26.382,12.662,-4.0602e+06,-2.1234e+06,5999.7,5999.7
0.464,0.464,-74.977,16.565,-7.4364e+06,-6.577e+06,32612,32612
0.464,0.448,-98.776,219.56,-7.1713e+06,-7.3344e+06,77195,77195
0.464,0.432,-49.407,-10.908,-4.5689e+06,-6.4798e+06,1.1221e+05,1.1221e+05
0.464,0.416,-18.127,3.3065,-2.3896e+06,-3.5189e+06,1.2691e+05,1.2691e+05
0.464,0.4,-0.54454,2.3446,-1.5183e+06,-1.9648e+06,1.132e+05,1.132e+05
0.464,0.384,0.070098,2.6666,-1.5383e+05,-6.9097e+05,94200,94200
0.464,0.368,-1.9727,2.7312,-8.5102e+05,-5.7724e+05,77732,77732
0.464,0.352,-1.7976,5.094,-9.2285e+05,-6.2554e+05,70186,70186
0.464,0.336,-2.012,-2.5149,-5.7879e+05,-4.1054e+05,61979,61979
0.464,0.32,0.59141,-0.048723,-1.1251e+05,-2.1208e+05,50729,50729
0.464,0.304,0.73856,1.0151,1.8123e+05,-47941,42588,42588
0.464,0.288,-1.3576,0.031488,77809,5026.6,35488,35488
0.464,0.272,-0.62965,1.5052,-4.8627e+05,-8.5431e+05,31667,31667
0.464,0.256,0.16011,3.0403,-7.0207e+05,-1.799e+06,28550,28550
0.464,0.24,1.9745,4.0129,-6.8057e+05,-2.6148e+06,30082,30082
0.464,0.224,1.9121,4.4062,-2.2996e+05,-2.0903e+06,31010,31010
0.464,0.208,2.0616,4.9086,6.0414e+05,-8.8391e+05,36522,36522
0.464,0.192,1.0994,5.6203,9.6059e+05,2.0607e+05,35359,35359
0.464,0.176,0.9851,4.8931,9.8503e+05,5.5358e+05,41952,41952
0.464,0.16,1.7548,4.3888,2.6981e+05,2.1198e+05,49339,49339
0.464,0.144,1.0596,2.389,16048,-1.2272e+05,53992,53992
0.464,0.128,0.99641,0.99789,13128,38296,51845,51845
0.464,0.112,1.9413,3.9921,-3.8837e+05,-4.0154e+05,54905,54905
0.464,0.096,-1.692,3.5612,-1.9743e+05,1.1577e+06,58324,58324
0.464,0.08,6.1494,19.588,-9.0345e+05,2.2313e+06,50773,50773
0.464,0.064,-240.34,-36.822,-7.0901e+05,4.5075e+06,31498,31498
0.464,0.048,-338.9,252.95,-1.0889e+06,1.7925e+06,12871,12871
0.464,0.032,4.4868,7.32,0,0,4980.2,4980.2
0.464,0.016,20.519,92.904,0,0,413.64,413.64
0.48,0.496,-2.992,1.78,0,0,-4637.4,4637.4
0.48,0.48,-26.716,15.287,-2.4097e+06,-8.9373e+05,-2523.7,2523.7
0.48,0.464,-72.772,-26.757,-3.6145e+06,-1.3406e+06,6743.5,6743.5
0.48,0.448,-83.683,-39.78,-4.1127e+06,-3.1949e+06,28646,28646
0.48,0.432,-680.59,-440.06,-3.6848e+06,-4.069e+06,53745,53745
0.48,0.416,-61.786,-57.054,-2.6504e+06,-3.4936e+06,72483,72483
0.48,0.4,-10.687,-5.9282,-1.792e+06,-2.04e+06,71263,71263
0.48,0.384,-5.1556,0.014549,-3.4631e+05,-7.3503e+05,56838,56838
0.48,0.368,-12.904,-0.83775,-8.1404e+05,-5.4957e+05,40901,40901
0.48,0.352,-14.049,-4.3246,-8.9854e+05,-5.8589e+05,34600,34600
0.48,0.336,-6.7168,-2.8252,-5.7051e+05,-4.0089e+05,28660,28660
0.48,0.32,0.016288,-0.1291,-1.6961e+05,-2.0884e+05,20217,20217
0.48,0.304,0.91419,0.5909,-1100.8,-87308,12948,12948
0.48,0.288,0.70762,-0.15394,-22617,-27804,8407.5,8407.5
0.48,0.272,-0.40317,1.2324,-5.1613e+05,-9.0131e+05,5649.4,5649.4
0.48,0.256,-22.293,-7.5672,-6.2641e+05,-1.8989e+06,9533,9533
0.48,0.24,-24.287,-7.5635,-6.9774e+05,-2.7772e+06,18044,18044
0.48,0.224,-23.041,-9.0759,-2.6861e+05,-2.258e+06,27302,27302
0.48,0.208,-20.291,-7.4566,5.6484e+05,-9.9847e+05,31028,31028
0.48,0.192,2.3591,3.448,9.2425e+05,1.3825e+05,27052,27052
0.48,0.176,2.6741,2.9142,9.5339e+05,5.3862e+05,31136,31136
0.48,0.16,0.99128,2.8351,2.596e+05,2.6751e+05,32966,32966
0.48,0.144,0.99026,1.5931,11838,-62723,33089,33089
0.48,0.128,-0.087479,-1.44,33434,84118,24904,24904
0.48,0.112,-0.42067,4.8447,-32719,-14342,25432,25432
0.48,0.096,-0.35936,-3.1647,2.4753e+05,6.124e+05,29046,29046
0.48,0.08,0.047411,0.55763,-1.9361e+05,5.1031e+05,26397,26397
0.48,0.064,-21,26.415,-1.5729e+05,8.847e+05,18008,18008
0.48,0.048,668.21,423.06,-5.9926e+05,28348,7430.1,7430.1
0.48,0.032,-15.944,46.538,0,0,3918.3,3918.3
0.48,0.016,9.0703,74.142,0,0,135.87,135.87
0.496,0.496,0.29611,-1.3943,0,0,889.61,889.61
0.496,0.48,-23.518,-5.7316,-1.8073e+06,-6.7029e+05,-955.88,955.88
0.496,0.464,-81.534,-17.691,-2.0655e+06,-7.6605e+05,-3423.2,3423.2
0.496,0.448,-1.0336,0.68282,-2.0655e+06,-7.6605e+05,-3209.9,3209.9
0.496,0.432,-0.50089,0.90188,-1.8221e+06,-1.7621e+06,7672.3,7672.3
0.496,0.416,-7.28,-1.6903,-1.8833e+06,-1.9117e+06,23710,23710
0.496,0.4,6.2457,-2.1297,-1.7814e+06,-1.796e+06,29595,29595
0.496,0.384,-2.4737,3.5117,-6.6058e+05,-6.2762e+05,27363,27363
0.496,0.368,-21.196,91.493,-7.5304e+05,-5.3573e+05,21301,21301
0.496,0.352,-150.97,-151.7,-7.946e+05,-5.175e+05,18780,18780
0.496,0.336,-15.619,-38.925,-4.963e+05,-3.4286e+05,14533,14533
0.496,0.32,-7.9841,-14.555,-1.23e+05,-1.2305e+05,7628.9,7628.9
0.496,0.304,-4.8885,0.79249,63444,-54385,3256.4,3256.4
0.496,0.288,-4.8063,-1.0238,62063,-17925,-27.176,27.176
0.496,0.272,-15.633,5.1728,-4.5031e+05,-9.2758e+05,-3364.1,3364.1
0.496,0.256,-27.361,-8.5545,-9.8771e+05,-2.0572e+06,-3281.5,3281.5
0.496,0.24,-126.42,98.624,-1.4392e+06,-3.0196e+06,628.68,628.68
0.496,0.224,-198.17,-253.44,-1.2957e+06,-2.5785e+06,7608.2,7608.2
0.496,0.208,-26.919,-9.8359,-2.1641e+05,-1.2844e+06,13448,13448
0.496,0.192,-17.89,-19.108,5.1778e+05,-65922,12770,12770
0.496,0.176,-4.2254,-1.4137,8.6071e+05,4.4002e+05,12681,12681
0.496,0.16,-1.1526,0.027811,2.9348e+05,2.6772e+05,10240,10240
0.496,0.144,-0.61954,2.457,14919,-55649,9962.6,9962.6
0.496,0.128,-0.19608,1.449,-2008.9,20275,8768.4,8768.4
0.496,0.112,-2.9674,1.6811,-35307,-1.0357e+05,8600.2,8600.2
0.496,0.096,-1.2416,-0.80792,-37222,-30466,9608,9608
0.496,0.08,-1.169,0.52219,-4.1788e+05,-1.0771e+05,7829.8,7829.8
0.496,0.064,-0.7439,2.6813,-4.463e+05,37929,5267,5267
0.496,0.048,32.407,57.495,-4.4944e+05,21261,2091.7,2091.7
0.496,0.032,-122.54,-22.55,0,0,861.8,861.8
0.496,0.016,-5.5006,64.626,0,0,107.55,107.55
