0.016,0.496,0.33902,-0.54152,8670.1,260.25,-1131.9,1131.9
0.016,0.48,-0.59349,0.55644,6997.5,4430.8,-234.76,234.76
0.016,0.464,1.4821,1.115,6943,6431.8,3954.2,3954.2
0.016,0.448,-0.66036,0.50551,-1138.8,6248,9568.2,9568.2
0.016,0.432,1.0092,1.1747,-5288.1,-118.96,12783,12783
0.016,0.416,4.5554,0.063113,-10585,-2224.9,11699,11699
0.016,0.4,2.4303,-0.5831,-14118,-1780.1,9711.4,9711.4
0.016,0.384,4.2044,-1.3367,-9911.7,38.078,6714.1,6714.1
0.016,0.368,5.8122,-1.4738,-9136.8,-972.36,3721.7,3721.7
0.016,0.352,3.5357,-0.57436,-17997,956.88,1748.8,1748.8
0.016,0.336,5.5752,-0.44734,-19254,2680.9,1358.1,1358.1
0.016,0.32,3.1434,-0.018818,-13781,3971.3,1851.8,1851.8
0.016,0.304,0.13011,0.33663,-4209.4,3189.6,1417.7,1417.7
0.016,0.288,0.36663,-0.59133,-3896.4,3001.6,669.75,669.75
0.016,0.272,0.90958,-1.4456,-5402.9,3177.3,335.53,335.53
0.016,0.256,0.16395,-0.020741,-6855.3,3184.9,694.45,694.45
0.016,0.24,2.6225,1.9002,-20053,664.54,1146.5,1146.5
0.016,0.224,7.6177,0.5434,-19423,-1210.6,1394.5,1394.5
0.016,0.208,6.0362,-0.29677,-13801,-6320.3,1464.1,1464.1
0.016,0.192,1.1706,0.0031549,2846.4,-7232.4,2193.1,2193.1
0.016,0.176,-0.74999,-0.62616,3621.9,-4988.3,3731.9,3731.9
0.016,0.16,-0.93633,-1.244,3272.9,2256.1,5265.2,5265.2
0.016,0.144,-1.1337,0.57874,4914.6,6098.7,4519.5,4519.5
0.016,0.128,2.5621,-2.2213,4768.7,5868.4,2545.2,2545.2
0.016,0.112,6.7635,-0.18469,-8016.3,-12822,798.73,798.73
0.016,0.096,1.5481,3.2085,-9113.4,-15946,809.02,809.02
0.016,0.08,2.8626,-1.8598,-10909,-8387.6,1502.5,1502.5
0.016,0.064,-0.38196,0.19835,-22475,48437,1864.9,1864.9
0.016,0.048,-0.77856,0.72178,-23909,49993,1594.9,1594.9
0.016,0.032,-1.1676,1.117,-22764,41945,792.2,792.2
0.016,0.016,-1.4375,1.1195,0,0,176.17,176.17
0.032,0.496,0.52183,1.3299,3709.4,3652.2,110.82,110.82
0.032,0.48,0.82987,0.77975,9644.3,15595,84.581,84.581
0.032,0.464,0.36306,0.87132,33076,23613,43.959,43.959
0.032,0.448,0.051909,0.5349,22885,16305,-19.004,19.004
0.032,0.432,-0.040747,0.15426,17101,5776.3,-193.14,193.14
0.032,0.416,-0.19167,-0.56944,-23888,-1837.5,-228.71,228.71
0.032,0.4,-0.27462,-0.29807,-54657,-22667,-44.359,44.359
0.032,0.384,-0.14217,0.11293,-41002,-24736,442.16,442.16
0.032,0.368,-0.039864,-0.1261,-11120,-32473,626.68,626.68
0.032,0.352,-0.17914,-0.31907,2383.9,-150.67,550.85,550.85
0.032,0.336,-0.36536,0.2273,-16053,5512.3,321.57,321.57
0.032,0.32,-0.1368,-0.0074077,-32108,12173,235.4,235.4
0.032,0.304,-0.080776,-0.35507,-11338,7497.5,205.12,205.12
0.032,0.288,-0.3812,-0.28283,-9268,1055.1,207.17,207.17
0.032,0.272,-0.28931,-0.46274,-12577,-340.06,195.98,195.98
0.032,0.256,-0.27278,-0.035876,-17321,-10396,-120.63,120.63
0.032,0.24,-0.55934,0.50753,-39881,-12619,-349.58,349.58
0.032,0.224,-0.28244,-0.12107,-40396,-25983,-518.69,518.69
0.032,0.208,0.20338,-0.38935,-33240,-26216,-233.12,233.12
0.032,0.192,0.45859,-0.14823,-20198,-4877.7,66.664,66.664
0.032,0.176,0.13889,-0.26754,-17615,18855,203.05,203.05
0.032,0.16,-0.16296,-0.029395,-18151,16915,100.81,100.81
0.032,0.144,-0.27368,0.32278,-18298,6155.4,299.06,299.06
0.032,0.128,0.2245,-0.19198,-36003,-666.91,593.45,593.45
0.032,0.112,0.032472,0.003904,-40192,-9252.2,1228.9,1228.9
0.032,0.096,-0.6732,0.041001,-1809.3,-44200,1570.6,1570.6
0.032,0.08,0.0077141,0.27503,-1855.5,-7682.1,2232.4,2232.4
0.032,0.064,-0.061834,1.3799,-30097,72496,2350.7,2350.7
0.032,0.048,-1.5122,3.2108,-56254,1.0052e+05,1987.6,1987.6
0.032,0.032,-2.0343,2.3956,-33531,62524,993.26,993.26
0.032,0.016,-1.4612,0.44458,0,0,366.28,366.28
0.048,0.496,0.19389,1.9297,3332.1,1642.1,192.48,192.48
0.048,0.48,-0.28314,1.3359,6536.1,12211,104.94,104.94
0.048,0.464,0.64761,1.0401,25235,25622,-115.67,115.67
0.048,0.448,1.5004,1.0543,11191,12473,-687.33,687.33
0.048,0.432,-0.010901,0.44775,7498.9,6751.7,-1067.6,1067.6
0.048,0.416,0.11752,-0.18055,-30280,2091.5,-1298.4,1298.4
0.048,0.4,-1.3653,-0.67667,-31994,-81242,-646.66,646.66
0.048,0.384,-1.0657,-1.3806,-26544,-75618,426.31,426.31
0.048,0.368,1.4781,0.18986,-5058.6,-78542,1043.3,1043.3
0.048,0.352,1.4842,0.44973,-21877,21191,1527.8,1527.8
0.048,0.336,-0.37361,0.90353,-33018,15528,1475.7,1475.7
0.048,0.32,-0.63772,0.56396,-38088,9528.9,1762.8,1762.8
0.048,0.304,-0.76618,-0.44695,-12655,7041.5,1671.4,1671.4
0.048,0.288,-0.44911,0.056207,-8885.4,-809.77,1707,1707
0.048,0.272,-0.14796,0.25708,-14358,-4034.6,1663.6,1663.6
0.048,0.256,-1.023,-0.24857,-17715,-12906,739.33,739.33
0.048,0.24,-1.0775,-0.51857,-39949,-12673,-157.95,157.95
0.048,0.224,-1.2343,-0.25262,-41148,-24785,-788.39,788.39
0.048,0.208,-0.586,-0.9631,-34741,-26919,-380.16,380.16
0.048,0.192,-0.049798,0.13095,-22032,-1825.4,5.0647,5.0647
0.048,0.176,-0.79011,1.7492,-15853,22180,55.315,55.315
0.048,0.16,-0.97023,0.72808,-16345,20926,-184.48,184.48
0.048,0.144,-1.0125,-0.83052,-15832,8751.2,765.26,765.26
0.048,0.128,-1.3857,0.21333,-31831,3552.6,1816.3,1816.3
0.048,0.112,-1.3582,-0.46839,-29027,-2664.9,3092.1,3092.1
0.048,0.096,1.0571,-1.0673,15050,-36027,3474.2,3474.2
0.048,0.08,0.23578,-1.194,14627,4011,4071.3,4071.3
0.048,0.064,-1.6249,2.1095,-35480,1.2815e+05,4029.4,4029.4
0.048,0.048,-1.533,2.9825,-68134,1.5141e+05,3128.2,3128.2
0.048,0.032,-1.5777,3.3691,-48555,1.0807e+05,1543.8,1543.8
0.048,0.016,-1.4547,-5.2825,0,0,614.33,614.33
0.064,0.496,-0.46747,2.3789,17777,-16247,380.04,380.04
0.064,0.48,-0.48624,1.3404,7399.9,-4197.6,333.92,333.92
0.064,0.464,-0.17659,-0.17405,-12540,47985,-400.5,400.5
0.064,0.448,-0.36819,0.83849,-48999,48199,-1738.8,1738.8
0.064,0.432,-0.66872,-0.40609,-34962,43963,-3175,3175
0.064,0.416,-0.51195,0.0079804,-94314,-2.755e+05,-3501.8,3501.8
0.064,0.4,-0.7236,-0.28983,-72837,-3.7862e+05,-2374.9,2374.9
0.064,0.384,1.3657,-3.3415,-65998,-3.8355e+05,-304.27,304.27
0.064,0.368,-0.0336,0.39837,10369,-92250,567.32,567.32
0.064,0.352,-0.39296,1.4057,-12689,30593,757.34,757.34
0.064,0.336,0.12818,0.36227,-30934,33304,479.93,479.93
0.064,0.32,-0.48784,0.44041,-27296,6909.8,912.06,912.06
0.064,0.304,-0.33263,0.31016,-5765.5,6329.5,1345.8,1345.8
0.064,0.288,-0.040054,-0.33685,4872.9,5931.7,1763.8,1763.8
0.064,0.272,0.21269,-0.063142,40346,52203,1856.3,1856.3
0.064,0.256,-0.16461,0.15315,27563,36761,821.42,821.42
0.064,0.24,-0.27461,-0.1393,11995,41482,-391.33,391.33
0.064,0.224,-0.011044,0.25313,-36981,-17994,-1196.6,1196.6
0.064,0.208,0.27501,-0.29208,-23285,-19888,-827.35,827.35
0.064,0.192,0.13102,-0.16926,-22145,5453.9,-389.48,389.48
0.064,0.176,-0.085355,0.69669,-14224,34643,-323.44,323.44
0.064,0.16,-0.030512,0.10634,-22752,33036,-574.87,574.87
0.064,0.144,0.026415,-0.38534,-39179,-1822.8,460.03,460.03
0.064,0.128,0.28545,-0.06897,-46742,-26978,2042.4,2042.4
0.064,0.112,0.74538,-0.12611,-29319,-5291,3896,3896
0.064,0.096,0.50607,0.28823,13972,-15540,4818,4818
0.064,0.08,0.56071,-0.26935,435.36,13426,5244.6,5244.6
0.064,0.064,0.40344,0.39862,-50447,1.4323e+05,4860.5,4860.5
0.064,0.048,-1.1222,3.0599,-65777,1.5307e+05,3487.6,3487.6
0.064,0.032,-1.8814,3.4935,-39807,1.3565e+05,1683.4,1683.4
0.064,0.016,-1.8499,-1.835,0,0,737.22,737.22
0.08,0.496,-0.51566,2.6207,25580,-22094,540.54,540.54
0.08,0.48,0.45619,1.4873,-66630,67779,271.31,271.31
0.08,0.464,-1.7496,1.7572,-1.851e+05,2.0772e+05,-1080.8,1080.8
0.08,0.448,-2.4005,2.3938,-2.318e+05,2.6956e+05,-3583.3,3583.3
0.08,0.432,-1.215,0.96918,-1.8481e+05,2.4012e+05,-6950.4,6950.4
0.08,0.416,-0.94006,0.86067,-1.6614e+05,-1.2135e+05,-8240.2,8240.2
0.08,0.4,-3.206,-11.324,-72915,-1.9201e+05,-6731.8,6731.8
0.08,0.384,0.89576,-1.4762,-55903,-2.2154e+05,-2541.9,2541.9
0.08,0.368,0.38214,-0.77668,4592.8,61082,-858.19,858.19
0.08,0.352,-0.53419,1.2698,-86149,61766,-814.42,814.42
0.08,0.336,-0.48576,1.1194,-1.3885e+05,17795,-1805.9,1805.9
0.08,0.32,-0.48747,0.86463,-1.3343e+05,-54483,-924.9,924.9
0.08,0.304,-0.053234,0.50886,-67660,-22573,476.23,476.23
0.08,0.288,-0.072246,0.55098,7993.6,1393.6,1945.3,1945.3
0.08,0.272,-0.083222,1.073,61207,71392,2466.5,2466.5
0.08,0.256,2.2751,0.74351,43485,15994,1507.6,1507.6
0.08,0.24,1.0746,-0.90658,18270,25817,-157.12,157.12
0.08,0.224,1.4667,0.61117,-25923,-8504.6,-1242,1242
0.08,0.208,0.47745,-1.1853,-24436,-13583,-1104.9,1104.9
0.08,0.192,0.9439,-0.82023,-5374.7,-9451.7,-683.95,683.95
0.08,0.176,0.55993,0.91462,5946.2,-10495,-796.52,796.52
0.08,0.16,-0.54406,0.95012,-5688.5,21456,-1074,1074
0.08,0.144,-0.64818,-1.2746,-15277,2938.9,307.01,307.01
0.08,0.128,-0.67221,-1.2761,-6499.9,-12407,2710.1,2710.1
0.08,0.112,0.40692,-1.0985,-802.55,2100,5351.1,5351.1
0.08,0.096,-0.57398,0.78626,60960,17750,6393.8,6393.8
0.08,0.08,-1.3687,0.86688,37932,16004,6309.1,6309.1
0.08,0.064,-0.77205,-0.51992,-8163.1,1.5954e+05,5116.8,5116.8
0.08,0.048,-0.98243,2.9337,-59176,1.4755e+05,3420.5,3420.5
0.08,0.032,-1.1567,4.3352,-44544,1.5674e+05,1533.2,1533.2
0.08,0.016,-1.281,-0.062063,0,0,837.12,837.12
0.096,0.496,-1.939,5.1203,29719,-22666,688.73,688.73
0.096,0.48,-2.4622,4.8191,-84177,95448,-398.22,398.22
0.096,0.464,-3.4788,5.7413,-4.1477e+05,4.8606e+05,-2826.5,2826.5
0.096,0.448,-3.5481,5.1493,-4.9231e+05,6.105e+05,-7459,7459
0.096,0.432,-3.352,5.608,-4.4044e+05,5.9643e+05,-14264,14264
0.096,0.416,-3.1079,4.1672,-3.1954e+05,1.3431e+05,-17230,17230
0.096,0.4,-2.4119,3.5289,-1.4515e+05,27173,-15266,15266
0.096,0.384,-1.5181,3.8208,-49109,-77891,-7958.7,7958.7
0.096,0.368,-1.0855,2.6054,51364,1.218e+05,-4987.3,4987.3
0.096,0.352,-0.69317,1.99,-25564,5507.4,-5145.5,5145.5
0.096,0.336,-2.3612,0.90881,-1.0783e+05,-61701,-6520,6520
0.096,0.32,-3.3277,-0.36252,-1.2221e+05,-1.0588e+05,-5696.8,5696.8
0.096,0.304,-1.673,-0.69108,-52408,-58920,-3160.9,3160.9
0.096,0.288,0.27818,1.5799,48523,-8365.8,-603.53,603.53
0.096,0.272,0.8223,1.2164,1.3017e+05,68988,1074.8,1074.8
0.096,0.256,1.0042,0.29003,1.1548e+05,-29345,1007.7,1007.7
0.096,0.24,3.9128,-0.88161,61093,-67597,-153.13,153.13
0.096,0.224,2.3445,0.017319,29739,-76296,-811.53,811.53
0.096,0.208,3.6159,1.954,56388,-58133,-790.67,790.67
0.096,0.192,1.7938,-0.27059,35984,-3090.5,-482.4,482.4
0.096,0.176,-0.02292,0.27583,-17027,-23305,-1041.1,1041.1
0.096,0.16,-0.17145,0.55641,-69172,20083,-1218,1218
0.096,0.144,-0.31461,-0.30842,-32786,-30106,288.97,288.97
0.096,0.128,-0.10271,-0.37436,11719,-59181,3814.5,3814.5
0.096,0.112,-0.43353,-0.060174,1835.3,-16955,6971.6,6971.6
0.096,0.096,0.19249,0.27833,26613,44232,8047.3,8047.3
0.096,0.08,1.9504,1.14,-54148,85135,6681.5,6681.5
0.096,0.064,0.0099048,1.1346,-62883,1.7952e+05,4453.9,4453.9
0.096,0.048,-1.2934,2.5857,-81909,1.3842e+05,2456.9,2456.9
0.096,0.032,-1.654,4.2704,-29527,1.2435e+05,1015.8,1015.8
0.096,0.016,-1.1091,-2.2723,0,0,751.98,751.98
0.112,0.496,-4.4453,9.4616,0,0,629.21,629.21
0.112,0.48,-4.8493,9.8821,-1.4395e+05,1.7012e+05,-1456.7,1456.7
0.112,0.464,-5.2691,9.5764,-7.3704e+05,8.8574e+05,-8412.5,8412.5
0.112,0.448,-6.2056,8.952,-8.8065e+05,1.0932e+06,-16707,16707
0.112,0.432,-5.8274,8.4171,-8.0126e+05,1.01e+06,-24551,24551
0.112,0.416,-4.8688,7.7365,-5.1731e+05,7.8419e+05,-28936,28936
0.112,0.4,-3.7064,7.1231,-57207,4.4819e+05,-28371,28371
0.112,0.384,-2.4989,6.3504,1.7063e+05,2.2851e+05,-23015,23015
0.112,0.368,-1.3776,6.4009,1.6918e+05,1.0482e+05,-17520,17520
0.112,0.352,-0.36906,4.3475,29771,-52557,-15520,15520
0.112,0.336,-0.28968,2.4835,-58303,-1.235e+05,-16036,16036
0.112,0.32,-0.34571,1.4025,-73755,-1.1342e+05,-15352,15352
0.112,0.304,0.4884,1.5881,-15894,-1.3227e+05,-13538,13538
0.112,0.288,-0.40023,0.36774,46758,-1.4092e+05,-8830.9,8830.9
0.112,0.272,1.2524,2.3496,73669,-1.7082e+05,-3968.5,3968.5
0.112,0.256,2.8542,1.508,50320,-1.887e+05,-302.99,302.99
0.112,0.24,2.9591,-0.47433,36606,-2.0404e+05,-211.81,211.81
0.112,0.224,2.8944,0.064864,76590,-1.5681e+05,-62.868,62.868
0.112,0.208,4.4844,2.7945,1.3973e+05,-89499,270.76,270.76
0.112,0.192,3.7031,2.0446,85492,-30005,306.73,306.73
0.112,0.176,-1.1366,1.9762,5350.1,-49872,-1080.1,1080.1
0.112,0.16,-1.2358,-0.69442,-86905,-48120,-1236.2,1236.2
0.112,0.144,-0.40883,-1.1344,-26504,-65047,1679.9,1679.9
0.112,0.128,0.71433,-0.32465,-9962.3,-19459,6937.8,6937.8
0.112,0.112,1.2459,0.94954,-57438,1.2078e+05,10482,10482
0.112,0.096,0.17189,2.3934,-70946,2.1425e+05,9993,9993
0.112,0.08,-1.4005,2.6008,-89509,2.1553e+05,6852,6852
0.112,0.064,-1.5067,2.8746,-27690,1.5614e+05,3653.6,3653.6
0.112,0.048,-0.86883,2.7668,-19927,90091,1708.8,1708.8
0.112,0.032,-0.36744,1.8609,-973.87,53349,656.37,656.37
0.112,0.016,-0.5972,-1.6641,0,0,699.46,699.46
0.128,0.496,-6.4987,14.139,0,0,480.84,480.84
0.128,0.48,-6.8769,12.557,0,0,-1514.1,1514.1
0.128,0.464,-6.4189,13.429,-1.0784e+06,1.2727e+06,-14371,14371
0.128,0.448,-8.8656,13.168,-1.285e+06,1.4921e+06,-29156,29156
0.128,0.432,-10.147,12.693,-1.0526e+06,1.2524e+06,-37850,37850
0.128,0.416,-7.8212,9.3429,-5.9871e+05,1.0021e+06,-41519,41519
0.128,0.4,-3.7587,9.2607,7963.8,6.0397e+05,-42316,42316
0.128,0.384,-1.7184,7.1939,3.8496e+05,3.6319e+05,-34830,34830
0.128,0.368,-1.598,7.4804,5.958e+05,16403,-26359,26359
0.128,0.352,-0.86023,6.8013,5.7645e+05,-2.0654e+05,-19475,19475
0.128,0.336,0.046795,5.3319,4.5946e+05,-3.3427e+05,-21083,21083
0.128,0.32,-0.01621,6.0428,3.3027e+05,-3.7435e+05,-24740,24740
0.128,0.304,0.28105,8.384,2.419e+05,-5.7248e+05,-28674,28674
0.128,0.288,1.5914,5.5398,1.4866e+05,-7.4649e+05,-27287,27287
0.128,0.272,0.64087,3.0781,1.0739e+05,-7.2464e+05,-17130,17130
0.128,0.256,1.646,2.0703,77289,-5.573e+05,-6809,6809
0.128,0.24,2.3457,1.259,93423,-3.9389e+05,-485.77,485.77
0.128,0.224,3.2224,1.1762,84460,-2.5471e+05,20.839,20.839
0.128,0.208,2.68,2.0396,1.1598e+05,-80049,1283.5,1283.5
0.128,0.192,2.5902,3.7322,57476,2347.3,1632.9,1632.9
0.128,0.176,0.9716,1.2299,10239,-61133,323.47,323.47
0.128,0.16,0.39482,0.046737,-38432,-1.8253e+05,692.64,692.64
0.128,0.144,1.6788,0.29669,-2313.7,-1.8852e+05,4407.6,4407.6
0.128,0.128,1.0805,0.73555,-33627,-32017,10027,10027
0.128,0.112,-0.18891,2.7224,-1.5619e+05,2.5826e+05,12745,12745
0.128,0.096,-1.9151,5.2499,-2.3942e+05,3.6171e+05,11020,11020
0.128,0.08,-2.221,4.4906,-2.0526e+05,3.1138e+05,6633.9,6633.9
0.128,0.064,-0.90951,3.4134,-67169,1.2065e+05,3186.5,3186.5
0.128,0.048,-0.30782,2.4007,11133,54442,1131,1131
0.128,0.032,-0.78548,1.3044,24812,12547,431.81,431.81
0.128,0.016,-1.8041,-0.64106,0,0,505.67,505.67
0.144,0.496,-8.5698,19.67,0,0,236.76,236.76
0.144,0.48,-7.3764,17.847,0,0,-929.94,929.94
0.144,0.464,-7.2004,17.51,NaN,NaN,-16322,16322
0.144,0.448,-9.6703,17.424,-1.8974e+06,2.053e+06,-38472,38472
0.144,0.432,-13.026,19.131,-1.438e+06,1.5231e+06,-57167,57167
0.144,0.416,-10.954,18.611,-6.882e+05,1.1695e+06,-67575,67575
0.144,0.4,-6.5472,16.14,1.0198e+05,6.7726e+05,-66045,66045
0.144,0.384,-3.3061,16.611,7.6229e+05,3.6405e+05,-50400,50400
0.144,0.368,-0.76389,16.11,1.0408e+06,-35426,-33420,33420
0.144,0.352,0.34871,13.872,1.0802e+06,-2.7015e+05,-27687,27687
0.144,0.336,0.20824,13.724,8.9796e+05,-4.0243e+05,-32772,32772
0.144,0.32,1.684,15.025,6.8322e+05,-4.7834e+05,-41963,41963
0.144,0.304,3.6753,14.663,4.0965e+05,-8.4761e+05,-52116,52116
0.144,0.288,3.3504,11.188,1.3583e+05,-1.3637e+06,-54812,54812
0.144,0.272,3.0562,5.738,9486.4,-1.4521e+06,-44361,44361
0.144,0.256,3.2787,2.8786,-39628,-1.0907e+06,-26665,26665
0.144,0.24,3.4489,2.1185,-14086,-5.5841e+05,-12836,12836
0.144,0.224,2.2181,2.134,-43262,-3.2576e+05,-6806.6,6806.6
0.144,0.208,0.13628,2.9062,-18041,-1.2765e+05,-4520.2,4520.2
0.144,0.192,0.90804,5.235,-16037,-62603,-3013.2,3013.2
0.144,0.176,1.8683,3.9559,17697,-1.8428e+05,-2622.9,2622.9
0.144,0.16,1.6922,2.7833,9408.8,-3.5703e+05,-738.97,738.97
0.144,0.144,2.9509,1.3571,-23841,-3.4153e+05,5579.4,5579.4
0.144,0.128,1.9937,2.8135,-1.3407e+05,280.64,11564,11564
0.144,0.112,0.052341,5.0561,-2.7542e+05,4.0243e+05,14890,14890
0.144,0.096,-1.0196,6.8707,-3.3251e+05,4.6831e+05,11697,11697
0.144,0.08,-1.1628,5.2964,-2.5428e+05,3.205e+05,7313.9,7313.9
0.144,0.064,-2.4047,5.3185,-1.5864e+05,64427,3280.6,3280.6
0.144,0.048,-1.6843,3.7692,-67290,16807,1088.4,1088.4
0.144,0.032,-1.2661,3.0389,-44689,9472.2,354.66,354.66
0.144,0.016,-0.89233,2.4346,0,0,321.54,321.54
0.16,0.496,-10.501,25.981,0,0,78.921,78.921
0.16,0.48,-9.8011,22.786,0,0,118.38,118.38
0.16,0.464,-7.4356,21.982,NaN,NaN,-11263,11263
0.16,0.448,-8.0592,22.027,NaN,NaN,-49784,49784
0.16,0.432,-7.7707,24.337,NaN,NaN,-71960,71960
0.16,0.416,-7.1573,25.401,-3.0131e+05,1.3474e+06,-82834,82834
0.16,0.4,-3.7703,23.156,1.0651e+05,1.1448e+06,-71871,71871
0.16,0.384,-0.52903,22.805,1.3727e+06,-71078,-45122,45122
0.16,0.368,0.31065,22.918,1.8056e+06,-9.0127e+05,-34694,34694
0.16,0.352,0.78223,19.344,1.8827e+06,-1.2845e+06,-36267,36267
0.16,0.336,2.3958,19.585,1.5794e+06,-1.3582e+06,-52758,52758
0.16,0.32,2.3437,21.461,1.1795e+06,-1.2077e+06,-66261,66261
0.16,0.304,4.3818,19.136,5.7756e+05,-1.3079e+06,-79779,79779
0.16,0.288,3.7693,13.156,1.1265e+05,-1.9426e+06,-86387,86387
0.16,0.272,3.4692,8.6679,-53714,-2.2247e+06,-77346,77346
0.16,0.256,2.9197,5.0487,27355,-1.984e+06,-58297,58297
0.16,0.24,1.6765,4.1893,52780,-1.1696e+06,-36375,36375
0.16,0.224,1.7903,4.9632,-37693,-7.4807e+05,-22762,22762
0.16,0.208,1.5993,4.4365,-95434,-5.4421e+05,-14082,14082
0.16,0.192,1.1347,5.1894,-94269,-4.5446e+05,-10113,10113
0.16,0.176,1.5726,7.0707,-7340.3,-6.2264e+05,-7527.8,7527.8
0.16,0.16,2.9272,4.0215,40040,-7.5478e+05,-4865.9,4865.9
0.16,0.144,1.7913,3.6361,5665.5,-8.0937e+05,4406.8,4406.8
0.16,0.128,0.72351,4.7065,-1.577e+05,-2.9847e+05,14408,14408
0.16,0.112,-0.037515,6.2136,-3.1953e+05,2.3075e+05,19720,19720
0.16,0.096,-0.70955,7.7941,-3.8858e+05,4.5691e+05,15340,15340
0.16,0.08,-1.8254,6.4572,-3.581e+05,3.7299e+05,8062.6,8062.6
0.16,0.064,-2.7449,6.6206,-3.1114e+05,1.2813e+05,3649.8,3649.8
0.16,0.048,-5.1004,3.9506,-2.0505e+05,54610,1159.3,1159.3
0.16,0.032,-2.5726,2.41,-1.1057e+05,17670,328.58,328.58
0.16,0.016,-1.6836,4.6874,0,0,145.91,145.91
0.176,0.496,-13.7,31.854,0,0,0,0
0.176,0.48,-13.835,29.049,0,0,0,0
0.176,0.464,-9.5981,28.749,NaN,NaN,0,0
0.176,0.448,-7.6399,24.827,NaN,NaN,NaN,NaN
0.176,0.432,-6.1783,24.342,NaN,NaN,-1.3344e+05,1.3344e+05
0.176,0.416,-4.0187,23.22,NaN,NaN,-1.2876e+05,1.2876e+05
0.176,0.4,-1.2955,22.474,NaN,NaN,-86183,86183
0.176,0.384,0.64589,23.33,2.6855e+06,-2.4862e+06,-63569,63569
0.176,0.368,3.3399,21.299,2.3375e+06,-2.6873e+06,-47578,47578
0.176,0.352,4.8103,19.872,2.2336e+06,-2.6815e+06,-58876,58876
0.176,0.336,5.7033,21.798,1.914e+06,-2.4827e+06,-77013,77013
0.176,0.32,5.3109,23.375,1.5251e+06,-1.9314e+06,-1.0477e+05,1.0477e+05
0.176,0.304,3.796,22.165,7.4204e+05,-1.598e+06,-1.1615e+05,1.1615e+05
0.176,0.288,2.8241,16.132,9982.2,-2.0554e+06,-1.2112e+05,1.2112e+05
0.176,0.272,3.7573,10.145,-2.7009e+05,-2.611e+06,-1.1497e+05,1.1497e+05
0.176,0.256,3.5767,7.2185,-2.0609e+05,-2.7195e+06,-98582,98582
0.176,0.24,3.829,6.5513,-73363,-2.1273e+06,-73472,73472
0.176,0.224,3.3705,8.4194,-89148,-1.5922e+06,-48602,48602
0.176,0.208,3.4761,7.1798,-88504,-1.226e+06,-29545,29545
0.176,0.192,2.9905,7.5643,-1.2377e+05,-7.9332e+05,-20068,20068
0.176,0.176,2.931,10.573,-82004,-8.2394e+05,-16001,16001
0.176,0.16,2.9909,7.7956,-78501,-8.8597e+05,-13606,13606
0.176,0.144,1.7593,7.3542,-78536,-1.1115e+06,2646.4,2646.4
0.176,0.128,2.0166,8.0448,-1.9045e+05,-7.1209e+05,22061,22061
0.176,0.112,0.58536,10.446,-3.3617e+05,-1.9047e+05,36124,36124
0.176,0.096,-0.94658,10.073,-4.4432e+05,1.8708e+05,29159,29159
0.176,0.08,-2.1658,9.2265,-5.0807e+05,2.778e+05,14293,14293
0.176,0.064,-2.666,9.0054,-4.9317e+05,1.2759e+05,4231.5,4231.5
0.176,0.048,-3.7912,8.2145,-3.2601e+05,38041,-193.11,193.11
0.176,0.032,-3.0757,7.3664,-1.7045e+05,10541,-143.28,143.28
0.176,0.016,-1.4412,6.8876,0,0,-45.815,45.815
0.192,0.496,-11.708,37.513,0,0,0,0
0.192,0.48,-14.897,37.087,0,0,0,0
0.192,0.464,-12.28,35.754,NaN,NaN,0,0
0.192,0.448,-9.831,32.686,NaN,NaN,NaN,NaN
0.192,0.432,-6.3048,28.897,NaN,NaN,NaN,NaN
0.192,0.416,-3.0726,27.002,NaN,NaN,NaN,NaN
0.192,0.4,0.022936,25.718,NaN,NaN,-1.4199e+05,1.4199e+05
0.192,0.384,2.7473,27.277,2.997e+06,-3.7865e+06,-1.2093e+05,1.2093e+05
0.192,0.368,6.6878,22.285,2.8285e+06,-4.3811e+06,-1.0883e+05,1.0883e+05
0.192,0.352,7.5814,19.665,2.7362e+06,-4.2729e+06,-88615,88615
0.192,0.336,7.9639,23.208,2.4712e+06,-3.953e+06,-1.0476e+05,1.0476e+05
0.192,0.32,5.488,26.204,1.9544e+06,-3.058e+06,-1.2946e+05,1.2946e+05
0.192,0.304,3.0641,26.005,1.0418e+06,-2.3414e+06,-1.5638e+05,1.5638e+05
0.192,0.288,2.5642,21.85,1.1679e+05,-2.4068e+06,-1.5778e+05,1.5778e+05
0.192,0.272,2.8419,13.946,-4.0634e+05,-2.8367e+06,-1.4949e+05,1.4949e+05
0.192,0.256,3.0254,11.596,-5.0212e+05,-3.0072e+06,-1.3366e+05,1.3366e+05
0.192,0.24,4.1939,13.9,-4.3621e+05,-2.5265e+06,-1.086e+05,1.086e+05
0.192,0.224,3.9284,14.253,-4.6108e+05,-1.8313e+06,-76339,76339
0.192,0.208,2.7797,13.841,-4.8532e+05,-1.2973e+06,-46851,46851
0.192,0.192,1.6193,19.005,-5.5518e+05,-7.4683e+05,-28598,28598
0.192,0.176,1.6781,19.468,-4.8416e+05,-6.787e+05,-24336,24336
0.192,0.16,2.378,17.216,-3.7124e+05,-8.0066e+05,-21630,21630
0.192,0.144,1.9002,17.314,-2.0943e+05,-1.28e+06,590.83,590.83
0.192,0.128,1.5853,16.384,-2.0714e+05,-1.4334e+06,30304,30304
0.192,0.112,0.6208,15.173,-3.1356e+05,-1.355e+06,52905,52905
0.192,0.096,-1.1847,13.006,-4.4626e+05,-9.5226e+05,47028,47028
0.192,0.08,-1.7164,12.22,-5.5462e+05,-5.0258e+05,24690,24690
0.192,0.064,-2.0486,11.408,-5.7179e+05,-2.2893e+05,8224.2,8224.2
0.192,0.048,-2.2489,12.371,-3.7704e+05,-1.217e+05,-344.57,344.57
0.192,0.032,-2.9092,14.524,-1.8252e+05,-53982,375.58,375.58
0.192,0.016,-1.5976,13.686,0,0,246.09,246.09
0.208,0.496,-11.969,43.953,0,0,0,0
0.208,0.48,-11.206,41.987,0,0,0,0
0.208,0.464,-9.0636,41.369,NaN,NaN,0,0
0.208,0.448,-6.6905,40.924,NaN,NaN,NaN,NaN
0.208,0.432,-4.0567,38.169,NaN,NaN,NaN,NaN
0.208,0.416,-1.2435,35.907,NaN,NaN,NaN,NaN
0.208,0.4,0.4682,33.82,NaN,NaN,-1.9109e+05,1.9109e+05
0.208,0.384,1.8699,29.823,2.9331e+06,-4.6559e+06,-1.7057e+05,1.7057e+05
0.208,0.368,8.354,26.547,2.9042e+06,-5.1983e+06,-1.4525e+05,1.4525e+05
0.208,0.352,11.102,25.129,2.8497e+06,-4.925e+06,-1.2906e+05,1.2906e+05
0.208,0.336,9.8298,25.865,2.7086e+06,-4.5603e+06,-1.1887e+05,1.1887e+05
0.208,0.32,6.9896,28.526,2.2815e+06,-3.83e+06,-1.5094e+05,1.5094e+05
0.208,0.304,5.9662,28.463,1.6134e+06,-3.2872e+06,-1.7095e+05,1.7095e+05
0.208,0.288,4.1384,26.683,5.9611e+05,-2.9213e+06,-1.827e+05,1.827e+05
0.208,0.272,4.6656,20.751,-1.3887e+05,-2.8955e+06,-1.6002e+05,1.6002e+05
0.208,0.256,3.654,19.505,-4.9772e+05,-2.8358e+06,-1.3637e+05,1.3637e+05
0.208,0.24,3.1859,24.086,-4.9794e+05,-2.4506e+06,-1.1018e+05,1.1018e+05
0.208,0.224,1.9707,26.883,-4.9481e+05,-1.7094e+06,-80783,80783
0.208,0.208,2.8499,30.816,-5.526e+05,-1.0008e+06,-52104,52104
0.208,0.192,2.9575,33.388,-7.3413e+05,-2.8945e+05,-31671,31671
0.208,0.176,1.1864,33.213,-8.5683e+05,-58923,-22447,22447
0.208,0.16,1.226,30.086,-8.4032e+05,-1.4572e+05,-15779,15779
0.208,0.144,2.4688,26.014,-6.2553e+05,-6.9209e+05,4475.9,4475.9
0.208,0.128,2.1289,24.26,-4.3338e+05,-1.2336e+06,28426,28426
0.208,0.112,2.2787,20.955,-3.9553e+05,-1.5626e+06,50150,50150
0.208,0.096,1.2123,17.279,-4.903e+05,-1.3505e+06,49370,49370
0.208,0.08,-0.84633,14.899,-6.1183e+05,-1.0414e+06,33847,33847
0.208,0.064,-1.9197,13.322,-6.8594e+05,-4.7962e+05,19154,19154
0.208,0.048,-1.3624,17.624,-4.5628e+05,-2.7971e+05,7967.1,7967.1
0.208,0.032,0.16431,23.273,-2.3585e+05,28121,4657.2,4657.2
0.208,0.016,-1.0813,24.727,0,0,1065.9,1065.9
0.224,0.496,-9.9745,48.188,0,0,0,0
0.224,0.48,-9.2722,45.731,0,0,0,0
0.224,0.464,-7.3242,44.552,NaN,NaN,0,0
0.224,0.448,-4.6856,43.874,NaN,NaN,NaN,NaN
0.224,0.432,-1.4004,42.881,NaN,NaN,NaN,NaN
0.224,0.416,0.98268,39.848,NaN,NaN,NaN,NaN
0.224,0.4,3.4098,35.644,NaN,NaN,-2.9054e+05,2.9054e+05
0.224,0.384,5.7109,31.935,NaN,NaN,-2.1503e+05,2.1503e+05
0.224,0.368,8.7973,32.445,3.5571e+06,-6.0807e+06,-1.9151e+05,1.9151e+05
0.224,0.352,9.543,32.397,3.324e+06,-5.4682e+06,-1.2839e+05,1.2839e+05
0.224,0.336,10.065,32.013,3.0578e+06,-4.9475e+06,-1.1477e+05,1.1477e+05
0.224,0.32,10.009,31.609,2.5172e+06,-4.3598e+06,-1.1163e+05,1.1163e+05
0.224,0.304,8.6616,31.424,2.0047e+06,-3.9391e+06,-1.2976e+05,1.2976e+05
0.224,0.288,6.66,30.937,1.3063e+06,-3.5717e+06,-1.2268e+05,1.2268e+05
0.224,0.272,4.3777,30.016,6.2685e+05,-3.187e+06,-1.0656e+05,1.0656e+05
0.224,0.256,4.614,30.413,2.2868e+05,-2.7596e+06,-93163,93163
0.224,0.24,4.574,34.22,41527,-2.0642e+06,-82902,82902
0.224,0.224,4.1316,37.88,-1.0226e+05,-1.2501e+06,-70186,70186
0.224,0.208,4.2111,40.774,-3.4072e+05,-5.8689e+05,-53421,53421
0.224,0.192,4.1136,41.295,-6.8757e+05,-1.0265e+05,-38350,38350
0.224,0.176,2.3082,40.568,-9.5552e+05,1.5747e+05,-12731,12731
0.224,0.16,1.5971,39.474,-1.0873e+06,2.0835e+05,3674.2,3674.2
0.224,0.144,1.758,38.23,-9.8688e+05,-56994,23179,23179
0.224,0.128,2.5897,34.372,-8.6085e+05,-4.6183e+05,38924,38924
0.224,0.112,2.9485,33.66,-8.3168e+05,-7.4443e+05,65852,65852
0.224,0.096,2.9745,33.006,-9.3843e+05,-4.8887e+05,78121,78121
0.224,0.08,-0.31508,32.723,-1.0575e+06,-55176,65947,65947
0.224,0.064,0.068866,30.068,-1.2091e+06,9.2642e+05,46363,46363
0.224,0.048,-2.0647,35.513,-8.1347e+05,8.1062e+05,27223,27223
0.224,0.032,-2.4436,37.862,-4.4354e+05,7.0603e+05,13524,13524
0.224,0.016,-3.8768,36.741,0,0,3493.5,3493.5
0.24,0.496,-10.28,53.094,0,0,0,0
0.24,0.48,-8.9524,48.736,0,0,0,0
0.24,0.464,-5.7163,47.517,NaN,NaN,0,0
0.24,0.448,-3.0641,46.824,NaN,NaN,NaN,NaN
0.24,0.432,-0.042248,45.552,NaN,NaN,NaN,NaN
0.24,0.416,3.2182,42.322,NaN,NaN,NaN,NaN
0.24,0.4,5.9634,39.84,NaN,NaN,NaN,NaN
0.24,0.384,7.5741,39.243,NaN,NaN,-1.7629e+05,1.7629e+05
0.24,0.368,8.9062,39.627,NaN,NaN,-1.5488e+05,1.5488e+05
0.24,0.352,9.2607,38.167,NaN,NaN,-1.3174e+05,1.3174e+05
0.24,0.336,8.7781,37.917,3.1433e+06,-5.3184e+06,-72544,72544
0.24,0.32,8.8372,36.596,2.6719e+06,-4.8655e+06,-50055,50055
0.24,0.304,6.8603,36.921,2.3411e+06,-4.4029e+06,-30972,30972
0.24,0.288,5.8073,37.272,1.7572e+06,-3.8873e+06,-29540,29540
0.24,0.272,5.6132,36.708,1.1907e+06,-3.3416e+06,-24872,24872
0.24,0.256,6.093,37.464,1.002e+06,-2.8102e+06,-32640,32640
0.24,0.24,5.8254,42.131,9.6813e+05,-2.1506e+06,-38954,38954
0.24,0.224,3.8733,44.585,8.9156e+05,-1.5683e+06,-47497,47497
0.24,0.208,3.1979,44.465,6.2475e+05,-9.9124e+05,-40513,40513
0.24,0.192,3.658,45.514,2.6859e+05,-5.5358e+05,-34581,34581
0.24,0.176,2.9902,44.545,-1.0218e+05,-1.3159e+05,-10021,10021
0.24,0.16,2.9832,44.836,-5.1644e+05,3.6675e+05,17614,17614
0.24,0.144,2.3787,44.703,-8.1065e+05,7.9209e+05,32168,32168
0.24,0.128,1.4889,46.337,-1.0448e+06,1.2011e+06,53269,53269
0.24,0.112,0.61844,45.622,-1.2613e+06,1.6182e+06,69590,69590
0.24,0.096,-1.302,46.099,-1.5492e+06,2.178e+06,93817,93817
0.24,0.08,-3.1032,47.55,-1.8535e+06,2.5959e+06,87341,87341
0.24,0.064,-6.1065,47.262,-2.1235e+06,3.2997e+06,69820,69820
0.24,0.048,-9.3681,47.25,-1.4866e+06,2.3391e+06,43917,43917
0.24,0.032,-8.9588,47.234,-7.7218e+05,1.414e+06,19567,19567
0.24,0.016,-5.5837,43.506,0,0,4529.5,4529.5
0.256,0.496,-8.7091,56.797,0,0,0,0
0.256,0.48,-7.8566,52.009,0,0,0,0
0.256,0.464,-4.967,51.626,NaN,NaN,0,0
0.256,0.448,-3.03,50.995,NaN,NaN,NaN,NaN
0.256,0.432,-0.92769,50.28,NaN,NaN,NaN,NaN
0.256,0.416,2.2952,48.53,NaN,NaN,NaN,NaN
0.256,0.4,4.9609,46.529,NaN,NaN,NaN,NaN
0.256,0.384,6.6179,45.552,NaN,NaN,NaN,NaN
0.256,0.368,7.4956,44.504,NaN,NaN,NaN,NaN
0.256,0.352,7.852,44.002,NaN,NaN,12890,12890
0.256,0.336,7.4445,44.275,NaN,NaN,-11345,11345
0.256,0.32,6.9803,43.302,2.4775e+06,-4.8593e+06,21241,21241
0.256,0.304,5.4924,44.645,2.3481e+06,-4.3609e+06,33023,33023
0.256,0.288,5.0967,45.885,2.1217e+06,-4.1258e+06,52757,52757
0.256,0.272,5.7034,46.577,1.7903e+06,-3.6479e+06,39000,39000
0.256,0.256,4.626,47.545,1.653e+06,-3.0538e+06,10410,10410
0.256,0.24,4.2161,49.354,1.5264e+06,-2.3307e+06,-9709.7,9709.7
0.256,0.224,3.6341,49.771,1.3649e+06,-1.841e+06,-26875,26875
0.256,0.208,3.9628,50.955,1.1877e+06,-1.4909e+06,-23763,23763
0.256,0.192,4.877,53.767,1.051e+06,-1.3286e+06,-19972,19972
0.256,0.176,4.8142,55.567,8.548e+05,-1.0483e+06,-8056.7,8056.7
0.256,0.16,4.083,55.74,4.0295e+05,-4.2577e+05,10750,10750
0.256,0.144,1.2082,57.211,-2.526e+05,5.339e+05,32734,32734
0.256,0.128,-1.2765,59.278,-9.4198e+05,1.6683e+06,65802,65802
0.256,0.112,-2.6635,59.353,-1.5592e+06,2.8274e+06,92934,92934
0.256,0.096,-5.418,60.83,-2.0376e+06,3.8195e+06,1.1274e+05,1.1274e+05
0.256,0.08,-7.7533,59.869,-2.5178e+06,4.8011e+06,98295,98295
0.256,0.064,-10.067,58.353,-2.945e+06,5.5671e+06,70980,70980
0.256,0.048,-13.966,56.502,-2.1051e+06,3.9624e+06,39867,39867
0.256,0.032,-14.813,53.115,-1.1177e+06,2.0838e+06,15747,15747
0.256,0.016,-10.424,48.505,0,0,3444.3,3444.3
0.272,0.496,-6.0273,61.9,0,0,0,0
0.272,0.48,-6.3421,58.951,0,0,0,0
0.272,0.464,-4.8163,58.207,NaN,NaN,0,0
0.272,0.448,-2.8804,56.846,NaN,NaN,NaN,NaN
0.272,0.432,-1.3207,55.835,NaN,NaN,NaN,NaN
0.272,0.416,0.98635,54.764,NaN,NaN,NaN,NaN
0.272,0.4,3.3525,52.755,NaN,NaN,NaN,NaN
0.272,0.384,4.8295,50.993,NaN,NaN,NaN,NaN
0.272,0.368,6.3525,50.384,NaN,NaN,NaN,NaN
0.272,0.352,5.9724,50.882,NaN,NaN,NaN,NaN
0.272,0.336,6.1034,50.531,NaN,NaN,95444,95444
0.272,0.32,7.142,50.606,NaN,NaN,98763,98763
0.272,0.304,6.527,51.387,NaN,NaN,98808,98808
0.272,0.288,6.7748,51.763,NaN,NaN,83680,83680
0.272,0.272,6.8378,52.536,NaN,NaN,60276,60276
0.272,0.256,5.4781,53.253,1.8837e+06,-2.6554e+06,8462.5,8462.5
0.272,0.24,4.857,54.07,1.6926e+06,-1.6695e+06,-9703.1,9703.1
0.272,0.224,4.4647,54.449,1.5913e+06,-1.7841e+06,-25531,25531
0.272,0.208,4.6131,55.287,1.5744e+06,-1.7794e+06,-18177,18177
0.272,0.192,5.3583,56.364,1.6149e+06,-1.9648e+06,-12302,12302
0.272,0.176,6.1886,57.277,1.5813e+06,-1.9661e+06,-13270,13270
0.272,0.16,5.3141,56.817,1.1604e+06,-1.5075e+06,-2136.7,2136.7
0.272,0.144,2.8995,56.336,3.4361e+05,-6.1341e+05,15003,15003
0.272,0.128,-0.1613,56.804,-5.9396e+05,6.3101e+05,51737,51737
0.272,0.112,-1.9843,59.521,-1.4258e+06,1.9629e+06,66747,66747
0.272,0.096,-4.9433,62.22,-2.1042e+06,3.2165e+06,71273,71273
0.272,0.08,-7.6769,63.796,-2.8536e+06,4.5339e+06,50916,50916
0.272,0.064,-11.208,64.211,-3.4585e+06,5.3131e+06,29396,29396
0.272,0.048,-11.251,64.037,-2.5335e+06,3.81e+06,9661.4,9661.4
0.272,0.032,-13.145,60.576,-1.3097e+06,1.8823e+06,919.88,919.88
0.272,0.016,-10.542,49.414,0,0,-899.54,899.54
0.288,0.496,-3.5241,63.948,0,0,0,0
0.288,0.48,-4.2352,65.687,0,0,0,0
0.288,0.464,-3.811,66.826,NaN,NaN,0,0
0.288,0.448,-3.2039,67.368,NaN,NaN,NaN,NaN
0.288,0.432,-2.8416,67.071,NaN,NaN,NaN,NaN
0.288,0.416,-0.81361,65.808,NaN,NaN,NaN,NaN
0.288,0.4,0.91484,64.427,NaN,NaN,NaN,NaN
0.288,0.384,1.694,62.061,NaN,NaN,NaN,NaN
0.288,0.368,2.7536,61.56,NaN,NaN,NaN,NaN
0.288,0.352,3.4432,59.63,NaN,NaN,NaN,NaN
0.288,0.336,4.3374,59.036,NaN,NaN,NaN,NaN
0.288,0.32,6.3251,57.772,NaN,NaN,NaN,NaN
0.288,0.304,6.349,56.679,NaN,NaN,NaN,NaN
0.288,0.288,6.7133,55.863,NaN,NaN,NaN,NaN
0.288,0.272,6.151,55.203,NaN,NaN,9880.1,9880.1
0.288,0.256,5.2821,54.684,NaN,NaN,-5371.4,5371.4
0.288,0.24,5.9399,54.102,1.3707e+06,-4.218e+05,-7886.6,7886.6
0.288,0.224,5.99,54.071,1.4613e+06,-1.08e+06,-7591.2,7591.2
0.288,0.208,5.4289,52.819,1.5528e+06,-1.3204e+06,-6888.5,6888.5
0.288,0.192,6.1435,51.14,1.6913e+06,-1.771e+06,-6199.7,6199.7
0.288,0.176,6.4134,50.507,1.7029e+06,-2.1517e+06,-12439,12439
0.288,0.16,5.0185,50.721,1.3727e+06,-2.3172e+06,-13739,13739
0.288,0.144,3.228,49.56,6.422e+05,-2.0472e+06,829.88,829.88
0.288,0.128,1.6657,47.887,-1.9565e+05,-1.3336e+06,16367,16367
0.288,0.112,-0.17304,47.751,-1.0567e+06,-4.3164e+05,28531,28531
0.288,0.096,-3.2411,48.854,-1.8023e+06,5.1854e+05,19683,19683
0.288,0.08,-6.9823,51.128,-2.5698e+06,1.7474e+06,-5594.3,5594.3
0.288,0.064,-11.561,55.17,-3.1445e+06,2.7556e+06,-22953,22953
0.288,0.048,-11.876,55.23,-2.284e+06,2.2264e+06,-30037,30037
0.288,0.032,-12.211,56.868,-1.1975e+06,1.1709e+06,-15672,15672
0.288,0.016,-9.8285,54.151,0,0,-4700,4700
0.304,0.496,-1.9156,62.752,0,0,0,0
0.304,0.48,-1.8334,65.427,0,0,0,0
0.304,0.464,-2.8955,68.673,NaN,NaN,0,0
0.304,0.448,-3.5609,72.447,NaN,NaN,NaN,NaN
0.304,0.432,-3.8846,74.383,NaN,NaN,NaN,NaN
0.304,0.416,-4.1633,73.774,NaN,NaN,NaN,NaN
0.304,0.4,-2.2794,72.73,NaN,NaN,NaN,NaN
0.304,0.384,-1.1801,69.817,NaN,NaN,NaN,NaN
0.304,0.368,0.14872,67.421,NaN,NaN,NaN,NaN
0.304,0.352,2.0415,66.306,NaN,NaN,NaN,NaN
0.304,0.336,3.0971,64.12,NaN,NaN,NaN,NaN
0.304,0.32,3.9049,60.82,NaN,NaN,NaN,NaN
0.304,0.304,3.412,58.019,NaN,NaN,NaN,NaN
0.304,0.288,3.7364,56.304,NaN,NaN,-23602,23602
0.304,0.272,3.6817,55.792,NaN,NaN,-29972,29972
0.304,0.256,2.727,54.469,1.0282e+06,1.0347e+06,-16545,16545
0.304,0.24,3.5068,53.42,1.2761e+06,4.4806e+05,-6962.2,6962.2
0.304,0.224,4.0289,51.871,1.3915e+06,1.9705e+05,3127.3,3127.3
0.304,0.208,5.1059,50.15,1.51e+06,-2.2416e+05,6566.8,6566.8
0.304,0.192,6.2936,49.104,1.6151e+06,-8.4565e+05,4103.5,4103.5
0.304,0.176,6.6409,46.755,1.5704e+06,-1.6249e+06,-821.06,821.06
0.304,0.16,5.9209,45.372,1.2982e+06,-2.2945e+06,-9489.1,9489.1
0.304,0.144,4.2974,44.846,7.5232e+05,-2.6718e+06,-15820,15820
0.304,0.128,3.2485,41.929,61939,-2.692e+06,-20647,20647
0.304,0.112,1.5029,38.351,-7.0599e+05,-2.4831e+06,-29740,29740
0.304,0.096,-1.6941,38.037,-1.4432e+06,-2.0645e+06,-40758,40758
0.304,0.08,-5.1447,38.75,-2.1426e+06,-1.3125e+06,-58219,58219
0.304,0.064,-7.7596,42.633,-2.5683e+06,-5.2375e+05,-59544,59544
0.304,0.048,-7.861,47.121,-1.8432e+06,-27664,-47203,47203
0.304,0.032,-6.7533,49.857,-9.2388e+05,65661,-21938,21938
0.304,0.016,-6.2385,52.009,0,0,-5252,5252
0.32,0.496,-1.4706,52.224,0,0,0,0
0.32,0.48,-1.3342,55.2,0,0,0,0
0.32,0.464,-1.6143,60.123,NaN,NaN,0,0
0.32,0.448,-1.0837,63.524,NaN,NaN,NaN,NaN
0.32,0.432,-2.6923,65.49,NaN,NaN,NaN,NaN
0.32,0.416,-2.392,65.807,NaN,NaN,NaN,NaN
0.32,0.4,-1.6166,66.809,NaN,NaN,NaN,NaN
0.32,0.384,-2.339,65.719,NaN,NaN,NaN,NaN
0.32,0.368,-1.6683,63.94,NaN,NaN,NaN,NaN
0.32,0.352,-0.61675,63.155,NaN,NaN,NaN,NaN
0.32,0.336,0.2431,60.96,NaN,NaN,NaN,NaN
0.32,0.32,-0.010173,58.219,NaN,NaN,-1.6281e+05,1.6281e+05
0.32,0.304,0.22793,55.196,NaN,NaN,-1.2325e+05,1.2325e+05
0.32,0.288,0.40824,53.733,NaN,NaN,-67129,67129
0.32,0.272,1.49,52.427,6.7998e+05,1.2614e+06,-30477,30477
0.32,0.256,2.0712,51.028,8.8036e+05,1.3532e+06,-1474.8,1474.8
0.32,0.24,2.5842,50.035,1.0239e+06,8.7752e+05,9395.5,9395.5
0.32,0.224,4.61,48.592,1.2014e+06,6.002e+05,29740,29740
0.32,0.208,6.5326,47.799,1.3054e+06,1.0751e+05,30006,30006
0.32,0.192,6.9818,46.37,1.3795e+06,-3.8839e+05,29948,29948
0.32,0.176,6.737,43.267,1.3086e+06,-1.1146e+06,17533,17533
0.32,0.16,5.1529,42.281,1.1341e+06,-1.8164e+06,-3170.9,3170.9
0.32,0.144,3.4008,40.754,7.8784e+05,-2.3808e+06,-28608,28608
0.32,0.128,1.3247,38.225,3.3047e+05,-2.7231e+06,-57583,57583
0.32,0.112,-0.95767,36.072,-2.2691e+05,-2.9028e+06,-75363,75363
0.32,0.096,-2.5888,35.357,-8.1293e+05,-2.937e+06,-80669,80669
0.32,0.08,-3.854,34.129,-1.307e+06,-2.7116e+06,-74878,74878
0.32,0.064,-4.1426,34.199,-1.5464e+06,-2.1644e+06,-60196,60196
0.32,0.048,-4.1055,36.511,-1.0773e+06,-1.2037e+06,-41282,41282
0.32,0.032,-3.0222,42.91,-5.1573e+05,-4.4928e+05,-17453,17453
0.32,0.016,-2.7063,43.899,0,0,-3627,3627
0.336,0.496,-1.9433,39.438,0,0,0,0
0.336,0.48,-2.1092,43.024,0,0,0,0
0.336,0.464,-2.1386,45.221,NaN,NaN,0,0
0.336,0.448,-2.2892,47.71,NaN,NaN,NaN,NaN
0.336,0.432,-1.9939,50.906,NaN,NaN,NaN,NaN
0.336,0.416,-2.4561,52.389,NaN,NaN,NaN,NaN
0.336,0.4,-2.583,53.76,NaN,NaN,NaN,NaN
0.336,0.384,-1.6059,55.252,NaN,NaN,NaN,NaN
0.336,0.368,-1.6362,55.013,NaN,NaN,NaN,NaN
0.336,0.352,-1.6846,54.315,NaN,NaN,-2.3035e+05,2.3035e+05
0.336,0.336,-1.4843,53.486,NaN,NaN,-2.2313e+05,2.2313e+05
0.336,0.32,-1.3759,51.997,NaN,NaN,-1.7346e+05,1.7346e+05
0.336,0.304,-1.3422,49.931,7476.8,-9.3126e+05,-1.1407e+05,1.1407e+05
0.336,0.288,-1.6088,49.08,-33844,-1.4544e+06,-53254,53254
0.336,0.272,-0.38042,46.573,1.3124e+05,-8.8106e+05,-20558,20558
0.336,0.256,1.1314,44.677,4.5838e+05,-2.539e+05,5621.3,5621.3
0.336,0.24,2.8761,42.92,6.5554e+05,-99446,18703,18703
0.336,0.224,4.2848,40.109,8.3545e+05,-1.1167e+05,36657,36657
0.336,0.208,4.2481,39.813,8.7708e+05,-5.1064e+05,41832,41832
0.336,0.192,4.3883,39.337,9.1869e+05,-7.793e+05,42132,42132
0.336,0.176,4.4228,37.923,8.5684e+05,-1.3008e+06,24406,24406
0.336,0.16,2.9919,37.777,7.3309e+05,-1.7858e+06,-5327.5,5327.5
0.336,0.144,1.9021,37.538,4.8924e+05,-2.2079e+06,-39273,39273
0.336,0.128,0.55417,37.157,1.9161e+05,-2.3654e+06,-64932,64932
0.336,0.112,-0.57014,36.592,-99413,-2.318e+06,-78685,78685
0.336,0.096,-1.2217,37.714,-4.3077e+05,-2.2018e+06,-77296,77296
0.336,0.08,-1.7184,36.308,-6.9821e+05,-1.9493e+06,-59603,59603
0.336,0.064,-1.0696,35.179,-7.8564e+05,-1.4493e+06,-39868,39868
0.336,0.048,0.65939,38.265,-5.2081e+05,-7.3584e+05,-20124,20124
0.336,0.032,0.11581,38.761,-2.1248e+05,-2.1775e+05,-8021.1,8021.1
0.336,0.016,1.879,40.704,0,0,-1468.2,1468.2
0.352,0.496,-2.7526,21.744,0,0,0,0
0.352,0.48,-1.5806,27.342,0,0,0,0
0.352,0.464,-1.1969,31.584,NaN,NaN,0,0
0.352,0.448,-1.6761,35.363,NaN,NaN,NaN,NaN
0.352,0.432,-0.5557,40.961,NaN,NaN,NaN,NaN
0.352,0.416,-0.10226,42.899,NaN,NaN,NaN,NaN
0.352,0.4,-1.0287,45.673,NaN,NaN,-1.0522e+05,1.0522e+05
0.352,0.384,0.61774,47.001,NaN,NaN,-1.226e+05,1.226e+05
0.352,0.368,-0.070462,47.684,NaN,NaN,-1.3485e+05,1.3485e+05
0.352,0.352,-1.0343,46.996,NaN,NaN,-1.6974e+05,1.6974e+05
0.352,0.336,-1.2162,45.311,-37568,-1.1681e+06,-1.8136e+05,1.8136e+05
0.352,0.32,-0.76677,43.977,-2.1524e+05,-3.0442e+06,-1.5875e+05,1.5875e+05
0.352,0.304,-1.0164,40.627,-2.7616e+05,-3.0855e+06,-1.1409e+05,1.1409e+05
0.352,0.288,-2.2527,37.406,-3.2383e+05,-3.7216e+06,-60527,60527
0.352,0.272,-2.8956,36.051,-1.593e+05,-2.8303e+06,-21808,21808
0.352,0.256,-1.5133,35.524,24175,-2.3437e+06,13856,13856
0.352,0.24,0.66533,33.652,1.6855e+05,-1.9902e+06,31475,31475
0.352,0.224,0.13937,29.397,2.9069e+05,-1.8145e+06,52685,52685
0.352,0.208,0.49861,30.249,3.5886e+05,-1.6273e+06,54466,54466
0.352,0.192,0.23639,31.692,4.6037e+05,-1.2082e+06,50877,50877
0.352,0.176,0.65145,28.793,5.1893e+05,-9.5108e+05,29797,29797
0.352,0.16,0.097903,29.662,5.1432e+05,-8.4721e+05,4328.3,4328.3
0.352,0.144,-1.6286,30.738,3.6649e+05,-9.5674e+05,-24453,24453
0.352,0.128,-2.4245,33.34,1.8398e+05,-1.0064e+06,-39478,39478
0.352,0.112,-1.8918,35.837,14439,-9.9669e+05,-43419,43419
0.352,0.096,-1.8962,37.779,-1.9791e+05,-8.1946e+05,-37020,37020
0.352,0.08,-1.7131,35.774,-4.4584e+05,-6.2279e+05,-24618,24618
0.352,0.064,0.075711,33.459,-4.6927e+05,-3.4021e+05,-13478,13478
0.352,0.048,0.85655,35.357,-2.9631e+05,-94093,-5676.2,5676.2
0.352,0.032,0.17484,35.367,-58938,6577.1,-1480,1480
0.352,0.016,1.537,35.021,0,0,-525.48,525.48
0.368,0.496,-1.4665,6.9864,0,0,0,0
0.368,0.48,-0.38732,10.004,0,0,0,0
0.368,0.464,-1.0872,14.837,NaN,NaN,-33337,33337
0.368,0.448,-1.5026,18.461,NaN,NaN,-1.258e+05,1.258e+05
0.368,0.432,-1.4026,26.707,NaN,NaN,-1.2741e+05,1.2741e+05
0.368,0.416,-0.18401,35.671,NaN,NaN,-83785,83785
0.368,0.4,-0.43318,37.61,NaN,NaN,-64216,64216
0.368,0.384,0.50994,41.356,4.1086e+05,3.3342e+06,-64104,64104
0.368,0.368,-0.37693,39.703,2.0054e+05,1.5338e+06,-93125,93125
0.368,0.352,0.03862,36.962,34397,-3.6743e+05,-1.2913e+05,1.2913e+05
0.368,0.336,-0.23401,33.635,-1.8462e+05,-2.8164e+06,-1.4154e+05,1.4154e+05
0.368,0.32,-1.9483,27.718,-3.7557e+05,-4.4204e+06,-1.2187e+05,1.2187e+05
0.368,0.304,-2.7941,20.793,-3.7344e+05,-4.118e+06,-80646,80646
0.368,0.288,-3.3745,20.489,-3.5599e+05,-4.0974e+06,-34183,34183
0.368,0.272,-3.1807,17.185,-2.6514e+05,-3.5164e+06,-7881.1,7881.1
0.368,0.256,-3.7944,16.399,-1.3081e+05,-3.1012e+06,24436,24436
0.368,0.24,-4.032,17.549,-18448,-2.5169e+06,48353,48353
0.368,0.224,-3.2888,20.942,1.3766e+05,-1.5478e+06,71908,71908
0.368,0.208,-1.4298,25.739,2.0245e+05,-6.2567e+05,73752,73752
0.368,0.192,-0.063041,31.979,2.9992e+05,2.9694e+05,62575,62575
0.368,0.176,-0.41458,31.603,4.1339e+05,9.3402e+05,34456,34456
0.368,0.16,-0.01649,29.493,5.0523e+05,1.2725e+06,7976.9,7976.9
0.368,0.144,-0.069585,32.131,4.5963e+05,1.334e+06,-10926,10926
0.368,0.128,-1.6017,35.217,3.0025e+05,1.2089e+06,-12081,12081
0.368,0.112,-2.0415,38.07,98396,1.0634e+06,-12701,12701
0.368,0.096,-3.339,38.554,-1.1517e+05,9.0284e+05,-6757.3,6757.3
0.368,0.08,-3.1792,34.433,-3.131e+05,6.2807e+05,955.83,955.83
0.368,0.064,-3.023,29.387,-3.617e+05,2.0274e+05,7491.9,7491.9
0.368,0.048,-0.81826,26.551,-2.3852e+05,-7048.8,8512.2,8512.2
0.368,0.032,0.97256,26.648,-74394,-1.0538e+05,3018.8,3018.8
0.368,0.016,1.6049,25.899,0,0,302.39,302.39
0.384,0.496,-3.1229,7.1979,0,0,0,0
0.384,0.48,-0.93785,8.7761,0,0,0,0
0.384,0.464,-0.59135,10.649,NaN,NaN,-22933,22933
0.384,0.448,-0.74338,14.47,1.3804e+05,2.3774e+05,-53139,53139
0.384,0.432,0.49896,16.297,1.3804e+05,2.3774e+05,-51890,51890
0.384,0.416,0.42875,21.851,2.2967e+05,8.7707e+05,-27971,27971
0.384,0.4,2.4785,26.061,2.4631e+05,1.2289e+06,-24526,24526
0.384,0.384,2.0812,29.055,3.0351e+05,1.5009e+06,-33372,33372
0.384,0.368,-0.14899,25.785,1.8254e+05,5.843e+05,-64116,64116
0.384,0.352,-0.19428,18.677,38461,-6.1103e+05,-78756,78756
0.384,0.336,-0.96648,13.164,-1.2852e+05,-2.1511e+06,-79285,79285
0.384,0.32,-2.6766,10.007,-2.2159e+05,-3.1636e+06,-60817,60817
0.384,0.304,-5.1752,7.0932,-2.2023e+05,-3.377e+06,-43674,43674
0.384,0.288,-4.2584,7.3995,-2.4722e+05,-3.6018e+06,-23164,23164
0.384,0.272,-3.5163,8.3914,-1.8622e+05,-3.1273e+06,-2849.2,2849.2
0.384,0.256,-3.6553,11.188,-74085,-2.3897e+06,32376,32376
0.384,0.24,-1.748,12.568,75692,-1.3122e+06,67344,67344
0.384,0.224,-1.2102,16.463,2.2632e+05,12942,96085,96085
0.384,0.208,-0.21528,22.423,2.9217e+05,1.3232e+06,1.0017e+05,1.0017e+05
0.384,0.192,0.18063,29.447,3.6301e+05,2.4522e+06,84854,84854
0.384,0.176,0.34147,32.334,5.3534e+05,3.1518e+06,53089,53089
0.384,0.16,1.0211,31.517,6.9686e+05,3.2677e+06,21067,21067
0.384,0.144,0.89625,30.488,6.4745e+05,2.5436e+06,-2455.3,2455.3
0.384,0.128,0.52127,32.258,3.056e+05,1.5759e+06,-9738.4,9738.4
0.384,0.112,-1.508,33.72,-60113,1.1155e+06,-8682.4,8682.4
0.384,0.096,-2.5336,31.819,-3.5456e+05,6.4716e+05,4250.7,4250.7
0.384,0.08,-2.3736,30.065,-5.3386e+05,-28724,21472,21472
0.384,0.064,-0.081238,27.776,-7.8097e+05,-1.0469e+06,28468,28468
0.384,0.048,-2.3471,22.97,-5.853e+05,-9.6434e+05,22723,22723
0.384,0.032,-4.4372,21.456,-3.5331e+05,-5.0699e+05,8272.3,8272.3
0.384,0.016,-1.8846,16.197,0,0,1731.2,1731.2
0.4,0.496,-1.6706,8.2648,0,0,584.31,584.31
0.4,0.48,-1.1199,8.2838,0,0,9010.1,9010.1
0.4,0.464,0.039802,10.763,NaN,NaN,-9113.4,9113.4
0.4,0.448,0.13393,12.634,2.6551e+05,4.1964e+05,-20914,20914
0.4,0.432,-0.7991,10.305,1.6691e+05,3.3478e+05,-33074,33074
0.4,0.416,0.70791,15.254,1.6226e+05,5.5136e+05,-16012,16012
0.4,0.4,0.85674,16.807,68814,5.5899e+05,-6976.9,6976.9
0.4,0.384,1.3306,15.682,2.2566e+05,8.4657e+05,-4467,4467
0.4,0.368,1.7241,12.635,2.2239e+05,3.3926e+05,-22957,22957
0.4,0.352,1.1056,7.9936,1.493e+05,-4.0851e+05,-33062,33062
0.4,0.336,-0.42961,5.9149,-46692,-1.5425e+06,-30459,30459
0.4,0.32,-1.7536,3.4084,-1.4448e+05,-2.16e+06,-14910,14910
0.4,0.304,-1.5803,1.9859,-1.172e+05,-2.0991e+06,-5895.1,5895.1
0.4,0.288,-3.1699,2.9368,-70857,-1.7487e+06,-458.9,458.9
0.4,0.272,-4.527,5.569,5548.9,-1.1396e+06,9690.1,9690.1
0.4,0.256,-2.9187,8.3204,1.5242e+05,-3.76e+05,37988,37988
0.4,0.24,-1.1783,10.091,3.3678e+05,6.4178e+05,70242,70242
0.4,0.224,0.55198,14.508,4.9136e+05,1.8274e+06,92647,92647
0.4,0.208,1.624,19.517,5.3854e+05,2.9878e+06,88803,88803
0.4,0.192,1.1003,26.728,5.7499e+05,3.9543e+06,67091,67091
0.4,0.176,2.1487,29.881,6.601e+05,4.2059e+06,32849,32849
0.4,0.16,4.2833,26.104,7.4845e+05,3.6688e+06,1681.5,1681.5
0.4,0.144,5.4183,20.131,6.9417e+05,2.3537e+06,-20268,20268
0.4,0.128,2.362,14.692,3.1995e+05,1.128e+06,-37039,37039
0.4,0.112,-0.092118,9.6591,-93424,6.6346e+05,-36742,36742
0.4,0.096,-5.041,25.873,-5.7622e+05,-12111,-18912,18912
0.4,0.08,-4.7695,13.897,-9.7828e+05,-9.7351e+05,15038,15038
0.4,0.064,-5.9901,13.954,-1.9852e+06,-2.3022e+06,30138,30138
0.4,0.048,-12.131,23.75,-1.6532e+06,-1.8784e+06,26279,26279
0.4,0.032,-1.8799,15.454,-1.1519e+06,-9.5796e+05,10605,10605
0.4,0.016,-12.133,3.0145,0,0,2886.9,2886.9
0.416,0.496,-1.2339,6.2959,0,0,6426.3,6426.3
0.416,0.48,-0.30568,7.9763,0,0,21987,21987
0.416,0.464,0.60356,9.5498,2.5852e+05,3.4447e+05,18975,18975
0.416,0.448,1.0868,10.18,1.8161e+05,3.292e+05,17221,17221
0.416,0.432,1.8527,10.683,95201,2.0628e+05,3488.3,3488.3
0.416,0.416,0.55268,10.275,40961,2.8685e+05,7177.1,7177.1
0.416,0.4,0.91934,10.924,-3105.5,2.1946e+05,5604.3,5604.3
0.416,0.384,1.0061,9.7705,1.2759e+05,1.8714e+05,708.17,708.17
0.416,0.368,2.1831,6.3749,1.9643e+05,-90278,-10151,10151
0.416,0.352,2.8535,5.2005,1.7526e+05,-2.7817e+05,-10799,10799
0.416,0.336,2.072,4.9444,15206,-4.1075e+05,-6274,6274
0.416,0.32,0.32738,2.7034,-20562,-3.8372e+05,2306.3,2306.3
0.416,0.304,-0.81261,1.5838,31151,-2.4442e+05,3219.1,3219.1
0.416,0.288,-2.3089,4.6571,83395,-48477,4609.6,4609.6
0.416,0.272,-1.3781,5.4907,1.0882e+05,2.3567e+05,11042,11042
0.416,0.256,-1.1854,6.7007,1.6347e+05,5.2803e+05,30409,30409
0.416,0.24,0.50027,8.71,3.1019e+05,1.0772e+06,52714,52714
0.416,0.224,2.0657,12.694,4.4763e+05,1.7538e+06,65188,65188
0.416,0.208,2.0827,17.344,5.3905e+05,2.6035e+06,57219,57219
0.416,0.192,3.3837,24.024,5.4263e+05,3.2021e+06,32458,32458
0.416,0.176,3.4473,24.01,5.238e+05,3.0646e+06,3525,3525
0.416,0.16,3.6588,18.802,5.6237e+05,2.1729e+06,-19875,19875
0.416,0.144,4.952,13.274,4.6912e+05,6.5498e+05,-36987,36987
0.416,0.128,3.7628,8.0115,66040,-5.0205e+05,-54519,54519
0.416,0.112,0.71693,4.1922,-3.7286e+05,-7.5962e+05,-55387,55387
0.416,0.096,-1.9589,5.6094,-9.9552e+05,-1.3849e+06,-28824,28824
0.416,0.08,-9.5754,18.301,-1.4079e+06,-2.1096e+06,13346,13346
0.416,0.064,-15.503,17.167,-3.7952e+06,-2.2028e+06,34887,34887
0.416,0.048,-31.676,30.09,-3.1648e+06,-1.1354e+06,29979,29979
0.416,0.032,-37.554,33.049,-2.3329e+06,-90470,13894,13894
0.416,0.016,-40.104,20.781,0,0,7146,7146
0.432,0.496,-0.79833,4.5597,-2.3989e+05,-3.3747e+05,16390,16390
0.432,0.48,0.55042,7.3182,-1.8683e+05,-4.1327e+05,41292,41292
0.432,0.464,0.88525,7.3141,1.963e+06,2.5757e+05,39345,39345
0.432,0.448,0.45054,7.4793,1.8063e+06,9.8565e+05,26356,26356
0.432,0.432,0.65068,7.3321,1.2078e+06,7.8e+05,-7554.5,7554.5
0.432,0.416,0.46871,6.3958,33617,3.2008e+05,-10309,10309
0.432,0.4,-0.3976,6.6067,-1.3827e+05,-26863,-9837.3,9837.3
0.432,0.384,-0.080128,4.4501,-9147.9,-1.5918e+05,-2956.8,2956.8
0.432,0.368,0.75374,4.1557,1.2612e+05,-1.2574e+05,-6076.3,6076.3
0.432,0.352,0.76014,3.6487,1.9064e+05,-69680,-4155.5,4155.5
0.432,0.336,0.5078,3.4041,46848,-52473,-1128.1,1128.1
0.432,0.32,-0.62802,3.0736,-15730,-60126,3127,3127
0.432,0.304,-1.0741,2.3724,-40906,24144,5693.4,5693.4
0.432,0.288,-0.29614,4.0521,40738,3.1867e+05,9006.8,9006.8
0.432,0.272,-0.7371,6.2842,69760,5.2561e+05,12512,12512
0.432,0.256,0.14389,6.9406,1.1072e+05,6.0498e+05,23379,23379
0.432,0.24,0.87619,7.746,2.035e+05,7.0851e+05,33844,33844
0.432,0.224,2.0813,10.165,3.2979e+05,1.0235e+06,34487,34487
0.432,0.208,3.0095,12.288,4.2325e+05,1.5131e+06,21585,21585
0.432,0.192,2.371,13.441,3.5873e+05,1.6987e+06,1343.6,1343.6
0.432,0.176,1.3679,13.429,2.3127e+05,1.3402e+06,-13223,13223
0.432,0.16,1.6508,10.952,2.4253e+05,6.8025e+05,-21663,21663
0.432,0.144,2.5667,5.6368,2.2692e+05,41987,-27262,27262
0.432,0.128,1.4779,4.1932,-17970,-2.3111e+05,-37861,37861
0.432,0.112,-1.485,4.417,-5.5646e+05,-5.605e+05,-39375,39375
0.432,0.096,-3.0483,3.0636,-1.3525e+06,-1.1717e+06,-21088,21088
0.432,0.08,-10.7,17.026,-2.4374e+06,-1.7529e+06,16742,16742
0.432,0.064,-100.7,245.08,-4.9444e+06,-1.3807e+06,38833,38833
0.432,0.048,-50.771,62.905,-3.9618e+06,-4.6552e+05,37194,37194
0.432,0.032,-139.81,-79.448,-2.3166e+06,1.5474e+05,18280,18280
0.432,0.016,-125.27,-34.838,0,0,11153,11153
0.448,0.496,-1.8457,3.2135,-1.3086e+06,-1.6931e+06,17884,17884
0.448,0.48,-8.1795,-2.6039,-1.6644e+06,-2.2656e+06,46557,46557
0.448,0.464,-0.81727,2.1124,-4.5107e+05,-2.3825e+06,55013,55013
0.448,0.448,2.3578,6.836,7.0763e+06,2.231e+06,40839,40839
0.448,0.432,2.7856,6.4149,6.6583e+06,2.137e+06,-451.78,451.78
0.448,0.416,1.6828,5.7514,5.6375e+06,2.1444e+06,-9724.9,9724.9
0.448,0.4,1.0985,4.5775,29402,-2.4944e+05,-4629.9,4629.9
0.448,0.384,0.20521,4.3792,-1.7817e+05,-1.9233e+05,11778,11778
0.448,0.368,-0.48463,1.9123,-82817,-1.133e+05,8305.3,8305.3
0.448,0.352,-0.48086,0.51439,72731,-57764,6800.7,6800.7
0.448,0.336,0.78205,-0.65091,2162.9,-1.0928e+05,4924.2,4924.2
0.448,0.32,-1.0207,1.5017,-13827,-91413,11644,11644
0.448,0.304,-0.52481,2.3786,-13175,-66098,19050,19050
0.448,0.288,-0.55022,1.4529,62286,2.1791e+05,25921,25921
0.448,0.272,-0.35175,5.5905,1.405e+05,3.9587e+05,26580,26580
0.448,0.256,-0.09382,5.8655,1.1912e+05,4.4017e+05,29542,29542
0.448,0.24,0.19318,5.8697,1.3664e+05,4.3545e+05,27606,27606
0.448,0.224,1.091,6.4635,1.0619e+05,3.893e+05,20951,20951
0.448,0.208,1.3909,5.7452,1.2889e+05,4.7276e+05,10578,10578
0.448,0.192,0.66295,6.3799,53071,3.5101e+05,2908.7,2908.7
0.448,0.176,-0.61163,6.1675,-8495.5,88604,-560.75,560.75
0.448,0.16,-1.118,4.1367,35224,-1.0553e+05,-3422.1,3422.1
0.448,0.144,-0.31424,2.5113,32501,-1.8671e+05,-6477.2,6477.2
0.448,0.128,-1.2214,2.9787,-1.2895e+05,-83591,-11394,11394
0.448,0.112,-2.5052,4.6262,-6.3096e+05,-1.9245e+05,-14065,14065
0.448,0.096,-8.4013,15.109,-1.0772e+06,-7.5433e+05,3665.6,3665.6
0.448,0.08,-13.26,12.212,-3.4191e+06,-5.6315e+05,32546,32546
0.448,0.064,-27.041,45.347,-5.7682e+06,5.5102e+05,49970,49970
0.448,0.048,-136.65,143.95,-5.0587e+06,1.4257e+06,40458,40458
0.448,0.032,-10.493,34.928,-1.5911e+06,9.1387e+05,17860,17860
0.448,0.016,5.9036,-2.283,0,0,10012,10012
0.464,0.496,-1.293,0.79653,-1.3086e+06,-1.6931e+06,12325,12325
0.464,0.48,-40.812,-12.609,-1.6644e+06,-2.2656e+06,42299,42299
0.464,0.464,-8.1614,-5.7283,-2.8242e+06,-4.0912e+06,63532,63532
0.464,0.448,-4.021,-14.145,4.6699e+06,7.6263e+05,53708,53708
0.464,0.432,3.3754,5.0114,4.1435e+06,6.4469e+05,9797.1,9797.1
0.464,0.416,2.8193,3.8192,4.6544e+06,1.9245e+06,-5090,5090
0.464,0.4,0.37679,2.8108,-9.2689e+05,-4.7043e+05,3070,3070
0.464,0.384,-4.2577,5.5891,-8.266e+05,-2.2021e+05,24740,24740
0.464,0.368,-0.35652,0.55147,-4.5003e+05,-1.0483e+05,19228,19228
0.464,0.352,0.1007,0.014593,-25015,-63593,13119,13119
0.464,0.336,0.15355,1.5777,-1.0086e+05,-3.9933e+05,13158,13158
0.464,0.32,-0.39203,-2.9371,-86684,-3.7662e+05,24342,24342
0.464,0.304,0.10643,0.074162,-64729,-2.9906e+05,35615,35615
0.464,0.288,-0.8876,0.97198,75041,1.7533e+05,40748,40748
0.464,0.272,0.073442,1.8691,60390,1.4265e+05,37320,37320
0.464,0.256,1.4796,2.5997,-16104,63898,33331,33331
0.464,0.24,-0.18738,1.8214,-16277,68975,26674,26674
0.464,0.224,-0.41458,3.3004,36265,2.2965e+05,19349,19349
0.464,0.208,-1.6892,3.3262,46681,2.4591e+05,13263,13263
0.464,0.192,-1.416,3.593,-14159,1.3924e+05,12096,12096
0.464,0.176,-0.67563,3.095,-55772,-52890,14777,14777
0.464,0.16,-0.49769,1.9419,-1.7692e+05,3.0294e+05,15921,15921
0.464,0.144,0.63314,0.45432,-1.9821e+05,3.5185e+05,13343,13343
0.464,0.128,0.58951,-1.2277,-3.3564e+05,5.1317e+05,10700,10700
0.464,0.112,-1.7197,2.4113,-5.8131e+05,-65347,10269,10269
0.464,0.096,-5.1844,12.858,-7.1142e+05,-3.2542e+05,22103,22103
0.464,0.08,-3.5561,0.50701,-2.8387e+06,8.5787e+05,39305,39305
0.464,0.064,-61.369,52.853,-3.7248e+06,1.5e+06,45656,45656
0.464,0.048,-167.75,200.5,-3.3803e+06,1.8908e+06,33545,33545
0.464,0.032,-0.56871,-1.8115,0,0,13057,13057
0.464,0.016,-27.863,0.2818,0,0,4210.9,4210.9
0.48,0.496,-31.563,-9.773,-1.0987e+06,-1.3979e+06,1185.3,1185.3
0.48,0.48,-212.78,-25.21,-1.531e+06,-1.9704e+06,20263,20263
0.48,0.464,-303.78,-155.44,-3.909e+06,-4.1892e+06,42924,42924
0.48,0.448,-78.764,-56.425,3.3887e+06,1.5827e+05,47899,47899
0.48,0.432,-14.245,9.5857,3.1181e+06,62465,25859,25859
0.48,0.416,-18.192,6.5818,4.6062e+06,1.6645e+06,14959,14959
0.48,0.4,-15.103,8.7786,-8.4612e+05,-5.2157e+05,18901,18901
0.48,0.384,-10.912,6.961,-7.791e+05,-1.7049e+05,29030,29030
0.48,0.368,-2.5977,0.012234,-4.3657e+05,-53130,20711,20711
0.48,0.352,-1.1686,-0.44406,-54573,12792,11957,11957
0.48,0.336,-0.1932,1.5156,-1.1459e+05,-3.3623e+05,12463,12463
0.48,0.32,-3.7345,-9.0455,-1.0319e+05,-3.4391e+05,23374,23374
0.48,0.304,-0.58158,-1.1235,-63727,-2.9005e+05,33626,33626
0.48,0.288,0.4877,0.73356,56002,91034,37647,37647
0.48,0.272,-1.2854,1.2595,37758,-4624.1,33775,33775
0.48,0.256,-3.992,-4.3388,-32210,-1.0421e+05,29037,29037
0.48,0.24,-1.0396,-0.12311,-35652,-51788,20370,20370
0.48,0.224,0.9459,1.2592,-2180.8,1.4989e+05,14410,14410
0.48,0.208,2.8198,2.6617,6356.4,1.6605e+05,11013,11013
0.48,0.192,1.9854,1.5148,279.07,1.4451e+05,14073,14073
0.48,0.176,2.0414,1.0991,7546.7,1.0208e+05,17754,17754
0.48,0.16,2.1307,0.1657,-1.2435e+05,5.078e+05,19480,19480
0.48,0.144,1.7687,-3.1575,-1.4688e+05,5.4001e+05,15841,15841
0.48,0.128,14.749,-13.939,-2.255e+05,5.5543e+05,10396,10396
0.48,0.112,-1.5967,0.56622,-1.786e+05,1.9201e+05,5987.3,5987.3
0.48,0.096,0.93709,-0.24375,-75819,11015,13927,13927
0.48,0.08,0.18614,-0.21095,-1.6284e+06,1.2611e+06,22101,22101
0.48,0.064,-5.9835,47.277,-1.9566e+06,1.5066e+06,24467,24467
0.48,0.048,163.52,215.43,-2.0668e+06,1.6887e+06,14079,14079
0.48,0.032,0.31112,-0.69448,0,0,4092.7,4092.7
0.48,0.016,-7.7917,0.63929,0,0,-942.58,942.58
0.496,0.496,-86.338,21.998,0,0,-878.25,878.25
0.496,0.48,-91.756,11.587,0,0,8016.4,8016.4
0.496,0.464,-83.631,-40.447,-2.3362e+06,-1.6595e+06,21616,21616
0.496,0.448,-53.664,-4.4156,-2.3819e+06,-1.4086e+06,26066,26066
0.496,0.432,-40.416,-1.6688,-2.507e+06,-1.4664e+06,17210,17210
0.496,0.416,-20.466,1.2966,-1.0368e+06,-2.7129e+05,11733,11733
0.496,0.4,-108.95,94.997,-9.9729e+05,-3.3646e+05,13320,13320
0.496,0.384,-22.657,25.457,-6.507e+05,-1.2871e+05,16433,16433
0.496,0.368,-23.811,-9.6192,-3.239e+05,-42518,10166,10166
0.496,0.352,2.7565,7.393,-60327,2033.9,5148.5,5148.5
0.496,0.336,-3.9608,-6.854,-1.19e+05,-2.802e+05,8697.7,8697.7
0.496,0.32,-25.168,-108.58,-1.0976e+05,-2.8821e+05,15295,15295
0.496,0.304,-3.781,-11.124,-70915,-2.0981e+05,20523,20523
0.496,0.288,-8.2296,-17.072,30479,83118,19750,19750
0.496,0.272,-9.7312,-15.912,-42532,-52774,16079,16079
0.496,0.256,-65.322,-90.329,-97258,-1.54e+05,10785,10785
0.496,0.24,-50.168,-101.27,-78284,-1.2378e+05,6315,6315
0.496,0.224,0.29919,-3.2081,57236,1.5831e+05,4074.3,4074.3
0.496,0.208,-1.6553,-12.462,75495,1.9377e+05,4739,4739
0.496,0.192,1.1043,0.31086,51024,2.3011e+05,6319.6,6319.6
0.496,0.176,1.9666,-2.4386,6054.8,1.7732e+05,9714.5,9714.5
0.496,0.16,1.3379,-2.0503,-1.354e+05,5.2034e+05,12223,12223
0.496,0.144,5.5361,-8.9254,-1.4573e+05,5.0582e+05,10294,10294
0.496,0.128,-13.651,-9.8075,-1.9676e+05,4.6156e+05,5851.5,5851.5
0.496,0.112,-1.4853,-2.4722,-26967,36651,1823.8,1823.8
0.496,0.096,-1.8516,0.35992,-25239,47183,4036.7,4036.7
0.496,0.08,-1.1552,-0.11985,-1.0516e+05,1.0314e+06,7767.4,7767.4
0.496,0.064,0.52956,-2.9121,-1.349e+05,1.1649e+06,8959.2,8959.2
0.496,0.048,12.21,278.24,-1.3348e+05,1.1485e+06,5677.9,5677.9
0.496,0.032,-84.942,-114.28,0,0,1542,1542
0.496,0.016,-15.556,29.483,0,0,-1048.6,1048.6
