0.016,0.496,-1.5944,-3.6035,4745.1,9336.8,-79.714,79.714
0.016,0.48,0.21639,0.1201,4626.2,5833.8,-265.44,265.44
0.016,0.464,3.55,0.065202,4203.8,6373.2,32.458,32.458
0.016,0.448,0.40393,0.34806,-3312.8,-4756.9,-1765.6,1765.6
0.016,0.432,1.7702,1.4883,-23211,-6253.9,-5931,5931
0.016,0.416,4.7268,0.21297,-33910,-6120.8,-11824,11824
0.016,0.4,2.6652,-0.79297,-38705,1336.5,-21985,21985
0.016,0.384,4.6416,-0.86731,-21159,7557.3,-28883,28883
0.016,0.368,6.1765,-0.46057,-13426,6035.7,-24889,24889
0.016,0.352,3.2407,0.59705,-13324,-830.8,-13112,13112
0.016,0.336,4.9965,1.7633,-16774,-2435.8,-711.48,711.48
0.016,0.32,3.4704,0.22223,-13141,-2128.3,7125.6,7125.6
0.016,0.304,0.45585,0.61846,-9551.4,247.15,18551,18551
0.016,0.288,1.0851,-0.69598,-7767.3,5601.7,25914,25914
0.016,0.272,1.6895,-3.2101,-8782.1,7509.5,26016,26016
0.016,0.256,0.22994,-0.2345,-6528.6,11687,14865,14865
0.016,0.24,2.5865,1.1578,14928,-6582.2,6481.7,6481.7
0.016,0.224,5.4855,1.2348,35055,-24426,215.6,215.6
0.016,0.208,3.6243,0.57956,11938,-21623,168.92,168.92
0.016,0.192,0.54257,0.65654,-8532.2,-6961.3,-41.391,41.391
0.016,0.176,-1.0731,-0.61501,-21323,18920,-38.666,38.666
0.016,0.16,-1.5508,-0.45313,10432,17293,-1526.8,1526.8
0.016,0.144,-1.4531,0.53481,13561,14478,-2033.3,2033.3
0.016,0.128,2.0486,-2.0405,1683.7,5438.2,-3957.2,3957.2
0.016,0.112,5.2669,-0.22462,-6150.3,-361.9,-1241.6,1241.6
0.016,0.096,0.0097451,0.42453,-10637,-2521.9,11604,11604
0.016,0.08,0.51984,0.77871,-992.73,19543,19514,19514
0.016,0.064,-1.3633,0.56038,-2085.7,20431,33670,33670
0.016,0.048,-0.7148,0.45263,2423,24044,28803,28803
0.016,0.032,2.3633,0.30278,-1910.9,1613.8,22786,22786
0.016,0.016,3.2595,-2.2195,0,0,7348.7,7348.7
0.032,0.496,0.51179,0.73523,-22051,22292,-200.43,200.43
0.032,0.48,0.61727,1.8486,-27870,4703,-148.81,148.81
0.032,0.464,0.00092803,-0.49482,-32924,9391.6,210.22,210.22
0.032,0.448,0.0055074,0.31811,-18795,-15844,475.95,475.95
0.032,0.432,-0.34493,0.29487,-32554,-6093.4,592.78,592.78
0.032,0.416,-0.54462,-0.51162,-39413,-16020,694.77,694.77
0.032,0.4,-0.51291,-0.14459,-75864,-31998,820.75,820.75
0.032,0.384,-0.28433,0.17767,-57684,-38175,1155.5,1155.5
0.032,0.368,-0.055313,-0.020051,-37521,-35733,1215,1215
0.032,0.352,0.035776,0.27791,22041,-24164,1496.8,1496.8
0.032,0.336,-0.19897,0.44583,26095,-23229,1642.5,1642.5
0.032,0.32,-0.16047,-0.23196,12979,-18880,2220.9,2220.9
0.032,0.304,0.039358,-0.2999,-9531,-26276,2652.7,2652.7
0.032,0.288,-0.34136,-0.21885,-16985,7922.9,1517,1517
0.032,0.272,-0.26171,-0.41839,-26088,46914,191.67,191.67
0.032,0.256,-0.19791,0.041997,-24387,94566,-1023.8,1023.8
0.032,0.24,-0.41841,1.1098,1948.7,37345,-460.64,460.64
0.032,0.224,0.46752,1.1181,3732.9,2628,-341.67,341.67
0.032,0.208,0.74646,0.586,-37230,15495,-605.19,605.19
0.032,0.192,-0.66468,1.7322,-70215,55101,-1332.7,1332.7
0.032,0.176,-0.82007,1.6672,-57222,55663,-1287.6,1287.6
0.032,0.16,-0.8523,1.2595,-3702,13969,-1021.5,1021.5
0.032,0.144,-0.61099,1.086,16472,15423,-488.97,488.97
0.032,0.128,-0.069893,-0.49357,-5572.2,9824.1,-608.28,608.28
0.032,0.112,-0.16908,0.031087,-44340,-14270,-634.74,634.74
0.032,0.096,-0.041432,0.52283,-58651,-60634,0.78951,0.78951
0.032,0.08,-0.26785,0.15234,-42094,18016,632.72,632.72
0.032,0.064,0.19121,2.0011,-12096,32332,846.25,846.25
0.032,0.048,-0.33411,0.18789,-6509.8,73738,163.4,163.4
0.032,0.032,0.27667,0.72447,-1831.3,-5701.9,-176.89,176.89
0.032,0.016,0.065918,-5.4488,0,0,-275.86,275.86
0.048,0.496,1.4138,1.7155,-37698,41308,-355.74,355.74
0.048,0.48,-0.18876,2.3994,-31420,-20309,-225.9,225.9
0.048,0.464,-0.87505,-0.98098,-27725,-30551,579.04,579.04
0.048,0.448,-0.83086,0.60016,4524.6,-77096,1357.5,1357.5
0.048,0.432,-0.89994,0.67666,-21235,-24440,1691.6,1691.6
0.048,0.416,-0.078283,0.033496,-1.2568e+05,13496,1264.7,1264.7
0.048,0.4,-1.1268,-1.0442,-1.0204e+05,-66883,1124.9,1124.9
0.048,0.384,-1.7294,-1.2778,-1.225e+05,-36398,1499.3,1499.3
0.048,0.368,0.55104,-0.46264,-23886,-62621,2035.2,2035.2
0.048,0.352,0.9479,0.99991,-15581,-2216.6,2996.1,2996.1
0.048,0.336,1.3784,1.1626,50248,-53922,4150.8,4150.8
0.048,0.32,1.3065,1.051,41254,-10802,6154.8,6154.8
0.048,0.304,0.93323,2.0411,-40278,1.036e+05,7674.9,7674.9
0.048,0.288,-0.40828,0.33305,-1.3299e+05,2.5374e+05,7119.3,7119.3
0.048,0.272,-0.47849,2.0083,-1.9685e+05,3.632e+05,2709.6,2709.6
0.048,0.256,-1.0927,3.5147,-2.0239e+05,4.4371e+05,-1664.2,1664.2
0.048,0.24,-1.0605,3.7549,-1.6158e+05,3.6868e+05,-3901.8,3901.8
0.048,0.224,-0.84446,1.8186,-69635,2.0729e+05,-3454.7,3454.7
0.048,0.208,-1.9077,2.965,-1.1263e+05,1.1902e+05,-3785.4,3785.4
0.048,0.192,-1.7302,3.3293,-1.8792e+05,99393,-4816.5,4816.5
0.048,0.176,-1.7547,2.6284,-2.4321e+05,78018,-4319.1,4319.1
0.048,0.16,-1.5968,1.7044,-1.2083e+05,32349,-3118.5,3118.5
0.048,0.144,-1.0506,1.3543,-11754,8413.8,-1641.5,1641.5
0.048,0.128,-0.31434,2.0267,8493.1,38154,-1300.9,1300.9
0.048,0.112,-1.665,0.092005,-35447,-12224,-1142.9,1142.9
0.048,0.096,-1.7568,-1.0632,-49100,-52975,11.971,11.971
0.048,0.08,-0.62353,-1.1889,-26566,1.0248e+05,810.09,810.09
0.048,0.064,-0.93374,2.538,-6331.2,91547,1235.2,1235.2
0.048,0.048,-0.28087,0.8604,-448.68,1.3094e+05,187.41,187.41
0.048,0.032,0.4071,1.035,-4896.9,-25545,-238.22,238.22
0.048,0.016,0.47825,-7.093,0,0,-413.1,413.1
0.064,0.496,1.6112,0.21708,-43121,4570.9,-607.73,607.73
0.064,0.48,1.6906,1.7001,-62864,-60959,-609.1,609.1
0.064,0.464,2.6646,0.37481,-71594,-84818,16.254,16.254
0.064,0.448,1.3401,0.52096,-58120,-84385,1474.1,1474.1
0.064,0.432,-0.3797,0.093156,-12750,3695.4,2116.8,2116.8
0.064,0.416,-0.62064,0.33474,-88576,60102,1999,1999
0.064,0.4,-4.7798,0.88904,-851.52,-72632,1556,1556
0.064,0.384,3.9506,-0.10783,-82483,-79133,1869.8,1869.8
0.064,0.368,0.896,2.2793,-20684,-1.0394e+05,2644.8,2644.8
0.064,0.352,-0.17107,2.19,-50806,9316.1,4683,4683
0.064,0.336,0.11071,1.3502,31173,-40162,7992.1,7992.1
0.064,0.32,0.619,1.6796,22200,78889,12599,12599
0.064,0.304,-0.17384,4.0257,-1.0097e+05,3.614e+05,16406,16406
0.064,0.288,-1.2609,6.3766,-2.6486e+05,7.3933e+05,16742,16742
0.064,0.272,-2.0053,7.1217,-4.3985e+05,1.0073e+06,17769,17769
0.064,0.256,-2.6264,7.9987,-5.1642e+05,1.0661e+06,6973.4,6973.4
0.064,0.24,-3.0018,8.0795,-5.3972e+05,9.0625e+05,-765.44,765.44
0.064,0.224,-3.1804,7.381,-4.2723e+05,6.5075e+05,-10933,10933
0.064,0.208,-1.1974,6.3079,-4.0022e+05,4.5576e+05,-10201,10201
0.064,0.192,-4.0682,3.8402,-4.0497e+05,3.2949e+05,-10231,10231
0.064,0.176,-5.3097,3.5058,-3.0806e+05,1.3359e+05,-8451.5,8451.5
0.064,0.16,-3.3204,0.15178,-1.4708e+05,12925,-6088.8,6088.8
0.064,0.144,-1.4321,2.6679,13913,-10027,-3699.2,3699.2
0.064,0.128,-1.0004,1.9028,-865.13,34272,-2598.1,2598.1
0.064,0.112,-0.44825,0.10712,-49832,23248,-1599.2,1599.2
0.064,0.096,-0.87178,0.26096,-50182,-57449,44.37,44.37
0.064,0.08,0.23192,0.38789,-34091,1.6171e+05,947.16,947.16
0.064,0.064,0.51749,3.7653,12933,1.0816e+05,1322,1322
0.064,0.048,0.1986,1.1424,18262,1.5342e+05,149.75,149.75
0.064,0.032,-0.10751,1.9141,14255,-53416,-264.28,264.28
0.064,0.016,0.24932,-4.0025,0,0,-426.4,426.4
0.08,0.496,4.2076,-0.47655,-18365,-9432.3,-777.96,777.96
0.08,0.48,3.4967,1.7153,-93489,-56287,-1142,1142
0.08,0.464,2.6606,2.9546,-1.8453e+05,-69884,-1330.7,1330.7
0.08,0.448,1.1362,2.6165,-1.8674e+05,-72836,-368.45,368.45
0.08,0.432,-2.0658,0.59616,-40797,-3317.5,481.68,481.68
0.08,0.416,-0.41213,2.1022,-23470,30994,1275.7,1275.7
0.08,0.4,-0.12795,2.6267,99341,-20503,1702.4,1702.4
0.08,0.384,1.2436,2.1624,-7838.6,-60829,2155.7,2155.7
0.08,0.368,0.35412,2.269,-1930.2,-73673,3894.1,3894.1
0.08,0.352,-0.89163,2.6685,-1.2193e+05,50072,8107.4,8107.4
0.08,0.336,-0.87584,3.5657,-1.474e+05,1.9567e+05,15409,15409
0.08,0.32,-1.0287,3.6075,-1.7501e+05,4.8568e+05,23806,23806
0.08,0.304,-1.5607,7.0499,-3.3955e+05,1.0279e+06,30169,30169
0.08,0.288,-2.5068,10.807,-5.5258e+05,1.5605e+06,32462,32462
0.08,0.272,-3.5731,12.097,-7.9128e+05,1.9896e+06,42629,42629
0.08,0.256,-4.8617,12.436,-8.976e+05,2.1044e+06,34872,34872
0.08,0.24,-5.2912,11.09,-9.7542e+05,2.0276e+06,16957,16957
0.08,0.224,-6.1123,9.1141,-8.1846e+05,1.5655e+06,-10727,10727
0.08,0.208,-5.559,10.708,-6.8109e+05,1.0012e+06,-20412,20412
0.08,0.192,-5.1225,8.508,-4.6712e+05,4.8294e+05,-17200,17200
0.08,0.176,-4.6145,6.6279,-2.0127e+05,72823,-13362,13362
0.08,0.16,-1.9787,4.3061,4849.6,-1.3452e+05,-10239,10239
0.08,0.144,-0.92698,0.34168,1.1464e+05,-1.7906e+05,-8003.7,8003.7
0.08,0.128,-1.4507,3.2906,24950,-68011,-6005.1,6005.1
0.08,0.112,-0.6664,1.8389,15633,-21590,-3636.4,3636.4
0.08,0.096,-0.84571,2.1214,20174,-53384,-998.99,998.99
0.08,0.08,-0.38555,-0.12863,30506,1.2804e+05,393.33,393.33
0.08,0.064,-0.17991,3.8986,22947,92935,1092.9,1092.9
0.08,0.048,0.95707,1.4304,38976,98528,78.699,78.699
0.08,0.032,0.34121,2.5837,19515,-50263,-269.74,269.74
0.08,0.016,-0.02386,-4.0243,0,0,-412.45,412.45
0.096,0.496,2.982,1.839,42852,-70023,-763.77,763.77
0.096,0.48,3.9793,3.7848,-50554,65479,-1831.8,1831.8
0.096,0.464,2.3334,3.5289,-1.8795e+05,1.153e+05,-3565,3565
0.096,0.448,-0.92721,3.7453,-2.9193e+05,1.4847e+05,-3825.8,3825.8
0.096,0.432,-0.93177,2.1031,-1.4618e+05,8686.7,-3052.1,3052.1
0.096,0.416,-0.0016951,4.0073,-6607.9,-57117,312.05,312.05
0.096,0.4,0.25082,3.7171,1.0638e+05,-62877,3060.5,3060.5
0.096,0.384,-0.56527,5.3711,46249,-1.4361e+05,5545.6,5545.6
0.096,0.368,1.1934,3.3197,-10367,-1.2879e+05,9218.8,9218.8
0.096,0.352,-0.0060863,3.4711,-1.0553e+05,26218,16705,16705
0.096,0.336,-1.1151,5.74,-2.1303e+05,4.7984e+05,28383,28383
0.096,0.32,-2.4471,9.4729,-3.0732e+05,1.0947e+06,39930,39930
0.096,0.304,-2.7426,10.613,-4.6457e+05,1.9843e+06,48217,48217
0.096,0.288,-3.7899,15.838,-6.987e+05,2.7656e+06,50329,50329
0.096,0.272,-5.6726,17.578,-9.4863e+05,3.3585e+06,74226,74226
0.096,0.256,-6.1032,19.366,-1.1514e+06,3.4882e+06,76268,76268
0.096,0.24,-6.6594,20.847,-1.2616e+06,3.3599e+06,55574,55574
0.096,0.224,-7.348,19.078,-1.1406e+06,2.773e+06,3407.9,3407.9
0.096,0.208,-6.5991,14.387,-8.9319e+05,1.9614e+06,-24854,24854
0.096,0.192,-5.7779,11.887,-5.1134e+05,1.0742e+06,-29068,29068
0.096,0.176,-4.3517,9.7689,-52531,2.6049e+05,-25496,25496
0.096,0.16,-1.3626,7.7395,2.0754e+05,-2.6061e+05,-24873,24873
0.096,0.144,-0.90911,3.9539,2.3162e+05,-3.6896e+05,-21208,21208
0.096,0.128,-1.2346,6.2083,10727,-2.0468e+05,-16434,16434
0.096,0.112,-0.57513,4.2111,-96249,-66694,-10173,10173
0.096,0.096,0.83541,0.50568,-82726,-79036,-5158.6,5158.6
0.096,0.08,-0.79232,1.7045,-30628,7175.5,-1877.7,1877.7
0.096,0.064,-0.1136,1.6182,46562,29990,-55.229,55.229
0.096,0.048,0.085375,1.5712,76310,31279,-42.101,42.101
0.096,0.032,-0.36044,2.6519,48698,-19665,-245.03,245.03
0.096,0.016,0.43772,-0.59883,0,0,-241.99,241.99
0.112,0.496,3.1284,0.19989,49845,-44797,-670.91,670.91
0.112,0.48,4.6996,2.783,-27177,1.3953e+05,-2392.1,2392.1
0.112,0.464,3.0424,6.0346,-2.2933e+05,2.7069e+05,-6061.8,6061.8
0.112,0.448,1.5868,6.9095,-3.162e+05,2.3473e+05,-7256.6,7256.6
0.112,0.432,0.75133,6.7612,-2.3527e+05,-82124,-5086.1,5086.1
0.112,0.416,0.56559,6.0003,-1.0838e+05,-2.4081e+05,2498,2498
0.112,0.4,-0.81058,5.8484,-24917,-2.6062e+05,9651.7,9651.7
0.112,0.384,0.19418,5.4143,26627,-2.6881e+05,15618,15618
0.112,0.368,-0.2092,3.0455,19660,-1.6307e+05,23690,23690
0.112,0.352,0.14834,3.6948,-59396,52352,35615,35615
0.112,0.336,-1.1198,7.8386,-1.7718e+05,7.1876e+05,50475,50475
0.112,0.32,-1.4139,13.883,-3.2569e+05,1.555e+06,61846,61846
0.112,0.304,-2.7032,20.25,-5.1884e+05,2.7256e+06,67745,67745
0.112,0.288,-4.8773,26.002,-8.0578e+05,3.7739e+06,67012,67012
0.112,0.272,-6.4492,27.957,-9.7572e+05,4.6073e+06,96243,96243
0.112,0.256,-5.5445,29.445,-1.167e+06,4.85e+06,1.1097e+05,1.1097e+05
0.112,0.24,-6.5761,28.341,-1.3127e+06,4.7379e+06,93766,93766
0.112,0.224,-7.5746,25.595,-1.2729e+06,4.0954e+06,26557,26557
0.112,0.208,-5.043,23.251,-9.8252e+05,3.1043e+06,-26977,26977
0.112,0.192,-5.6651,21.689,-4.6392e+05,1.7725e+06,-50015,50015
0.112,0.176,-5.9167,18.203,45382,3.8927e+05,-53992,53992
0.112,0.16,-4.3104,13.576,4.007e+05,-6.1618e+05,-51472,51472
0.112,0.144,-2.7666,9.303,4.2663e+05,-1.0517e+06,-43717,43717
0.112,0.128,-2.9019,7.8031,2.1072e+05,-8.3755e+05,-32470,32470
0.112,0.112,-2.6094,5.2988,10998,-5.5611e+05,-23250,23250
0.112,0.096,-2.8834,2.8502,-9999.5,-2.9546e+05,-12330,12330
0.112,0.08,-1.4347,2.1247,23830,-2.2307e+05,-4895.8,4895.8
0.112,0.064,1.0337,0.88161,65015,-89995,-1124.3,1124.3
0.112,0.048,2.0737,2.5152,60485,-50104,-218.89,218.89
0.112,0.032,1.353,3.0843,27380,24246,-325.56,325.56
0.112,0.016,0.51665,-3.7799,0,0,-99.667,99.667
0.128,0.496,3.6583,0.038403,49845,-44797,-631.72,631.72
0.128,0.48,2.297,8.5617,62308,1.498e+05,-2303,2303
0.128,0.464,1.6844,10.066,6470.8,3.74e+05,5717,5717
0.128,0.448,1.8111,10.806,-2.2911e+05,4.0975e+05,6430,6430
0.128,0.432,1.131,9.9887,-2.6305e+05,-6.1078e+05,9618,9618
0.128,0.416,-0.90359,6.8526,-2.102e+05,-7.9759e+05,8740.7,8740.7
0.128,0.4,-0.65518,5.2151,-1.554e+05,-9.1454e+05,17556,17556
0.128,0.384,-0.36014,4.8064,-1.1458e+05,-5.9422e+05,29138,29138
0.128,0.368,0.18386,3.7122,-96010,-2.8522e+05,48633,48633
0.128,0.352,-0.15221,5.4485,-1.3053e+05,1.4711e+05,74883,74883
0.128,0.336,-0.61732,8.2611,-1.5098e+05,8.107e+05,1.0172e+05,1.0172e+05
0.128,0.32,0.054351,13.253,-2.6064e+05,1.6123e+06,1.1885e+05,1.1885e+05
0.128,0.304,-2.2978,19.933,-3.9087e+05,2.7374e+06,1.2585e+05,1.2585e+05
0.128,0.288,-5.0849,28.692,-6.6713e+05,3.9413e+06,1.2255e+05,1.2255e+05
0.128,0.272,-6.6783,34.095,-8.9096e+05,4.9728e+06,1.3762e+05,1.3762e+05
0.128,0.256,-6.336,35.877,-1.1712e+06,5.3987e+06,1.3915e+05,1.3915e+05
0.128,0.24,-6.3146,31.991,-1.3749e+06,5.369e+06,1.1534e+05,1.1534e+05
0.128,0.224,-7.7107,29.411,-1.3351e+06,4.7549e+06,45679,45679
0.128,0.208,-6.4345,28.886,-1.0193e+06,3.5702e+06,-19680,19680
0.128,0.192,-4.36,27.477,-4.6482e+05,1.818e+06,-61704,61704
0.128,0.176,-3.2662,25.97,77501,-11987,-77875,77875
0.128,0.16,-3.2152,22.29,5.2149e+05,-1.1801e+06,-74505,74505
0.128,0.144,-2.4663,16.435,5.5888e+05,-1.6971e+06,-65302,65302
0.128,0.128,-1.3162,11.725,3.1964e+05,-1.4934e+06,-49941,49941
0.128,0.112,-1.7499,8.5922,30376,-1.1145e+06,-36754,36754
0.128,0.096,-1.6624,6.5258,41119,-6.2586e+05,-18488,18488
0.128,0.08,0.0042319,5.123,75342,-4.0527e+05,-5442.1,5442.1
0.128,0.064,0.87794,1.8898,1.0579e+05,-2.3009e+05,-559.56,559.56
0.128,0.048,0.62398,3.5004,40544,-1.3636e+05,218.27,218.27
0.128,0.032,0.10247,3.0216,22197,1628.6,-391.89,391.89
0.128,0.016,1.4266,-1.0323,0,0,106.48,106.48
0.144,0.496,3.262,6.0008,0,0,-499.18,499.18
0.144,0.48,2.0045,14.162,0,0,-1677.2,1677.2
0.144,0.464,1.0533,17.61,NaN,NaN,10362,10362
0.144,0.448,1.5467,12.856,-1.7962e+05,1.9854e+05,6875.3,6875.3
0.144,0.432,3.6639,12.019,-1.1089e+05,-1.9626e+06,10213,10213
0.144,0.416,2.9802,9.5933,-1.3161e+05,-1.8357e+06,9725,9725
0.144,0.4,0.95197,9.1687,-1.7029e+05,-1.8141e+06,26798,26798
0.144,0.384,0.98353,8.3311,-2.0953e+05,-1.1714e+06,45665,45665
0.144,0.368,0.93799,9.102,-2.6542e+05,-5.838e+05,76731,76731
0.144,0.352,-0.80218,11.498,-3.353e+05,74567,1.1107e+05,1.1107e+05
0.144,0.336,-1.8491,12.263,-3.7572e+05,7.4246e+05,1.4007e+05,1.4007e+05
0.144,0.32,-1.7344,13.056,-3.7983e+05,1.1837e+06,1.5091e+05,1.5091e+05
0.144,0.304,-1.0686,16.639,-3.5159e+05,1.7151e+06,1.5016e+05,1.5016e+05
0.144,0.288,-2.0116,21.725,-4.5055e+05,2.4937e+06,1.4056e+05,1.4056e+05
0.144,0.272,-4.4873,28.013,-6.405e+05,3.5044e+06,1.4248e+05,1.4248e+05
0.144,0.256,-6.8088,32.677,-9.5269e+05,4.3322e+06,1.3223e+05,1.3223e+05
0.144,0.24,-7.3362,32.468,-1.3283e+06,4.8496e+06,1.0497e+05,1.0497e+05
0.144,0.224,-8.4428,30.585,-1.4311e+06,4.6996e+06,43083,43083
0.144,0.208,-7.5658,27.116,-1.1428e+06,3.6221e+06,-15542,15542
0.144,0.192,-4.4524,23.962,-5.0409e+05,1.8604e+06,-62267,62267
0.144,0.176,-3.1315,22.506,1.6476e+05,-1.4744e+05,-88067,88067
0.144,0.16,-2.0123,20.258,6.3672e+05,-1.4203e+06,-93527,93527
0.144,0.144,-2.6793,17.422,6.528e+05,-2.1398e+06,-89396,89396
0.144,0.128,-2.7506,13.418,3.9698e+05,-1.9747e+06,-73249,73249
0.144,0.112,-2.8479,10.906,1.7264e+05,-1.5113e+06,-51974,51974
0.144,0.096,-0.69286,8.6783,2.1656e+05,-8.7693e+05,-23532,23532
0.144,0.08,0.12812,6.9939,2.0776e+05,-5.077e+05,-3478.6,3478.6
0.144,0.064,0.024581,3.7488,91984,-3.2311e+05,683.13,683.13
0.144,0.048,0.67315,4.07,-23137,-1.8864e+05,163.21,163.21
0.144,0.032,1.1693,6.2541,-21594,-49067,-1082.6,1082.6
0.144,0.016,0.045025,4.9934,0,0,67.355,67.355
0.16,0.496,4.0228,26.181,0,0,-266.32,266.32
0.16,0.48,3.1423,26.21,0,0,-399.48,399.48
0.16,0.464,2.9496,26.838,NaN,NaN,22382,22382
0.16,0.448,2.9253,22.486,NaN,NaN,-12002,12002
0.16,0.432,4.807,17.069,1.2777e+05,-3.6561e+06,-15662,15662
0.16,0.416,2.9422,14.773,-8533,-2.8903e+06,-17775,17775
0.16,0.4,1.6838,16.366,-1.0521e+05,-2.5596e+06,10353,10353
0.16,0.384,1.0223,18.039,-2.398e+05,-1.8659e+06,40777,40777
0.16,0.368,1.0174,16.082,-3.6347e+05,-1.3003e+06,75453,75453
0.16,0.352,0.5885,15.259,-5.8112e+05,-2.972e+05,1.0818e+05,1.0818e+05
0.16,0.336,-2.2498,16.443,-7.8973e+05,5.9107e+05,1.3047e+05,1.3047e+05
0.16,0.32,-2.8604,15.158,-8.1287e+05,1.0115e+06,1.3542e+05,1.3542e+05
0.16,0.304,-1.0843,13.197,-6.5797e+05,1.0517e+06,1.3052e+05,1.3052e+05
0.16,0.288,-0.67136,13.528,-5.3742e+05,1.263e+06,1.1912e+05,1.1912e+05
0.16,0.272,-2.388,15.446,-5.8871e+05,1.7866e+06,1.1416e+05,1.1416e+05
0.16,0.256,-4.3761,18.942,-8.201e+05,2.6485e+06,99028,99028
0.16,0.24,-6.3952,25.241,-1.1776e+06,3.5136e+06,71361,71361
0.16,0.224,-9.3821,28.435,-1.3309e+06,3.8821e+06,22675,22675
0.16,0.208,-7.7337,27.553,-1.1184e+06,3.3065e+06,-16628,16628
0.16,0.192,-4.0334,24.559,-4.3334e+05,1.9757e+06,-45318,45318
0.16,0.176,-1.6609,22.031,2.2201e+05,4.8171e+05,-70262,70262
0.16,0.16,-2.1642,18.106,6.7129e+05,-6.2021e+05,-93558,93558
0.16,0.144,-2.9276,15.108,6.2192e+05,-1.5644e+06,-1.0564e+05,1.0564e+05
0.16,0.128,-3.4259,12.842,3.6218e+05,-2.0395e+06,-97678,97678
0.16,0.112,-2.26,9.3746,1.7795e+05,-2.0337e+06,-64478,64478
0.16,0.096,-0.10192,7.0401,1.7439e+05,-1.6588e+06,-27946,27946
0.16,0.08,0.47208,7.5893,1.8619e+05,-1.234e+06,545.63,545.63
0.16,0.064,1.0061,6.099,45073,-1.0167e+06,1154.3,1154.3
0.16,0.048,0.82715,5.8259,-38600,-6.0108e+05,-1829.9,1829.9
0.16,0.032,1.3556,8.3532,-35840,-2.5552e+05,-3945,3945
0.16,0.016,1.8928,6.7162,0,0,-428.53,428.53
0.176,0.496,0.48161,41.19,0,0,0,0
0.176,0.48,0.75839,36.607,0,0,0,0
0.176,0.464,2.636,32.847,NaN,NaN,0,0
0.176,0.448,2.4461,30.053,NaN,NaN,-75925,75925
0.176,0.432,3.9727,22.831,2.8816e+05,-4.2428e+06,-57995,57995
0.176,0.416,3.5952,19.039,67810,-3.4983e+06,-30765,30765
0.176,0.4,2.0854,20.378,94589,-3.1007e+06,5902.9,5902.9
0.176,0.384,1.8598,20.318,17034,-2.5358e+06,36625,36625
0.176,0.368,1.5433,19.074,-1.3802e+05,-2.0702e+06,69784,69784
0.176,0.352,-0.58524,19.427,-5.0331e+05,-1.113e+06,92111,92111
0.176,0.336,-3.5011,20.325,-8.614e+05,-1.3489e+05,99258,99258
0.176,0.32,-5.1825,21.726,-9.9441e+05,5.1066e+05,90332,90332
0.176,0.304,-5.0661,19.666,-9.5835e+05,8.3496e+05,76086,76086
0.176,0.288,-3.6398,18.062,-8.3571e+05,8.1407e+05,60852,60852
0.176,0.272,-4.6242,17.307,-8.0553e+05,1.1418e+06,61582,61582
0.176,0.256,-4.0543,17.553,-8.4284e+05,1.8349e+06,56477,56477
0.176,0.24,-5.0986,21.671,-1.0332e+06,2.726e+06,40576,40576
0.176,0.224,-7.5409,27.395,-1.1594e+06,3.3657e+06,-1548.6,1548.6
0.176,0.208,-5.5954,32.039,-1.0166e+06,3.4086e+06,-22365,22365
0.176,0.192,-3.4458,33.856,-5.0147e+05,2.8394e+06,-32736,32736
0.176,0.176,-1.3788,31.886,1.3129e+05,1.5742e+06,-46065,46065
0.176,0.16,-1.2604,25.896,6.671e+05,79889,-81241,81241
0.176,0.144,-0.68707,21.093,8.4414e+05,-1.5378e+06,-1.1443e+05,1.1443e+05
0.176,0.128,-0.095696,17.807,6.4795e+05,-2.4832e+06,-1.2059e+05,1.2059e+05
0.176,0.112,0.51667,13.778,4.6781e+05,-2.9609e+06,-82631,82631
0.176,0.096,1.586,10.892,3.8041e+05,-2.9378e+06,-32333,32333
0.176,0.08,3.2189,10.326,4.5592e+05,-2.6742e+06,5406.3,5406.3
0.176,0.064,3.2932,9.4438,2.9002e+05,-2.2728e+06,1565.4,1565.4
0.176,0.048,3.0242,9.389,1.4278e+05,-1.3463e+06,-5126.9,5126.9
0.176,0.032,1.71,12.74,-4477.4,-5.7043e+05,-8060.7,8060.7
0.176,0.016,-0.15475,13.568,0,0,-1466,1466
0.192,0.496,-1.6635,40.408,0,0,0,0
0.192,0.48,0.070368,38.524,0,0,0,0
0.192,0.464,0.80323,35.15,NaN,NaN,0,0
0.192,0.448,1.2233,28.26,NaN,NaN,-1.1855e+05,1.1855e+05
0.192,0.432,1.7332,21.873,NaN,NaN,-1.0253e+05,1.0253e+05
0.192,0.416,2.2286,19.251,NaN,NaN,-44009,44009
0.192,0.4,3.1036,20.219,3.8956e+05,-3.3561e+06,-4058.9,4058.9
0.192,0.384,2.9094,19.137,2.6758e+05,-2.9567e+06,23392,23392
0.192,0.368,2.4476,22.504,39290,-2.5345e+06,47888,47888
0.192,0.352,-0.40253,26.628,-4.1598e+05,-1.5578e+06,61658,61658
0.192,0.336,-2.1733,31.035,-8.9906e+05,-5.4926e+05,63272,63272
0.192,0.32,-4.4155,36.766,-1.2379e+06,4.6961e+05,75386,75386
0.192,0.304,-6.0186,39.866,-1.415e+06,1.3172e+06,77520,77520
0.192,0.288,-5.9246,38.364,-1.2552e+06,1.2964e+06,75916,75916
0.192,0.272,-4.4213,37.07,-1.1226e+06,1.4409e+06,67465,67465
0.192,0.256,-2.9869,36.028,-9.8676e+05,1.8361e+06,61448,61448
0.192,0.24,-2.1703,36.246,-9.5189e+05,2.4473e+06,43732,43732
0.192,0.224,-1.7906,36.101,-8.8916e+05,3.2404e+06,3730,3730
0.192,0.208,-1.2803,37.832,-7.7605e+05,3.8634e+06,-17463,17463
0.192,0.192,-0.88322,40.149,-4.2164e+05,3.7511e+06,-19087,19087
0.192,0.176,-0.16531,39.361,52587,2.6645e+06,-19991,19991
0.192,0.16,1.0379,33.939,5.9808e+05,8.8345e+05,-47483,47483
0.192,0.144,1.3974,30.348,9.6192e+05,-1.0095e+06,-89719,89719
0.192,0.128,3.0347,26.891,9.9281e+05,-2.4016e+06,-1.148e+05,1.148e+05
0.192,0.112,2.4021,22.716,9.1821e+05,-3.2262e+06,-89549,89549
0.192,0.096,3.7661,19.267,8.1208e+05,-3.4775e+06,-35216,35216
0.192,0.08,4.6757,19.684,8.601e+05,-3.3113e+06,9212.9,9212.9
0.192,0.064,5.4748,22.755,7.1191e+05,-2.8765e+06,7214.7,7214.7
0.192,0.048,2.8217,23.347,4.3275e+05,-1.7353e+06,-5170.6,5170.6
0.192,0.032,0.51089,25.278,1.3616e+05,-7.5446e+05,-10109,10109
0.192,0.016,-1.5677,25.207,0,0,-2680.8,2680.8
0.208,0.496,-1.7565,36.633,0,0,0,0
0.208,0.48,-1.1917,37.237,0,0,0,0
0.208,0.464,-0.49872,31.659,NaN,NaN,0,0
0.208,0.448,-0.14695,23.442,NaN,NaN,NaN,NaN
0.208,0.432,1.0544,18.655,NaN,NaN,NaN,NaN
0.208,0.416,1.7297,18.245,NaN,NaN,321.65,321.65
0.208,0.4,1.826,22.086,6.0235e+05,-3.3023e+06,13670,13670
0.208,0.384,1.6698,26.909,5.549e+05,-2.9994e+06,26190,26190
0.208,0.368,0.8219,27.628,3.1332e+05,-2.7108e+06,50424,50424
0.208,0.352,-0.13638,31.874,-87256,-2.1108e+06,65100,65100
0.208,0.336,-2.532,35.546,-3.8461e+05,-1.8179e+06,69591,69591
0.208,0.32,-4.4747,39.827,-5.9939e+05,-1.5024e+06,92770,92770
0.208,0.304,-6.0339,42.065,-1.782e+06,2.2451e+06,1.2714e+05,1.2714e+05
0.208,0.288,-6.5753,43.62,-1.4099e+06,1.8182e+06,1.2854e+05,1.2854e+05
0.208,0.272,-6.918,45.481,-1.2685e+06,1.9697e+06,1.2933e+05,1.2933e+05
0.208,0.256,-5.5571,46.586,-1.0827e+06,2.2231e+06,1.0582e+05,1.0582e+05
0.208,0.24,-3.4787,46.617,-9.6721e+05,2.7765e+06,86683,86683
0.208,0.224,-2.2486,46.822,-8.1159e+05,3.5374e+06,37394,37394
0.208,0.208,-1.2171,47.461,-7.2859e+05,4.324e+06,14353,14353
0.208,0.192,-0.79502,46.991,-6.1831e+05,4.4371e+06,7170.2,7170.2
0.208,0.176,0.16033,45.622,-2.9475e+05,3.3082e+06,12224,12224
0.208,0.16,0.70844,39.912,2.2995e+05,1.4343e+06,-6132,6132
0.208,0.144,1.3431,35.835,7.56e+05,-3.5681e+05,-46996,46996
0.208,0.128,3.5454,35.03,9.6658e+05,-1.4841e+06,-83436,83436
0.208,0.112,1.819,33.092,1.0473e+06,-2.3025e+06,-79943,79943
0.208,0.096,3.5402,32.768,1.0957e+06,-2.6776e+06,-34580,34580
0.208,0.08,2.9531,35.623,1.203e+06,-2.7245e+06,5541.7,5541.7
0.208,0.064,2.4927,37.073,1.112e+06,-2.4279e+06,8010.3,8010.3
0.208,0.048,2.4331,37.533,7.0406e+05,-1.5318e+06,-2565,2565
0.208,0.032,2.168,37.586,2.8263e+05,-6.9654e+05,-8755,8755
0.208,0.016,-0.91886,36.554,0,0,-2638.5,2638.5
0.224,0.496,-0.0079446,34.967,0,0,0,0
0.224,0.48,1.3103,34.96,0,0,0,0
0.224,0.464,2.7132,30.229,NaN,NaN,0,0
0.224,0.448,2.5193,24.062,NaN,NaN,NaN,NaN
0.224,0.432,1.8359,23.026,NaN,NaN,NaN,NaN
0.224,0.416,1.5267,26.349,NaN,NaN,377.55,377.55
0.224,0.4,1.3801,31.121,NaN,NaN,11338,11338
0.224,0.384,2.0008,34.874,NaN,NaN,21243,21243
0.224,0.368,0.40214,33.627,NaN,NaN,37231,37231
0.224,0.352,-0.74677,35.078,NaN,NaN,47513,47513
0.224,0.336,-1.6052,36.946,NaN,NaN,53402,53402
0.224,0.32,-2.1989,38.666,NaN,NaN,1.1127e+05,1.1127e+05
0.224,0.304,-3.0977,40.309,NaN,NaN,1.9685e+05,1.9685e+05
0.224,0.288,-4.4274,41.885,-9.8267e+05,1.6445e+06,2.1128e+05,2.1128e+05
0.224,0.272,-5.5626,43.996,-1.0334e+06,1.8192e+06,2.0902e+05,2.0902e+05
0.224,0.256,-4.6527,46.175,-9.9002e+05,2.0944e+06,1.719e+05,1.719e+05
0.224,0.24,-3.7968,47.517,-9.7505e+05,2.7419e+06,1.3109e+05,1.3109e+05
0.224,0.224,-3.7628,48.395,-8.8428e+05,3.7559e+06,69144,69144
0.224,0.208,-3.6567,49.784,-8.5834e+05,4.7361e+06,42167,42167
0.224,0.192,-3.7123,49.277,-7.9344e+05,4.8367e+06,46156,46156
0.224,0.176,-3.2946,47.255,-6.5484e+05,3.901e+06,61317,61317
0.224,0.16,-2.4982,45.026,-3.3125e+05,2.3877e+06,54093,54093
0.224,0.144,-0.44958,43.665,67624,1.186e+06,17315,17315
0.224,0.128,0.39897,41.924,4.3418e+05,2.7195e+05,-21876,21876
0.224,0.112,0.83202,39.698,7.227e+05,-4.0832e+05,-33522,33522
0.224,0.096,2.241,38.414,9.243e+05,-8.3981e+05,-13680,13680
0.224,0.08,2.8257,39.569,1.0106e+06,-9.0776e+05,9943.8,9943.8
0.224,0.064,2.7999,39.565,9.8004e+05,-7.7265e+05,13120,13120
0.224,0.048,2.73,40.079,6.2807e+05,-4.8565e+05,4157.8,4157.8
0.224,0.032,4.0948,40.145,3.0158e+05,-2.2721e+05,-2834.2,2834.2
0.224,0.016,2.5128,40.866,0,0,-1220.6,1220.6
0.24,0.496,-1.6324,42.183,0,0,0,0
0.24,0.48,-1.1585,41.41,0,0,0,0
0.24,0.464,0.74745,39.925,NaN,NaN,0,0
0.24,0.448,2.3047,38.237,NaN,NaN,NaN,NaN
0.24,0.432,2.5828,36.925,NaN,NaN,NaN,NaN
0.24,0.416,3.0468,37.21,NaN,NaN,NaN,NaN
0.24,0.4,3.3894,37.654,NaN,NaN,NaN,NaN
0.24,0.384,2.6917,37.217,NaN,NaN,NaN,NaN
0.24,0.368,2.2377,36.878,NaN,NaN,NaN,NaN
0.24,0.352,1.1169,37.15,NaN,NaN,NaN,NaN
0.24,0.336,0.24501,39.386,NaN,NaN,NaN,NaN
0.24,0.32,-1.0604,40.258,NaN,NaN,NaN,NaN
0.24,0.304,-1.7716,40.723,NaN,NaN,3.2967e+05,3.2967e+05
0.24,0.288,-2.1254,41.47,-9.8267e+05,1.6445e+06,2.8071e+05,2.8071e+05
0.24,0.272,-3.3507,42.853,-8.3468e+05,1.6575e+06,2.8123e+05,2.8123e+05
0.24,0.256,-2.8666,43.735,-8.1917e+05,1.884e+06,2.1404e+05,2.1404e+05
0.24,0.24,-2.4577,45.864,-8.5872e+05,2.412e+06,1.5903e+05,1.5903e+05
0.24,0.224,-3.0762,47.343,-9.6682e+05,3.2513e+06,79320,79320
0.24,0.208,-3.4913,47.845,-1.0729e+06,4.0092e+06,56604,56604
0.24,0.192,-3.8672,48.138,-1.0985e+06,4.1027e+06,79062,79062
0.24,0.176,-3.6615,47.506,-1.0667e+06,3.5332e+06,1.0554e+05,1.0554e+05
0.24,0.16,-3.6497,47.349,-8.7118e+05,2.642e+06,1.0242e+05,1.0242e+05
0.24,0.144,-3.2292,46.659,-5.626e+05,1.8919e+06,63912,63912
0.24,0.128,-2.059,46.587,-2.0363e+05,1.2437e+06,24717,24717
0.24,0.112,-0.17234,45.023,1.0149e+05,6.5785e+05,12317,12317
0.24,0.096,0.67426,44.248,3.0747e+05,3.3522e+05,15700,15700
0.24,0.08,0.91543,45.232,4.1928e+05,3.5894e+05,23705,23705
0.24,0.064,0.46294,46.33,4.7342e+05,5.6139e+05,20700,20700
0.24,0.048,0.50321,48.623,3.3338e+05,4.3781e+05,12194,12194
0.24,0.032,1.2257,48.288,1.8419e+05,2.3714e+05,2520.5,2520.5
0.24,0.016,1.1715,46.809,0,0,1071.6,1071.6
0.256,0.496,-2.4654,48.546,0,0,0,0
0.256,0.48,-2.041,47.137,0,0,0,0
0.256,0.464,-0.67439,45.774,NaN,NaN,0,0
0.256,0.448,1.2112,44.01,NaN,NaN,NaN,NaN
0.256,0.432,3.3696,42.151,NaN,NaN,NaN,NaN
0.256,0.416,5.9038,41.503,NaN,NaN,NaN,NaN
0.256,0.4,5.9741,40.325,NaN,NaN,NaN,NaN
0.256,0.384,4.4299,40.672,NaN,NaN,NaN,NaN
0.256,0.368,3.3736,42.475,NaN,NaN,NaN,NaN
0.256,0.352,1.6543,43.045,NaN,NaN,NaN,NaN
0.256,0.336,-0.11607,43.456,NaN,NaN,NaN,NaN
0.256,0.32,-1.9417,44.654,NaN,NaN,NaN,NaN
0.256,0.304,-1.9861,44.941,NaN,NaN,3.5688e+05,3.5688e+05
0.256,0.288,-1.1469,45.8,-1.009e+06,1.8972e+06,3.3837e+05,3.3837e+05
0.256,0.272,-2.1437,46.964,-7.9236e+05,1.6374e+06,3.275e+05,3.275e+05
0.256,0.256,-2.1903,47.417,-7.9081e+05,1.8331e+06,2.5315e+05,2.5315e+05
0.256,0.24,-2.6024,48.451,-8.6963e+05,2.2648e+06,1.6407e+05,1.6407e+05
0.256,0.224,-3.6107,49.856,-1.0346e+06,3.0257e+06,71848,71848
0.256,0.208,-3.5851,50.349,-1.1619e+06,3.4189e+06,46086,46086
0.256,0.192,-3.2207,49.925,-1.2211e+06,3.2927e+06,84968,84968
0.256,0.176,-3.1201,49.599,-1.3086e+06,2.8958e+06,1.3043e+05,1.3043e+05
0.256,0.16,-2.7915,49.201,-1.288e+06,2.3873e+06,1.3385e+05,1.3385e+05
0.256,0.144,-2.6176,48.082,-1.0476e+06,1.9171e+06,92452,92452
0.256,0.128,-2.0874,47.53,-6.4973e+05,1.39e+06,49222,49222
0.256,0.112,-1.5722,46.655,-2.229e+05,9.1319e+05,44176,44176
0.256,0.096,-1.673,47.082,48430,7.256e+05,44968,44968
0.256,0.08,-2.7511,48.587,1.5199e+05,9.3557e+05,45180,45180
0.256,0.064,-2.074,52.533,1.7749e+05,1.3555e+06,36407,36407
0.256,0.048,-1.1608,54.649,1.0658e+05,1.0572e+06,20937,20937
0.256,0.032,0.25193,55.931,69630,5.9285e+05,7583.7,7583.7
0.256,0.016,0.75742,55.525,0,0,2402.9,2402.9
0.272,0.496,-2.3214,53.578,0,0,0,0
0.272,0.48,-0.9385,50.03,0,0,0,0
0.272,0.464,1.3386,48.244,NaN,NaN,0,0
0.272,0.448,3.3094,46.374,NaN,NaN,NaN,NaN
0.272,0.432,5.5708,44.517,NaN,NaN,NaN,NaN
0.272,0.416,7.2744,45.098,NaN,NaN,NaN,NaN
0.272,0.4,7.2573,44.967,NaN,NaN,NaN,NaN
0.272,0.384,4.7552,45.239,NaN,NaN,NaN,NaN
0.272,0.368,1.8123,46.638,NaN,NaN,NaN,NaN
0.272,0.352,0.19973,47.936,NaN,NaN,NaN,NaN
0.272,0.336,-0.83501,48.535,NaN,NaN,NaN,NaN
0.272,0.32,-1.7367,49.405,NaN,NaN,NaN,NaN
0.272,0.304,-2.0417,50.811,NaN,NaN,4.4354e+05,4.4354e+05
0.272,0.288,-2.6497,51.491,NaN,NaN,3.7154e+05,3.7154e+05
0.272,0.272,-3.0742,51.917,-3.1372e+05,9.5189e+05,3.5008e+05,3.5008e+05
0.272,0.256,-3.6821,53.065,-4.3094e+05,1.2442e+06,2.5336e+05,2.5336e+05
0.272,0.24,-4.3767,54.162,-6.1626e+05,1.607e+06,1.8247e+05,1.8247e+05
0.272,0.224,-5.0214,55.279,-9.4207e+05,2.3621e+06,79424,79424
0.272,0.208,-5.3751,56.36,-1.1486e+06,2.6573e+06,47542,47542
0.272,0.192,-4.9723,55.506,-1.2547e+06,2.5955e+06,68041,68041
0.272,0.176,-4.1439,53.473,-1.412e+06,2.4624e+06,1.2418e+05,1.2418e+05
0.272,0.16,-3.6008,52.557,-1.4933e+06,2.327e+06,1.3274e+05,1.3274e+05
0.272,0.144,-3.0496,51.404,-1.3353e+06,1.9958e+06,94641,94641
0.272,0.128,-1.5369,50.066,-9.5753e+05,1.5665e+06,46831,46831
0.272,0.112,-1.0926,49.447,-3.9825e+05,1.1659e+06,44953,44953
0.272,0.096,0.23772,50.704,45244,1.1189e+06,52867,52867
0.272,0.08,1.1176,53.038,2.6094e+05,1.2481e+06,53938,53938
0.272,0.064,0.27511,56.042,2.9135e+05,1.5353e+06,43750,43750
0.272,0.048,0.0020441,58.8,1.3727e+05,1.112e+06,24429,24429
0.272,0.032,-0.46189,61.566,71198,6.2201e+05,8526.6,8526.6
0.272,0.016,0.17237,58.546,0,0,2808.9,2808.9
0.288,0.496,-1.0877,52.613,0,0,0,0
0.288,0.48,-0.22454,49.517,0,0,0,0
0.288,0.464,2.3675,48.772,NaN,NaN,0,0
0.288,0.448,3.9214,48.037,NaN,NaN,NaN,NaN
0.288,0.432,4.698,47.62,NaN,NaN,NaN,NaN
0.288,0.416,5.2532,48.512,NaN,NaN,NaN,NaN
0.288,0.4,4.5001,48.875,NaN,NaN,NaN,NaN
0.288,0.384,1.9931,48.181,NaN,NaN,NaN,NaN
0.288,0.368,-1.0552,47.723,NaN,NaN,NaN,NaN
0.288,0.352,-2.2949,48.12,NaN,NaN,NaN,NaN
0.288,0.336,-2.8686,48.609,NaN,NaN,NaN,NaN
0.288,0.32,-3.1514,48.39,NaN,NaN,2.1716e+05,2.1716e+05
0.288,0.304,-2.679,50.338,NaN,NaN,2.4827e+05,2.4827e+05
0.288,0.288,-2.4439,51.942,NaN,NaN,3.0008e+05,3.0008e+05
0.288,0.272,-1.9467,52.614,NaN,NaN,3.1522e+05,3.1522e+05
0.288,0.256,-2.4607,53.82,-5.8734e+05,4.9898e+05,2.5662e+05,2.5662e+05
0.288,0.24,-2.9369,55.477,-5.7395e+05,6.8823e+05,1.9071e+05,1.9071e+05
0.288,0.224,-3.1661,56.97,-6.7521e+05,1.4323e+06,1.0891e+05,1.0891e+05
0.288,0.208,-4.4167,59.659,-7.7621e+05,2.021e+06,66273,66273
0.288,0.192,-4.0841,61.138,-9.4286e+05,2.3157e+06,70900,70900
0.288,0.176,-2.8758,59.105,-1.1524e+06,2.4123e+06,1.0471e+05,1.0471e+05
0.288,0.16,-3.5072,59.555,-1.3256e+06,2.4186e+06,1.1053e+05,1.1053e+05
0.288,0.144,-3.6102,58.411,-1.2034e+06,2.2255e+06,75558,75558
0.288,0.128,-1.0668,57.048,-8.3456e+05,1.885e+06,37564,37564
0.288,0.112,-0.57445,57.278,-1.4276e+05,1.518e+06,42274,42274
0.288,0.096,0.85635,56.261,4.6498e+05,1.4028e+06,54116,54116
0.288,0.08,1.9801,54.516,8.0249e+05,1.3196e+06,54042,54042
0.288,0.064,0.27678,54.135,7.6394e+05,1.3361e+06,42225,42225
0.288,0.048,-0.31625,56.508,3.9834e+05,8.6861e+05,22152,22152
0.288,0.032,-1.8322,58.771,1.556e+05,4.6552e+05,7305.4,7305.4
0.288,0.016,-3.1701,57.629,0,0,2223.2,2223.2
0.304,0.496,0.93646,46.767,0,0,0,0
0.304,0.48,0.9433,46.312,0,0,0,0
0.304,0.464,2.4824,47.7,NaN,NaN,0,0
0.304,0.448,3.3635,48.278,NaN,NaN,NaN,NaN
0.304,0.432,3.4548,49.097,NaN,NaN,NaN,NaN
0.304,0.416,2.6741,49.675,NaN,NaN,NaN,NaN
0.304,0.4,1.9249,49.916,NaN,NaN,NaN,NaN
0.304,0.384,-0.10902,49.031,NaN,NaN,NaN,NaN
0.304,0.368,-2.3662,47.682,NaN,NaN,NaN,NaN
0.304,0.352,-4.2181,46.266,NaN,NaN,NaN,NaN
0.304,0.336,-5.6794,45.434,NaN,NaN,NaN,NaN
0.304,0.32,-5.803,44.52,NaN,NaN,2.603e+05,2.603e+05
0.304,0.304,-6.2173,44.6,-1.3336e+06,-1.5022e+06,2.5951e+05,2.5951e+05
0.304,0.288,-5.3552,45.982,-1.259e+06,-1.1689e+06,2.7066e+05,2.7066e+05
0.304,0.272,-3.3656,47.737,-1.2175e+06,-9.6584e+05,2.8421e+05,2.8421e+05
0.304,0.256,-1.3962,49.33,-9.3123e+05,-2.707e+05,2.4321e+05,2.4321e+05
0.304,0.24,-0.61194,49.998,-6.6218e+05,1.8427e+05,2.0472e+05,2.0472e+05
0.304,0.224,-0.51068,51.935,-3.9295e+05,6.4341e+05,1.396e+05,1.396e+05
0.304,0.208,-0.14966,54.382,-1.7138e+05,1.2068e+06,1.0926e+05,1.0926e+05
0.304,0.192,-0.099573,57.378,-2.527e+05,1.7695e+06,95860,95860
0.304,0.176,0.096377,58.537,-4.8793e+05,2.1671e+06,1.1331e+05,1.1331e+05
0.304,0.16,-0.035078,60.4,-6.9115e+05,2.4026e+06,1.0038e+05,1.0038e+05
0.304,0.144,0.068162,60.976,-6.0843e+05,2.4711e+06,68897,68897
0.304,0.128,1.2679,60.241,-3.2382e+05,2.3383e+06,32973,32973
0.304,0.112,1.0202,58.835,2.4251e+05,2.0831e+06,42839,42839
0.304,0.096,1.4577,55.763,7.9939e+05,1.8917e+06,54790,54790
0.304,0.08,1.4082,53.645,1.1265e+06,1.6227e+06,52500,52500
0.304,0.064,0.83913,50.511,1.0283e+06,1.3273e+06,36862,36862
0.304,0.048,-0.28394,50.541,5.5656e+05,7.486e+05,17446,17446
0.304,0.032,-2.0238,51.019,2.0216e+05,3.3593e+05,4873.2,4873.2
0.304,0.016,-2.1894,50.939,0,0,1283.4,1283.4
0.32,0.496,2.0941,44.4,0,0,0,0
0.32,0.48,2.259,43.836,0,0,0,0
0.32,0.464,2.5959,46.533,NaN,NaN,0,0
0.32,0.448,2.9499,47.778,NaN,NaN,NaN,NaN
0.32,0.432,2.6765,48.344,NaN,NaN,NaN,NaN
0.32,0.416,1.5099,48.135,NaN,NaN,NaN,NaN
0.32,0.4,0.31652,48.31,NaN,NaN,NaN,NaN
0.32,0.384,-1.4311,47.436,NaN,NaN,NaN,NaN
0.32,0.368,-3.566,46.205,NaN,NaN,NaN,NaN
0.32,0.352,-4.8493,45.187,NaN,NaN,NaN,NaN
0.32,0.336,-6.9505,44.019,NaN,NaN,2.1853e+05,2.1853e+05
0.32,0.32,-7.4529,42.04,NaN,NaN,2.1339e+05,2.1339e+05
0.32,0.304,-7.3225,41.085,-1.3736e+06,-1.2701e+06,2.2693e+05,2.2693e+05
0.32,0.288,-4.888,41.348,-1.2846e+06,-1.0946e+06,2.5905e+05,2.5905e+05
0.32,0.272,-3.3276,42.439,-1.162e+06,-9.0217e+05,2.8528e+05,2.8528e+05
0.32,0.256,-2.968,43.771,-8.3984e+05,-3.2045e+05,2.6154e+05,2.6154e+05
0.32,0.24,-1.126,45.606,-4.822e+05,2.5184e+05,2.0945e+05,2.0945e+05
0.32,0.224,1.2566,47.255,-1.5327e+05,8.7878e+05,1.7236e+05,1.7236e+05
0.32,0.208,3.1735,49.092,1.2183e+05,1.534e+06,1.5568e+05,1.5568e+05
0.32,0.192,3.5619,52.096,2.1955e+05,2.0062e+06,1.4784e+05,1.4784e+05
0.32,0.176,2.7199,54.554,1.6256e+05,2.2641e+06,1.3737e+05,1.3737e+05
0.32,0.16,1.9917,56.608,1.4954e+05,2.472e+06,1.0096e+05,1.0096e+05
0.32,0.144,2.8745,56.952,2.2095e+05,2.6145e+06,64336,64336
0.32,0.128,2.6641,56.349,3.9381e+05,2.5949e+06,32920,32920
0.32,0.112,1.8162,55.011,6.5697e+05,2.3212e+06,47645,47645
0.32,0.096,1.3798,53.184,9.4987e+05,1.9961e+06,53167,53167
0.32,0.08,1.1447,50.588,1.103e+06,1.6287e+06,43908,43908
0.32,0.064,0.83996,48.088,9.1407e+05,1.1727e+06,25816,25816
0.32,0.048,-0.20656,47.544,4.9316e+05,6.1423e+05,10194,10194
0.32,0.032,-2.0285,45.9,1.5257e+05,2.0341e+05,1631.4,1631.4
0.32,0.016,-2.1989,45.194,0,0,172.26,172.26
0.336,0.496,2.5598,42.769,0,0,0,0
0.336,0.48,2.0571,41.101,0,0,0,0
0.336,0.464,1.9415,43.633,NaN,NaN,0,0
0.336,0.448,1.6734,44.934,NaN,NaN,NaN,NaN
0.336,0.432,1.141,45.26,NaN,NaN,NaN,NaN
0.336,0.416,0.30102,44.73,NaN,NaN,NaN,NaN
0.336,0.4,-0.59878,43.628,NaN,NaN,NaN,NaN
0.336,0.384,-0.77234,43.144,NaN,NaN,3.742e+05,3.742e+05
0.336,0.368,-1.283,42.056,NaN,NaN,3.385e+05,3.385e+05
0.336,0.352,-2.1813,41.234,NaN,NaN,3.272e+05,3.272e+05
0.336,0.336,-3.687,41.213,NaN,NaN,2.1575e+05,2.1575e+05
0.336,0.32,-4.6146,40.656,-1.0366e+06,-1.1397e+06,1.7874e+05,1.7874e+05
0.336,0.304,-4.5607,40.858,-1.2524e+06,-1.2903e+06,1.7772e+05,1.7772e+05
0.336,0.288,-4.2221,40.412,-1.1927e+06,-1.1501e+06,2.4191e+05,2.4191e+05
0.336,0.272,-3.3141,40.285,-1.0429e+06,-8.3885e+05,2.8851e+05,2.8851e+05
0.336,0.256,-1.5021,42.072,-6.7754e+05,-44976,2.8066e+05,2.8066e+05
0.336,0.24,0.12966,44.197,-1.8925e+05,8.6239e+05,2.4092e+05,2.4092e+05
0.336,0.224,2.2121,45.721,2.8166e+05,1.8183e+06,2.0326e+05,2.0326e+05
0.336,0.208,3.7386,47.939,6.3129e+05,2.5482e+06,1.9788e+05,1.9788e+05
0.336,0.192,3.7838,50.283,7.4295e+05,3.0445e+06,1.7652e+05,1.7652e+05
0.336,0.176,3.2661,51.041,7.0456e+05,3.2449e+06,1.7645e+05,1.7645e+05
0.336,0.16,2.7709,51.865,7.2954e+05,3.3677e+06,1.2539e+05,1.2539e+05
0.336,0.144,3.3049,52.437,7.3918e+05,3.3255e+06,88010,88010
0.336,0.128,2.4385,51.345,7.8774e+05,3.1793e+06,43357,43357
0.336,0.112,2.1413,51.46,7.6418e+05,2.6436e+06,53314,53314
0.336,0.096,1.2085,49.58,7.7477e+05,1.9796e+06,48325,48325
0.336,0.08,0.283,47.306,6.1834e+05,1.138e+06,31787,31787
0.336,0.064,-0.0031749,45.498,2.5535e+05,3.1452e+05,11162,11162
0.336,0.048,-0.39971,44.213,6214.2,-61949,847.74,847.74
0.336,0.032,-1.9742,41.139,-87986,-1.5951e+05,-3752.6,3752.6
0.336,0.016,-2.7309,39.151,0,0,-1456.9,1456.9
0.352,0.496,2.9756,38.662,0,0,0,0
0.352,0.48,2.1085,35.426,0,0,0,0
0.352,0.464,1.4124,38.096,NaN,NaN,0,0
0.352,0.448,-0.11949,39.049,NaN,NaN,NaN,NaN
0.352,0.432,-1.3928,39.546,NaN,NaN,4.2329e+05,4.2329e+05
0.352,0.416,-2.1675,39.154,NaN,NaN,4.5916e+05,4.5916e+05
0.352,0.4,-2.3519,36.212,NaN,NaN,4.7485e+05,4.7485e+05
0.352,0.384,-1.6718,35.257,NaN,NaN,3.7527e+05,3.7527e+05
0.352,0.368,-1.3885,35.184,-4.827e+05,-1.8961e+05,2.6742e+05,2.6742e+05
0.352,0.352,-1.6282,35.497,-4.8271e+05,-1.8195e+05,1.9144e+05,1.9144e+05
0.352,0.336,-1.6575,37.358,-2.6318e+05,-1.7178e+05,1.3639e+05,1.3639e+05
0.352,0.32,-2.3712,36.102,-3.5152e+05,-4.6872e+05,1.1467e+05,1.1467e+05
0.352,0.304,-3.0738,36.218,-5.9884e+05,-9.8141e+05,1.3355e+05,1.3355e+05
0.352,0.288,-4.1507,36.573,-7.4606e+05,-1.1564e+06,2.0676e+05,2.0676e+05
0.352,0.272,-3.22,37.937,-6.7992e+05,-8.1388e+05,2.7836e+05,2.7836e+05
0.352,0.256,-0.76952,39.876,-3.0849e+05,3.9912e+05,2.9814e+05,2.9814e+05
0.352,0.24,2.0056,42.734,2.0686e+05,1.9421e+06,2.7522e+05,2.7522e+05
0.352,0.224,3.3969,43.756,7.081e+05,3.4097e+06,2.4432e+05,2.4432e+05
0.352,0.208,3.9159,46.558,1.0338e+06,4.3393e+06,2.1582e+05,2.1582e+05
0.352,0.192,4.4372,48.608,1.1246e+06,4.8019e+06,1.9273e+05,1.9273e+05
0.352,0.176,4.354,47.974,1.0794e+06,4.831e+06,1.8578e+05,1.8578e+05
0.352,0.16,4.1922,47.74,1.0201e+06,4.7585e+06,1.4802e+05,1.4802e+05
0.352,0.144,4.0263,47.921,9.05e+05,4.5841e+06,1.0495e+05,1.0495e+05
0.352,0.128,2.891,46.886,8.2834e+05,4.3594e+06,57533,57533
0.352,0.112,2.7211,47.541,6.8693e+05,3.6691e+06,52915,52915
0.352,0.096,0.69508,44.944,5.4396e+05,2.5139e+06,37994,37994
0.352,0.08,-2.745,41.918,1.0048e+05,8.8949e+05,18502,18502
0.352,0.064,-2.6205,37.891,-4.5728e+05,-6.7802e+05,-6619.4,6619.4
0.352,0.048,-2.8389,35.854,-5.6102e+05,-9.6361e+05,-13464,13464
0.352,0.032,-2.5882,33.515,-3.5796e+05,-6.5307e+05,-12917,12917
0.352,0.016,-2.4411,28.688,0,0,-3637,3637
0.368,0.496,2.6867,29.42,0,0,0,0
0.368,0.48,2.8403,26.881,0,0,0,0
0.368,0.464,1.3855,27.458,NaN,NaN,66490,66490
0.368,0.448,-0.79763,28.103,NaN,NaN,2.7289e+05,2.7289e+05
0.368,0.432,-0.36837,27.394,NaN,NaN,2.7694e+05,2.7694e+05
0.368,0.416,0.3517,25.61,-3.0657e+05,-8.1574e+05,3.0754e+05,3.0754e+05
0.368,0.4,-0.82953,24.755,-1.7319e+05,-4.8428e+05,3.2733e+05,3.2733e+05
0.368,0.384,-2.3268,25.296,-40903,-3.8468e+05,2.8924e+05,2.8924e+05
0.368,0.368,-2.4736,25.901,53569,-92174,2.134e+05,2.134e+05
0.368,0.352,-0.46283,26.109,18541,-47735,1.5217e+05,1.5217e+05
0.368,0.336,-1.0087,28.304,-33462,-1.9194e+05,97887,97887
0.368,0.32,-0.12327,26.602,-2.2309e+05,-5.7984e+05,84535,84535
0.368,0.304,-0.2534,23.773,-3.6753e+05,-1.0267e+06,1.0623e+05,1.0623e+05
0.368,0.288,-2.0215,23.001,-4.7422e+05,-1.0536e+06,1.8251e+05,1.8251e+05
0.368,0.272,-2.5152,23.614,-3.5288e+05,-3.2125e+05,2.603e+05,2.603e+05
0.368,0.256,-2.0478,32.229,22557,1.4263e+06,3.0135e+05,3.0135e+05
0.368,0.24,1.5083,36.918,5.4269e+05,3.4332e+06,3.0553e+05,3.0553e+05
0.368,0.224,4.5914,40.568,1.0017e+06,5.0718e+06,2.7302e+05,2.7302e+05
0.368,0.208,5.8272,44.205,1.2643e+06,5.8981e+06,2.3088e+05,2.3088e+05
0.368,0.192,6.2027,44.749,1.2588e+06,6.1043e+06,1.9544e+05,1.9544e+05
0.368,0.176,6.0802,45.382,1.1028e+06,5.8952e+06,1.8905e+05,1.8905e+05
0.368,0.16,5.4058,45.681,9.2081e+05,5.5543e+06,1.5402e+05,1.5402e+05
0.368,0.144,5.0146,45.613,8.28e+05,5.284e+06,1.1419e+05,1.1419e+05
0.368,0.128,4.254,45.653,7.9271e+05,5.03e+06,55509,55509
0.368,0.112,3.0428,45.439,6.5115e+05,4.3408e+06,40765,40765
0.368,0.096,1.8053,42.027,2.9516e+05,2.6307e+06,23747,23747
0.368,0.08,-0.11316,39.231,-4.1591e+05,1.3415e+05,13690,13690
0.368,0.064,-3.4187,34.946,-1.1012e+06,-2.1786e+06,-14257,14257
0.368,0.048,-4.9426,32.544,-1.0117e+06,-2.1483e+06,-23531,23531
0.368,0.032,-3.9854,27.584,-5.4182e+05,-1.2332e+06,-22363,22363
0.368,0.016,-3.6939,24.182,0,0,-6176.9,6176.9
0.384,0.496,2.7171,27.133,0,0,0,0
0.384,0.48,1.3232,22.412,0,0,930.74,930.74
0.384,0.464,1.6199,21.104,NaN,NaN,48971,48971
0.384,0.448,1.0772,20.614,-7.6068e+05,-1.5244e+06,1.2248e+05,1.2248e+05
0.384,0.432,-0.93698,18.85,-6.8071e+05,-1.6762e+06,1.7518e+05,1.7518e+05
0.384,0.416,-1.1147,17.016,-5.3596e+05,-1.3369e+06,2.1246e+05,2.1246e+05
0.384,0.4,0.43487,18.074,-3.2412e+05,-9.0157e+05,2.3929e+05,2.3929e+05
0.384,0.384,1.9963,17.559,-68026,-3.3966e+05,2.02e+05,2.02e+05
0.384,0.368,1.7711,16.666,1.3852e+05,1.2083e+05,1.3193e+05,1.3193e+05
0.384,0.352,1.0719,15.859,1.6767e+05,2.1226e+05,59682,59682
0.384,0.336,0.30358,16.716,23395,-62526,44128,44128
0.384,0.32,-1.3094,16.063,-1.8158e+05,-4.3694e+05,55906,55906
0.384,0.304,-2.2587,14.756,-3.3654e+05,-7.6341e+05,1.05e+05,1.05e+05
0.384,0.288,-2.1654,15.775,-3.8866e+05,-6.2238e+05,1.7343e+05,1.7343e+05
0.384,0.272,-1.378,19.872,-2.5064e+05,2.7471e+05,2.4771e+05,2.4771e+05
0.384,0.256,0.559,28.305,1.1337e+05,1.9536e+06,2.7951e+05,2.7951e+05
0.384,0.24,2.9192,33.483,7.0376e+05,3.9998e+06,2.8715e+05,2.8715e+05
0.384,0.224,4.9304,37.448,1.11e+06,5.5006e+06,2.5786e+05,2.5786e+05
0.384,0.208,6.0635,40.222,1.3008e+06,6.1322e+06,2.1876e+05,2.1876e+05
0.384,0.192,6.5237,41.029,1.1726e+06,5.8634e+06,1.8603e+05,1.8603e+05
0.384,0.176,4.923,38.911,1.0001e+06,5.1479e+06,1.6553e+05,1.6553e+05
0.384,0.16,3.4478,38.092,7.9446e+05,4.3737e+06,1.3597e+05,1.3597e+05
0.384,0.144,2.4885,36.682,7.649e+05,4.063e+06,92830,92830
0.384,0.128,2.9028,37.954,8.1589e+05,4.0566e+06,32262,32262
0.384,0.112,1.4592,40.19,6.0853e+05,3.4541e+06,7392.8,7392.8
0.384,0.096,0.58742,38.34,-4896,1.9504e+06,-7757.4,7757.4
0.384,0.08,-0.14636,32.63,-1.0366e+06,-3.8002e+05,-3049.2,3049.2
0.384,0.064,-4.2389,24.933,-1.6349e+06,-2.5943e+06,-24181,24181
0.384,0.048,-4.2575,20.986,-1.3443e+06,-2.5182e+06,-32740,32740
0.384,0.032,-3.5762,20.578,-5.9653e+05,-1.5882e+06,-27602,27602
0.384,0.016,-3.523,19.962,0,0,-7427.7,7427.7
0.4,0.496,3.2366,20.369,0,0,-436.34,436.34
0.4,0.48,2.7298,17.65,0,0,-131.76,131.76
0.4,0.464,3.5056,17.449,-5916.9,-4.0666e+05,35902,35902
0.4,0.448,1.3261,16.616,-3.6038e+05,-9.2753e+05,76376,76376
0.4,0.432,-1.117,11.999,-3.3173e+05,-1.0871e+06,92557,92557
0.4,0.416,-1.2528,8.9489,-3.6486e+05,-1.0313e+06,90356,90356
0.4,0.4,-0.69775,11.057,-2.0615e+05,-5.9933e+05,86307,86307
0.4,0.384,-0.21174,12.663,-31999,-95479,83524,83524
0.4,0.368,1.0957,13.175,2.4691e+05,3.526e+05,68490,68490
0.4,0.352,1.2451,12.386,3.7621e+05,4.6056e+05,54167,54167
0.4,0.336,0.92296,11.861,2.1281e+05,2.465e+05,48661,48661
0.4,0.32,-1.281,12.238,-1.4903e+05,-1.2891e+05,55518,55518
0.4,0.304,-3.404,13.037,-4.5062e+05,-2.8573e+05,90134,90134
0.4,0.288,-3.3462,15.771,-5.1403e+05,69514,1.4392e+05,1.4392e+05
0.4,0.272,-1.7049,18.949,-3.3901e+05,9.5865e+05,1.8685e+05,1.8685e+05
0.4,0.256,-0.095117,23.321,-7205.3,2.0498e+06,1.8863e+05,1.8863e+05
0.4,0.24,2.3797,27.102,4.8345e+05,3.1798e+06,1.775e+05,1.775e+05
0.4,0.224,5.0049,34.117,7.4763e+05,3.8724e+06,1.5873e+05,1.5873e+05
0.4,0.208,4.8091,32.42,8.2536e+05,4.1231e+06,1.5063e+05,1.5063e+05
0.4,0.192,4.1156,30.637,6.2588e+05,3.6705e+06,1.4128e+05,1.4128e+05
0.4,0.176,3.9439,29.326,6.0332e+05,3.0144e+06,1.3497e+05,1.3497e+05
0.4,0.16,1.9454,24.741,7.3186e+05,2.4203e+06,1.0549e+05,1.0549e+05
0.4,0.144,1.9735,20.992,1.1671e+06,2.4476e+06,64383,64383
0.4,0.128,3.4465,22.676,1.4319e+06,2.3897e+06,9853,9853
0.4,0.112,3.223,24.721,7.4199e+05,9.9168e+05,-5400.1,5400.1
0.4,0.096,1.1218,24.549,-6.6358e+05,-2.3533e+05,-10920,10920
0.4,0.08,-12.291,40.222,-2.4248e+06,-1.4426e+06,1656.7,1656.7
0.4,0.064,-19.084,43.118,-3.1455e+06,-2.0388e+06,-17614,17614
0.4,0.048,-7.0318,15.487,-2.3266e+06,-1.8002e+06,-27993,27993
0.4,0.032,-5.6026,14.376,-1.0637e+06,-1.29e+06,-25539,25539
0.4,0.016,-1.2673,11.459,0,0,-6999.9,6999.9
0.416,0.496,-0.028304,12.052,0,0,-753.54,753.54
0.416,0.48,1.3837,12.385,-18999,-1.488e+05,-1092.4,1092.4
0.416,0.464,1.7578,10.435,-1.274e+05,-4.1365e+05,899.04,899.04
0.416,0.448,1.8173,8.6104,-2.9997e+05,-6.3882e+05,5390.6,5390.6
0.416,0.432,0.29355,5.3784,-2.6117e+05,-7.6147e+05,13798,13798
0.416,0.416,-0.90265,1.4649,-4.069e+05,-1.026e+06,16971,16971
0.416,0.4,-1.0918,6.3173,-3.4651e+05,-8.6348e+05,19801,19801
0.416,0.384,-0.55125,8.1148,-229.86,-3.1047e+05,19535,19535
0.416,0.368,-0.3053,8.0207,5.4702e+05,4.2364e+05,25696,25696
0.416,0.352,0.45536,9.6568,7.8236e+05,7.5158e+05,34763,34763
0.416,0.336,0.82345,9.8793,4.1395e+05,7.1504e+05,44021,44021
0.416,0.32,-0.30744,12.661,-1.5264e+05,5.1395e+05,52679,52679
0.416,0.304,-2.104,13.494,-5.1913e+05,4.519e+05,78462,78462
0.416,0.288,-1.8017,14.073,-5.8748e+05,5.3531e+05,1.1764e+05,1.1764e+05
0.416,0.272,-1.1222,16.604,-4.4109e+05,8.0643e+05,1.2008e+05,1.2008e+05
0.416,0.256,-1.2532,16.777,-4.4075e+05,7.5738e+05,92710,92710
0.416,0.24,-2.471,15.055,-3.5855e+05,5.3957e+05,60954,60954
0.416,0.224,-2.3907,15.124,-5.0379e+05,42877,63243,63243
0.416,0.208,-1.2329,16.858,-6.2539e+05,-3.4889e+05,82192,82192
0.416,0.192,-3.1237,20.644,-9.1166e+05,-7.1663e+05,1.0128e+05,1.0128e+05
0.416,0.176,-2.035,19.64,-8.1719e+05,-5.9868e+05,1.0609e+05,1.0609e+05
0.416,0.16,0.74976,18.527,1.2139e+05,72863,85922,85922
0.416,0.144,1.8443,18.54,2.0456e+06,4.7007e+05,47504,47504
0.416,0.128,3.6693,17.697,3.9574e+06,-3.0434e+05,7936.1,7936.1
0.416,0.112,2.4073,14.138,2.6792e+06,-1.8665e+06,-1305.7,1305.7
0.416,0.096,-9.5518,8.59,-7.9326e+05,-8.5005e+05,8066.6,8066.6
0.416,0.08,-24.853,47.92,-4.0845e+06,-1.0281e+05,15041,15041
0.416,0.064,-32.287,48.944,-5.6609e+06,8.3249e+05,-2331.7,2331.7
0.416,0.048,-33.188,41.847,-3.5422e+06,-4.1721e+05,-25299,25299
0.416,0.032,-19.739,13.377,-2.0905e+06,-3.5963e+05,-22225,22225
0.416,0.016,-2.2046,7.5659,0,0,-8441.4,8441.4
0.432,0.496,1.6592,11.743,0,0,-856.45,856.45
0.432,0.48,3.223,9.0201,67014,-1.079e+05,-2803,2803
0.432,0.464,2.9058,5.6658,-9254.7,-2.136e+05,-4296.7,4296.7
0.432,0.448,1.8699,4.1356,-1.3037e+05,-2.468e+05,-6827.9,6827.9
0.432,0.432,-0.085158,3.4424,-1.4948e+05,-2.7838e+05,-4088.6,4088.6
0.432,0.416,-0.73084,-0.56199,-3.8547e+05,-7.2583e+05,-11214,11214
0.432,0.4,-7.3718,0.80533,-5.8864e+05,-9.8392e+05,-13271,13271
0.432,0.384,-4.4049,1.7091,1.2948e+05,-5.7169e+05,-8298.9,8298.9
0.432,0.368,2.9722,3.2805,1.7712e+06,5.2191e+05,13521,13521
0.432,0.352,3.1606,6.0625,3.5217e+06,1.7483e+06,43181,43181
0.432,0.336,3.1071,7.0804,3.5704e+06,2.2367e+06,66768,66768
0.432,0.32,0.88399,10.064,2.1606e+06,2.0372e+06,83693,83693
0.432,0.304,-0.72212,11.021,5.4622e+05,1.2802e+06,1.0027e+05,1.0027e+05
0.432,0.288,-1.0368,10.598,-3.5828e+05,5.9406e+05,1.2059e+05,1.2059e+05
0.432,0.272,-0.69753,10.405,-1.1607e+06,-6.7948e+05,1.0972e+05,1.0972e+05
0.432,0.256,-2.4653,11.679,-1.3429e+06,-1.2242e+06,67571,67571
0.432,0.24,-13.168,12.485,-8.675e+05,-2.0547e+06,10802,10802
0.432,0.224,-10.958,6.5875,-2.1397e+05,-1.9134e+06,-7668.6,7668.6
0.432,0.208,-11.126,6.8618,-1.7181e+05,-2.4233e+06,17290,17290
0.432,0.192,-12.381,5.003,-1.2911e+06,-2.9949e+06,65672,65672
0.432,0.176,-16.212,13.996,-2.4899e+06,-1.856e+06,1.0223e+05,1.0223e+05
0.432,0.16,-16.368,29.258,-2.06e+06,-7.1464e+05,98304,98304
0.432,0.144,3.2568,14.973,2.2874e+05,6.1726e+05,64102,64102
0.432,0.128,4.591,14.763,3.5335e+06,-1.1087e+06,36628,36628
0.432,0.112,3.3335,8.6172,2.3467e+06,-2.5064e+06,34241,34241
0.432,0.096,-17.924,35.874,-9.4722e+05,-1.5735e+06,58163,58163
0.432,0.08,-51.071,63.238,-5.1489e+06,1.5707e+05,53139,53139
0.432,0.064,-107.3,289.63,-7.8949e+06,2.6549e+06,22105,22105
0.432,0.048,-60.308,42.261,-4.6099e+06,8.1891e+05,-21089,21089
0.432,0.032,-61.199,31.342,-2.9055e+06,4.6485e+05,-25914,25914
0.432,0.016,-52.065,9.4317,0,0,-12215,12215
0.448,0.496,2.9364,8.6828,0,0,-596.73,596.73
0.448,0.48,3.5698,5.8649,1.3419e+05,-59292,-2991.8,2991.8
0.448,0.464,4.0978,3.7211,2.9529e+05,2261.9,-5456.4,5456.4
0.448,0.448,3.3014,3.2324,4.3359e+05,1.1873e+05,-10611,10611
0.448,0.432,1.7222,2.7983,1.7688e+06,8.26e+05,-7496.5,7496.5
0.448,0.416,1.7063,0.41679,-67628,-8.3599e+05,-12788,12788
0.448,0.4,-6.2202,-1.2205,-1.7862e+06,-2.4389e+06,-9601.8,9601.8
0.448,0.384,-10.602,-0.5902,-3.2763e+06,-4.2284e+06,-7128.2,7128.2
0.448,0.368,0.47014,2.9723,-1.4188e+06,-3.3235e+06,17216,17216
0.448,0.352,4.1691,4.8641,8.0144e+05,-2.598e+06,54461,54461
0.448,0.336,4.9243,3.1748,1.1724e+06,-2.1254e+06,96312,96312
0.448,0.32,3.1772,4.3669,1.4696e+06,-5.2297e+05,1.3088e+05,1.3088e+05
0.448,0.304,0.95294,6.0639,8.3137e+05,2.2432e+05,1.5534e+05,1.5534e+05
0.448,0.288,-0.95014,5.3421,-72463,1.2147e+05,1.7403e+05,1.7403e+05
0.448,0.272,-2.7962,7.5232,-1.4684e+06,-2.0231e+06,1.6625e+05,1.6625e+05
0.448,0.256,-37.358,0.32189,-2.2395e+06,-2.9264e+06,1.3332e+05,1.3332e+05
0.448,0.24,-3.4828,7.9589,-1.2045e+06,-3.3958e+06,79834,79834
0.448,0.224,0.52511,4.1399,-3.0186e+05,-2.9878e+06,42575,42575
0.448,0.208,-0.12392,3.3776,-2.442e+05,-3.7795e+06,33991,33991
0.448,0.192,-2.8344,3.577,-1.8543e+06,-4.5712e+06,59872,59872
0.448,0.176,-11.175,10.734,-3.8073e+06,-2.8939e+06,96042,96042
0.448,0.16,-52.342,43.994,-4.3162e+06,-1.3701e+05,98930,98930
0.448,0.144,-23.992,33.11,-1.424e+06,1.2235e+06,70011,70011
0.448,0.128,-5.3395,15.494,1.6303e+06,-7.7067e+05,49080,49080
0.448,0.112,-1.518,7.5054,1.5726e+06,-1.4794e+06,46637,46637
0.448,0.096,-22.583,33.604,-1.2275e+06,-2.8449e+05,83024,83024
0.448,0.08,-52.556,163.91,-7.494e+06,3.2007e+06,52251,52251
0.448,0.064,-140.14,68.44,-9.0366e+06,5.0578e+06,12000,12000
0.448,0.048,-50.539,32.534,-4.952e+06,2.0894e+06,-48183,48183
0.448,0.032,-56.731,27.243,-2.0316e+06,1.1272e+06,-38722,38722
0.448,0.016,-104.94,5.1889,0,0,-16636,16636
0.464,0.496,0.46033,4.5553,5145,16564,-393.36,393.36
0.464,0.48,2.1977,4.0204,1.2392e+05,44239,-2687.7,2687.7
0.464,0.464,3.7583,2.5605,3.0621e+05,1.324e+05,-5193.1,5193.1
0.464,0.448,4.4018,0.93515,2.4802e+05,-44293,-8454.8,8454.8
0.464,0.432,3.6169,1.3759,1.0279e+05,-8.2048e+05,-3069.3,3069.3
0.464,0.416,3.5274,0.48534,-3.564e+06,-2.8851e+06,-7662.9,7662.9
0.464,0.4,-70.913,-21.653,-6.4538e+06,-5.4171e+06,-10090,10090
0.464,0.384,-55.768,-11.025,-7.2141e+06,-7.0561e+06,-11140,11140
0.464,0.368,-36.824,-11.775,-4.6265e+06,-7.4324e+06,16497,16497
0.464,0.352,-58.637,-26.787,-1.817e+06,-7.4755e+06,66869,66869
0.464,0.336,-26.414,-23.5,-1.4843e+06,-8.037e+06,1.2259e+05,1.2259e+05
0.464,0.32,-16.078,-24.251,-7.9671e+05,-6.7239e+06,1.6943e+05,1.6943e+05
0.464,0.304,0.69546,3.1478,-1.0722e+06,-4.8038e+06,2.0076e+05,2.0076e+05
0.464,0.288,1.0379,1.7952,-3.0658e+06,-2.4755e+06,2.1966e+05,2.1966e+05
0.464,0.272,-27.581,13.873,-4.6083e+06,-3.1188e+06,2.2663e+05,2.2663e+05
0.464,0.256,-106.04,11.407,-5.962e+06,-3.1351e+06,1.9342e+05,1.9342e+05
0.464,0.24,-145.21,31.454,-7.0814e+05,-3.7086e+06,1.3068e+05,1.3068e+05
0.464,0.224,-166.62,38.301,1.9437e+06,-8.2296e+05,59507,59507
0.464,0.208,-166.08,53.312,2.4639e+06,-1.0079e+06,24042,24042
0.464,0.192,-109.54,72.841,-3.7836e+05,-2.5283e+06,32728,32728
0.464,0.176,-123.44,99.724,-4.3293e+06,-8.139e+05,65069,65069
0.464,0.16,-77.614,87.649,-6.6957e+06,1.1184e+06,73971,73971
0.464,0.144,-44.864,68.718,-2.5551e+06,1.3107e+06,55045,55045
0.464,0.128,-3.1461,21.221,-5.0932e+05,-2.8459e+05,37362,37362
0.464,0.112,-7.1487,3.3007,1.067e+06,-5.7226e+05,37939,37939
0.464,0.096,-18.67,46.97,-1.6153e+06,-2.9995e+05,79165,79165
0.464,0.08,-109.25,114.65,-4.9618e+06,1.7111e+06,57589,57589
0.464,0.064,-83.223,22.538,7.3022e+06,8.7075e+06,21677,21677
0.464,0.048,0.54513,35.171,7.0474e+06,6.4322e+06,-27102,27102
0.464,0.032,-286.9,-100.18,8.2665e+06,4.9463e+06,-23294,23294
0.464,0.016,-99.202,-35.624,0,0,-3931,3931
0.48,0.496,1.2732,1.485,4501.9,14493,-305,305
0.48,0.48,1.5129,2.3795,57048,31750,-1895.9,1895.9
0.48,0.464,0.56194,0.40656,2.2594e+05,94230,-3120.1,3120.1
0.48,0.448,-0.51398,-0.25886,2.4844e+05,-81423,-5469.9,5469.9
0.48,0.432,-13.061,-4.6594,1.7138e+05,-8.4649e+05,-4349.9,4349.9
0.48,0.416,-71.824,-29.879,-3.3813e+06,-2.6817e+06,-9333.8,9333.8
0.48,0.4,-88.03,-25.754,-6.0701e+06,-4.9034e+06,-20281,20281
0.48,0.384,-72.588,-24.95,-7.3121e+06,-6.6967e+06,-31228,31228
0.48,0.368,-28.519,-10.542,-5.9346e+06,-7.6656e+06,-14213,14213
0.48,0.352,-41.52,-20.189,-4.695e+06,-8.6874e+06,28197,28197
0.48,0.336,-38.491,-24.357,-4.6864e+06,-9.6241e+06,80782,80782
0.48,0.32,-35.446,-38.071,-2.9867e+06,-8.1346e+06,1.2514e+05,1.2514e+05
0.48,0.304,-29.98,-31.48,-1.8763e+06,-5.49e+06,1.6155e+05,1.6155e+05
0.48,0.288,-26.399,7.2939,-3.0239e+06,-2.5575e+06,1.796e+05,1.796e+05
0.48,0.272,-84.69,7.5356,-3.4696e+06,-1.6693e+06,1.7832e+05,1.7832e+05
0.48,0.256,-179.54,158.48,-4.3403e+06,-9.8479e+05,1.5212e+05,1.5212e+05
0.48,0.24,-274.21,-160.95,0,0,1.0975e+05,1.0975e+05
0.48,0.224,-420.43,0.017116,0,0,61190,61190
0.48,0.208,-949.66,296.51,0,0,24054,24054
0.48,0.192,-641.95,360.67,0,0,15356,15356
0.48,0.176,-249.36,387.2,0,0,27707,27707
0.48,0.16,-105.94,103.22,-2.2672e+06,1.7278e+06,29566,29566
0.48,0.144,39.219,-27.935,-2.1569e+05,6.1869e+05,20407,20407
0.48,0.128,-3.7141,7.5756,-3.9736e+05,1.7803e+05,9138.9,9138.9
0.48,0.112,1.5235,-0.96627,1.2109e+06,-81037,15303,15303
0.48,0.096,2.4467,-1.6107,-1.1803e+06,4.0712e+05,58468,58468
0.48,0.08,-64.87,18.127,-3.197e+06,1.5607e+06,49865,49865
0.48,0.064,-5.2124,59.372,6.6245e+06,6.3163e+06,42680,42680
0.48,0.048,3.3189,3.0729,7.2847e+06,5.527e+06,10275,10275
0.48,0.032,-11.94,2.7083,9.2868e+06,4.7558e+06,12521,12521
0.48,0.016,-1.5335,-0.017086,0,0,9700.1,9700.1
0.496,0.496,6.9802,5.0969,4001.7,12883,-119.81,119.81
0.496,0.48,2.1232,1.5467,-1517.8,7803.9,-841.8,841.8
0.496,0.464,0.98527,0.91083,-512.43,8771.4,-1187,1187
0.496,0.448,-6.1822,-4.1924,-2.6543e+05,-2.7973e+05,-1526,1526
0.496,0.432,-39.146,-13.982,-1.7139e+06,-1.7194e+06,-4292.3,4292.3
0.496,0.416,-77.309,-58.617,-3.6536e+06,-2.3637e+06,-11325,11325
0.496,0.4,-236.81,-57.245,-4.8694e+06,-3.4165e+06,-29231,29231
0.496,0.384,-704.69,-353.08,-3.9197e+06,-3.171e+06,-39085,39085
0.496,0.368,-259.51,63.276,-2.8301e+06,-4.0577e+06,-27751,27751
0.496,0.352,-49.611,-19.239,-2.0947e+06,-4.5726e+06,3876.8,3876.8
0.496,0.336,-15.846,-44.685,-2.3901e+06,-5.5137e+06,36466,36466
0.496,0.32,-228.16,-500.04,-2.2872e+06,-5.8007e+06,61779,61779
0.496,0.304,-58.825,-34.679,-2.0566e+06,-4.6641e+06,85539,85539
0.496,0.288,-90.84,-11.319,-3.1691e+06,-2.3836e+06,99118,99118
0.496,0.272,-107.27,2.4555,-2.7257e+06,-6.3733e+05,1.0101e+05,1.0101e+05
0.496,0.256,-279.47,154.42,-2.4586e+06,1.8022e+05,77836,77836
0.496,0.24,-234.54,-37.327,0,0,46215,46215
0.496,0.224,-431.92,-24.629,0,0,16907,16907
0.496,0.208,4.4122,-2.8189,0,0,3149.6,3149.6
0.496,0.192,4.5746,0.83464,0,0,2456.8,2456.8
0.496,0.176,-367.88,466.75,0,0,4677.7,4677.7
0.496,0.16,-18.938,279.58,0,0,3910.7,3910.7
0.496,0.144,-104.35,75.571,8.6819e+05,-6.5993e+05,2131.1,2131.1
0.496,0.128,0.026208,0.67917,7.8478e+05,-5.7839e+05,-4630,4630
0.496,0.112,-0.51367,0.45384,1.6468e+06,-4.3859e+05,234.41,234.41
0.496,0.096,-0.44106,-1.7857,-4.2466e+05,1.6214e+05,28100,28100
0.496,0.08,-69.171,9.7534,-6.2911e+05,4.3624e+05,41858,41858
0.496,0.064,-279.75,-117.74,7.5115e+06,4.5543e+06,53208,53208
0.496,0.048,-431.61,-72.073,8.9077e+06,4.4668e+06,42506,42506
0.496,0.032,-258.8,-236.65,9.0899e+06,4.1936e+06,31460,31460
0.496,0.016,-142.3,53.062,0,0,15868,15868
