0.016,0.496,0.69634,4.139,530.52,-52415,59.949,59.949
0.016,0.48,0.40754,1.6379,14453,-44119,117.92,117.92
0.016,0.464,-2.1323,1.6086,19148,-61575,135.94,135.94
0.016,0.448,-0.73705,1.266,22006,-12803,297.79,297.79
0.016,0.432,1.4657,0.91272,9514,-27235,456.38,456.38
0.016,0.416,0.89124,0.66265,-2268.7,-9533.6,586.38,586.38
0.016,0.4,3.5471,-0.86275,-5009.2,-5909.3,597.68,597.68
0.016,0.384,4.8174,-0.55627,-9448,188.94,75.885,75.885
0.016,0.368,5.6696,-0.53717,-4755.2,-600.08,-3104,3104
0.016,0.352,3.5021,-0.049402,-11013,434.89,-6682.8,6682.8
0.016,0.336,5.6848,0.084166,-11595,128.89,-9820,9820
0.016,0.32,3.6174,1.0786,-9484.2,-551.39,-3946.2,3946.2
0.016,0.304,0.28488,0.43653,-9473.7,1375,5373.3,5373.3
0.016,0.288,1.1431,-0.84105,-9065.8,3275.6,11691,11691
0.016,0.272,2.2301,-1.9317,-11000,5847.1,8555.9,8555.9
0.016,0.256,0.84216,0.97308,-14162,4300.8,436.79,436.79
0.016,0.24,3.1368,0.14598,-34583,-531.35,-2641.6,2641.6
0.016,0.224,7.9855,0.9658,-33825,-2683.4,-2273.1,2273.1
0.016,0.208,6.6213,0.76078,-23783,-3879.5,-172.77,172.77
0.016,0.192,1.0803,-0.19947,2722.6,-2329.5,-17.092,17.092
0.016,0.176,-0.7546,-0.56467,4577.2,-1597.4,-153.02,153.02
0.016,0.16,-0.57619,-0.68586,3526.8,1377.8,-341.68,341.68
0.016,0.144,-0.96762,0.12234,-1921.1,5598.4,-497.08,497.08
0.016,0.128,2.0983,-2.3932,-13935,7717.4,-684.35,684.35
0.016,0.112,6.0091,-0.1237,-25201,-6320.9,-502.12,502.12
0.016,0.096,1.5965,2.4432,-29908,-8732.1,-519.54,519.54
0.016,0.08,6.3285,-0.27785,-18380,-11567,-307.91,307.91
0.016,0.064,8.2208,0.048267,-18310,3768.9,-156.68,156.68
0.016,0.048,1.2158,-1.7422,-11059,3683.8,142.81,142.81
0.016,0.032,2.65,0.1155,-10967,4472.4,196.31,196.31
0.016,0.016,4.7121,-10.505,0,0,62.923,62.923
0.032,0.496,-0.43425,5.3891,596.84,-58967,430.29,430.29
0.032,0.48,-0.049503,2.3958,13964,-50423,921.06,921.06
0.032,0.464,0.96787,3.0989,7859.6,-90783,1720.6,1720.6
0.032,0.448,1.1522,0.84123,-4678,-20899,2264.8,2264.8
0.032,0.432,0.84632,1.2,-1969.8,-48722,2358.4,2358.4
0.032,0.416,1.1451,0.90537,-13773,-2539.8,1991.7,1991.7
0.032,0.4,-0.2714,-0.30504,-34139,-28958,1365.4,1365.4
0.032,0.384,-0.0017787,0.067977,-44924,-5363.7,931.21,931.21
0.032,0.368,-0.08672,0.060737,-30357,-13476,522.93,522.93
0.032,0.352,-0.1044,-0.20481,-8163.5,8037.5,131.14,131.14
0.032,0.336,-0.21951,0.27142,-19617,1891.9,-188.34,188.34
0.032,0.32,-0.12694,-0.06585,-23689,-535.89,-475.83,475.83
0.032,0.304,-0.18686,-0.25451,-24604,6205.9,-592.98,592.98
0.032,0.288,-0.5605,0.063836,-23657,8477.9,-717.11,717.11
0.032,0.272,-0.21403,-0.24918,-32064,2752.9,-925.6,925.6
0.032,0.256,-0.17098,0.096043,-44282,-24747,-1134.2,1134.2
0.032,0.24,-0.60029,0.46189,-77593,-33291,-758.05,758.05
0.032,0.224,-0.40187,-0.088638,-72973,-26135,-368.82,368.82
0.032,0.208,-0.012089,-0.24513,-49714,-3660.4,181.62,181.62
0.032,0.192,0.46709,-0.020202,-6903,9253.5,126.48,126.48
0.032,0.176,0.44016,-0.12168,-2825.1,6198.1,122.79,122.79
0.032,0.16,-0.034459,0.1656,-15824,-9290.4,-50.345,50.345
0.032,0.144,-0.5036,0.42228,-41989,-13346,-311.84,311.84
0.032,0.128,-0.17511,-0.15351,-74479,-5774.4,-713.77,713.77
0.032,0.112,-0.32659,0.10237,-92820,-15815,-1165.5,1165.5
0.032,0.096,-0.70652,0.0197,-1.2718e+05,4503.2,-1448.1,1448.1
0.032,0.08,-0.16143,-0.075113,-1.1381e+05,-7702.2,-958.95,958.95
0.032,0.064,0.017856,0.081447,-77569,-19322,-349.18,349.18
0.032,0.048,-0.53803,-0.44967,-19841,-39446,338.93,338.93
0.032,0.032,0.5778,-0.18433,5722.2,-32955,272.15,272.15
0.032,0.016,0.49948,-5.7361,0,0,237.09,237.09
0.048,0.496,-1.0562,5.7912,-2.2008,-32272,177.34,177.34
0.048,0.48,0.64005,3.2861,4850,-35147,587.98,587.98
0.048,0.464,1.2351,3.1327,511.78,-1.2639e+05,1329.1,1329.1
0.048,0.448,1.0359,1.4022,-44062,-48106,2546.5,2546.5
0.048,0.432,0.024542,2.2561,-48884,-80237,3388.1,3388.1
0.048,0.416,1.5436,1.4471,-62395,-36255,3571.7,3571.7
0.048,0.4,-0.68023,1.3112,-47955,-1.0216e+05,2826.9,2826.9
0.048,0.384,-1.8024,-0.81135,-39573,-67288,1857.1,1857.1
0.048,0.368,-0.0099445,0.4755,-26815,-26978,1201.3,1201.3
0.048,0.352,-0.16363,0.23906,-7468.6,5508.5,490.94,490.94
0.048,0.336,-0.78925,0.29739,-23015,981.85,-42.515,42.515
0.048,0.32,-0.80212,0.12408,-25169,-3144.2,-414.84,414.84
0.048,0.304,-0.97997,0.19075,-24928,3209.2,-932.18,932.18
0.048,0.288,-0.81778,0.94164,-64201,45840,-961.27,961.27
0.048,0.272,-0.718,-0.13363,-74971,40651,-969.13,969.13
0.048,0.256,-1.4545,-0.62759,-86743,15137,-687.98,687.98
0.048,0.24,-1.6905,-0.87183,-78952,-30423,-25.551,25.551
0.048,0.224,-1.6592,-0.39338,-70222,-22069,335.37,335.37
0.048,0.208,-0.98949,-0.16527,-48207,-1960.3,1252.4,1252.4
0.048,0.192,-0.13596,0.13016,-4929.5,11745,1326.5,1326.5
0.048,0.176,-0.20204,0.82993,-3513.2,8124.9,1438.8,1438.8
0.048,0.16,-1.0236,-0.079922,-16002,-7160.9,1184.4,1184.4
0.048,0.144,-1.673,-0.71347,-44056,-14258,982.3,982.3
0.048,0.128,-1.8603,-0.31832,-70788,-7560.4,722.73,722.73
0.048,0.112,-2.1531,0.26864,-81102,-14469,386.42,386.42
0.048,0.096,-2.1634,-0.41681,-1.0894e+05,8282,692.26,692.26
0.048,0.08,-2.8843,0.96939,-79496,-37974,1363.2,1363.2
0.048,0.064,-1.3033,-0.75272,-47590,-50079,1809.8,1809.8
0.048,0.048,0.81716,-1.112,4181.3,-72172,1656.1,1656.1
0.048,0.032,1.5377,0.76255,8855.3,-31220,876.48,876.48
0.048,0.016,-0.17796,-3.5827,0,0,412.61,412.61
0.064,0.496,0.7733,2.3066,-684.62,30509,-143.68,143.68
0.064,0.48,2.3883,3.2107,-27078,32.912,-119.12,119.12
0.064,0.464,2.4113,3.0152,-45230,-1.1126e+05,435.59,435.59
0.064,0.448,2.2901,1.2079,-78714,-1.0139e+05,1600.8,1600.8
0.064,0.432,0.63581,3.1289,-51698,-1.3379e+05,3501.5,3501.5
0.064,0.416,1.8953,2.033,-66041,-87322,5013.8,5013.8
0.064,0.4,3.2431,0.64168,-1.3404e+05,-1.0571e+05,5297.5,5297.5
0.064,0.384,1.9861,1.2856,-1.4193e+05,-43861,3572.9,3572.9
0.064,0.368,1.2614,1.2046,-1.1391e+05,-48469,2104.4,2104.4
0.064,0.352,-0.41053,0.30547,-338.35,-67640,856.45,856.45
0.064,0.336,-0.23989,-0.24055,-36582,-34766,776.47,776.47
0.064,0.32,-0.25962,-0.22508,-66258,-15063,1582.2,1582.2
0.064,0.304,-0.44011,0.18008,-84511,23334,2525,2525
0.064,0.288,-0.15336,0.038056,-1.0196e+05,24134,3747.1,3747.1
0.064,0.272,0.13951,-0.14459,1.2156e+05,-3.2192e+05,3843,3843
0.064,0.256,-0.21587,0.1472,3.0779e+05,-6.5465e+05,3428.6,3428.6
0.064,0.24,-0.54204,0.10946,2.5431e+05,-5.7374e+05,3874.6,3874.6
0.064,0.224,-0.29294,0.30198,71030,-2.2618e+05,3147.5,3147.5
0.064,0.208,-0.20557,-0.25761,-81851,70897,3157.2,3157.2
0.064,0.192,-0.48783,-0.19368,-17411,37460,2428.1,2428.1
0.064,0.176,-0.10568,0.48402,-12450,20272,3449.6,3449.6
0.064,0.16,-0.11703,-0.24869,-23382,-11648,4207.3,4207.3
0.064,0.144,-0.26517,-0.51083,-51293,-22929,4222.9,4222.9
0.064,0.128,0.095598,-0.19455,-64400,-16390,3402.2,3402.2
0.064,0.112,-0.39168,0.036641,-58030,-7195.7,3394.8,3394.8
0.064,0.096,-0.84141,-0.16405,-73539,29754,4553.6,4553.6
0.064,0.08,-0.62808,0.27761,-63045,694.62,5991.6,5991.6
0.064,0.064,0.86034,-0.68197,-85525,1.0344e+05,5865.7,5865.7
0.064,0.048,-0.7046,0.47494,-43501,66296,4361.5,4361.5
0.064,0.032,-1.9176,4.0719,-31139,91053,2054.9,2054.9
0.064,0.016,-1.324,-4.6172,0,0,624.53,624.53
0.08,0.496,2.9715,2.2815,-684.62,30509,-126.36,126.36
0.08,0.48,3.0363,3.3466,-46364,-9818.5,-379.16,379.16
0.08,0.464,2.7741,3.6786,-93558,-72549,-236.35,236.35
0.08,0.448,2.4223,3.2608,-99458,-98199,828.38,828.38
0.08,0.432,2.0348,3.5564,-84146,-98275,3712.3,3712.3
0.08,0.416,4.5919,1.7329,45781,-2.2372e+05,7626.8,7626.8
0.08,0.4,3.3074,3.0737,-53686,-2.0326e+05,8496.7,8496.7
0.08,0.384,2.0493,3.3154,-52011,-1.9705e+05,6105.7,6105.7
0.08,0.368,1.6016,3.1984,-1.5237e+05,-97002,2946.2,2946.2
0.08,0.352,2.2076,-1.4139,-29472,-1.525e+05,1525.4,1525.4
0.08,0.336,2.3349,-0.18846,-57695,-95914,2419.7,2419.7
0.08,0.32,0.44239,2.3527,-1.9372e+05,28498,6336.8,6336.8
0.08,0.304,-1.8213,-1.0694,73096,-3.8065e+05,13648,13648
0.08,0.288,-1.3036,0.29911,3.7277e+05,-8.2677e+05,17870,17870
0.08,0.272,194.58,-199.1,8.6629e+05,-1.4561e+06,16925,16925
0.08,0.256,9.7402,-8.6756,6.0456e+05,-1.0814e+06,13029,13029
0.08,0.24,8.7411,-7.6717,2.6684e+05,-5.6443e+05,10898,10898
0.08,0.224,0.35463,0.85093,-1.274e+05,47297,8633.1,8633.1
0.08,0.208,-0.1138,1.4602,-1.239e+05,1.6724e+05,5471,5471
0.08,0.192,-0.28721,1.5044,-60817,98269,3444.6,3444.6
0.08,0.176,-0.29596,0.99525,41499,-6042.5,4318.7,4318.7
0.08,0.16,-0.47526,-0.33869,5584.6,-2174.4,6417.3,6417.3
0.08,0.144,-0.5556,-0.45599,-1428.9,1816.7,7527.7,7527.7
0.08,0.128,-0.79176,0.54834,2642.3,6674.3,7527.1,7527.1
0.08,0.112,-0.1092,0.13313,13672,8494.2,7642.2,7642.2
0.08,0.096,-0.11563,-0.55154,26684,8504.7,9336.7,9336.7
0.08,0.08,0.17484,0.88526,13461,17462,10793,10793
0.08,0.064,-0.87439,1.6515,-95115,2.5453e+05,10011,10011
0.08,0.048,-2.8444,5.9559,-1.0515e+05,2.4556e+05,7179.7,7179.7
0.08,0.032,-3.2213,5.8336,-99586,2.3347e+05,3352.6,3352.6
0.08,0.016,-1.9064,-2.9794,0,0,1064.5,1064.5
0.096,0.496,3.0014,4.3288,0,0,51.511,51.511
0.096,0.48,3.3269,4.4678,-1.0514e+05,-48801,-268.53,268.53
0.096,0.464,2.6241,4.5202,-1.8213e+05,-82748,134.81,134.81
0.096,0.448,1.7373,5.6279,-1.0804e+05,-1.991e+05,1615.7,1615.7
0.096,0.432,3.6653,3.7436,3724,-3.1671e+05,5208.7,5208.7
0.096,0.416,3.644,3.099,1.8199e+05,-4.7885e+05,7883.5,7883.5
0.096,0.4,6.4539,2.0477,33535,-3.4916e+05,9186,9186
0.096,0.384,2.4516,3.2499,-37955,-2.6233e+05,7012.1,7012.1
0.096,0.368,2.0219,2.6978,-1.6005e+05,-1.7914e+05,5723.4,5723.4
0.096,0.352,2.1283,2.062,-37460,-2.3794e+05,4153.8,4153.8
0.096,0.336,1.8117,1.8818,-53329,-1.799e+05,5696.4,5696.4
0.096,0.32,1.5373,1.6697,1.1171e+05,-7.4469e+05,12366,12366
0.096,0.304,1.327,-1.2023,6.9564e+05,-1.7893e+06,27876,27876
0.096,0.288,10.431,-8.449,1.2651e+06,-2.64e+06,40278,40278
0.096,0.272,9.8704,-7.7705,1.2696e+06,-2.3612e+06,42442,42442
0.096,0.256,4.4902,-1.9965,4.1935e+05,-9.72e+05,32821,32821
0.096,0.24,-0.52208,2.6763,-95159,-1.0243e+05,22878,22878
0.096,0.224,-0.19402,2.2694,-3.3385e+05,4.33e+05,14519,14519
0.096,0.208,-2.6675,3.6701,-1.2038e+05,2.4716e+05,8325.4,8325.4
0.096,0.192,-0.063521,2.1319,-17697,61415,4458,4458
0.096,0.176,0.11224,1.7083,49078,-64940,4247.7,4247.7
0.096,0.16,0.73032,1.1737,19770,5579.6,6336.1,6336.1
0.096,0.144,-0.30151,0.19289,-471.42,7577.9,8043.7,8043.7
0.096,0.128,0.49635,0.53793,-4228.4,28314,8924.9,8924.9
0.096,0.112,1.445,0.17645,-8434.6,26393,9218.4,9218.4
0.096,0.096,0.82763,0.26033,612.96,23962,10031,10031
0.096,0.08,0.64991,-0.26502,-40318,79126,11172,11172
0.096,0.064,-1.0064,2.1634,-1.6059e+05,3.2224e+05,10025,10025
0.096,0.048,-2.5627,5.68,-1.6736e+05,3.0955e+05,7565.5,7565.5
0.096,0.032,-2.73,5.7957,-1.2463e+05,2.4312e+05,3542.1,3542.1
0.096,0.016,-2.105,-1.9819,0,0,1240.1,1240.1
0.112,0.496,3.5387,5.2474,0,0,479.73,479.73
0.112,0.48,3.5538,4.5248,9802.4,-2.3517e+05,907.46,907.46
0.112,0.464,2.6958,4.972,1.1853e+05,-4.9161e+05,2561.9,2561.9
0.112,0.448,3.4823,4.4428,1.2748e+05,-5.748e+05,5840.1,5840.1
0.112,0.432,4.5234,2.1799,83705,-5.2072e+05,8304.5,8304.5
0.112,0.416,5.2421,1.5333,91393,-5.006e+05,8050.6,8050.6
0.112,0.4,3.7454,4.134,-2050.1,-3.5583e+05,5694.4,5694.4
0.112,0.384,2.147,4.8741,8270.4,-3.9657e+05,5549.6,5549.6
0.112,0.368,2.5809,3.8698,-83372,-3.6053e+05,7788.5,7788.5
0.112,0.352,2.4141,3.9794,-55479,-3.4943e+05,9374.4,9374.4
0.112,0.336,2.1008,3.8805,-55434,-2.9031e+05,10802,10802
0.112,0.32,2.3381,2.9826,89553,-7.7805e+05,17332,17332
0.112,0.304,10.648,-5.4261,6.0563e+05,-1.7028e+06,34503,34503
0.112,0.288,10.163,-5.4904,8.9561e+05,-2.0421e+06,49379,49379
0.112,0.272,4.0609,0.47593,5.082e+05,-1.298e+06,54423,54423
0.112,0.256,-0.5953,2.7593,-3.6175e+05,1.6478e+05,46591,46591
0.112,0.24,-1.8947,6.4118,-5.9453e+05,7.0429e+05,33364,33364
0.112,0.224,-0.22279,7.7657,-3.2477e+05,6.6558e+05,19792,19792
0.112,0.208,0.18348,6.8095,82457,1.0801e+05,8588.6,8588.6
0.112,0.192,-0.015081,2.6695,61519,-11455,3685.4,3685.4
0.112,0.176,0.6641,2.6741,61795,-74443,2801.3,2801.3
0.112,0.16,0.45652,1.8035,51334,7193.2,3829.5,3829.5
0.112,0.144,0.46606,-0.30533,40748,22090,5627.6,5627.6
0.112,0.128,0.80834,-0.25036,21716,-32619,8111.4,8111.4
0.112,0.112,1.0637,0.23459,-14133,8588.3,8923.3,8923.3
0.112,0.096,0.7353,0.79447,-7817.5,3200.4,8965.8,8965.8
0.112,0.08,1.1322,1.5555,-32258,66419,8630.6,8630.6
0.112,0.064,0.62704,2.3525,-93017,1.7024e+05,7206.4,7206.4
0.112,0.048,-1.7988,2.7905,-98126,1.6428e+05,5505.1,5505.1
0.112,0.032,-2.0023,4.2038,-70800,1.1597e+05,2599.7,2599.7
0.112,0.016,-1.0614,-1.7281,0,0,1060.5,1060.5
0.128,0.496,5.1441,5.3857,0,0,1023.9,1023.9
0.128,0.48,4.4016,4.9016,52877,-4.9394e+05,3130,3130
0.128,0.464,3.6295,5.1165,3.0164e+05,-1.0535e+06,7155.5,7155.5
0.128,0.448,5.0652,4.5291,2.8598e+05,-9.9176e+05,10481,10481
0.128,0.432,4.1936,3.8887,2.7642e+05,-8.3694e+05,10843,10843
0.128,0.416,1.2417,6.6731,83173,-5.7325e+05,5611.6,5611.6
0.128,0.4,1.0707,8.3773,4839.9,-4.9381e+05,1586.2,1586.2
0.128,0.384,2.7329,6.7423,-31232,-5.466e+05,1993.8,1993.8
0.128,0.368,1.6783,5.4595,39212,-6.9286e+05,9728.7,9728.7
0.128,0.352,1.9673,5.3686,95757,-7.8409e+05,15874,15874
0.128,0.336,2.3719,5.4282,1.2102e+05,-7.2132e+05,20251,20251
0.128,0.32,1.9226,4.6711,2.8148e+05,-1.0853e+06,25137,25137
0.128,0.304,-0.20197,6.5939,3.8455e+05,-1.1865e+06,38212,38212
0.128,0.288,-1.7774,8.8919,3.0886e+05,-9.1307e+05,50743,50743
0.128,0.272,-2.3999,8.4781,-3.0509e+05,1.3655e+05,54539,54539
0.128,0.256,-2.7943,7.4891,-7.1528e+05,8.0366e+05,47774,47774
0.128,0.24,-0.88774,8.2224,-6.0719e+05,7.2064e+05,38027,38027
0.128,0.224,1.6524,7.5622,-63378,2.8537e+05,24292,24292
0.128,0.208,2.1067,7.3496,2.3474e+05,-1.7192e+05,13220,13220
0.128,0.192,1.3607,4.3847,1.7085e+05,-2.2748e+05,4589.8,4589.8
0.128,0.176,0.021518,0.98055,31072,-1.4627e+05,4757.5,4757.5
0.128,0.16,0.68809,3.2553,10041,9641.2,4729.7,4729.7
0.128,0.144,1.8996,1.8449,28239,18370,5493.1,5493.1
0.128,0.128,0.1375,-0.48064,35193,-1.0439e+05,6718.2,6718.2
0.128,0.112,1.4649,-0.18776,19317,-1.2153e+05,7763.7,7763.7
0.128,0.096,1.1305,0.3935,-17291,1491.7,7654.3,7654.3
0.128,0.08,0.85055,2.0496,-21425,29632,6541.3,6541.3
0.128,0.064,1.2959,1.6857,-45779,1.166e+05,4636,4636
0.128,0.048,1.4728,2.3587,-10760,14535,3214.9,3214.9
0.128,0.032,0.89178,2.9937,-7162.7,33190,1459.8,1459.8
0.128,0.016,0.67315,-0.48446,0,0,639.89,639.89
0.144,0.496,0.54411,11.791,0,0,1102,1102
0.144,0.48,0.22388,7.3992,1.393e+05,-5.7235e+05,5564.1,5564.1
0.144,0.464,0.92488,6.0418,5.7661e+05,-1.5118e+06,10868,10868
0.144,0.448,2.5132,7.5911,5.0093e+05,-1.2955e+06,14871,14871
0.144,0.432,1.8701,10.135,3.8277e+05,-1.1382e+06,12788,12788
0.144,0.416,1.9976,10.003,1.0859e+05,-7.7732e+05,6809.6,6809.6
0.144,0.4,2.0296,9.7933,41823,-6.162e+05,470.6,470.6
0.144,0.384,2.8355,9.7664,9491.8,-3.9449e+05,-805.93,805.93
0.144,0.368,2.2971,9.074,-16741,-4.2824e+05,5415.1,5415.1
0.144,0.352,2.4602,8.0029,-3029.4,-6.3006e+05,15099,15099
0.144,0.336,3.141,7.2079,-12757,-6.8016e+05,24975,24975
0.144,0.32,1.8575,7.4192,-69815,-4.1908e+05,31994,31994
0.144,0.304,0.16111,10.909,-2.4252e+05,2.206e+05,40827,40827
0.144,0.288,-0.24315,14.396,-5.1338e+05,9.3079e+05,45380,45380
0.144,0.272,-0.66325,14.671,-7.6052e+05,1.4468e+06,44489,44489
0.144,0.256,-1.0611,12.612,-7.477e+05,1.3589e+06,35839,35839
0.144,0.24,-1.58,9.4281,-4.3239e+05,6.5863e+05,32833,32833
0.144,0.224,-0.69076,7.2609,26161,-84320,27049,27049
0.144,0.208,-0.30172,6.8263,2.8613e+05,-6.2878e+05,20892,20892
0.144,0.192,1.7954,3.408,2.6634e+05,-5.8635e+05,11762,11762
0.144,0.176,0.22241,1.2349,1.8012e+05,-3.9141e+05,9276.4,9276.4
0.144,0.16,0.73699,4.8783,96887,-1.8903e+05,10135,10135
0.144,0.144,1.0318,4.2037,79671,-1.3605e+05,9452.5,9452.5
0.144,0.128,1.2579,3.6334,62141,-2.5508e+05,9193,9193
0.144,0.112,1.3811,3.4398,16357,-2.3827e+05,8868.5,8868.5
0.144,0.096,1.7544,-1.0971,-82977,-41165,8173.2,8173.2
0.144,0.08,-0.43946,3.9165,-83585,24946,6442.4,6442.4
0.144,0.064,0.44251,2.0301,-63832,1.6369e+05,3979.4,3979.4
0.144,0.048,0.86644,4.4699,28970,29254,2317.1,2317.1
0.144,0.032,-0.82951,5.7586,27503,46521,901.56,901.56
0.144,0.016,-2.5015,4.8929,0,0,355.54,355.54
0.16,0.496,-0.96619,20.201,0,0,925.33,925.33
0.16,0.48,-0.58179,14.878,26270,-4.0697e+05,5389.5,5389.5
0.16,0.464,-1.3478,15.824,3.2543e+05,-1.6362e+06,11365,11365
0.16,0.448,-0.21991,17.312,3.3322e+05,-1.2656e+06,2357.3,2357.3
0.16,0.432,1.4518,15.75,4.7481e+05,-1.351e+06,-7945.5,7945.5
0.16,0.416,2.0308,14.352,3.4746e+05,-1.0955e+06,-17381,17381
0.16,0.4,1.3897,15.591,2.5276e+05,-9.0012e+05,-17171,17171
0.16,0.384,-0.084695,17.038,2.1605e+05,-7.6635e+05,-17797,17797
0.16,0.368,0.11672,18.473,1.175e+05,-6.9037e+05,-10044,10044
0.16,0.352,-1.368,14.832,1.3799e+05,-8.1279e+05,4111.3,4111.3
0.16,0.336,-0.29583,13.909,12903,-5.9556e+05,24274,24274
0.16,0.32,0.91877,16.336,106.37,-4.4e+05,37277,37277
0.16,0.304,1.6792,18.594,-1.7666e+05,2.1527e+05,46687,46687
0.16,0.288,0.24044,20.415,-4.9179e+05,1.2189e+06,46003,46003
0.16,0.272,-2.0987,22.747,-7.127e+05,2.0204e+06,36323,36323
0.16,0.256,-1.8605,22.075,-7.9333e+05,2.0605e+06,16595,16595
0.16,0.24,-2.064,19.228,-5.5616e+05,1.071e+06,12033,12033
0.16,0.224,-1.6123,13.712,-2.1781e+05,-1.2263e+05,19892,19892
0.16,0.208,-1.2239,10.766,2.6133e+05,-1.2158e+06,31145,31145
0.16,0.192,0.76221,8.8855,4.5023e+05,-1.3797e+06,28373,28373
0.16,0.176,0.58573,8.4778,4.2226e+05,-1.0635e+06,20521,20521
0.16,0.16,0.90539,7.4224,2.08e+05,-6.1637e+05,15261,15261
0.16,0.144,1.5371,6.1369,1.1628e+05,-4.1537e+05,11279,11279
0.16,0.128,1.0569,6.3611,92280,-4.261e+05,8455.9,8455.9
0.16,0.112,0.8888,5.8727,52098,-3.6392e+05,7622.7,7622.7
0.16,0.096,0.73266,4.6598,-98122,-1.3817e+05,7595.4,7595.4
0.16,0.08,-1.1295,5.9949,-1.5909e+05,-35026,7174.3,7174.3
0.16,0.064,-0.17463,5.5214,-1.6064e+05,1.4229e+05,4619.3,4619.3
0.16,0.048,-0.14857,6.6797,-29602,27656,2438.5,2438.5
0.16,0.032,-2.3562,8.3491,11246,53462,868.41,868.41
0.16,0.016,-3.9842,7.7963,0,0,296.55,296.55
0.176,0.496,-1.6576,32.025,0,0,294.86,294.86
0.176,0.48,-0.42814,33.077,0,0,3375.9,3375.9
0.176,0.464,-0.24233,34.953,NaN,NaN,7717.2,7717.2
0.176,0.448,-0.16729,32.965,NaN,NaN,-6976.5,6976.5
0.176,0.432,0.80053,28.853,5.6017e+05,-2.6843e+06,-20005,20005
0.176,0.416,1.4673,24.482,4.5422e+05,-1.8295e+06,-28042,28042
0.176,0.4,2.2389,24.793,3.3117e+05,-1.0245e+06,-37996,37996
0.176,0.384,2.0551,23.231,3.4446e+05,-6.4635e+05,-45368,45368
0.176,0.368,2.039,24.571,73944,-3.2223e+05,-44150,44150
0.176,0.352,0.82857,28.248,-4135.7,-3.79e+05,-29351,29351
0.176,0.336,-0.50633,30.445,-2.4454e+05,-70182,-9711.7,9711.7
0.176,0.32,-0.16856,29.526,-75233,-2.6446e+05,11360,11360
0.176,0.304,0.8971,28.52,-1.4708e+05,1.472e+05,31958,31958
0.176,0.288,-1.6955,29.564,-5.3012e+05,1.5433e+06,39411,39411
0.176,0.272,-4.9492,32.283,-8.9242e+05,2.5887e+06,25970,25970
0.176,0.256,-5.1767,30.024,-1.0467e+06,2.6729e+06,-5419,5419
0.176,0.24,-4.5421,24.582,-7.3607e+05,1.0915e+06,-18223,18223
0.176,0.224,-2.1077,20.088,-1.5127e+05,-9.554e+05,1831.5,1831.5
0.176,0.208,-0.97794,15.204,4.7708e+05,-2.6139e+06,34088,34088
0.176,0.192,0.11696,13.089,7.5093e+05,-2.7501e+06,47652,47652
0.176,0.176,0.54944,11.048,6.7684e+05,-2.1394e+06,37235,37235
0.176,0.16,0.978,9.8731,4.876e+05,-1.47e+06,24475,24475
0.176,0.144,1.0387,7.8189,2.9868e+05,-9.9717e+05,15581,15581
0.176,0.128,0.65368,9.6143,1.771e+05,-8.114e+05,9062,9062
0.176,0.112,1.4935,9.7901,10519,-6.04e+05,6150.6,6150.6
0.176,0.096,1.391,8.6209,-1.4588e+05,-3.3921e+05,6634.5,6634.5
0.176,0.08,0.077483,7.4419,-1.9301e+05,-58972,7749,7749
0.176,0.064,-0.28272,6.2952,-1.3307e+05,1.2403e+05,5898.7,5898.7
0.176,0.048,-0.65234,6.552,-29375,74240,3202.7,3202.7
0.176,0.032,-1.8355,7.6307,5399.4,45294,1082.5,1082.5
0.176,0.016,-2.3002,6.8666,0,0,289.44,289.44
0.192,0.496,-2.298,43.562,0,0,147.43,147.43
0.192,0.48,-1.6933,44.773,0,0,221.14,221.14
0.192,0.464,-1.1999,44.43,NaN,NaN,442.29,442.29
0.192,0.448,-1.0997,40.687,NaN,NaN,-80546,80546
0.192,0.432,-0.086184,37.744,NaN,NaN,-71554,71554
0.192,0.416,0.57415,34.978,NaN,NaN,-65761,65761
0.192,0.4,1.4951,33.667,NaN,NaN,-69080,69080
0.192,0.384,2.9244,34.519,8.3666e+05,-2.8097e+06,-70992,70992
0.192,0.368,2.6525,35.697,8.3666e+05,-2.8097e+06,-64963,64963
0.192,0.352,2.4944,34.429,4.6702e+05,-1.2448e+06,-47335,47335
0.192,0.336,0.52023,39.784,-13685,21370,-26729,26729
0.192,0.32,-1.0465,40.916,-8423.4,-2.0028e+05,-2319.8,2319.8
0.192,0.304,-2.1788,42.958,-2.7959e+05,3.0799e+05,26795,26795
0.192,0.288,-3.2981,43.47,-8.8157e+05,2.4078e+06,27196,27196
0.192,0.272,-4.3879,40.016,-1.2518e+06,3.2348e+06,2116.5,2116.5
0.192,0.256,-4.7394,36.088,-1.296e+06,2.9722e+06,-39845,39845
0.192,0.24,-2.9797,30.111,-1.0075e+06,1.079e+06,-52185,52185
0.192,0.224,0.77029,21.274,-3.2813e+05,-1.3893e+06,-21920,21920
0.192,0.208,1.5647,14.88,4.3269e+05,-3.4581e+06,30910,30910
0.192,0.192,-0.3807,17.713,9.4586e+05,-3.9239e+06,58068,58068
0.192,0.176,-0.25871,15.674,9.8408e+05,-3.3613e+06,54693,54693
0.192,0.16,0.014329,16.312,7.0368e+05,-2.4626e+06,36425,36425
0.192,0.144,1.7652,16.231,3.3398e+05,-1.6249e+06,25903,25903
0.192,0.128,1.924,13.612,1.5226e+05,-1.2097e+06,16175,16175
0.192,0.112,0.89676,6.623,37957,-8.415e+05,9628.1,9628.1
0.192,0.096,-0.52052,5.9041,-36384,-4.7537e+05,7525.8,7525.8
0.192,0.08,0.29048,6.6286,-1.0348e+05,25689,8624,8624
0.192,0.064,0.49231,6.9307,-82141,2.9498e+05,6912,6912
0.192,0.048,0.41015,7.6551,-29356,2.4589e+05,3468.9,3468.9
0.192,0.032,0.11029,7.2423,-14452,1.2861e+05,883.16,883.16
0.192,0.016,-1.6777,6.0817,0,0,133.01,133.01
0.208,0.496,-2.6367,50.092,0,0,0,0
0.208,0.48,-1.6317,48.167,0,0,0,0
0.208,0.464,-0.56228,47.393,NaN,NaN,0,0
0.208,0.448,-0.4064,44.756,NaN,NaN,NaN,NaN
0.208,0.432,0.98476,42.775,NaN,NaN,NaN,NaN
0.208,0.416,2.2673,41.836,NaN,NaN,NaN,NaN
0.208,0.4,4.1414,40.604,NaN,NaN,-1.1228e+05,1.1228e+05
0.208,0.384,5.2445,39.793,NaN,NaN,-1.0336e+05,1.0336e+05
0.208,0.368,3.7402,41.028,NaN,NaN,-92715,92715
0.208,0.352,3.923,42.028,NaN,NaN,-78283,78283
0.208,0.336,1.1211,44.289,NaN,NaN,-68776,68776
0.208,0.32,-0.99327,47.271,NaN,NaN,-40861,40861
0.208,0.304,-3.4613,47.317,NaN,NaN,2706,2706
0.208,0.288,-6.2604,46.574,-1.1074e+06,2.6829e+06,-599.87,599.87
0.208,0.272,-7.5173,44.911,-1.2976e+06,2.5383e+06,-25943,25943
0.208,0.256,-7.6051,42.822,-1.3007e+06,2.1684e+06,-65450,65450
0.208,0.24,-5.675,36.879,-1.1743e+06,6.2686e+05,-72315,72315
0.208,0.224,-3.1727,28.674,-7.0456e+05,-1.3318e+06,-39954,39954
0.208,0.208,-1.7987,23.428,-1.8006e+05,-3.0415e+06,16598,16598
0.208,0.192,0.11971,20.691,3.7393e+05,-3.6885e+06,54086,54086
0.208,0.176,1.6588,16.401,6.9817e+05,-3.6557e+06,62495,62495
0.208,0.16,1.8374,12.891,7.9857e+05,-3.2176e+06,53133,53133
0.208,0.144,0.10213,9.9893,6.1092e+05,-2.5519e+06,45126,45126
0.208,0.128,-0.50676,7.2716,4.2162e+05,-1.979e+06,37879,37879
0.208,0.112,0.42071,5.3511,2.2943e+05,-1.4193e+06,27937,27937
0.208,0.096,-0.20869,9.7505,-14484,-6.5403e+05,18864,18864
0.208,0.08,-0.47068,13.454,-2.1605e+05,1.7917e+05,12096,12096
0.208,0.064,-0.28672,14.68,-1.9122e+05,3.8195e+05,7539.5,7539.5
0.208,0.048,0.1138,12.38,-70928,2.4516e+05,3299.2,3299.2
0.208,0.032,1.8663,8.0253,21922,-32993,651.33,651.33
0.208,0.016,2.024,5.5975,0,0,9.5752,9.5752
0.224,0.496,-2.8805,53.405,0,0,0,0
0.224,0.48,-2.6328,49.957,0,0,0,0
0.224,0.464,-1.3454,49.039,NaN,NaN,0,0
0.224,0.448,0.55369,47.743,NaN,NaN,NaN,NaN
0.224,0.432,2.4887,46.598,NaN,NaN,NaN,NaN
0.224,0.416,4.1027,46.073,NaN,NaN,NaN,NaN
0.224,0.4,4.5399,45.853,NaN,NaN,NaN,NaN
0.224,0.384,3.9121,45.843,NaN,NaN,NaN,NaN
0.224,0.368,3.2062,46.306,NaN,NaN,NaN,NaN
0.224,0.352,1.9169,47.084,NaN,NaN,NaN,NaN
0.224,0.336,-0.073694,47.809,NaN,NaN,-1.5191e+05,1.5191e+05
0.224,0.32,-1.7136,48.723,NaN,NaN,-1.3053e+05,1.3053e+05
0.224,0.304,-3.6135,48.156,NaN,NaN,-57326,57326
0.224,0.288,-5.5329,47.141,-1.1296e+06,1.3304e+06,-43962,43962
0.224,0.272,-7.2842,44.599,-1.271e+06,1.223e+06,-38632,38632
0.224,0.256,-7.6255,43.009,-1.2939e+06,1.076e+06,-66159,66159
0.224,0.24,-6.0633,41.02,-1.3827e+06,4.1065e+05,-66466,66466
0.224,0.224,-4.6784,37.065,-1.2904e+06,-4.8992e+05,-50169,50169
0.224,0.208,-4.4469,34.853,-1.0314e+06,-1.4955e+06,-3504.5,3504.5
0.224,0.192,-3.133,33.948,-5.5302e+05,-2.158e+06,34985,34985
0.224,0.176,-1.3255,30.951,-1.2687e+05,-2.5131e+06,54610,54610
0.224,0.16,-0.77214,27.227,11917,-2.4571e+06,57729,57729
0.224,0.144,-1.3653,26.715,-82568,-2.0818e+06,59305,59305
0.224,0.128,-2.0349,23.816,-91111,-1.6826e+06,57613,57613
0.224,0.112,-1.1142,23.15,-13161,-1.2626e+06,49776,49776
0.224,0.096,-1.6447,23.681,-14792,-7.2864e+05,33699,33699
0.224,0.08,-4.0604,21.385,-1.1048e+05,-30007,19023,19023
0.224,0.064,-3.9839,21.704,-61113,1.6118e+05,7953.5,7953.5
0.224,0.048,-1.0022,19.141,21974,1.3632e+05,4078.8,4078.8
0.224,0.032,1.7568,18.293,78449,-77759,1092,1092
0.224,0.016,2.4623,21.606,0,0,582.17,582.17
0.24,0.496,-3.938,52.266,0,0,0,0
0.24,0.48,-4.3306,49.382,0,0,0,0
0.24,0.464,-3.1634,48.36,NaN,NaN,0,0
0.24,0.448,0.21219,47.896,NaN,NaN,NaN,NaN
0.24,0.432,2.0763,47.773,NaN,NaN,NaN,NaN
0.24,0.416,4.0762,47.213,NaN,NaN,NaN,NaN
0.24,0.4,4.7442,47.32,NaN,NaN,NaN,NaN
0.24,0.384,3.4844,47.968,NaN,NaN,NaN,NaN
0.24,0.368,2.0191,48.286,NaN,NaN,NaN,NaN
0.24,0.352,0.6239,48.085,NaN,NaN,NaN,NaN
0.24,0.336,-1.3341,46.769,NaN,NaN,-1.5431e+05,1.5431e+05
0.24,0.32,-2.4781,46.272,61285,-2.4875e+06,-1.4606e+05,1.4606e+05
0.24,0.304,-3.6431,45.336,-1.2241e+05,-2.3238e+06,-1.0666e+05,1.0666e+05
0.24,0.288,-5.1622,44.032,-5.9595e+05,-1.2412e+06,-74100,74100
0.24,0.272,-6.237,43.193,-9.8194e+05,-7.4811e+05,-37271,37271
0.24,0.256,-5.5799,42.465,-1.1273e+06,-4.6824e+05,-32116,32116
0.24,0.24,-4.1713,41.154,-1.3067e+06,-4.4372e+05,-26729,26729
0.24,0.224,-4.8028,40.373,-1.4123e+06,-4.4833e+05,-20427,20427
0.24,0.208,-5.3581,41.219,-1.5291e+06,-5.324e+05,5912.8,5912.8
0.24,0.192,-4.6907,42.8,-1.4685e+06,-7.0939e+05,35517,35517
0.24,0.176,-4.5875,42.901,-1.2269e+06,-1.0056e+06,50326,50326
0.24,0.16,-4.796,41.643,-9.6443e+05,-1.2106e+06,56372,56372
0.24,0.144,-5.4751,41.027,-7.9958e+05,-1.2049e+06,61854,61854
0.24,0.128,-5.9907,43.349,-6.5898e+05,-1.0163e+06,65952,65952
0.24,0.112,-4.8754,43.108,-4.8678e+05,-7.7752e+05,63473,63473
0.24,0.096,-5.4696,41.792,-3.5259e+05,-4.4079e+05,49101,49101
0.24,0.08,-6.4797,40.311,-2.3555e+05,33076,32451,32451
0.24,0.064,-5.5365,39.198,-3438.7,1.8136e+05,18383,18383
0.24,0.048,-2.813,38.222,1.2026e+05,1.6453e+05,11078,11078
0.24,0.032,-0.39845,38.267,1.525e+05,-28462,4550.2,4550.2
0.24,0.016,0.07268,37.702,0,0,1598.3,1598.3
0.256,0.496,-5.2973,46.735,0,0,0,0
0.256,0.48,-4.7297,44.511,0,0,0,0
0.256,0.464,-3.5021,45.534,NaN,NaN,0,0
0.256,0.448,-1.8779,46.876,NaN,NaN,NaN,NaN
0.256,0.432,-0.12236,48.435,NaN,NaN,NaN,NaN
0.256,0.416,1.3358,48.607,NaN,NaN,NaN,NaN
0.256,0.4,2.1164,48.212,NaN,NaN,NaN,NaN
0.256,0.384,2.1925,47.546,NaN,NaN,-80717,80717
0.256,0.368,1.5878,46.567,NaN,NaN,-95626,95626
0.256,0.352,1.3242,45.027,NaN,NaN,-1.0516e+05,1.0516e+05
0.256,0.336,0.29597,42.136,NaN,NaN,-1.4313e+05,1.4313e+05
0.256,0.32,-1.7241,40.581,1.6951e+05,-2.3478e+06,-1.4594e+05,1.4594e+05
0.256,0.304,-3.1479,37.902,-1.7532e+05,-2.6124e+06,-1.1833e+05,1.1833e+05
0.256,0.288,-3.7485,37.394,-5.2042e+05,-2.4477e+06,-77803,77803
0.256,0.272,-4.4001,38.345,-9.5239e+05,-2.2936e+06,-18908,18908
0.256,0.256,-4.4217,38.894,-1.0853e+06,-1.9181e+06,5745.4,5745.4
0.256,0.24,-3.1557,40.483,-1.1516e+06,-1.5174e+06,20823,20823
0.256,0.224,-3.2109,41.883,-1.1749e+06,-1.0566e+06,18902,18902
0.256,0.208,-3.1498,42.77,-1.3101e+06,-6.1121e+05,27981,27981
0.256,0.192,-4.1993,44.605,-1.5142e+06,-2.3943e+05,38208,38208
0.256,0.176,-5.7987,46.197,-1.6799e+06,-29838,41748,41748
0.256,0.16,-5.6458,46.213,-1.771e+06,1.0741e+05,41505,41505
0.256,0.144,-6.1366,47.982,-1.723e+06,2.1689e+05,48316,48316
0.256,0.128,-6.4521,48.63,-1.5365e+06,2.8068e+05,64302,64302
0.256,0.112,-5.9132,48.762,-1.2297e+06,3.2444e+05,79376,79376
0.256,0.096,-5.6572,49.101,-7.9238e+05,3.7786e+05,81320,81320
0.256,0.08,-5.2627,47.65,-3.5626e+05,6.8888e+05,67316,67316
0.256,0.064,-3.3925,47.056,25839,1.1198e+06,44398,44398
0.256,0.048,-2.3383,47.373,1.3777e+05,9.272e+05,26864,26864
0.256,0.032,-1.783,47.165,1.082e+05,5.386e+05,10643,10643
0.256,0.016,-1.4389,47.99,0,0,3620.4,3620.4
0.272,0.496,-5.1846,40.53,0,0,0,0
0.272,0.48,-5.1598,38.755,0,0,0,0
0.272,0.464,-5.328,41.566,NaN,NaN,0,0
0.272,0.448,-4.2284,44.696,NaN,NaN,NaN,NaN
0.272,0.432,-2.2352,47.305,NaN,NaN,NaN,NaN
0.272,0.416,-0.45597,47.316,NaN,NaN,NaN,NaN
0.272,0.4,1.0719,46.689,NaN,NaN,8200.2,8200.2
0.272,0.384,2.266,45.501,NaN,NaN,-30793,30793
0.272,0.368,2.6197,43.581,7.1827e+05,-39857,-61186,61186
0.272,0.352,1.7666,41.168,6.9405e+05,-3.2506e+05,-93116,93116
0.272,0.336,0.97186,38.263,5.9903e+05,-1.1733e+06,-1.3137e+05,1.3137e+05
0.272,0.32,-0.29854,36.5,2.4046e+05,-2.443e+06,-1.1231e+05,1.1231e+05
0.272,0.304,-1.5936,33.539,-1.4448e+05,-3.0608e+06,-80986,80986
0.272,0.288,-2.8021,30.178,-4.5831e+05,-3.1495e+06,-28461,28461
0.272,0.272,-3.8315,28.421,-7.9893e+05,-3.0917e+06,12319,12319
0.272,0.256,-3.9556,30.89,-9.0367e+05,-2.711e+06,37564,37564
0.272,0.24,-3.0175,35.399,-8.8812e+05,-2.1185e+06,52688,52688
0.272,0.224,-2.6862,40.485,-8.3799e+05,-1.4964e+06,55762,55762
0.272,0.208,-2.4256,43.919,-9.0995e+05,-8.8992e+05,56296,56296
0.272,0.192,-3.2004,46.489,-1.0832e+06,-3.2695e+05,49962,49962
0.272,0.176,-4.6518,48.101,-1.3111e+06,95601,34208,34208
0.272,0.16,-5.133,49.485,-1.4936e+06,4.4532e+05,27677,27677
0.272,0.144,-5.0061,51.086,-1.5564e+06,6.893e+05,36205,36205
0.272,0.128,-5.1982,51.661,-1.5294e+06,9.3503e+05,64413,64413
0.272,0.112,-6.3367,52.539,-1.4029e+06,1.192e+06,94462,94462
0.272,0.096,-5.9894,54.366,-1.1355e+06,1.5253e+06,1.1038e+05,1.1038e+05
0.272,0.08,-3.7617,55.427,-7.6911e+05,2.0385e+06,99608,99608
0.272,0.064,-2.0683,55.793,-3.9846e+05,2.6519e+06,70855,70855
0.272,0.048,-1.4829,56.355,-1.4493e+05,2.0069e+06,41969,41969
0.272,0.032,-0.95302,60.034,-33551,1.116e+06,17818,17818
0.272,0.016,-0.7368,58.186,0,0,5602.6,5602.6
0.288,0.496,-3.4452,32.178,0,0,0,0
0.288,0.48,-3.2748,28.894,0,0,0,0
0.288,0.464,-3.3836,31.356,NaN,NaN,0,0
0.288,0.448,-3.3777,36.177,NaN,NaN,NaN,NaN
0.288,0.432,-2.2566,40.847,NaN,NaN,NaN,NaN
0.288,0.416,-1.4907,41.544,NaN,NaN,2.0645e+05,2.0645e+05
0.288,0.4,-1.3466,40.706,NaN,NaN,79841,79841
0.288,0.384,-1.3624,38.55,-60668,-1.4205e+06,13463,13463
0.288,0.368,-0.34565,34.316,2.0429e+05,-1.038e+06,-52988,52988
0.288,0.352,0.71607,29.14,2.6511e+05,-1.1161e+06,-87976,87976
0.288,0.336,1.1428,26.604,3.53e+05,-1.6966e+06,-1.1052e+05,1.1052e+05
0.288,0.32,-0.38954,25.713,2.6048e+05,-2.5012e+06,-57246,57246
0.288,0.304,-1.9061,24.769,-20377,-3.1234e+06,-2759.6,2759.6
0.288,0.288,-2.1038,22.771,-3.5279e+05,-3.1648e+06,51097,51097
0.288,0.272,-2.699,22.296,-6.2448e+05,-3.0291e+06,52399,52399
0.288,0.256,-2.0513,25.624,-6.6801e+05,-2.6401e+06,47460,47460
0.288,0.24,-2.0391,30.14,-5.9152e+05,-2.0998e+06,49121,49121
0.288,0.224,-2.387,35.138,-5.4831e+05,-1.4841e+06,49851,49851
0.288,0.208,-1.9394,39.538,-5.9326e+05,-7.5751e+05,52068,52068
0.288,0.192,-2.0094,43.538,-7.4318e+05,-81917,40248,40248
0.288,0.176,-2.143,46.906,-9.2658e+05,5.0082e+05,23890,23890
0.288,0.16,-3.0042,49.4,-1.0684e+06,9.757e+05,23880,23880
0.288,0.144,-3.8718,51.334,-1.1359e+06,1.4139e+06,47666,47666
0.288,0.128,-4.333,52.179,-1.1268e+06,1.8949e+06,91977,91977
0.288,0.112,-4.7063,54.462,-1.1026e+06,2.4155e+06,1.2889e+05,1.2889e+05
0.288,0.096,-4.6392,56.6,-9.6407e+05,3.08e+06,1.2787e+05,1.2787e+05
0.288,0.08,-3.5376,58.623,-7.9025e+05,3.7948e+06,98482,98482
0.288,0.064,-2.8479,60.79,-6.0305e+05,4.5125e+06,58089,58089
0.288,0.048,-2.3477,62.943,-3.4728e+05,3.2513e+06,38824,38824
0.288,0.032,-3.7357,65.692,-1.604e+05,1.7238e+06,18099,18099
0.288,0.016,-1.9671,61.439,0,0,7021,7021
0.304,0.496,-2.092,27.576,0,0,0,0
0.304,0.48,-1.9046,22.993,0,0,0,0
0.304,0.464,-1.4103,21.368,NaN,NaN,0,0
0.304,0.448,-1.4739,23.795,NaN,NaN,NaN,NaN
0.304,0.432,-0.27571,27.528,NaN,NaN,NaN,NaN
0.304,0.416,-1.7294,31.263,NaN,NaN,1.84e+05,1.84e+05
0.304,0.4,-2.9856,31.368,-4.0101e+05,-8.9718e+05,78057,78057
0.304,0.384,-3.3625,27.142,-3.212e+05,-9.497e+05,33489,33489
0.304,0.368,-3.8285,24.924,-1.3287e+05,-7.2416e+05,-40926,40926
0.304,0.352,-2.5746,22.629,26404,-7.0922e+05,-73644,73644
0.304,0.336,-0.69352,20.583,1.7675e+05,-1.1468e+06,-86999,86999
0.304,0.32,-0.97807,17.66,2.2132e+05,-1.8937e+06,1874.2,1874.2
0.304,0.304,-1.2266,15.821,1.5415e+05,-2.5247e+06,64523,64523
0.304,0.288,-1.8995,15.534,-59862,-2.5966e+06,1.1157e+05,1.1157e+05
0.304,0.272,-1.3613,13.967,-2.4545e+05,-2.2914e+06,69687,69687
0.304,0.256,-1.4149,15.006,-3.755e+05,-1.9856e+06,39912,39912
0.304,0.24,-2.2923,15.517,-3.7218e+05,-1.5949e+06,27100,27100
0.304,0.224,-2.847,17.088,-3.6777e+05,-1.1425e+06,30161,30161
0.304,0.208,-3.3053,22.646,-3.6176e+05,-4.4854e+05,41087,41087
0.304,0.192,-2.7395,27.385,-3.964e+05,2.5862e+05,43104,43104
0.304,0.176,-3.8373,33.11,-4.7247e+05,9.1075e+05,36481,36481
0.304,0.16,-3.6355,39.726,-5.7468e+05,1.521e+06,52757,52757
0.304,0.144,-3.3645,44.588,-6.4545e+05,2.1091e+06,89661,89661
0.304,0.128,-3.8192,47.827,-6.5312e+05,2.7992e+06,1.3287e+05,1.3287e+05
0.304,0.112,-2.5968,49.919,-6.1877e+05,3.4636e+06,1.412e+05,1.412e+05
0.304,0.096,-2.6368,51.885,-5.5741e+05,4.2168e+06,1.0413e+05,1.0413e+05
0.304,0.08,-2.4191,54.176,-4.9417e+05,4.911e+06,56401,56401
0.304,0.064,-1.9229,56.306,-4.4579e+05,5.5891e+06,24293,24293
0.304,0.048,-2.314,58.249,-2.818e+05,3.9552e+06,22316,22316
0.304,0.032,-3.7992,59.851,-1.432e+05,2.0741e+06,13221,13221
0.304,0.016,-1.9731,61.231,0,0,7158.3,7158.3
0.32,0.496,-0.51558,33.655,0,0,0,0
0.32,0.48,-0.90225,26.169,0,0,0,0
0.32,0.464,-1.9557,21.91,NaN,NaN,0,0
0.32,0.448,-1.524,19.054,NaN,NaN,NaN,NaN
0.32,0.432,-0.45611,19.947,NaN,NaN,NaN,NaN
0.32,0.416,-2.9144,23.831,NaN,NaN,1.7024e+05,1.7024e+05
0.32,0.4,-3.5276,21.815,-4.0101e+05,-8.9718e+05,92193,92193
0.32,0.384,-3.6644,19.729,-3.212e+05,-9.497e+05,47046,47046
0.32,0.368,-4.3843,21.408,-2.8202e+05,-9.8883e+05,-35050,35050
0.32,0.352,-3.5299,22.478,-1.749e+05,-9.1507e+05,-63556,63556
0.32,0.336,-1.698,22.882,-42757,-9.8041e+05,-67032,67032
0.32,0.32,-1.0079,21.7,1.4151e+05,-1.0196e+06,28360,28360
0.32,0.304,-1.2186,18.527,2.5825e+05,-1.2777e+06,83020,83020
0.32,0.288,-0.93588,15.363,1.8718e+05,-1.3633e+06,1.1581e+05,1.1581e+05
0.32,0.272,-1.5284,12.052,-21923,-1.3816e+06,52019,52019
0.32,0.256,-3.0382,10.919,-2.4947e+05,-1.27e+06,17694,17694
0.32,0.24,-3.9528,10.322,-3.2924e+05,-1.0634e+06,1512.2,1512.2
0.32,0.224,-2.6119,10.116,-2.8324e+05,-7.7025e+05,8795.1,8795.1
0.32,0.208,-1.7906,12.252,-1.9845e+05,-2.7154e+05,27035,27035
0.32,0.192,-1.6578,15.89,-1.4948e+05,2.234e+05,47262,47262
0.32,0.176,-1.6483,19.719,-1.5493e+05,8.2783e+05,62479,62479
0.32,0.16,-2.5019,24.945,-2.0633e+05,1.4306e+06,88398,88398
0.32,0.144,-3.1905,32.094,-2.154e+05,1.9871e+06,1.2376e+05,1.2376e+05
0.32,0.128,-1.4286,37.956,-1.8961e+05,2.5925e+06,1.4966e+05,1.4966e+05
0.32,0.112,-2.0227,42.712,-1.0419e+05,3.2112e+06,1.293e+05,1.293e+05
0.32,0.096,-1.205,46.306,-58224,4.0367e+06,65952,65952
0.32,0.08,-1.0152,49.008,-78348,4.8936e+06,9518.7,9518.7
0.32,0.064,-1.0592,51.342,-1.2375e+05,5.7304e+06,-11223,11223
0.32,0.048,-1.4459,51.117,-1.0896e+05,4.1164e+06,4348.3,4348.3
0.32,0.032,-1.0933,51.715,-49398,2.1566e+06,6125.1,6125.1
0.32,0.016,-2.5139,52.53,0,0,6530.7,6530.7
0.336,0.496,-0.48732,39.49,0,0,0,0
0.336,0.48,-0.78689,33.868,0,0,0,0
0.336,0.464,-0.77462,30.921,NaN,NaN,0,0
0.336,0.448,-0.85897,25.132,NaN,NaN,NaN,NaN
0.336,0.432,-1.8367,23.598,NaN,NaN,NaN,NaN
0.336,0.416,-2.0063,25.735,NaN,NaN,1.5214e+05,1.5214e+05
0.336,0.4,-1.7689,28.339,-4.0101e+05,-8.9718e+05,52518,52518
0.336,0.384,-1.5933,29.498,-4.5146e+05,-7.1427e+05,20179,20179
0.336,0.368,-1.9883,27.265,-3.9668e+05,-7.1475e+05,-35592,35592
0.336,0.352,-0.83951,26.861,-2.6733e+05,-4.7805e+05,-50562,50562
0.336,0.336,-0.43297,28.367,-50407,-5.355e+05,-56321,56321
0.336,0.32,-0.65565,28.886,1.3999e+05,-4.3348e+05,14334,14334
0.336,0.304,-0.59431,28.157,2.3416e+05,-5.5372e+05,49729,49729
0.336,0.288,0.48609,25.6,1.8832e+05,-5.3466e+05,69863,69863
0.336,0.272,-1.0169,22.416,-11027,-8.095e+05,17013,17013
0.336,0.256,-3.0732,16.871,-2.4818e+05,-9.9449e+05,-4573.8,4573.8
0.336,0.24,-3.2137,14.372,-3.9262e+05,-1.0798e+06,-15559,15559
0.336,0.224,-2.933,12.196,-3.2423e+05,-8.6179e+05,-5959.2,5959.2
0.336,0.208,-1.9661,10.178,-1.225e+05,-5.9021e+05,13948,13948
0.336,0.192,-1.3064,10.162,1.3064e+05,-3.6422e+05,52962,52962
0.336,0.176,-0.86042,12.015,2.8491e+05,-38800,84762,84762
0.336,0.16,-1.0745,17.46,2.9236e+05,4.1667e+05,1.1681e+05,1.1681e+05
0.336,0.144,-0.80643,22.596,2.8909e+05,9.0421e+05,1.3428e+05,1.3428e+05
0.336,0.128,0.38315,27.019,2.6816e+05,1.4794e+06,1.3477e+05,1.3477e+05
0.336,0.112,0.63045,33.085,3.35e+05,2.054e+06,92523,92523
0.336,0.096,1.3037,38.568,3.3165e+05,2.8265e+06,34346,34346
0.336,0.08,0.76147,43.224,2.878e+05,3.692e+06,-9809.9,9809.9
0.336,0.064,-0.87257,45.343,1.9961e+05,4.6312e+06,-16472,16472
0.336,0.048,-0.79229,44.921,89820,3.4214e+06,-1353.2,1353.2
0.336,0.032,-0.35576,44.1,43628,1.8399e+06,2822.9,2822.9
0.336,0.016,-1.0282,42.929,0,0,5572.3,5572.3
0.352,0.496,-0.62389,44.854,0,0,0,0
0.352,0.48,-0.52629,37.917,0,0,0,0
0.352,0.464,-0.28411,35.663,NaN,NaN,0,0
0.352,0.448,0.49044,32.255,NaN,NaN,NaN,NaN
0.352,0.432,-0.46719,27.741,NaN,NaN,-1.4556e+05,1.4556e+05
0.352,0.416,-1.4739,26.062,NaN,NaN,-93193,93193
0.352,0.4,-1.0512,28.408,NaN,NaN,-51435,51435
0.352,0.384,0.28885,33.685,-3.4341e+05,-3.2242e+06,-31791,31791
0.352,0.368,0.67742,33.522,-3.0561e+05,-2.5153e+06,-33778,33778
0.352,0.352,1.2931,33.325,-2.3944e+05,-2.0833e+06,-50450,50450
0.352,0.336,1.0962,35.108,-73200,-1.4324e+06,-56738,56738
0.352,0.32,1.0772,35.05,38210,-8.0606e+05,-14711,14711
0.352,0.304,0.84219,35.017,97410,-4.3041e+05,5397.8,5397.8
0.352,0.288,-0.54193,34.639,94318,-1.32e+05,16066,16066
0.352,0.272,-1.1376,32.183,-18078,-4.2138e+05,-13471,13471
0.352,0.256,-1.4269,27.14,-1.7925e+05,-8.4327e+05,-22152,22152
0.352,0.24,-2.1773,22.934,-3.8484e+05,-1.3296e+06,-27404,27404
0.352,0.224,-3.7501,19.606,-3.8329e+05,-1.5031e+06,-15384,15384
0.352,0.208,-3.6341,13.566,-2.0038e+05,-1.4798e+06,5020.6,5020.6
0.352,0.192,-2.3098,7.6818,1.4136e+05,-1.3416e+06,43123,43123
0.352,0.176,-0.30251,7.3807,4.1141e+05,-9.4809e+05,77606,77606
0.352,0.16,1.0298,10.134,4.8681e+05,-5.7077e+05,1.0529e+05,1.0529e+05
0.352,0.144,0.97637,12.426,4.3151e+05,-1.5465e+05,1.145e+05,1.145e+05
0.352,0.128,1.0067,15.247,3.6014e+05,2.923e+05,98851,98851
0.352,0.112,1.2158,16.571,3.6142e+05,8.3175e+05,61075,61075
0.352,0.096,0.47507,22.265,3.7203e+05,1.5939e+06,16324,16324
0.352,0.08,0.24918,24.784,4.0417e+05,2.2818e+06,-9848.1,9848.1
0.352,0.064,-0.34886,29.077,4.5144e+05,2.9867e+06,-13900,13900
0.352,0.048,-0.49406,29.385,3.2515e+05,2.1731e+06,-1112.4,1112.4
0.352,0.032,0.59635,31.348,1.7799e+05,1.1901e+06,2126.3,2126.3
0.352,0.016,1.0389,28.982,0,0,4331.6,4331.6
0.368,0.496,-1.6271,40.512,0,0,0,0
0.368,0.48,-0.57398,38.419,0,0,0,0
0.368,0.464,0.094783,38.246,NaN,NaN,0,0
0.368,0.448,0.42095,35.215,NaN,NaN,-1.7144e+05,1.7144e+05
0.368,0.432,-1.0063,28.876,NaN,NaN,-1.7536e+05,1.7536e+05
0.368,0.416,-3.4933,23.663,-9.2108e+05,-4.7614e+06,-1.6888e+05,1.6888e+05
0.368,0.4,-2.8111,19.883,-6.2911e+05,-4.1317e+06,-1.0475e+05,1.0475e+05
0.368,0.384,-2.4959,23.805,-3.0093e+05,-3.2675e+06,-59655,59655
0.368,0.368,-2.0369,23.726,-7036.8,-2.2643e+06,-40482,40482
0.368,0.352,-1.4533,21.512,1.353e+05,-1.6465e+06,-53361,53361
0.368,0.336,-0.50399,24.687,3.0198e+05,-1.0574e+06,-57858,57858
0.368,0.32,0.33207,29.029,3.7008e+05,-5.657e+05,-40089,40089
0.368,0.304,0.47421,29.793,2.877e+05,-1.0012e+05,-29872,29872
0.368,0.288,-0.73165,29.395,97775,1.7792e+05,-26163,26163
0.368,0.272,-0.91773,25.17,-1.3232e+05,-2.1217e+05,-32191,32191
0.368,0.256,-1.0606,21.172,-2.5889e+05,-8.6716e+05,-32703,32703
0.368,0.24,-1.3,20.224,-3.521e+05,-1.4758e+06,-31253,31253
0.368,0.224,-2.2616,19.708,-3.9397e+05,-1.8072e+06,-18381,18381
0.368,0.208,-3.318,15.664,-3.3457e+05,-1.8905e+06,-191,191
0.368,0.192,-2.7679,9.8414,-79632,-1.7702e+06,28214,28214
0.368,0.176,-0.88864,6.9619,2.8588e+05,-1.3899e+06,55402,55402
0.368,0.16,0.1959,4.768,4.542e+05,-1.0259e+06,81194,81194
0.368,0.144,0.53302,3.7302,4.1546e+05,-5.6591e+05,90294,90294
0.368,0.128,-0.11906,5.4315,2.6511e+05,-34614,77246,77246
0.368,0.112,-0.044804,9.1639,1.9166e+05,4.3271e+05,46517,46517
0.368,0.096,-0.11702,12.233,1.8985e+05,1.0826e+06,12634,12634
0.368,0.08,0.94021,15.532,3.1009e+05,1.4664e+06,-4526.1,4526.1
0.368,0.064,3.7365,9.38,4.7826e+05,1.8188e+06,-8668.7,8668.7
0.368,0.048,4.965,9.8539,3.9629e+05,1.1781e+06,809.08,809.08
0.368,0.032,3.5114,9.4137,2.1127e+05,6.1933e+05,2040.1,2040.1
0.368,0.016,1.4978,9.7286,0,0,2803.2,2803.2
0.384,0.496,-3.5628,22.575,0,0,0,0
0.384,0.48,-3.0991,27.036,0,0,0,0
0.384,0.464,-0.37043,34.73,NaN,NaN,-39641,39641
0.384,0.448,1.0024,33.292,NaN,NaN,-1.9256e+05,1.9256e+05
0.384,0.432,-1.8098,24.41,-1.1258e+06,-5.0501e+06,-1.912e+05,1.912e+05
0.384,0.416,-3.1892,16.577,-9.2021e+05,-4.6048e+06,-1.8182e+05,1.8182e+05
0.384,0.4,-3.8515,11,-6.0769e+05,-3.8956e+06,-1.159e+05,1.159e+05
0.384,0.384,-2.4123,10.918,-2.2316e+05,-2.8528e+06,-64039,64039
0.384,0.368,-1.2681,7.7227,48670,-1.8569e+06,-35867,35867
0.384,0.352,0.11333,8.9002,1.6645e+05,-1.2422e+06,-52592,52592
0.384,0.336,1.3511,10.345,3.1954e+05,-6.5318e+05,-55084,55084
0.384,0.32,3.303,12.428,4.4495e+05,-1.9304e+05,-41785,41785
0.384,0.304,3.3475,12.821,3.3172e+05,1.2636e+05,-38030,38030
0.384,0.288,1.226,13.371,-30525,-1.2453e+05,-39694,39694
0.384,0.272,-0.46988,11.42,-2.5993e+05,-5.4157e+05,-42123,42123
0.384,0.256,-0.67189,9.4493,-2.7228e+05,-9.9978e+05,-36680,36680
0.384,0.24,-0.42517,10.831,-1.6586e+05,-1.1427e+06,-27437,27437
0.384,0.224,-0.82929,11.922,-2.0536e+05,-1.3618e+06,-11992,11992
0.384,0.208,-3.1888,12.406,-2.6599e+05,-1.3497e+06,1873.7,1873.7
0.384,0.192,-4.027,13.57,-1.7277e+05,-1.1491e+06,15043,15043
0.384,0.176,-1.8111,10.015,65943,-7.0972e+05,27514,27514
0.384,0.16,-0.41174,6.1248,2.3138e+05,-5.2585e+05,44562,44562
0.384,0.144,0.33036,3.2332,1.9605e+05,-3.8662e+05,55445,55445
0.384,0.128,0.49271,3.1578,19401,-1.9017e+05,49291,49291
0.384,0.112,-0.90466,4.0814,-1.253e+05,1.0294e+05,30981,30981
0.384,0.096,-1.9152,5.1841,-1.3377e+05,6.2522e+05,7875.4,7875.4
0.384,0.08,0.033828,10.35,6671.9,8.9839e+05,-424.11,424.11
0.384,0.064,0.58867,9.773,2.5791e+05,1.0531e+06,-4422.9,4422.9
0.384,0.048,1.3205,9.0644,2.7229e+05,6.1142e+05,2655.9,2655.9
0.384,0.032,-0.018275,7.0453,1.7809e+05,2.8411e+05,1921.6,1921.6
0.384,0.016,-1.5178,5.9859,0,0,1686,1686
0.4,0.496,-2.5014,10.937,0,0,0,0
0.4,0.48,-2.0601,14.354,0,0,791.78,791.78
0.4,0.464,-0.084993,20.716,NaN,NaN,-34994,34994
0.4,0.448,-0.25492,20.826,-9.6675e+05,-4.0188e+06,-1.1141e+05,1.1141e+05
0.4,0.432,-2.2559,16.606,-1.147e+06,-4.5753e+06,-1.3948e+05,1.3948e+05
0.4,0.416,-5.1373,10.235,-9.0791e+05,-4.142e+06,-1.2084e+05,1.2084e+05
0.4,0.4,-3.9045,8.0114,-5.3745e+05,-3.3874e+06,-69391,69391
0.4,0.384,-2.3625,8.9537,-74873,-2.2094e+06,-21526,21526
0.4,0.368,-1.6579,5.9055,2.2748e+05,-1.1312e+06,-9308.6,9308.6
0.4,0.352,-1.5305,5.0942,2.9319e+05,-4.1055e+05,-16108,16108
0.4,0.336,-0.20525,7.4401,3.6122e+05,30733,-19920,19920
0.4,0.32,2.1007,8.3903,3.7726e+05,3.372e+05,-4781.1,4781.1
0.4,0.304,1.4447,7.3928,1.6482e+05,3.4653e+05,-4733.8,4733.8
0.4,0.288,-0.53236,7.6829,-2.4498e+05,-1.7664e+05,-4336.1,4336.1
0.4,0.272,-3.7714,7.1285,-3.6825e+05,-6.2018e+05,-8468.9,8468.9
0.4,0.256,-1.7945,4.8359,-2.4502e+05,-8.2154e+05,4951.5,4951.5
0.4,0.24,-0.97721,5.2446,-20934,-5.6376e+05,17861,17861
0.4,0.224,-0.62443,6.4409,-52891,-4.4865e+05,27539,27539
0.4,0.208,-0.94914,7.7757,-1.49e+05,-3.6985e+05,33159,33159
0.4,0.192,-1.5111,10.847,-2.0913e+05,-2.4842e+05,36070,36070
0.4,0.176,-1.774,12.267,-56280,-7922.9,36129,36129
0.4,0.16,-0.55171,10.653,1.5737e+05,58517,37914,37914
0.4,0.144,0.72464,7.8879,2.3236e+05,-69026,40248,40248
0.4,0.128,0.83685,5.692,64327,-2.1574e+05,39186,39186
0.4,0.112,0.22932,4.9876,-1.2359e+05,-2.3906e+05,32984,32984
0.4,0.096,-0.7459,4.3831,-2.0179e+05,51530,22942,22942
0.4,0.08,-0.11958,6.7757,-1.6103e+05,3.9009e+05,15081,15081
0.4,0.064,-0.5747,9.7845,-1.1377e+05,3.4456e+05,8083.3,8083.3
0.4,0.048,-0.31972,9.172,-60687,1.6111e+05,5490,5490
0.4,0.032,-1.9198,1.8537,-26503,-91309,2257.3,2257.3
0.4,0.016,-1.0233,1.0255,0,0,875.35,875.35
0.416,0.496,-1.6978,8.3688,0,0,163.47,163.47
0.416,0.48,-1.5827,7.6654,0,0,1487.1,1487.1
0.416,0.464,-0.71986,10.685,-1.6696e+05,-4.7215e+05,-24675,24675
0.416,0.448,-1.8298,11.072,-4.5683e+05,-2.0102e+06,-58580,58580
0.416,0.432,-6.1642,9.0195,-6.9511e+05,-3.0015e+06,-75869,75869
0.416,0.416,-7.1252,4.8103,-6.2452e+05,-3.116e+06,-64219,64219
0.416,0.4,-4.675,5.6682,-2.8175e+05,-2.4652e+06,-30432,30432
0.416,0.384,-2.8575,6.5006,1.7158e+05,-1.2234e+06,-5050.3,5050.3
0.416,0.368,-1.0539,5.8193,2.8604e+05,-5.556e+05,12334,12334
0.416,0.352,-1.6791,5.3718,1.3119e+05,-2.6424e+05,15160,15160
0.416,0.336,-3.1453,5.8419,59475,-1.5521e+05,17344,17344
0.416,0.32,-1.7798,6.5424,59049,-31946,35256,35256
0.416,0.304,-3.3044,7.0478,-85321,-1.614e+05,40756,40756
0.416,0.288,-3.1005,5.7043,-3.1222e+05,-5.1504e+05,52233,52233
0.416,0.272,-3.3033,3.3048,-3.1309e+05,-6.1947e+05,51884,51884
0.416,0.256,-1.3011,2.4463,5.1524e+05,-3.9834e+05,66471,66471
0.416,0.24,-1.0077,2.7997,6.8332e+05,9927.1,76036,76036
0.416,0.224,-0.5511,4.2069,5.6943e+05,2.4202e+05,78938,78938
0.416,0.208,-1.0308,5.9248,-1.692e+05,2.9994e+05,74978,74978
0.416,0.192,-1.4398,6.5565,-2.6324e+05,4.4262e+05,64887,64887
0.416,0.176,-2.1184,9.0478,-1.4628e+05,6.5839e+05,48184,48184
0.416,0.16,-0.59301,11.156,56844,6.6905e+05,33408,33408
0.416,0.144,0.79934,10.453,1.8973e+05,3.3251e+05,28397,28397
0.416,0.128,-0.17336,8.6673,1.2102e+05,-1.469e+05,31373,31373
0.416,0.112,-0.098661,6.6371,-86401,-3.5615e+05,38089,38089
0.416,0.096,-0.13552,5.6274,-1.1066e+05,-1.546e+05,40227,40227
0.416,0.08,-1.0888,3.5382,7.3184e+05,1.1728e+06,34927,34927
0.416,0.064,-1.1937,6.2972,4.3042e+05,1.4389e+06,22373,22373
0.416,0.048,0.20476,4.1323,4.0415e+05,1.3567e+06,9958.1,9958.1
0.416,0.032,-0.68316,2.9248,-3.7559e+05,1.9538e+05,2740.5,2740.5
0.416,0.016,0.31796,1.5501,0,0,588.39,588.39
0.432,0.496,-0.56625,5.9398,0,0,675.32,675.32
0.432,0.48,-0.075404,6.8847,-59906,-91951,2826.3,2826.3
0.432,0.464,-1.0665,7.2338,-1.6577e+05,-3.8762e+05,-1875.2,1875.2
0.432,0.448,-1.239,5.9066,-2.9397e+05,-1.1684e+06,-4170.6,4170.6
0.432,0.432,-2.7976,4.4801,-3.8023e+05,-1.7117e+06,-2786.3,2786.3
0.432,0.416,-5.4002,2.6603,-3.0836e+05,-1.8293e+06,9147,9147
0.432,0.4,-4.9327,3.8173,-96040,-1.3508e+06,16671,16671
0.432,0.384,-1.6474,4.2466,2.8887e+05,-5.319e+05,18799,18799
0.432,0.368,-0.56871,5.1348,2.9141e+05,-2.2076e+05,19250,19250
0.432,0.352,-1.4586,4.6988,1.6773e+05,-1.1468e+05,25457,25457
0.432,0.336,-2.1975,4.458,-40450,-2.0795e+05,30251,30251
0.432,0.32,-2.8386,3.5711,-1.4103e+05,-2.6288e+05,60860,60860
0.432,0.304,-1.8771,4.4483,-3.142e+05,-4.5829e+05,83380,83380
0.432,0.288,-2.9629,4.1579,-5.8767e+05,-5.6859e+05,1.0708e+05,1.0708e+05
0.432,0.272,-2.2441,2.2055,-6.1483e+05,-5.0911e+05,1.1764e+05,1.1764e+05
0.432,0.256,-3.5118,2.4724,6.9105e+05,20822,1.1912e+05,1.1912e+05
0.432,0.24,7.8126,4.3592,1.065e+06,3.6795e+05,1.1855e+05,1.1855e+05
0.432,0.224,1.0468,4.8943,1.0094e+06,5.309e+05,1.0153e+05,1.0153e+05
0.432,0.208,-0.13057,5.8216,-1.5337e+05,3.9869e+05,93187,93187
0.432,0.192,-2.2646,6.4232,-3.6947e+05,4.7533e+05,77623,77623
0.432,0.176,-2.088,8.4943,-1.9337e+05,7.6585e+05,55974,55974
0.432,0.16,-1.4255,11.083,-40601,8.6089e+05,33929,33929
0.432,0.144,-0.84962,11.229,1.1814e+05,5.3224e+05,26802,26802
0.432,0.128,-0.9163,9.3305,81665,-12203,31424,31424
0.432,0.112,-1.1236,7.9194,-39130,-3.288e+05,42562,42562
0.432,0.096,-2.1671,6.1297,-37828,-2.8225e+05,46923,46923
0.432,0.08,2.9346,11.415,6.9489e+05,1.6311e+06,40295,40295
0.432,0.064,7.7963,26.416,1.8234e+05,1.9734e+06,27266,27266
0.432,0.048,-16.284,26.981,1.2977e+05,1.9999e+06,10920,10920
0.432,0.032,-16.625,20.294,-5.627e+05,2.58e+05,2669.8,2669.8
0.432,0.016,-1.2622,2.4275,0,0,-1020.3,1020.3
0.448,0.496,-1.7788,4.7524,-40098,-82258,452.78,452.78
0.448,0.48,-1.4686,4.6627,-1.033e+05,-1.9981e+05,2434.3,2434.3
0.448,0.464,-1.8912,4.11,-1.6467e+05,-3.7902e+05,4696.8,4696.8
0.448,0.448,-1.33,3.7316,-1.4298e+05,-4.6165e+05,7377.8,7377.8
0.448,0.432,-1.3351,2.911,-1.2425e+05,-6.1862e+05,11180,11180
0.448,0.416,-2.2685,3.1333,-31890,-6.586e+05,15301,15301
0.448,0.4,-4.959,3.177,42001,-5.9603e+05,14633,14633
0.448,0.384,-5.0114,1.1265,2.9848e+05,-1.9949e+05,5424,5424
0.448,0.368,-0.23826,3.3601,4.5566e+05,-60066,-4216.2,4216.2
0.448,0.352,-0.33632,3.5024,4.0745e+05,13766,-2561.7,2561.7
0.448,0.336,-0.77459,2.4223,1.5316e+05,-1.5985e+05,5619.8,5619.8
0.448,0.32,-0.34726,2.2585,-88555,-2.9575e+05,46697,46697
0.448,0.304,-4.0142,1.1182,-2.228e+06,-47625,84612,84612
0.448,0.288,-7.7953,-0.6619,-3.9184e+06,-3.9838e+05,1.2103e+05,1.2103e+05
0.448,0.272,-11.152,5.7255,-4.0768e+06,-8.6843e+05,1.3746e+05,1.3746e+05
0.448,0.256,-6.9499,-0.11924,-7.2632e+05,-3.021e+05,1.2922e+05,1.2922e+05
0.448,0.24,2.7933,3.7556,1.0101e+06,2.2595e+05,1.2208e+05,1.2208e+05
0.448,0.224,2.9337,4.7353,1.3922e+06,8.4201e+05,96484,96484
0.448,0.208,-0.45207,4.6099,-1.0666e+05,3.0362e+05,84397,84397
0.448,0.192,0.54408,7.4059,-2.9235e+05,4.4117e+05,60260,60260
0.448,0.176,-0.43202,9.6716,-65512,7.1901e+05,36696,36696
0.448,0.16,-0.68391,10.265,5043.9,6.8725e+05,18116,18116
0.448,0.144,-0.38689,9.7808,28568,3.6609e+05,13054,13054
0.448,0.128,-0.11549,8.1586,10811,-232.23,17501,17501
0.448,0.112,0.10931,7.675,-41971,-1.1065e+05,30249,30249
0.448,0.096,0.082456,7.5158,-7908.2,-1.366e+05,43624,43624
0.448,0.08,0.75895,2.4592,4.8561e+05,2.3893e+06,43986,43986
0.448,0.064,-7.6569,33.992,58971,3.2502e+06,32771,32771
0.448,0.048,-9.247,11.604,-23191,3.3041e+06,13800,13800
0.448,0.032,-31.206,10.675,-5.494e+05,5.8596e+05,3843.5,3843.5
0.448,0.016,-2.763,1.6173,0,0,-711.78,711.78
0.464,0.496,-1.9897,2.041,-26378,-75745,-158.54,158.54
0.464,0.48,-2.8338,1.8397,-1.7382e+05,-2.3462e+05,1282.5,1282.5
0.464,0.464,-2.0163,2.6347,-1.8776e+05,-3.398e+05,3287.4,3287.4
0.464,0.448,-1.9927,2.1693,-1.5713e+05,-4.0389e+05,4807.6,4807.6
0.464,0.432,-1.8995,2.3679,-89784,-1.665e+05,6140.6,6140.6
0.464,0.416,-2.2337,1.9644,-28890,-1.7769e+05,6178.6,6178.6
0.464,0.4,-2.9654,1.8781,-53881,-1.5989e+05,4143.7,4143.7
0.464,0.384,-3.5884,-0.45226,-17302,-1.5808e+05,-4926.9,4926.9
0.464,0.368,-1.2026,3.3621,4.0777e+05,-35935,-21298,21298
0.464,0.352,2.4513,2.8836,1.5351e+06,-1.3836e+05,-29113,29113
0.464,0.336,0.39135,0.40906,1.0227e+06,-9.8279e+05,-25356,25356
0.464,0.32,-2.6571,5.7207,6.5168e+05,-1.4073e+06,22603,22603
0.464,0.304,-123.11,11.823,-4.9623e+06,-1.3169e+06,67570,67570
0.464,0.288,-79.234,16.642,-9.0472e+06,-2.4256e+05,1.0548e+05,1.0548e+05
0.464,0.272,-53.902,32.759,-8.069e+06,-1.4383e+06,1.2232e+05,1.2232e+05
0.464,0.256,-23.057,-17.683,-4.4586e+06,-1.5103e+06,1.0723e+05,1.0723e+05
0.464,0.24,2.4559,0.98099,-6.4587e+05,-1.5404e+06,94817,94817
0.464,0.224,2.758,0.14838,3.0284e+05,-2.5801e+05,63368,63368
0.464,0.208,-2.6935,1.5219,-46221,1.2366e+05,53219,53219
0.464,0.192,-1.3798,4.5916,-30313,2.8559e+05,34385,34385
0.464,0.176,1.7954,6.1131,1.5271e+05,4.822e+05,18282,18282
0.464,0.16,-0.014069,5.7037,1.6911e+05,3.7517e+05,8434.1,8434.1
0.464,0.144,0.15991,5.2638,1.3084e+05,1.3586e+05,5686.8,5686.8
0.464,0.128,0.72987,5.5428,41570,-46361,7549.3,7549.3
0.464,0.112,1.137,3.6128,-36489,10738,15369,15369
0.464,0.096,1.7203,6.7348,-1.3399e+05,-1.3201e+05,27450,27450
0.464,0.08,0.52477,1.3786,-4.4674e+05,1.327e+06,28870,28870
0.464,0.064,-13.14,37.989,-7.1465e+05,1.8341e+06,23509,23509
0.464,0.048,-171.98,548.71,-6.8405e+05,2.0411e+06,9074.7,9074.7
0.464,0.032,-3.1449,-13.126,-2.4063e+05,2.2584e+05,2923.3,2923.3
0.464,0.016,-145.34,-57.326,0,0,-1027.9,1027.9
0.48,0.496,-1.3132,1.1124,-23447,-67329,-971.73,971.73
0.48,0.48,-0.85339,1.6889,-1.2788e+05,-1.6768e+05,-822.58,822.58
0.48,0.464,-5.64,0.24775,-1.302e+05,-2.253e+05,-106.19,106.19
0.48,0.448,-0.95679,-0.1965,-1.1342e+05,-2.9498e+05,1141.7,1141.7
0.48,0.432,-1.4988,-0.99986,-90117,-84869,1473.6,1473.6
0.48,0.416,-4.5887,8.323,-71261,-1.1221e+05,348.73,348.73
0.48,0.4,-2.4313,-2.1697,-41790,-28308,-1904.8,1904.8
0.48,0.384,-0.82114,0.18929,-94771,-82957,-8165.6,8165.6
0.48,0.368,-10.841,5.5594,3.5523e+05,21898,-22387,22387
0.48,0.352,0.15695,2.9953,1.4223e+06,-1.4335e+05,-33888,33888
0.48,0.336,1.6816,2.7147,9.9874e+05,-9.2327e+05,-35665,35665
0.48,0.32,-23.339,-2.3841,6.8426e+05,-1.2126e+06,2314.8,2314.8
0.48,0.304,-103.27,30.336,-4.7798e+06,-9.8446e+05,39489,39489
0.48,0.288,-62.586,-8.2684,-8.5345e+06,1.0331e+05,72575,72575
0.48,0.272,-98.12,19.038,-7.5883e+06,-1.2151e+06,77347,77347
0.48,0.256,-21.634,-24.999,-4.5358e+06,-1.5908e+06,63810,63810
0.48,0.24,-20.696,-33.685,-1.0631e+06,-1.7698e+06,53606,53606
0.48,0.224,-4.5362,-0.12248,-1.6146e+05,-5.4086e+05,37794,37794
0.48,0.208,-0.61774,0.89314,-37674,-73262,32422,32422
0.48,0.192,-1.5943,1.6555,1.2886e+05,92694,18464,18464
0.48,0.176,1.6064,1.458,2.3224e+05,1.7249e+05,7165.9,7165.9
0.48,0.16,2.3495,2.2973,2.2492e+05,1.0177e+05,2335.7,2335.7
0.48,0.144,2.19,1.715,1.2827e+05,15517,1087,1087
0.48,0.128,2.9815,1.7955,35199,-9468.8,1662.6,1662.6
0.48,0.112,1.0461,2.0216,-46783,96767,7401.4,7401.4
0.48,0.096,-1.7122,4.2112,-1.4266e+05,-19736,20052,20052
0.48,0.08,-1.4712,1.0511,-3.342e+05,7.0762e+05,23026,23026
0.48,0.064,-0.40341,4.2464,-3.3586e+05,7.9849e+05,19329,19329
0.48,0.048,106.41,95.408,-2.9564e+05,9.2008e+05,6961.5,6961.5
0.48,0.032,-3.1324,-2.4084,0,0,2602.1,2602.1
0.48,0.016,-6.1979,33.442,0,0,200.43,200.43
0.496,0.496,-1.0581,0.47886,7739.5,-3349.8,-604.77,604.77
0.496,0.48,-1.5958,1.5752,-85638,-75344,-779.88,779.88
0.496,0.464,-7.8752,1.3195,-75674,-1.0183e+05,-519.79,519.79
0.496,0.448,-75.116,3.0225,-74894,-2.1704e+05,68.536,68.536
0.496,0.432,-2.7197,0.34475,-46614,-23805,508.09,508.09
0.496,0.416,-2.4301,0.9781,-49199,-56553,527.51,527.51
0.496,0.4,-0.82956,2.0906,-39702,63796,457.36,457.36
0.496,0.384,-0.081099,0.15984,-1.6492e+05,-66542,-2851.7,2851.7
0.496,0.368,-0.6866,0.69639,88994,-673.11,-12200,12200
0.496,0.352,-28.765,-2.8347,1.1642e+06,-2.0126e+05,-21751,21751
0.496,0.336,-158.31,80.881,8.3977e+05,-9.4197e+05,-24107,24107
0.496,0.32,-125.45,39.233,6.5078e+05,-1.0672e+06,-2049.7,2049.7
0.496,0.304,-153.28,1060,-2.103e+06,-1.2736e+06,20934,20934
0.496,0.288,-632.19,-374.16,-3.9726e+06,37153,38918,38918
0.496,0.272,-397.07,-299.98,-4.0153e+06,-6.7591e+05,38386,38386
0.496,0.256,-129.33,-62.203,-3.1105e+06,-1.1357e+06,26560,26560
0.496,0.24,-58.934,-27.818,-1.044e+06,-1.6111e+06,17896,17896
0.496,0.224,-18.513,-14.51,-5.5177e+05,-9.0215e+05,10397,10397
0.496,0.208,-9.9296,-6.835,-81769,-57961,9788.8,9788.8
0.496,0.192,-2.205,0.54753,94938,564.77,6194.9,6194.9
0.496,0.176,-0.74243,1.9666,1.3433e+05,6500.7,1402.1,1402.1
0.496,0.16,0.50806,3.0347,1.3797e+05,-1067.7,46.702,46.702
0.496,0.144,0.66305,1.0522,1.2648e+05,846.08,-350.17,350.17
0.496,0.128,0.10864,2.6136,55098,-7703.1,-192.64,192.64
0.496,0.112,0.034479,2.5961,-32393,13099,1554,1554
0.496,0.096,-0.88755,0.62503,-1.1563e+05,-30818,4744.7,4744.7
0.496,0.08,-0.7078,0.94048,-67027,-12027,5197.5,5197.5
0.496,0.064,-0.47407,0.093341,-3857.3,-30812,4273.3,4273.3
0.496,0.048,-28.948,81.127,27856,18229,1180.1,1180.1
0.496,0.032,-389.37,-161.62,0,0,577.31,577.31
0.496,0.016,-108.35,123.02,0,0,-147.13,147.13
