0.016,0.496,0.63417,0.35466,-485.29,-2977.1,-88.768,88.768
0.016,0.48,0.58976,0.35486,-820.52,-4755.7,-1265.3,1265.3
0.016,0.464,3.3034,0.57348,-3358,-4235.9,-2930.6,2930.6
0.016,0.448,-0.51646,1.2002,-2009.9,-2594.3,-4321.6,4321.6
0.016,0.432,1.2358,1.251,-21807,-4375.8,-3064.2,3064.2
0.016,0.416,4.1847,-0.1586,-31263,-5862.7,-1401.8,1401.8
0.016,0.4,2.7557,-0.79092,-34056,-3149.4,-477.33,477.33
0.016,0.384,5.0858,-0.18234,-18864,578.5,-1746.9,1746.9
0.016,0.368,6.1332,-0.96108,-10095,2214,-3488.9,3488.9
0.016,0.352,3.2483,-0.24959,-15328,2024.1,-4577.4,4577.4
0.016,0.336,5.4088,1.1017,-14228,700.62,-4243.4,4243.4
0.016,0.32,3.3701,0.24013,-10242,-1920.8,-2533.2,2533.2
0.016,0.304,0.049633,0.77378,-8592.9,-1358.7,-1228.6,1228.6
0.016,0.288,1.0819,-0.65574,-10746,2527,-819.84,819.84
0.016,0.272,2.0989,-2.3781,-13515,2214.9,-3116.1,3116.1
0.016,0.256,0.62182,1.0128,-11951,-1953.9,-4824.9,4824.9
0.016,0.24,2.984,0.60644,-19414,-6392.6,-5750.3,5750.3
0.016,0.224,7.2062,0.90487,-17496,-6008.9,-4254,4254
0.016,0.208,5.5586,-0.42762,-11949,-6871.5,-3116.3,3116.3
0.016,0.192,1.1399,-0.35609,4490.5,-8481.4,-2574.5,2574.5
0.016,0.176,-0.5634,-0.68323,5104.5,-5222.3,-1747.6,1747.6
0.016,0.16,-0.50502,-0.87257,4139,100.34,-515.79,515.79
0.016,0.144,-0.93456,0.17146,96.077,4439.3,235.52,235.52
0.016,0.128,2.2809,-2.054,-2714.9,4019.9,580.97,580.97
0.016,0.112,5.9023,0.65264,-3737.4,901.32,1373.2,1373.2
0.016,0.096,1.4334,2.0128,-4418.8,-2169.2,2304.7,2304.7
0.016,0.08,-0.44717,0.78926,-5638.2,16612,3101.7,3101.7
0.016,0.064,-1.5246,1.6221,-445.81,14438,2772.9,2772.9
0.016,0.048,-2.6951,0.93497,1295.9,16488,2154.1,2154.1
0.016,0.032,-3.6408,1.0417,4801.7,-3251.1,1044.5,1044.5
0.016,0.016,-1.6915,-0.074519,0,0,209.13,209.13
0.032,0.496,1.0622,1.4788,29688,-8825,-15.302,15.302
0.032,0.48,-0.0059025,0.0093617,50929,-1501.3,76.778,76.778
0.032,0.464,-0.00038623,-0.49305,59784,-12329,170.58,170.58
0.032,0.448,-0.10555,0.23685,11793,-12092,-70.962,70.962
0.032,0.432,-0.15221,0.14953,-28870,-20920,-320.39,320.39
0.032,0.416,-0.59291,-0.73698,-52934,-12612,-939.02,939.02
0.032,0.4,-0.48989,-0.43863,-48884,-14492,-1510.4,1510.4
0.032,0.384,-0.12011,0.25664,-28837,-14615,-2194.2,2194.2
0.032,0.368,-0.1332,0.12946,-11021,-9223,-1894.7,1894.7
0.032,0.352,-0.14111,-0.068233,-660.29,-2633.2,-1193.8,1193.8
0.032,0.336,-0.26317,0.2417,-4712,-4759.4,-434.66,434.66
0.032,0.32,-0.16288,0.012201,-9492.4,-12461,-293.6,293.6
0.032,0.304,-0.16191,-0.14774,-11857,-8078.1,-284.67,284.67
0.032,0.288,-0.49009,-0.21686,-18258,4414.4,-433.3,433.3
0.032,0.272,-0.35299,-0.43006,-31804,14946,-611.4,611.4
0.032,0.256,-0.28729,0.02445,-43532,-3309,-775.11,775.11
0.032,0.24,-0.48978,0.51979,-59612,-24001,-718.75,718.75
0.032,0.224,-0.2553,-0.055211,-49735,-34501,-490.36,490.36
0.032,0.208,0.13903,-0.35838,-25665,-17030,-61.349,61.349
0.032,0.192,0.46592,-0.019904,4599.3,-2735.4,190.29,190.29
0.032,0.176,0.4747,-0.14063,1743.4,3901.7,224.83,224.83
0.032,0.16,-0.17791,0.12478,-17944,-7577.5,-69.759,69.759
0.032,0.144,-0.65187,0.26353,-50159,-19583,-363.72,363.72
0.032,0.128,-0.073769,-0.2579,-53867,-27148,-477.49,477.49
0.032,0.112,-0.1059,0.078664,-29253,-34778,-154.15,154.15
0.032,0.096,0.0012445,0.11141,-16109,-29865,237.85,237.85
0.032,0.08,-0.43754,0.18548,-18142,-9261.1,587.56,587.56
0.032,0.064,-0.75509,1.9035,-26258,15683,558.98,558.98
0.032,0.048,-1.434,1.4716,-11542,20433,400.26,400.26
0.032,0.032,-1.4136,2.1896,2897.1,5556.1,153.5,153.5
0.032,0.016,-1.342,-5.6046,0,0,26.967,26.967
0.048,0.496,0.96311,1.3675,20326,-19951,56.136,56.136
0.048,0.48,2.6503,0.11787,29635,-44328,187.52,187.52
0.048,0.464,2.5997,0.020177,27396,-76742,216.97,216.97
0.048,0.448,1.9037,-0.0021703,-12637,-73551,-282.2,282.2
0.048,0.432,1.2055,2.4871,-50610,-50481,-952.04,952.04
0.048,0.416,0.073063,-0.21545,-66090,-13618,-1700.1,1700.1
0.048,0.4,-0.97684,-0.6496,18324,1.8672e+05,-2585.9,2585.9
0.048,0.384,-1.1594,-0.66032,1.6426e+05,4.2486e+05,-3460.8,3460.8
0.048,0.368,-0.014053,0.13112,1.1519e+05,2.9911e+05,-3728,3728
0.048,0.352,0.10077,-0.38,53674,1.0805e+05,-3024.1,3024.1
0.048,0.336,-0.40226,-0.58222,-70947,-1.2686e+05,-1855.9,1855.9
0.048,0.32,-0.73173,0.095346,-10185,-5025.6,-1166.7,1166.7
0.048,0.304,-0.90037,-0.24076,-17851,-2935,-828.12,828.12
0.048,0.288,-0.59606,-0.37273,-27040,7441.4,-1061.9,1061.9
0.048,0.272,-0.8169,0.22102,-36411,16690,-1236.5,1236.5
0.048,0.256,-1.5951,0.6557,-42310,-1934.1,-1517.7,1517.7
0.048,0.24,-1.6039,-0.7989,-57301,-23731,-1502.8,1502.8
0.048,0.224,-1.308,-0.78644,-51084,-38489,-1227.8,1227.8
0.048,0.208,-0.75413,-0.27334,-29247,-24787,-502.41,502.41
0.048,0.192,0.084413,0.66012,3421.6,-10782,46.744,46.744
0.048,0.176,0.11474,1.3212,6270.5,-4877.5,129.75,129.75
0.048,0.16,-1.2715,0.07584,-3528.9,-14744,-293.82,293.82
0.048,0.144,-1.839,-0.7089,-27718,-28152,-759.28,759.28
0.048,0.128,-1.9471,-0.73605,-29730,-29577,-988.66,988.66
0.048,0.112,-1.338,-0.25271,-28164,-25340,-510.13,510.13
0.048,0.096,0.0019869,-1.4237,-16120,-94224,161.69,161.69
0.048,0.08,-1.3269,0.1496,-28780,-827.82,840.82,840.82
0.048,0.064,-1.3053,0.52935,-27835,7483.6,953.06,953.06
0.048,0.048,-0.95358,1.8644,-21048,87835,657.19,657.19
0.048,0.032,-0.81859,2.6099,-1767.1,-969.36,285.17,285.17
0.048,0.016,-0.72624,-4.781,0,0,31.178,31.178
0.064,0.496,0.68209,1.282,17508,-751.25,203.93,203.93
0.064,0.48,0.57593,0.52057,34407,-15732,367.64,367.64
0.064,0.464,0.86088,-0.42248,47275,17157,-223.86,223.86
0.064,0.448,0.68791,0.69817,13630,13701,-970.33,970.33
0.064,0.432,3.4653,16.07,-15915,37990,-2623.1,2623.1
0.064,0.416,-0.67575,0.11518,-49471,-11236,-4821.7,4821.7
0.064,0.4,-0.77297,0.13666,79873,67407,-4908.9,4908.9
0.064,0.384,4.6003,14.693,3.0148e+05,1.8833e+05,-4927.8,4927.8
0.064,0.368,5.6165,14.651,1.748e+05,1.139e+05,-3691.3,3691.3
0.064,0.352,0.53066,2.1256,1.0874e+05,56099,-4734.2,4734.2
0.064,0.336,0.26917,1.6425,-94178,-63021,-3643.9,3643.9
0.064,0.32,-0.19511,0.44838,-2822.4,-17180,-2559.4,2559.4
0.064,0.304,-0.057709,-0.13521,-19905,-10876,-1057.8,1057.8
0.064,0.288,-0.02489,-0.38012,9015.1,-6542.9,-1003.3,1003.3
0.064,0.272,0.04181,-0.027447,30194,17316,-735.72,735.72
0.064,0.256,-0.32953,0.17725,11137,-1635.7,-778.86,778.86
0.064,0.24,-0.54619,-0.45955,-19869,-42265,-866.13,866.13
0.064,0.224,0.0043414,-0.14033,-19637,-83841,-842.2,842.2
0.064,0.208,0.29161,-0.19126,20782,-59120,-343.67,343.67
0.064,0.192,-0.41061,-0.014918,18132,-11361,167.27,167.27
0.064,0.176,-0.17443,0.61853,974.75,-4058.5,262.29,262.29
0.064,0.16,0.13134,0.22531,-15546,-31116,28.386,28.386
0.064,0.144,-0.32043,-0.19233,-36138,-50330,-186.67,186.67
0.064,0.128,-0.28704,0.018301,-53313,-30772,-493.32,493.32
0.064,0.112,-0.46613,0.25996,-59410,-11156,-473.11,473.11
0.064,0.096,-0.80836,-0.85854,-15867,-1.4793e+05,18.459,18.459
0.064,0.08,0.75734,-2.1679,-42332,15891,572.48,572.48
0.064,0.064,0.57759,2.2645,-16238,10637,866.22,866.22
0.064,0.048,-0.040992,1.904,-33078,1.5962e+05,476.18,476.18
0.064,0.032,-0.30538,2.6663,12143,-7008.4,182.72,182.72
0.064,0.016,-0.94366,-4.22,0,0,75.707,75.707
0.08,0.496,0.51296,1.682,-14249,5733.7,-86.513,86.513
0.08,0.48,0.58855,2.6256,24566,92553,-361.59,361.59
0.08,0.464,1.1194,3.3408,67730,3.1707e+05,-1655.7,1655.7
0.08,0.448,1.3804,6.1583,30777,2.7511e+05,-3354.7,3354.7
0.08,0.432,3.8469,18.595,-28055,2.4198e+05,-5271.5,5271.5
0.08,0.416,4.1067,19.178,99583,8.0498e+05,-6800.7,6800.7
0.08,0.4,59.75,275.8,2.4169e+05,5.8662e+05,-5668.4,5668.4
0.08,0.384,2.4578,-1.3849,4.6981e+05,8.8886e+05,-4856.9,4856.9
0.08,0.368,2.8129,-2.313,1.5248e+05,3.5711e+05,-4278.9,4278.9
0.08,0.352,0.67257,3.2364,35993,3.6131e+05,-5960.4,5960.4
0.08,0.336,0.24159,2.1008,-2.0427e+05,-41235,-5818.2,5818.2
0.08,0.32,-0.046844,1.0781,-33803,-39989,-4139.6,4139.6
0.08,0.304,0.34024,0.74325,-1837.6,-40591,-1594,1594
0.08,0.288,0.79478,0.54468,-10751,-48200,15.65,15.65
0.08,0.272,3.74,-0.48442,4298.5,-53330,1547.1,1547.1
0.08,0.256,3.4424,0.35628,2891.1,-39030,1899.6,1899.6
0.08,0.24,1.464,0.94357,22469,-95252,1421.9,1421.9
0.08,0.224,1.1606,-1.1883,10442,-81871,752.78,752.78
0.08,0.208,1.5882,0.45547,30731,-57332,1043.4,1043.4
0.08,0.192,1.1194,1.9514,-21174,13499,2189.1,2189.1
0.08,0.176,-0.92812,1.4246,-30309,1584.9,2857,2857
0.08,0.16,-0.52509,0.42945,-58873,25438,2783.5,2783.5
0.08,0.144,-1.0555,0.72833,-54306,53075,1868.1,1868.1
0.08,0.128,-1.5489,0.63737,-49163,97286,306.46,306.46
0.08,0.112,-1.7354,1.0489,-41395,86645,-156.12,156.12
0.08,0.096,-1.5768,0.76363,25283,-95985,249.6,249.6
0.08,0.08,1.0636,-2.2814,-13626,50220,1383.1,1383.1
0.08,0.064,-0.37469,2.6541,19666,20172,1671.1,1671.1
0.08,0.048,0.83721,2.0729,-21530,1.7405e+05,1277,1277
0.08,0.032,0.70674,3.4814,14793,-3860.2,601.66,601.66
0.08,0.016,-0.26235,-5.0441,0,0,275.7,275.7
0.096,0.496,-2.1091,-0.54013,-10617,16205,-25.413,25.413
0.096,0.48,0.3232,3.6831,47566,1.585e+05,-526.19,526.19
0.096,0.464,0.72059,4.9657,1.2969e+05,5.1665e+05,-2342.3,2342.3
0.096,0.448,1.006,7.9194,69192,1.5221e+05,-4217,4217
0.096,0.432,-1.4311,2.4666,-686.3,-16644,-5994.3,5994.3
0.096,0.416,4.2239,21.128,1.4771e+05,5.7443e+05,-6135.1,6135.1
0.096,0.4,4.8643,20.382,3.6487e+05,1.1309e+06,-5002.4,5002.4
0.096,0.384,0.77892,0.099689,3.1888e+05,5.436e+05,-5277,5277
0.096,0.368,3.5095,14.739,13774,48411,-6453.5,6453.5
0.096,0.352,-2.0684,1.8054,-93344,-71261,-8917.9,8917.9
0.096,0.336,-2.5537,0.73392,-1.4889e+05,27001,-8085,8085
0.096,0.32,-0.016922,0.86611,15100,1363.8,-6671.8,6671.8
0.096,0.304,0.70111,1.7165,1.0112e+05,-27256,-2524.9,2524.9
0.096,0.288,2.2957,0.46109,79434,-1.2043e+05,938.35,938.35
0.096,0.272,1.7765,-0.33199,48034,-1.9943e+05,6029.4,6029.4
0.096,0.256,2.1961,-0.47331,-29536,-1.274e+05,7010.2,7010.2
0.096,0.24,2.7318,1.5232,-49409,-1.0501e+05,5914.2,5914.2
0.096,0.224,1.2796,-0.40464,-87182,-20087,4070.1,4070.1
0.096,0.208,-0.27282,1.59,-97062,69000,5120.6,5120.6
0.096,0.192,-0.24244,2.6975,-1.5897e+05,2.0575e+05,8581.8,8581.8
0.096,0.176,-0.99764,3.1192,-1.4765e+05,2.2946e+05,11537,11537
0.096,0.16,-1.3284,3.2699,-1.9357e+05,2.5084e+05,12691,12691
0.096,0.144,-2.4149,3.4751,-2.0646e+05,2.5524e+05,10727,10727
0.096,0.128,-2.7174,2.7884,-1.9026e+05,2.4364e+05,6566.5,6566.5
0.096,0.112,-1.8535,2.785,-73021,1.6885e+05,3043.7,3043.7
0.096,0.096,-1.614,2.5223,1.234e+05,-71799,1932.9,1932.9
0.096,0.08,-0.42304,1.0262,2.773e+05,-72789,2460.6,2460.6
0.096,0.064,-0.30494,1.1113,3.5425e+05,-1.5438e+05,2738.8,2738.8
0.096,0.048,0.13482,1.9399,2.4386e+05,-2556.2,2028.7,2028.7
0.096,0.032,1.8505,1.1303,1.0288e+05,-39604,1032.9,1032.9
0.096,0.016,1.1575,-3.1514,0,0,471.56,471.56
0.112,0.496,-1.0774,-1.3109,-7886.7,-2337.2,-61.035,61.035
0.112,0.48,-0.58842,0.37061,59480,1.7899e+05,-821.48,821.48
0.112,0.464,0.033857,7.6301,50278,8.1236e+05,-2365,2365
0.112,0.448,0.7754,10.636,-44650,3.7102e+05,-4912.4,4912.4
0.112,0.432,0.92928,1.58,-1.6329e+05,5.0997e+05,-5083.4,5083.4
0.112,0.416,3.8217,23.679,73559,4.0297e+05,-4061.2,4061.2
0.112,0.4,4.5287,22.336,3.1676e+05,5.2151e+05,-1490,1490
0.112,0.384,4.0412,21.034,3.687e+05,-49790,-1442.7,1442.7
0.112,0.368,1.0855,2.1216,1.2941e+05,-4.8887e+05,-2011.3,2011.3
0.112,0.352,-0.97872,1.6392,-85066,-4.7521e+05,-2553.6,2553.6
0.112,0.336,-1.5704,0.59278,-1.5835e+05,-1.8888e+05,-2135.5,2135.5
0.112,0.32,-0.40636,2.4031,-90046,1.5606e+05,-1352.8,1352.8
0.112,0.304,0.21315,3.5567,1.1306e+05,22951,1275.7,1275.7
0.112,0.288,2.3571,2.3248,1.4051e+05,-2.4505e+05,6724.6,6724.6
0.112,0.272,4.3121,0.11435,1.2565e+05,-4.7819e+05,13901,13901
0.112,0.256,3.3994,0.31031,48042,-3.5099e+05,23197,23197
0.112,0.24,3.5259,3.2428,-55743,-1.5825e+05,28032,28032
0.112,0.224,1.5552,3.6452,-2.0374e+05,76971,30599,30599
0.112,0.208,-0.025669,4.6932,-3.337e+05,2.5755e+05,28165,28165
0.112,0.192,-1.3893,5.5989,-4.3359e+05,4.7874e+05,28208,28208
0.112,0.176,-2.0383,6.6126,-4.1831e+05,6.3524e+05,29471,29471
0.112,0.16,-1.933,6.8155,-4.9146e+05,7.9297e+05,30698,30698
0.112,0.144,-3.2697,7.2121,-5.0472e+05,8.0919e+05,28619,28619
0.112,0.128,-4.1963,5.3093,-4.1883e+05,6.3167e+05,23246,23246
0.112,0.112,-3.5184,2.873,-1.8255e+05,3.8943e+05,17058,17058
0.112,0.096,-1.8355,3.8902,76956,63402,12298,12298
0.112,0.08,1.7437,0.37552,1.8627e+05,-20394,9571.8,9571.8
0.112,0.064,3.7017,1.8935,1.0145e+05,-54180,7213.8,7213.8
0.112,0.048,2.3352,1.6555,28059,21411,4633.1,4633.1
0.112,0.032,-0.6845,-0.26578,-36754,33533,1939.9,1939.9
0.112,0.016,-0.92574,-1.7826,0,0,533.38,533.38
0.128,0.496,1.2043,3.723,-7886.7,-2337.2,167.36,167.36
0.128,0.48,1.1832,4.346,-13802,-4090.1,-599.34,599.34
0.128,0.464,-1.2525,8.1662,-2.4176e+05,4.7007e+05,-2132.9,2132.9
0.128,0.448,-0.51573,8.8411,-1.7072e+05,1.6058e+05,-4965.9,4965.9
0.128,0.432,0.86066,12.878,-2.1784e+05,5.5669e+05,-6668.4,6668.4
0.128,0.416,-0.74706,12.791,17492,-1.1581e+05,-8580.1,8580.1
0.128,0.4,1.858,7.0309,1.9201e+05,75427,-6175.4,6175.4
0.128,0.384,1.6967,5.5683,2.3441e+05,-9.1777e+05,-2784,2784
0.128,0.368,2.4333,3.945,2.042e+05,-1.1826e+06,2302,2302
0.128,0.352,2.8324,3.1447,48021,-1.3526e+06,5095.2,5095.2
0.128,0.336,0.014329,3.3553,19924,-7.0291e+05,8051.8,8051.8
0.128,0.32,-2.0627,4.9878,-40980,-1.4351e+05,10202,10202
0.128,0.304,-2.1564,5.1703,1.3297e+05,-3.0857e+05,13292,13292
0.128,0.288,1.6648,3.3828,2.2274e+05,-6.0478e+05,17164,17164
0.128,0.272,4.5229,1.4746,2.4242e+05,-7.617e+05,23809,23809
0.128,0.256,4.3228,2.0972,1.0933e+05,-5.2599e+05,39320,39320
0.128,0.24,3.599,2.9263,-1.1249e+05,-85557,57178,57178
0.128,0.224,1.1488,5.0951,-3.0409e+05,2.8406e+05,70563,70563
0.128,0.208,-0.35611,5.653,-4.8153e+05,6.5752e+05,70052,70052
0.128,0.192,-0.44899,7.0605,-6.2563e+05,1.0726e+06,62041,62041
0.128,0.176,-2.3946,10.622,-7.3064e+05,1.4646e+06,57016,57016
0.128,0.16,-3.6473,11.486,-8.7208e+05,1.7685e+06,55601,55601
0.128,0.144,-4.9083,11.935,-9.3136e+05,1.8631e+06,54612,54612
0.128,0.128,-5.7164,11.356,-8.1759e+05,1.6658e+06,49156,49156
0.128,0.112,-4.9359,7.6008,-5.8302e+05,1.3187e+06,39682,39682
0.128,0.096,-3.9319,5.5822,-2.5687e+05,7.2512e+05,30579,30579
0.128,0.08,-3.0001,3.8662,-76280,4.6352e+05,22214,22214
0.128,0.064,-4.5818,3.6778,-1.3392e+05,3.0689e+05,14025,14025
0.128,0.048,-4.137,4.6159,-1.3699e+05,2.6901e+05,6745.8,6745.8
0.128,0.032,-1.9439,3.1646,-1.4831e+05,1.3608e+05,1718.3,1718.3
0.128,0.016,0.29821,1.3618,0,0,274.22,274.22
0.144,0.496,-0.11279,13.89,0,0,41.029,41.029
0.144,0.48,-0.85075,15.986,0,0,-613.51,613.51
0.144,0.464,-1.1785,19.654,-4.2832e+05,9.5651e+05,-1941.9,1941.9
0.144,0.448,-0.38813,18.605,-2.5232e+05,9.869e+05,-5872.5,5872.5
0.144,0.432,-0.38479,20.298,-2.8795e+05,1.2396e+06,-1166,1166
0.144,0.416,-0.76278,21.548,23744,2.2825e+05,1226.5,1226.5
0.144,0.4,0.001429,17.861,1.0757e+05,-4.7241e+05,9628.8,9628.8
0.144,0.384,-1.2438,17.105,2.7728e+05,-1.332e+06,12055,12055
0.144,0.368,0.33408,14.24,3.0689e+05,-1.7746e+06,14913,14913
0.144,0.352,0.78198,13.353,1.6284e+05,-1.6245e+06,11810,11810
0.144,0.336,0.059798,14.352,59617,-1.3345e+06,11208,11208
0.144,0.32,0.49115,12.315,-1.0355e+05,-1.0478e+06,13530,13530
0.144,0.304,0.45918,9.9826,38379,-1.2486e+06,16989,16989
0.144,0.288,1.1169,7.4459,1.1398e+05,-1.3874e+06,20771,20771
0.144,0.272,3.4265,4.5748,1.7386e+05,-1.2068e+06,24676,24676
0.144,0.256,2.1321,4.228,71095,-8.2013e+05,45333,45333
0.144,0.24,1.633,5.0311,-1.1545e+05,-2.8182e+05,71699,71699
0.144,0.224,1.4071,8.5278,-2.8939e+05,1.6213e+05,96325,96325
0.144,0.208,0.91411,10.928,-4.4669e+05,6.8299e+05,1.0267e+05,1.0267e+05
0.144,0.192,-0.23629,12.751,-6.5682e+05,1.3363e+06,1.0121e+05,1.0121e+05
0.144,0.176,-1.3482,16.691,-8.7134e+05,2.0227e+06,1.0495e+05,1.0495e+05
0.144,0.16,-3.5263,17.652,-1.0952e+06,2.6127e+06,1.0872e+05,1.0872e+05
0.144,0.144,-4.5118,19.367,-1.2002e+06,2.8591e+06,1.0854e+05,1.0854e+05
0.144,0.128,-4.1061,21.82,-1.1175e+06,2.6774e+06,96746,96746
0.144,0.112,-4.5195,20.835,-1.0118e+06,2.3139e+06,78243,78243
0.144,0.096,-7.6313,16.405,-7.7856e+05,1.697e+06,58600,58600
0.144,0.08,-6.7429,12.195,-6.5929e+05,1.226e+06,41075,41075
0.144,0.064,-6.5381,10.189,-6.0953e+05,8.9289e+05,25944,25944
0.144,0.048,-6.6265,9.2193,-4.1682e+05,5.3275e+05,13764,13764
0.144,0.032,-4.7657,9.8371,-2.3974e+05,2.8539e+05,4583.1,4583.1
0.144,0.016,-2.0982,1.7288,0,0,946.33,946.33
0.16,0.496,0.1609,26.852,0,0,11.426,11.426
0.16,0.48,0.86567,28.642,0,0,-365.93,365.93
0.16,0.464,1.5289,29.147,NaN,NaN,-1662,1662
0.16,0.448,0.43453,30.872,NaN,NaN,-7138.6,7138.6
0.16,0.432,0.10988,33.593,NaN,NaN,206.76,206.76
0.16,0.416,-0.58046,33.333,96751,2.1848e+05,4955.4,4955.4
0.16,0.4,-0.60201,31.154,4552.2,1.3464e+05,13971,13971
0.16,0.384,0.71381,30.6,60861,-4.9211e+05,14993,14993
0.16,0.368,1.5642,28.244,1.6547e+05,-1.4849e+06,14050,14050
0.16,0.352,1.9457,24.85,1.4606e+05,-1.8241e+06,7891.3,7891.3
0.16,0.336,-0.12739,22.883,1.5153e+05,-2.0473e+06,6405.8,6405.8
0.16,0.32,-0.71351,17.439,1.3976e+05,-2.3092e+06,10082,10082
0.16,0.304,0.35897,13.027,2.8091e+05,-2.6601e+06,16940,16940
0.16,0.288,1.1952,9.4186,3.2012e+05,-2.6201e+06,20557,20557
0.16,0.272,2.2047,6.4123,2.552e+05,-2.0861e+06,22128,22128
0.16,0.256,1.0125,7.4188,49190,-1.4468e+06,38523,38523
0.16,0.24,1.6132,9.4633,-1.6327e+05,-7.5001e+05,65993,65993
0.16,0.224,1.8458,11.274,-2.8905e+05,-2.4331e+05,94870,94870
0.16,0.208,1.5961,13.101,-3.7034e+05,2.0784e+05,1.1328e+05,1.1328e+05
0.16,0.192,0.84534,14.577,-4.9134e+05,7.779e+05,1.2413e+05,1.2413e+05
0.16,0.176,-1.442,17.759,-7.4359e+05,1.6487e+06,1.44e+05,1.44e+05
0.16,0.16,-2.0755,21.468,-1.0178e+06,2.6823e+06,1.5899e+05,1.5899e+05
0.16,0.144,-2.6917,23.497,-1.2889e+06,3.411e+06,1.6412e+05,1.6412e+05
0.16,0.128,-4.3068,22.85,-1.329e+06,3.3658e+06,1.4134e+05,1.4134e+05
0.16,0.112,-4.8071,22.306,-1.3504e+06,2.9504e+06,1.1054e+05,1.1054e+05
0.16,0.096,-7.8272,22.475,-1.1292e+06,2.353e+06,81485,81485
0.16,0.08,-6.845,21.198,-8.8127e+05,1.9097e+06,58499,58499
0.16,0.064,-4.3827,19.958,-6.6126e+05,1.598e+06,39288,39288
0.16,0.048,-5.385,20.729,-3.7376e+05,9.5759e+05,20317,20317
0.16,0.032,-4.7492,20.933,-2.0761e+05,4.9551e+05,9225.9,9225.9
0.16,0.016,-4.3562,17.382,0,0,2075,2075
0.176,0.496,1.6472,33.292,0,0,0,0
0.176,0.48,2.2175,34.569,0,0,0,0
0.176,0.464,1.3473,33.272,NaN,NaN,0,0
0.176,0.448,0.21293,33.958,NaN,NaN,NaN,NaN
0.176,0.432,1.3545,36.017,NaN,NaN,40047,40047
0.176,0.416,1.0071,35.947,NaN,NaN,43108,43108
0.176,0.4,0.58153,34.886,NaN,NaN,46183,46183
0.176,0.384,0.47811,34.077,NaN,NaN,32314,32314
0.176,0.368,0.050453,32.693,1.9793e+05,-1.7824e+06,11580,11580
0.176,0.352,1.0029,30.045,-1.1951e+05,-1.81e+06,-1066.3,1066.3
0.176,0.336,1.3216,25.47,-37098,-2.258e+06,-4767.1,4767.1
0.176,0.32,1.8056,18.634,56504,-2.6906e+06,1606,1606
0.176,0.304,3.5723,16.994,2.6741e+05,-3.081e+06,11151,11151
0.176,0.288,3.4422,15.039,3.2894e+05,-3.0237e+06,17910,17910
0.176,0.272,3.8971,14.839,2.7547e+05,-2.5626e+06,18886,18886
0.176,0.256,2.4626,16.123,1.6726e+05,-2.1496e+06,30565,30565
0.176,0.24,2.3562,15.831,-4845.4,-1.6575e+06,51843,51843
0.176,0.224,1.2114,15.427,-1.9181e+05,-1.2814e+06,78564,78564
0.176,0.208,1.1752,15.17,-3.0601e+05,-9.6381e+05,1.0088e+05,1.0088e+05
0.176,0.192,1.7524,14.728,-4.1865e+05,-6.2902e+05,1.2456e+05,1.2456e+05
0.176,0.176,1.2564,15.929,-6.0834e+05,3.2284e+05,1.6371e+05,1.6371e+05
0.176,0.16,-0.70468,21.687,-9.7733e+05,1.848e+06,1.9913e+05,1.9913e+05
0.176,0.144,-3.047,26.721,-1.3511e+06,3.2197e+06,2.0403e+05,2.0403e+05
0.176,0.128,-6.3688,23.775,-1.5603e+06,3.6736e+06,1.7409e+05,1.7409e+05
0.176,0.112,-6.0801,20.86,-1.5927e+06,3.5575e+06,1.3396e+05,1.3396e+05
0.176,0.096,-4.142,22.634,-1.3913e+06,3.2729e+06,1.09e+05,1.09e+05
0.176,0.08,-3.2345,25.894,-1.079e+06,2.9032e+06,77689,77689
0.176,0.064,-2.9745,26.697,-7.8379e+05,2.5982e+06,55493,55493
0.176,0.048,-3.744,28.245,-4.1255e+05,1.5787e+06,28539,28539
0.176,0.032,-5.1838,30.031,-1.9296e+05,8.3794e+05,18078,18078
0.176,0.016,-3.8367,28.317,0,0,4298.2,4298.2
0.192,0.496,3.6298,38.097,0,0,0,0
0.192,0.48,4.3349,36.246,0,0,0,0
0.192,0.464,3.574,35.393,NaN,NaN,0,0
0.192,0.448,1.8818,35.183,NaN,NaN,NaN,NaN
0.192,0.432,2.1497,34.221,NaN,NaN,NaN,NaN
0.192,0.416,2.0405,35.698,NaN,NaN,NaN,NaN
0.192,0.4,0.035971,36.822,NaN,NaN,NaN,NaN
0.192,0.384,-1.4243,36.878,NaN,NaN,10897,10897
0.192,0.368,-1.9161,36.902,NaN,NaN,4094.2,4094.2
0.192,0.352,-1.5285,33.935,-3.3677e+05,-1.7601e+06,-2442.7,2442.7
0.192,0.336,0.68958,29.609,-1.3718e+05,-2.4366e+06,-3385.1,3385.1
0.192,0.32,1.8922,25.363,99552,-2.7637e+06,2310.6,2310.6
0.192,0.304,3.2758,25.747,3.8047e+05,-3.1455e+06,15201,15201
0.192,0.288,1.8385,26.948,6.4955e+05,-3.2924e+06,24262,24262
0.192,0.272,1.5258,26.64,6.3091e+05,-3.1295e+06,24981,24981
0.192,0.256,1.4335,26.565,4.8909e+05,-2.8862e+06,31916,31916
0.192,0.24,3.6532,24.959,1.5568e+05,-2.4623e+06,50408,50408
0.192,0.224,3.7044,21.064,-1.4536e+05,-2.0706e+06,76217,76217
0.192,0.208,1.6795,17.805,-3.5326e+05,-1.7993e+06,97133,97133
0.192,0.192,0.8444,14.727,-4.8769e+05,-1.6923e+06,1.1387e+05,1.1387e+05
0.192,0.176,0.51357,11.967,-6.3982e+05,-9.5517e+05,1.4556e+05,1.4556e+05
0.192,0.16,-2.9765,16.945,-1.0018e+06,5.8965e+05,1.7962e+05,1.7962e+05
0.192,0.144,-7.0985,24.152,-1.4375e+06,2.4538e+06,1.9004e+05,1.9004e+05
0.192,0.128,-7.5041,27.231,-1.7134e+06,3.5582e+06,1.7141e+05,1.7141e+05
0.192,0.112,-7.7041,30.48,-1.741e+06,3.9393e+06,1.4048e+05,1.4048e+05
0.192,0.096,-6.3938,32.745,-1.5766e+06,4.0479e+06,1.2735e+05,1.2735e+05
0.192,0.08,-4.4975,33.722,-1.415e+06,4.1049e+06,87190,87190
0.192,0.064,-2.8576,34.482,-1.2912e+06,4.1286e+06,63675,63675
0.192,0.048,-2.6103,35.987,-8.1977e+05,2.7344e+06,27585,27585
0.192,0.032,-4.1907,37.9,-3.9833e+05,1.3843e+06,21859,21859
0.192,0.016,-6.2543,38.047,0,0,5218.5,5218.5
0.208,0.496,4.9876,40.385,0,0,0,0
0.208,0.48,5.1641,37.371,0,0,0,0
0.208,0.464,4.724,37.447,NaN,NaN,0,0
0.208,0.448,3.8359,36.819,NaN,NaN,NaN,NaN
0.208,0.432,3.4961,35.629,NaN,NaN,NaN,NaN
0.208,0.416,2.4948,38.265,NaN,NaN,NaN,NaN
0.208,0.4,0.49172,40.34,NaN,NaN,NaN,NaN
0.208,0.384,0.018347,41.021,NaN,NaN,NaN,NaN
0.208,0.368,0.19708,40.28,NaN,NaN,808.71,808.71
0.208,0.352,0.48871,38.348,-6.7935e+05,-1.4869e+06,2759.7,2759.7
0.208,0.336,2.5487,34.996,-3.1308e+05,-2.151e+06,9969.4,9969.4
0.208,0.32,3.7818,31.343,-84230,-2.4045e+06,16380,16380
0.208,0.304,4.194,30.395,1.6402e+05,-2.5423e+06,27070,27070
0.208,0.288,5.2879,31.885,4.1569e+05,-2.5758e+06,35932,35932
0.208,0.272,6.7327,28.692,4.6018e+05,-2.5084e+06,39322,39322
0.208,0.256,2.9492,27.327,4.5968e+05,-2.5376e+06,44382,44382
0.208,0.24,1.7099,26.927,2.5696e+05,-2.4182e+06,55656,55656
0.208,0.224,2.0088,24.767,-16792,-2.1596e+06,79735,79735
0.208,0.208,0.82994,25.684,-2.4359e+05,-1.8565e+06,99533,99533
0.208,0.192,0.34241,23.624,-4.7249e+05,-1.6927e+06,1.1111e+05,1.1111e+05
0.208,0.176,0.51701,20.979,-6.4173e+05,-1.1932e+06,1.2761e+05,1.2761e+05
0.208,0.16,-2.0739,22.955,-1.0229e+06,-13013,1.5048e+05,1.5048e+05
0.208,0.144,-4.2172,27.254,-1.4473e+06,1.7181e+06,1.5969e+05,1.5969e+05
0.208,0.128,-6.7753,32.879,-1.8063e+06,3.2573e+06,1.5954e+05,1.5954e+05
0.208,0.112,-9.2768,39.821,-1.93e+06,4.2197e+06,1.3922e+05,1.3922e+05
0.208,0.096,-8.4169,44.506,-1.885e+06,4.7145e+06,1.3527e+05,1.3527e+05
0.208,0.08,-7.4061,44.954,-1.8352e+06,5.0424e+06,82654,82654
0.208,0.064,-6.37,44.854,-1.7625e+06,5.1827e+06,58928,58928
0.208,0.048,-5.6803,44.746,-1.1645e+06,3.5376e+06,19416,19416
0.208,0.032,-6.6904,46.25,-5.6053e+05,1.7498e+06,20512,20512
0.208,0.016,-6.2418,46.022,0,0,4794.9,4794.9
0.224,0.496,5.2865,43.543,0,0,0,0
0.224,0.48,5.9667,41.811,0,0,0,0
0.224,0.464,4.8001,42.383,NaN,NaN,0,0
0.224,0.448,3.5555,44.751,NaN,NaN,NaN,NaN
0.224,0.432,1.6045,44.771,NaN,NaN,NaN,NaN
0.224,0.416,-0.1762,44.642,NaN,NaN,NaN,NaN
0.224,0.4,-0.70053,44.756,NaN,NaN,NaN,NaN
0.224,0.384,-0.23276,43.927,NaN,NaN,NaN,NaN
0.224,0.368,0.79247,41.414,NaN,NaN,24861,24861
0.224,0.352,2.2432,39.523,NaN,NaN,15754,15754
0.224,0.336,4.3489,38.389,-1.6665e+05,-2.5465e+06,22613,22613
0.224,0.32,4.6553,39.43,79335,-2.7969e+06,29802,29802
0.224,0.304,3.5814,41.253,2.393e+05,-2.6742e+06,38869,38869
0.224,0.288,4.3176,42.176,5.5031e+05,-2.6758e+06,46083,46083
0.224,0.272,3.7702,41.463,2.8234e+05,-2.0847e+06,51107,51107
0.224,0.256,2.5807,40.516,71768,-1.7301e+06,60237,60237
0.224,0.24,1.1595,38.393,-1.4823e+05,-1.524e+06,70543,70543
0.224,0.224,0.28454,37.69,-1.8062e+05,-1.4823e+06,89478,89478
0.224,0.208,-0.79497,38.377,-2.2698e+05,-1.3488e+06,1.0772e+05,1.0772e+05
0.224,0.192,-0.9547,38.568,-3.7377e+05,-1.1366e+06,1.1897e+05,1.1897e+05
0.224,0.176,-1.0489,38.264,-5.7672e+05,-8.3295e+05,1.2485e+05,1.2485e+05
0.224,0.16,-1.9565,37.088,-9.1944e+05,-1.8707e+05,1.2505e+05,1.2505e+05
0.224,0.144,-3.9538,37.769,-1.3469e+06,1.0064e+06,1.2954e+05,1.2954e+05
0.224,0.128,-7.7969,41.551,-1.6874e+06,2.3109e+06,1.371e+05,1.371e+05
0.224,0.112,-9.3561,45.854,-1.8803e+06,3.3884e+06,1.2622e+05,1.2622e+05
0.224,0.096,-9.5402,49.041,-1.9821e+06,4.1993e+06,1.199e+05,1.199e+05
0.224,0.08,-8.3517,48.334,-2.1083e+06,4.9097e+06,58723,58723
0.224,0.064,-10.09,51.663,-2.1829e+06,5.4045e+06,37732,37732
0.224,0.048,-7.595,50.902,-1.4757e+06,3.7551e+06,1271.1,1271.1
0.224,0.032,-7.4553,51.344,-7.237e+05,1.8682e+06,11676,11676
0.224,0.016,-5.9626,52.52,0,0,2110.8,2110.8
0.24,0.496,5.4246,48.906,0,0,0,0
0.24,0.48,4.0514,46.971,0,0,0,0
0.24,0.464,1.6564,48.771,NaN,NaN,0,0
0.24,0.448,1.0396,50.029,NaN,NaN,NaN,NaN
0.24,0.432,1.0624,49.101,NaN,NaN,NaN,NaN
0.24,0.416,-0.23762,48.2,NaN,NaN,NaN,NaN
0.24,0.4,-0.70132,46.896,NaN,NaN,NaN,NaN
0.24,0.384,0.53631,45.412,NaN,NaN,NaN,NaN
0.24,0.368,3.0046,44.07,NaN,NaN,NaN,NaN
0.24,0.352,4.5799,44.355,NaN,NaN,37631,37631
0.24,0.336,5.0482,45.156,NaN,NaN,52311,52311
0.24,0.32,4.1552,46.643,NaN,NaN,50586,50586
0.24,0.304,2.3741,47.977,-81633,-1.8213e+06,50809,50809
0.24,0.288,1.0185,48.171,56167,-1.6472e+06,43664,43664
0.24,0.272,-0.6017,48.289,-4.3884e+05,-9.992e+05,45131,45131
0.24,0.256,-1.9436,48.019,-5.1531e+05,-8.0535e+05,51689,51689
0.24,0.24,-1.8739,45.955,-5.1875e+05,-8.555e+05,65736,65736
0.24,0.224,-1.4651,42.966,-3.462e+05,-1.0188e+06,80302,80302
0.24,0.208,-1.2514,42.266,-2.9255e+05,-1.0483e+06,97643,97643
0.24,0.192,-0.90464,42.455,-4.1111e+05,-9.1471e+05,1.1083e+05,1.1083e+05
0.24,0.176,-0.97354,42.684,-6.6819e+05,-7.7089e+05,1.1617e+05,1.1617e+05
0.24,0.16,-3.3124,41.666,-1.0285e+06,-4.7268e+05,1.1155e+05,1.1155e+05
0.24,0.144,-5.7799,40.661,-1.3718e+06,1.117e+05,1.0972e+05,1.0972e+05
0.24,0.128,-6.9556,43.026,-1.6722e+06,9.7034e+05,1.1e+05,1.1e+05
0.24,0.112,-8.0064,45.909,-1.8651e+06,1.8838e+06,95924,95924
0.24,0.096,-8.1255,49.33,-1.9936e+06,2.729e+06,80330,80330
0.24,0.08,-10.256,51.081,-2.1159e+06,3.5434e+06,21887,21887
0.24,0.064,-9.3197,53.004,-2.1478e+06,4.0817e+06,4024.1,4024.1
0.24,0.048,-8.677,54.583,-1.461e+06,2.9113e+06,-19528,19528
0.24,0.032,-8.7023,56.315,-6.9742e+05,1.4469e+06,1709.7,1709.7
0.24,0.016,-6.8513,54.421,0,0,-565.01,565.01
0.256,0.496,4.9489,54.38,0,0,0,0
0.256,0.48,5.9597,52.27,0,0,0,0
0.256,0.464,3.6294,51.909,NaN,NaN,0,0
0.256,0.448,2.6929,51.622,NaN,NaN,NaN,NaN
0.256,0.432,2.9488,50.886,NaN,NaN,NaN,NaN
0.256,0.416,1.9594,49.89,NaN,NaN,NaN,NaN
0.256,0.4,2.4154,48.54,NaN,NaN,NaN,NaN
0.256,0.384,4.226,48.31,NaN,NaN,NaN,NaN
0.256,0.368,5.4477,49.167,NaN,NaN,NaN,NaN
0.256,0.352,5.3651,49.139,NaN,NaN,NaN,NaN
0.256,0.336,5.5406,49.289,NaN,NaN,NaN,NaN
0.256,0.32,4.4698,49.191,NaN,NaN,71200,71200
0.256,0.304,2.3625,49.073,NaN,NaN,58157,58157
0.256,0.288,0.83868,48.639,NaN,NaN,18282,18282
0.256,0.272,-0.84012,48.134,-1.318e+06,-5.7779e+05,14070,14070
0.256,0.256,-1.5648,46.846,-1.1354e+06,-6.6703e+05,22183,22183
0.256,0.24,-1.9982,45.182,-9.9954e+05,-8.2644e+05,48826,48826
0.256,0.224,-2.7029,43.312,-7.4626e+05,-1.0345e+06,69996,69996
0.256,0.208,-2.2032,41.85,-6.4583e+05,-1.1568e+06,88177,88177
0.256,0.192,-1.9571,41.836,-7.4047e+05,-1.1863e+06,98495,98495
0.256,0.176,-1.9908,40.153,-9.599e+05,-1.2044e+06,98228,98228
0.256,0.16,-2.7361,37.83,-1.2315e+06,-1.2014e+06,88236,88236
0.256,0.144,-4.5897,37.025,-1.3812e+06,-1.0087e+06,79465,79465
0.256,0.128,-4.438,38.96,-1.4591e+06,-5.631e+05,69310,69310
0.256,0.112,-5.5677,41.108,-1.4446e+06,71004,51340,51340
0.256,0.096,-5.9643,45.487,-1.4538e+06,8.1417e+05,29842,29842
0.256,0.08,-5.2892,49.114,-1.4968e+06,1.4823e+06,-13456,13456
0.256,0.064,-6.5234,50.787,-1.5249e+06,2.0224e+06,-24624,24624
0.256,0.048,-5.3506,53.284,-1.0288e+06,1.4977e+06,-31230,31230
0.256,0.032,-5.101,56.129,-5.0247e+05,8.0287e+05,-7377.1,7377.1
0.256,0.016,-5.3081,55.598,0,0,-2680.6,2680.6
0.272,0.496,4.34,57.455,0,0,0,0
0.272,0.48,4.4528,54.286,0,0,0,0
0.272,0.464,2.9723,53.253,NaN,NaN,0,0
0.272,0.448,2.6496,53.392,NaN,NaN,NaN,NaN
0.272,0.432,3.4339,52.906,NaN,NaN,NaN,NaN
0.272,0.416,3.4942,51.839,NaN,NaN,NaN,NaN
0.272,0.4,3.4578,52.28,NaN,NaN,NaN,NaN
0.272,0.384,4.0805,52.196,NaN,NaN,NaN,NaN
0.272,0.368,4.1031,51.386,NaN,NaN,NaN,NaN
0.272,0.352,3.4438,50.55,NaN,NaN,NaN,NaN
0.272,0.336,3.367,50.061,NaN,NaN,NaN,NaN
0.272,0.32,2.4559,49.613,NaN,NaN,NaN,NaN
0.272,0.304,1.0936,49.524,NaN,NaN,NaN,NaN
0.272,0.288,-0.10861,48.432,NaN,NaN,-36070,36070
0.272,0.272,-1.9013,47.261,-1.3122e+06,-1.1769e+06,-26640,26640
0.272,0.256,-2.5249,47.035,-1.1529e+06,-1.2473e+06,-17763,17763
0.272,0.24,-3.3573,45.307,-1.0952e+06,-1.2548e+06,14058,14058
0.272,0.224,-3.8791,44.215,-9.8587e+05,-1.3015e+06,43431,43431
0.272,0.208,-2.8026,42.773,-9.8265e+05,-1.3108e+06,65072,65072
0.272,0.192,-2.5956,41.111,-1.0694e+06,-1.4389e+06,65031,65031
0.272,0.176,-2.494,39.424,-1.1813e+06,-1.6209e+06,58290,58290
0.272,0.16,-2.5355,38.413,-1.2727e+06,-1.8499e+06,52360,52360
0.272,0.144,-3.2392,37.028,-1.2435e+06,-1.9368e+06,44575,44575
0.272,0.128,-3.6616,37.37,-1.1445e+06,-1.8185e+06,27638,27638
0.272,0.112,-2.7599,38.562,-9.2373e+05,-1.508e+06,4451.2,4451.2
0.272,0.096,-2.109,40.696,-7.0108e+05,-1.1421e+06,-16831,16831
0.272,0.08,-1.9462,43.876,-5.906e+05,-7.2525e+05,-39573,39573
0.272,0.064,-2.2553,45.077,-5.6377e+05,-3.581e+05,-40534,40534
0.272,0.048,-2.9028,47.772,-3.9595e+05,-86431,-34396,34396
0.272,0.032,-2.2015,51.346,-1.8954e+05,8025.6,-11612,11612
0.272,0.016,-1.955,52.607,0,0,-3172.7,3172.7
0.288,0.496,2.8097,56.665,0,0,0,0
0.288,0.48,2.1975,53.736,0,0,0,0
0.288,0.464,1.1868,53.705,NaN,NaN,0,0
0.288,0.448,2.0049,54.164,NaN,NaN,NaN,NaN
0.288,0.432,3.1482,53.738,NaN,NaN,NaN,NaN
0.288,0.416,2.9437,52.552,NaN,NaN,NaN,NaN
0.288,0.4,2.9582,52.287,NaN,NaN,NaN,NaN
0.288,0.384,2.7566,51.708,NaN,NaN,NaN,NaN
0.288,0.368,1.5827,50.781,NaN,NaN,NaN,NaN
0.288,0.352,0.36755,50.021,NaN,NaN,NaN,NaN
0.288,0.336,0.79954,49.408,NaN,NaN,NaN,NaN
0.288,0.32,0.62409,48.934,NaN,NaN,NaN,NaN
0.288,0.304,0.11619,50.03,NaN,NaN,NaN,NaN
0.288,0.288,-0.33126,50.232,NaN,NaN,-45921,45921
0.288,0.272,-1.5623,49.456,-1.3879e+06,-1.5438e+06,-44557,44557
0.288,0.256,-1.3543,49.44,-1.285e+06,-1.4602e+06,-33051,33051
0.288,0.24,-2.7204,48.839,-1.2437e+06,-1.3919e+06,-7754.4,7754.4
0.288,0.224,-3.6517,47.225,-1.2085e+06,-1.209e+06,22802,22802
0.288,0.208,-3.3093,46.235,-1.2114e+06,-1.0512e+06,41407,41407
0.288,0.192,-2.9705,45.049,-1.2436e+06,-1.0681e+06,41646,41646
0.288,0.176,-2.1096,43.005,-1.2578e+06,-1.1737e+06,35143,35143
0.288,0.16,-2.3839,41.168,-1.2704e+06,-1.4019e+06,26943,26943
0.288,0.144,-3.1718,38.944,-1.2156e+06,-1.5128e+06,13592,13592
0.288,0.128,-3.5406,38.103,-9.9532e+05,-1.5907e+06,-6244.2,6244.2
0.288,0.112,-2.8462,37.342,-6.4448e+05,-1.5766e+06,-23874,23874
0.288,0.096,-0.54654,37.296,-3.031e+05,-1.6203e+06,-31549,31549
0.288,0.08,0.37337,36.734,-57335,-1.6814e+06,-35873,35873
0.288,0.064,0.073034,38.178,97498,-1.7084e+06,-33153,33153
0.288,0.048,-0.69531,38.778,1.3072e+05,-1.1336e+06,-27138,27138
0.288,0.032,-0.6812,41.193,82141,-5.5033e+05,-12481,12481
0.288,0.016,-0.5031,45.907,0,0,-3352.1,3352.1
0.304,0.496,0.65123,53.91,0,0,0,0
0.304,0.48,0.34444,51.848,0,0,0,0
0.304,0.464,0.24301,51.75,NaN,NaN,0,0
0.304,0.448,1.0232,50.356,NaN,NaN,NaN,NaN
0.304,0.432,2.1672,49.187,NaN,NaN,NaN,NaN
0.304,0.416,2.5384,48.141,NaN,NaN,NaN,NaN
0.304,0.4,2.5447,47.584,NaN,NaN,NaN,NaN
0.304,0.384,2.1368,47.375,NaN,NaN,NaN,NaN
0.304,0.368,2.1773,47.131,NaN,NaN,NaN,NaN
0.304,0.352,2.0165,46.373,NaN,NaN,NaN,NaN
0.304,0.336,2.4788,46.046,NaN,NaN,NaN,NaN
0.304,0.32,3.4048,46.394,NaN,NaN,52110,52110
0.304,0.304,3.4623,48.302,NaN,NaN,49036,49036
0.304,0.288,5.3025,49.559,NaN,NaN,2870.1,2870.1
0.304,0.272,1.8793,50.278,NaN,NaN,-31388,31388
0.304,0.256,-1.5294,51.807,-1.2593e+06,-1.485e+06,-37842,37842
0.304,0.24,-3.5989,53.276,-1.2389e+06,-1.3505e+06,-15741,15741
0.304,0.224,-4.5065,54.075,-1.274e+06,-1.0707e+06,7167.3,7167.3
0.304,0.208,-4.5159,55.086,-1.2798e+06,-7.9362e+05,25818,25818
0.304,0.192,-4.5831,55.055,-1.2709e+06,-4.4025e+05,36028,36028
0.304,0.176,-4.4021,53.284,-1.2115e+06,-1.3115e+05,48785,48785
0.304,0.16,-4.2732,52.137,-1.1864e+06,-7952.6,50453,50453
0.304,0.144,-4.6318,50.377,-1.1927e+06,-23463,37491,37491
0.304,0.128,-4.7289,49.53,-1.0698e+06,-94181,12214,12214
0.304,0.112,-3.1914,47.7,-8.0799e+05,-1.6987e+05,-2387.7,2387.7
0.304,0.096,-1.6713,45.508,-4.8349e+05,-3.6923e+05,-7351.7,7351.7
0.304,0.08,0.24922,43.163,-2.4547e+05,-6.9951e+05,-7549.8,7549.8
0.304,0.064,0.75768,41.451,-67982,-1.0079e+06,-11069,11069
0.304,0.048,0.75084,40.787,26703,-7.5642e+05,-14138,14138
0.304,0.032,1.2398,40.137,45047,-4.0552e+05,-7917.3,7917.3
0.304,0.016,0.73766,42.948,0,0,-2511.2,2511.2
0.32,0.496,0.13829,52.203,0,0,0,0
0.32,0.48,0.84844,49.878,0,0,0,0
0.32,0.464,1.4774,48.814,NaN,NaN,0,0
0.32,0.448,-0.17677,47.573,NaN,NaN,NaN,NaN
0.32,0.432,0.32189,46.429,NaN,NaN,NaN,NaN
0.32,0.416,1.2622,45.272,NaN,NaN,NaN,NaN
0.32,0.4,0.33161,43.936,NaN,NaN,NaN,NaN
0.32,0.384,-0.681,43.376,NaN,NaN,NaN,NaN
0.32,0.368,0.66959,43.337,NaN,NaN,NaN,NaN
0.32,0.352,2.5822,42.749,NaN,NaN,NaN,NaN
0.32,0.336,3.3075,43.119,NaN,NaN,1.8275e+05,1.8275e+05
0.32,0.32,4.4261,44.058,NaN,NaN,76289,76289
0.32,0.304,5.6156,45.149,8.8289e+05,-2.6893e+05,50960,50960
0.32,0.288,5.5129,45.998,7.9123e+05,-1.9567e+05,1154.1,1154.1
0.32,0.272,3.1023,47.569,5.3659e+05,-2.2202e+05,-25310,25310
0.32,0.256,-0.024862,50.434,1.248e+05,-1.4892e+05,-28385,28385
0.32,0.24,-2.2114,55.407,-2.3592e+05,1.0686e+05,-13402,13402
0.32,0.224,-3.3342,58.334,-6.5622e+05,3.6813e+05,9165.4,9165.4
0.32,0.208,-4.9071,59.943,-8.3707e+05,6.6229e+05,23794,23794
0.32,0.192,-4.9787,62.232,-1.0148e+06,9.101e+05,41952,41952
0.32,0.176,-5.1177,62.932,-1.0307e+06,1.3586e+06,65680,65680
0.32,0.16,-4.1722,64.262,-1.0356e+06,1.5708e+06,77274,77274
0.32,0.144,-4.5209,62.708,-1.0402e+06,1.7061e+06,71955,71955
0.32,0.128,-5.4279,61.162,-1.0124e+06,1.717e+06,45659,45659
0.32,0.112,-3.6219,59.542,-9.2444e+05,1.692e+06,38466,38466
0.32,0.096,-2.6392,57.028,-8.4547e+05,1.4896e+06,33037,33037
0.32,0.08,-1.3287,54.224,-7.6612e+05,1.1057e+06,32948,32948
0.32,0.064,-0.22886,52.516,-6.6089e+05,6.6522e+05,16333,16333
0.32,0.048,0.7558,51.792,-3.6845e+05,3.2076e+05,3046,3046
0.32,0.032,2.0977,49.695,-1.3865e+05,96551,-1534,1534
0.32,0.016,2.3166,49.641,0,0,-1284.2,1284.2
0.336,0.496,1.2455,49.062,0,0,0,0
0.336,0.48,2.5861,48.017,0,0,0,0
0.336,0.464,2.8224,47.233,NaN,NaN,0,0
0.336,0.448,1.211,46.808,NaN,NaN,NaN,NaN
0.336,0.432,0.43585,45.87,NaN,NaN,NaN,NaN
0.336,0.416,0.21777,43.88,NaN,NaN,NaN,NaN
0.336,0.4,-0.68706,42.715,NaN,NaN,NaN,NaN
0.336,0.384,-0.54291,41.847,NaN,NaN,NaN,NaN
0.336,0.368,0.85257,42.509,NaN,NaN,NaN,NaN
0.336,0.352,2.942,42.509,NaN,NaN,2.1242e+05,2.1242e+05
0.336,0.336,4.7116,42.266,NaN,NaN,1.4469e+05,1.4469e+05
0.336,0.32,4.7143,42.281,1.1867e+06,6.2414e+05,82783,82783
0.336,0.304,4.6516,40.932,1.2299e+06,6.8258e+05,42449,42449
0.336,0.288,5.6387,40.048,1.2085e+06,7.4664e+05,9703.9,9703.9
0.336,0.272,4.9537,41.6,9.3953e+05,5.1184e+05,-5884,5884
0.336,0.256,1.8752,45.341,5.4584e+05,3.3938e+05,-13859,13859
0.336,0.24,-0.15543,48.872,1.3863e+05,3.2541e+05,-2914.9,2914.9
0.336,0.224,-0.12706,52.017,-38106,7.3739e+05,19104,19104
0.336,0.208,-0.83425,54.914,-1.6012e+05,1.2172e+06,37444,37444
0.336,0.192,-1.4491,57.256,-4.2102e+05,1.636e+06,50186,50186
0.336,0.176,-1.8845,60.843,-5.5791e+05,2.0765e+06,68388,68388
0.336,0.16,-1.7677,63.473,-6.2627e+05,2.3127e+06,86839,86839
0.336,0.144,-2.2688,62.727,-6.557e+05,2.4445e+06,95914,95914
0.336,0.128,-2.7657,61.152,-7.9883e+05,2.3857e+06,80348,80348
0.336,0.112,-3.3536,60.588,-9.3869e+05,2.3089e+06,67620,67620
0.336,0.096,-2.5739,58.909,-1.077e+06,2.2106e+06,55789,55789
0.336,0.08,-2.3627,56.38,-1.1522e+06,2.1469e+06,51296,51296
0.336,0.064,-2.3688,57.43,-1.1779e+06,2.1001e+06,33598,33598
0.336,0.048,-1.0669,55.897,-7.7931e+05,1.4277e+06,16733,16733
0.336,0.032,-0.18996,56.325,-3.6156e+05,7.064e+05,5200.5,5200.5
0.336,0.016,-0.20444,55.906,0,0,665.63,665.63
0.352,0.496,1.2835,45.805,0,0,0,0
0.352,0.48,1.1224,43.511,0,0,0,0
0.352,0.464,1.5247,43.911,NaN,NaN,0,0
0.352,0.448,1.7045,43.642,NaN,NaN,NaN,NaN
0.352,0.432,0.778,40.851,NaN,NaN,NaN,NaN
0.352,0.416,0.085474,38.635,NaN,NaN,82561,82561
0.352,0.4,-0.031402,38.124,NaN,NaN,93321,93321
0.352,0.384,-0.14461,38.449,NaN,NaN,1.014e+05,1.014e+05
0.352,0.368,0.32926,40.182,NaN,NaN,1.1833e+05,1.1833e+05
0.352,0.352,1.7732,40.277,NaN,NaN,1.3046e+05,1.3046e+05
0.352,0.336,3.4997,39.816,1.4106e+06,2.1356e+06,1.0919e+05,1.0919e+05
0.352,0.32,5.0713,37.001,1.3274e+06,1.4791e+06,74211,74211
0.352,0.304,6.115,34.105,1.2895e+06,1.1848e+06,45708,45708
0.352,0.288,7.6167,35.004,1.202e+06,9.4165e+05,32470,32470
0.352,0.272,7.5806,35.468,9.872e+05,7.8105e+05,23261,23261
0.352,0.256,3.6228,37.213,6.7622e+05,7.6041e+05,15000,15000
0.352,0.24,2.708,39.637,3.3642e+05,8.9619e+05,6866.3,6866.3
0.352,0.224,1.9365,43.34,68569,1.1131e+06,22380,22380
0.352,0.208,1.4754,44.356,-1.7612e+05,1.271e+06,30926,30926
0.352,0.192,0.63031,46.408,-3.4426e+05,1.5073e+06,32109,32109
0.352,0.176,0.090277,49.382,-4.3866e+05,1.8537e+06,33988,33988
0.352,0.16,-0.63856,50.946,-4.782e+05,2.1828e+06,50814,50814
0.352,0.144,-0.73592,50.755,-5.3021e+05,2.3568e+06,66798,66798
0.352,0.128,-0.76262,50.077,-6.3686e+05,2.3905e+06,63115,63115
0.352,0.112,-1.6223,48.852,-7.6302e+05,2.1854e+06,51251,51251
0.352,0.096,-2.4792,49.383,-9.5625e+05,1.6684e+06,39522,39522
0.352,0.08,-2.3902,49.042,-1.1258e+06,1.1329e+06,34356,34356
0.352,0.064,-1.843,49.378,-1.1621e+06,1.0763e+06,22774,22774
0.352,0.048,0.17246,47.87,-7.7436e+05,7.628e+05,11803,11803
0.352,0.032,0.87011,51.249,-3.4049e+05,5.0143e+05,4478,4478
0.352,0.016,0.15473,50.888,0,0,965.98,965.98
0.368,0.496,0.14106,38.623,0,0,0,0
0.368,0.48,0.055576,37.472,0,0,0,0
0.368,0.464,0.26509,36.797,NaN,NaN,0,0
0.368,0.448,-0.40997,37.132,NaN,NaN,-43856,43856
0.368,0.432,-0.49336,34.906,NaN,NaN,-18504,18504
0.368,0.416,-0.71605,30.696,NaN,NaN,-1737.8,1737.8
0.368,0.4,1.107,28.931,-51949,-2.7331e+06,20509,20509
0.368,0.384,0.29991,27.632,1.3763e+05,-2.371e+06,29850,29850
0.368,0.368,0.6853,28.844,2.3925e+05,-1.8017e+06,45610,45610
0.368,0.352,2.6139,31.265,2.7734e+05,-1.4681e+06,71046,71046
0.368,0.336,5.4893,33.256,5.0198e+05,-2.5261e+05,68419,68419
0.368,0.32,6.2458,29.553,7.0336e+05,3.3329e+05,67482,67482
0.368,0.304,6.4436,26.545,9.1622e+05,9.941e+05,62000,62000
0.368,0.288,5.3205,26.516,9.885e+05,1.3027e+06,75002,75002
0.368,0.272,3.739,28.123,9.8801e+05,1.7235e+06,60352,60352
0.368,0.256,4.4056,32.631,8.6597e+05,2.0281e+06,37976,37976
0.368,0.24,3.2247,35.77,6.3717e+05,2.277e+06,12524,12524
0.368,0.224,1.5143,37.196,3.0752e+05,2.0482e+06,8047.5,8047.5
0.368,0.208,0.18125,35.882,-44279,1.6458e+06,3593.1,3593.1
0.368,0.192,-2.1273,38.683,-3.4078e+05,1.3184e+06,-2376.2,2376.2
0.368,0.176,-1.4863,41.193,-5.2615e+05,1.2387e+06,-6411.3,6411.3
0.368,0.16,-1.1112,41.717,-6.7646e+05,1.0695e+06,1569.1,1569.1
0.368,0.144,-0.54824,42.638,-7.4555e+05,8.4827e+05,15103,15103
0.368,0.128,0.77773,39.904,-7.3247e+05,8.4026e+05,23064,23064
0.368,0.112,1.584,37.138,-6.7216e+05,8.8435e+05,16428,16428
0.368,0.096,0.25704,35.019,-6.3874e+05,6.2025e+05,7093.6,7093.6
0.368,0.08,-1.7893,32.884,-7.0502e+05,-54355,633.56,633.56
0.368,0.064,-4.3789,33.338,-7.2114e+05,-3.983e+05,-1234.5,1234.5
0.368,0.048,-1.2761,35.82,-5.0126e+05,-4.0733e+05,-1517.2,1517.2
0.368,0.032,-1.3978,37.981,-2.2752e+05,-97920,-369.34,369.34
0.368,0.016,-0.60159,41.301,0,0,323.51,323.51
0.384,0.496,-0.11043,30.201,0,0,0,0
0.384,0.48,-0.24155,31.719,0,0,0,0
0.384,0.464,-0.85345,29.148,NaN,NaN,-42406,42406
0.384,0.448,-0.83771,29.084,NaN,NaN,-1.0329e+05,1.0329e+05
0.384,0.432,-1.0203,28.555,-3.2002e+05,-1.8858e+06,-73082,73082
0.384,0.416,-1.3517,24.773,-1.5507e+05,-1.7242e+06,-30159,30159
0.384,0.4,-1.0849,19.331,-50324,-1.9182e+06,-4301.9,4301.9
0.384,0.384,-0.63258,15.721,86256,-1.7436e+06,9056.7,9056.7
0.384,0.368,0.99791,13.072,55038,-1.6244e+06,25270,25270
0.384,0.352,1.5919,18.173,-79077,-1.4778e+06,34836,34836
0.384,0.336,-0.48713,17.234,72594,-6.9653e+05,43276,43276
0.384,0.32,-0.15901,17.299,2.9578e+05,89160,57863,57863
0.384,0.304,0.65269,14.288,5.2982e+05,1.0847e+06,80335,80335
0.384,0.288,1.7258,16.177,5.7033e+05,1.8081e+06,99176,99176
0.384,0.272,2.5405,21.997,6.6452e+05,2.6459e+06,78661,78661
0.384,0.256,5.372,30.196,7.8131e+05,3.1814e+06,47999,47999
0.384,0.24,3.7367,32.943,7.4173e+05,3.3545e+06,12308,12308
0.384,0.224,2.2324,32.503,3.5538e+05,2.3848e+06,-6440,6440
0.384,0.208,0.47039,27.856,-1.5938e+05,1.1159e+06,-25977,25977
0.384,0.192,-0.22041,24.173,-5.3713e+05,-37459,-37870,37870
0.384,0.176,-1.4372,25.777,-6.8897e+05,-6.1636e+05,-40743,40743
0.384,0.16,-1.8319,24.786,-7.6671e+05,-1.0387e+06,-33841,33841
0.384,0.144,-2.5905,23.565,-7.8111e+05,-1.2824e+06,-20928,20928
0.384,0.128,-1.2564,23.421,-6.2389e+05,-6.5125e+05,-10230,10230
0.384,0.112,1.1083,24.144,-3.3709e+05,-32108,-7199.9,7199.9
0.384,0.096,1.5651,22.581,-34550,3.6321e+05,-10082,10082
0.384,0.08,0.48931,20.626,23359,-5.5137e+05,-11093,11093
0.384,0.064,-1.2256,18.113,1.463e+05,-9.0617e+05,-9027.6,9027.6
0.384,0.048,-2.2162,19.191,91062,-9.1876e+05,-7188.7,7188.7
0.384,0.032,0.28841,20.511,1.2361e+05,-2.5771e+05,-3836.8,3836.8
0.384,0.016,1.8644,19.565,0,0,-1724,1724
0.4,0.496,-0.62066,20.99,0,0,0,0
0.4,0.48,-0.23299,21.56,0,0,22.306,22.306
0.4,0.464,-0.82526,18.907,NaN,NaN,-29665,29665
0.4,0.448,-0.30053,18.126,4.0141e+05,4.927e+05,-62193,62193
0.4,0.432,-0.16856,18.496,1.7003e+05,-3.7493e+05,-53800,53800
0.4,0.416,-1.3825,16.442,80475,-6.3211e+05,-37996,37996
0.4,0.4,-0.71549,12.373,-12105,-1.1513e+06,-22267,22267
0.4,0.384,0.097408,7.8751,-37634,-1.1757e+06,-21848,21848
0.4,0.368,0.10133,3.9653,-71188,-1.1317e+06,-8483,8483
0.4,0.352,-2.5278,5.4456,-1.3493e+05,-1.0208e+06,8848.9,8848.9
0.4,0.336,-3.0449,7.6141,-97497,-7.4895e+05,29114,29114
0.4,0.32,-1.4881,7.7304,49638,-49136,50679,50679
0.4,0.304,0.94571,10.977,2.7013e+05,1.185e+06,69604,69604
0.4,0.288,2.8099,18.161,4.028e+05,2.414e+06,81044,81044
0.4,0.272,5.2149,25.249,5.4629e+05,3.3984e+06,63509,63509
0.4,0.256,5.4594,26.795,6.3789e+05,3.7327e+06,35444,35444
0.4,0.24,4.3167,23.869,5.2027e+05,3.191e+06,565.02,565.02
0.4,0.224,3.812,21.225,1.7417e+05,1.6874e+06,-23980,23980
0.4,0.208,2.6091,16.099,-2.4354e+05,2.1238e+05,-44399,44399
0.4,0.192,-0.25148,9.3226,-4.6538e+05,-7.9303e+05,-57026,57026
0.4,0.176,-2.5352,7.7808,-5.5469e+05,-1.3778e+06,-57915,57915
0.4,0.16,-3.8031,5.4834,-5.9863e+05,-2.0473e+06,-53462,53462
0.4,0.144,-3.7649,6.041,-5.739e+05,-2.5039e+06,-38070,38070
0.4,0.128,-3.6743,6.3551,-3.6141e+05,-1.7802e+06,-23824,23824
0.4,0.112,-1.3732,15.013,-26823,-5.5323e+05,-12543,12543
0.4,0.096,-1.2276,13.516,3.6967e+05,6.704e+05,-4782.2,4782.2
0.4,0.08,0.79347,13.229,6.3277e+05,6.8587e+05,-2887.6,2887.6
0.4,0.064,3.905,8.8582,9.1363e+05,6.3524e+05,-5423.6,5423.6
0.4,0.048,6.6195,11.177,6.7372e+05,2.4382e+05,-10470,10470
0.4,0.032,1.2947,20.917,3.9262e+05,2.2169e+05,-8604,8604
0.4,0.016,1.0717,24.496,0,0,-3618.4,3618.4
0.416,0.496,0.9093,10.682,0,0,0,0
0.416,0.48,0.97775,10.752,0,0,-13939,13939
0.416,0.464,1.0178,11.525,1.6523e+05,1.9776e+05,-39659,39659
0.416,0.448,2.4814,13.463,2.2363e+05,3.3483e+05,-59491,59491
0.416,0.432,2.6781,12.953,2.4752e+05,-59996,-47786,47786
0.416,0.416,2.3638,10.753,2.6301e+05,-3.7625e+05,-29035,29035
0.416,0.4,2.4626,8.031,1.5938e+05,-6.0789e+05,-12849,12849
0.416,0.384,2.378,2.8815,-35465,-5.4896e+05,-6815.4,6815.4
0.416,0.368,-0.33146,3.3187,-2.1253e+05,-5.3308e+05,3196.1,3196.1
0.416,0.352,-1.8041,4.2922,-2.7556e+05,-5.1316e+05,15144,15144
0.416,0.336,-1.0331,4.195,-1.1861e+05,-2.8437e+05,23668,23668
0.416,0.32,0.37762,6.7168,1.772e+05,5.0071e+05,31438,31438
0.416,0.304,2.6393,13.564,5.5645e+05,1.4398e+06,38061,38061
0.416,0.288,4.9445,18.472,7.8881e+05,2.1017e+06,47712,47712
0.416,0.272,4.586,21.291,7.2978e+05,2.618e+06,40901,40901
0.416,0.256,2.2467,21.498,5.1444e+05,2.6622e+06,20654,20654
0.416,0.24,1.5673,18.522,1.3272e+05,1.8659e+06,-2978,2978
0.416,0.224,1.1254,12.434,-1.5786e+05,3.7679e+05,-19195,19195
0.416,0.208,-0.43159,6.1737,-4.0622e+05,-8.7925e+05,-26635,26635
0.416,0.192,-1.2045,4.772,-3.5704e+05,-1.3616e+06,-38511,38511
0.416,0.176,-1.3338,4.1738,-2.5465e+05,-1.5856e+06,-47272,47272
0.416,0.16,-3.5673,3.0163,-1.4167e+05,-1.8877e+06,-47114,47114
0.416,0.144,-4.5749,2.5089,-1.1298e+05,-2.0257e+06,-31789,31789
0.416,0.128,-4.0424,3.489,21343,-1.2293e+06,-16269,16269
0.416,0.112,-1.9751,6.2629,2.3907e+05,47465,-11036,11036
0.416,0.096,0.29797,13.723,5.078e+05,1.2074e+06,-1610.3,1610.3
0.416,0.08,0.6701,13.04,8.0739e+05,1.5724e+06,-2982.8,2982.8
0.416,0.064,7.129,20.607,1.3091e+06,1.8352e+06,-3592.7,3592.7
0.416,0.048,6.2696,22.422,8.7338e+05,1.0497e+06,-13342,13342
0.416,0.032,6.3705,23.026,4.6095e+05,6.0576e+05,-9371.1,9371.1
0.416,0.016,5.0438,24.271,0,0,-3594.2,3594.2
0.432,0.496,0.3023,10.423,0,0,-11334,11334
0.432,0.48,-1.1533,10.626,0,0,-51564,51564
0.432,0.464,-0.66565,8.6458,-1.1475e+05,-52047,-79971,79971
0.432,0.448,2.1981,9.2056,20139,84143,-92033,92033
0.432,0.432,2.3024,9.0317,1.4546e+05,1.0472e+05,-78254,78254
0.432,0.416,3.9294,6.7123,2.3527e+05,-29226,-55766,55766
0.432,0.4,4.3037,3.0511,1.5348e+05,-1.2031e+05,-33972,33972
0.432,0.384,1.6859,2.6472,-41231,-1.6793e+05,-10227,10227
0.432,0.368,-0.88765,2.9006,-1.8932e+05,-30289,-1835.2,1835.2
0.432,0.352,-0.64719,2.5821,-1.5888e+05,20009,4087.9,4087.9
0.432,0.336,-0.94823,4.1249,1.9295e+05,-1.4931e+05,9263.7,9263.7
0.432,0.32,0.4962,8.4364,5.8994e+05,4.5468e+05,9619.1,9619.1
0.432,0.304,3.6791,8.9547,8.6111e+05,9.1435e+05,9223.1,9223.1
0.432,0.288,4.2237,10.754,8.3857e+05,1.4073e+06,14670,14670
0.432,0.272,2.5388,11.936,6.3186e+05,1.4279e+06,16159,16159
0.432,0.256,1.455,13.03,2.1016e+05,1.2823e+06,1837.4,1837.4
0.432,0.24,0.56463,14.693,-2.3834e+05,5.348e+05,-23066,23066
0.432,0.224,-1.3857,9.7928,-4.545e+05,-4.7759e+05,-45398,45398
0.432,0.208,-2.5736,4.8011,-4.7469e+05,-1.0379e+06,-48683,48683
0.432,0.192,-2.5218,4.6069,-2.2718e+05,-7.1025e+05,-49820,49820
0.432,0.176,-1.2552,3.6375,-73035,-4.42e+05,-49891,49891
0.432,0.16,-0.279,3.0762,17174,-5.0865e+05,-47601,47601
0.432,0.144,-2.3696,2.5711,22337,-5.8802e+05,-31742,31742
0.432,0.128,-2.8349,2.8573,1.1081e+05,-3.0882e+05,-15437,15437
0.432,0.112,-2.7976,5.3975,2.4693e+05,4.5765e+05,-14617,14617
0.432,0.096,1.301,19.37,4.0818e+05,1.0928e+06,-21979,21979
0.432,0.08,11.603,28.195,7.256e+05,2.0528e+06,-36247,36247
0.432,0.064,18.942,19.924,1.4277e+06,3.1073e+06,-35876,35876
0.432,0.048,19.111,28.081,6.9766e+05,1.4427e+06,-29960,29960
0.432,0.032,25.178,36.975,2.532e+05,5.3318e+05,-13911,13911
0.432,0.016,-34.028,42.618,0,0,-3711.3,3711.3
0.448,0.496,1.1919,7.8834,0,0,-21350,21350
0.448,0.48,2.7529,7.4731,1.1598e+07,6.3755e+06,-84412,84412
0.448,0.464,1.1447,7.2329,1.2819e+07,6.4331e+06,-1.4089e+05,1.4089e+05
0.448,0.448,-0.19952,5.81,7.2956e+06,3.6573e+06,-1.5489e+05,1.5489e+05
0.448,0.432,-0.75712,5.48,5.8056e+05,42187,-1.2381e+05,1.2381e+05
0.448,0.416,-0.58652,5.2189,82137,-40513,-74440,74440
0.448,0.4,-0.19449,3.2793,83910,-79414,-43350,43350
0.448,0.384,-0.12687,2.0707,-44192,-1.2268e+05,-18001,18001
0.448,0.368,0.88887,1.201,-15171,-5.6952e+05,-16052,16052
0.448,0.352,-0.81545,3.7703,90786,-1.0417e+06,-13748,13748
0.448,0.336,-18.978,44.872,2.3862e+05,-1.5045e+06,-7532.8,7532.8
0.448,0.32,-0.35509,4.6294,4.5041e+05,-5.3919e+05,-1960.4,1960.4
0.448,0.304,2.7558,4.5413,5.9622e+05,1.1901e+05,99.272,99.272
0.448,0.288,2.7218,4.6472,6.7294e+05,4.6116e+05,-776.28,776.28
0.448,0.272,0.95339,4.3504,4.4235e+05,2.5201e+05,771.24,771.24
0.448,0.256,1.6369,4.1373,70815,2.3153e+05,-17135,17135
0.448,0.24,-0.44327,6.048,-2.5006e+05,35124,-41216,41216
0.448,0.224,-2.8214,6.152,-3.7976e+05,-3.8428e+05,-68777,68777
0.448,0.208,-2.4261,5.4133,-3.2662e+05,-5.8823e+05,-72498,72498
0.448,0.192,-2.7793,6.0279,-1.3721e+05,-3.3868e+05,-67183,67183
0.448,0.176,-2.6097,3.7809,-1.2763e+05,-74284,-61001,61001
0.448,0.16,-1.1795,2.0584,-7.5019e+05,-4.0275e+05,-53541,53541
0.448,0.144,-1.0043,2.6638,-1.5076e+06,-5.9879e+05,-38096,38096
0.448,0.128,-1.6375,2.6176,-1.335e+06,-7.028e+05,-22181,22181
0.448,0.112,-1.1629,3.2989,-5.7886e+05,-32222,-23003,23003
0.448,0.096,1.5949,0.65838,2.5399e+05,2.8786e+05,-32505,32505
0.448,0.08,15.937,24.972,2.5696e+05,9.1795e+05,-47629,47629
0.448,0.064,21.964,30.164,6.6087e+06,-7.1505e+06,-39185,39185
0.448,0.048,20.687,24.146,1.6522e+06,-1.7876e+06,-27030,27030
0.448,0.032,18.648,30.123,9.441e+05,-1.0215e+06,-8403.3,8403.3
0.448,0.016,-0.74356,15.644,0,0,-1963.7,1963.7
0.464,0.496,-43.283,-22.796,0,0,-28906,28906
0.464,0.48,-2.1201,6.6241,1.1598e+07,6.3755e+06,-95629,95629
0.464,0.464,3.2294,5.1064,1.4486e+07,6.88e+06,-1.6728e+05,1.6728e+05
0.464,0.448,2.76,5.3837,8.3533e+06,3.6821e+06,-1.7661e+05,1.7661e+05
0.464,0.432,2.303,3.4675,1.2414e+06,52938,-1.4278e+05,1.4278e+05
0.464,0.416,1.4392,4.3201,-3.1702e+05,-78665,-77514,77514
0.464,0.4,-2.2746,5.9304,-3.7208e+05,44136,-43740,43740
0.464,0.384,-0.80052,1.2365,-2.7194e+05,-8198,-20356,20356
0.464,0.368,-2.1857,0.99909,72675,-5.8918e+05,-23444,23444
0.464,0.352,-4.0532,-2.3084,80411,-1.1459e+06,-24526,24526
0.464,0.336,-3.0701,-1.9087,-1.0145e+05,-2.1582e+06,-16338,16338
0.464,0.32,-2.8793,-5.5296,-59244,-1.4051e+06,-7054.4,7054.4
0.464,0.304,0.51241,1.3474,-40937,-6.6441e+05,-8263.6,8263.6
0.464,0.288,1.0337,1.5306,1.0412e+05,2.9016e+05,-18717,18717
0.464,0.272,0.52075,0.87351,-3.5901e+05,-3.6547e+05,-21526,21526
0.464,0.256,0.22745,-0.77844,-6.398e+05,-7.173e+05,-38563,38563
0.464,0.24,-0.038525,1.9579,-8.9066e+05,-1.1788e+06,-61474,61474
0.464,0.224,-0.84761,2.4057,-9.853e+05,-1.0103e+06,-92126,92126
0.464,0.208,-1.5187,3.2785,-1.005e+06,-1.0866e+06,-95687,95687
0.464,0.192,-0.50999,4.3682,-1.0194e+06,-7.3332e+05,-82767,82767
0.464,0.176,-1.1413,3.1885,-1.1508e+06,-9.891e+05,-65940,65940
0.464,0.16,-6.9522,3.934,-2.3357e+06,-9.8647e+05,-49490,49490
0.464,0.144,-31.105,32.41,-3.1896e+06,-1.2705e+06,-28987,28987
0.464,0.128,-32.83,29.167,-1.6081e+06,-1.4099e+06,-19546,19546
0.464,0.112,3.7601,-7.2575,1.3519e+05,-1.0449e+06,-20847,20847
0.464,0.096,2.2015,0.5868,1.2173e+06,-9.1516e+05,-34495,34495
0.464,0.08,22.066,19.221,2.7608e+05,-58776,-40411,40411
0.464,0.064,193.86,303.01,1.2498e+06,-1.128e+06,-31941,31941
0.464,0.048,3.5703,-8.5709,6.7037e+05,-6.6073e+05,-18233,18233
0.464,0.032,-11.685,16.111,4.1898e+05,-4.1295e+05,-4938.1,4938.1
0.464,0.016,106.06,-69.757,0,0,-1204.6,1204.6
0.48,0.496,-409.17,-295.87,0,0,-17572,17572
0.48,0.48,-116.59,-1.7876,7.7317e+06,4.2503e+06,-57576,57576
0.48,0.464,1.0638,4.4855,9.723e+06,4.637e+06,-1.0654e+05,1.0654e+05
0.48,0.448,-0.80528,3.6814,7.3804e+06,3.2948e+06,-1.1209e+05,1.1209e+05
0.48,0.432,0.25333,1.8139,1.3127e+06,1.2939e+05,-78692,78692
0.48,0.416,-1.7914,4.6258,-2.8404e+05,-731.24,-28889,28889
0.48,0.4,-9.9485,13.213,-3.4959e+05,1.0541e+05,-7001.5,7001.5
0.48,0.384,0.1402,-0.6206,-2.8351e+05,52529,-7083.3,7083.3
0.48,0.368,0.59458,-0.52648,92518,-6.0963e+05,-16409,16409
0.48,0.352,0.58423,0.016542,82309,-1.0537e+06,-21336,21336
0.48,0.336,-4.1755,-3.8175,-2.1366e+05,-1.6406e+06,-16667,16667
0.48,0.32,-7.4994,-13.022,-3.2571e+05,-1.0788e+06,-8001.8,8001.8
0.48,0.304,-1.8585,-0.72538,-3.7287e+05,-5.9742e+05,-8375.5,8375.5
0.48,0.288,-2.5518,-0.94146,-23012,20868,-19526,19526
0.48,0.272,-1.961,-0.55731,-3.851e+05,-5.1307e+05,-24764,24764
0.48,0.256,-14.365,-4.8327,-5.7315e+05,-7.6658e+05,-37438,37438
0.48,0.24,-10.006,0.61204,-7.9521e+05,-1.1066e+06,-47606,47606
0.48,0.224,-11.919,-8.5148,-8.4524e+05,-7.9176e+05,-62031,62031
0.48,0.208,-14.37,14.298,-8.7618e+05,-8.2708e+05,-60025,60025
0.48,0.192,-14.316,0.12886,-9.6396e+05,-5.7068e+05,-50380,50380
0.48,0.176,-11.015,8.6878,-1.1368e+06,-9.2413e+05,-40309,40309
0.48,0.16,-19.142,12.975,-2.3389e+06,-9.6571e+05,-28204,28204
0.48,0.144,-32.731,49.265,-3.1923e+06,-1.2689e+06,-14385,14385
0.48,0.128,-20.387,-86.706,-1.6148e+06,-1.4381e+06,-10907,10907
0.48,0.112,-0.70096,4.5822,1.1763e+05,-1.0515e+06,-11016,11016
0.48,0.096,2.5501,0.52192,1.0468e+06,-7.9951e+05,-11495,11495
0.48,0.08,2.482,-0.27614,1.7766e+05,-22463,-7748.9,7748.9
0.48,0.064,143.17,114.74,6.2489e+05,-5.64e+05,-1952.2,1952.2
0.48,0.048,-17.438,25.244,4.7883e+05,-4.7195e+05,-1316.8,1316.8
0.48,0.032,7.5979,-17.29,3.7243e+05,-3.6707e+05,869.65,869.65
0.48,0.016,-28.774,15.094,0,0,284.53,284.53
0.496,0.496,-140.83,-28.759,0,0,-7562.4,7562.4
0.496,0.48,-202.25,-77.334,0,0,-24745,24745
0.496,0.464,-80.802,-32.925,9.76e+05,2.836e+05,-44674,44674
0.496,0.448,-42.013,5.738,9.592e+05,85650,-42181,42181
0.496,0.432,-24.246,19.414,7.6922e+05,95731,-25873,25873
0.496,0.416,-183.1,187.17,-2.1007e+05,-21426,-4845.3,4845.3
0.496,0.4,-28.486,62.851,-2.9297e+05,1.0741e+05,82.323,82.323
0.496,0.384,0.91549,-1.0239,-1.9918e+05,83669,-2205.8,2205.8
0.496,0.368,0.91804,0.90235,26254,-21630,-7822.2,7822.2
0.496,0.352,-0.78738,0.098655,-57407,-74340,-11798,11798
0.496,0.336,-9.4158,-15.947,-2.5702e+05,-4.6608e+05,-10183,10183
0.496,0.32,-91.149,-174.37,-2.9903e+05,-4.9065e+05,-5735.3,5735.3
0.496,0.304,-9.7329,-15.32,-2.98e+05,-4.648e+05,-7341.9,7341.9
0.496,0.288,-6.1939,-9.4792,-86878,-61104,-13512,13512
0.496,0.272,-6.8758,6.76,-4.3821e+05,-5.2947e+05,-17925,17925
0.496,0.256,-13.284,-8.003,-6.0271e+05,-8.0131e+05,-23252,23252
0.496,0.24,-109.09,-24.158,-8.0603e+05,-1.1226e+06,-24598,24598
0.496,0.224,-106.26,-73.603,-8.3275e+05,-8.0915e+05,-27241,27241
0.496,0.208,-74.498,186.13,-8.7071e+05,-8.327e+05,-22341,22341
0.496,0.192,-35.368,-13.546,-9.599e+05,-5.8082e+05,-17717,17717
0.496,0.176,-41.425,47.484,-1.018e+06,-9.5142e+05,-12487,12487
0.496,0.16,-35.293,23.74,-1.5193e+06,-5.9094e+05,-6185.1,6185.1
0.496,0.144,-132.69,159.23,-1.4047e+06,-5.9546e+05,1133.7,1133.7
0.496,0.128,-20.313,-37.39,7458.5,-5.643e+05,-682.17,682.17
0.496,0.112,-0.63452,0.46296,9.6704e+05,-6.1521e+05,-2817.9,2817.9
0.496,0.096,-0.79507,0.1256,9.0376e+05,-5.5579e+05,-4834.9,4834.9
0.496,0.08,0.051536,-1.0725,1.3655e+05,-35505,-558.74,558.74
0.496,0.064,-132.27,161.67,-3.5742e+05,4.7081e+05,2042.7,2042.7
0.496,0.048,-208.57,-38.646,-4.0711e+05,4.8085e+05,1793.8,1793.8
0.496,0.032,-212.88,-318.05,-3.6188e+05,4.2743e+05,1233.8,1233.8
0.496,0.016,-56.679,74.756,0,0,609.72,609.72
