0.016,0.496,-1.4337,-3.3974,12871,-3686.6,-151.43,151.43
0.016,0.48,0.30281,0.041424,12979,-5565.6,-489.46,489.46
0.016,0.464,3.1872,-0.44749,9161.9,-4082,-857.24,857.24
0.016,0.448,-0.34162,-0.36311,-5221.1,1076,-1745.6,1745.6
0.016,0.432,1.2821,-0.1863,-22937,-423.14,-3468.7,3468.7
0.016,0.416,4.5283,-0.1042,-36391,1888.4,-9349.5,9349.5
0.016,0.4,3.0991,-1.6307,-40152,3206,-13633,13633
0.016,0.384,5.1478,-0.95969,-22633,6134.8,-16802,16802
0.016,0.368,6.3538,-0.71737,-9994.1,331.85,-14281,14281
0.016,0.352,3.1595,0.40638,-18014,-3354,-13192,13192
0.016,0.336,5.0623,2.0293,-25979,-1203,-10260,10260
0.016,0.32,3.3963,-0.40395,-21080,-150.88,-5932.3,5932.3
0.016,0.304,0.50969,0.2121,-11406,2536.6,1598.3,1598.3
0.016,0.288,0.97613,-1.0016,-6053.8,4878.7,6793.8,6793.8
0.016,0.272,1.4908,-1.698,-7136.5,8775.2,8871.5,8871.5
0.016,0.256,0.032581,1.7113,-3665.8,5905.6,5615.1,5615.1
0.016,0.24,2.8725,0.68577,-3712.6,-1748.4,7915.2,7915.2
0.016,0.224,7.7897,0.20479,680.43,-19298,8626.7,8626.7
0.016,0.208,5.3591,-0.29822,8969.9,-28120,9795.8,9795.8
0.016,0.192,0.97348,-0.048493,32751,-34947,5563.6,5563.6
0.016,0.176,-0.93534,-0.51464,43672,-27676,2379.4,2379.4
0.016,0.16,-1.1106,-0.20109,34423,-17514,6850.6,6850.6
0.016,0.144,-1.0902,0.60051,14458,-8143.8,11677,11677
0.016,0.128,2.4367,-2.0723,1456.9,-921.97,12902,12902
0.016,0.112,6.0187,0.26838,-4552.6,-198.44,9499.9,9499.9
0.016,0.096,0.01043,-0.044788,-15093,-12638,8158.4,8158.4
0.016,0.08,-0.29685,0.4272,-14387,10093,8750.9,8750.9
0.016,0.064,-1.9446,0.58088,-4139.6,10008,7233.3,7233.3
0.016,0.048,-1.8482,0.17186,5334.3,23514,3175,3175
0.016,0.032,1.8159,0.42976,3131.6,898,1275.7,1275.7
0.016,0.016,2.3544,0.23408,0,0,266.27,266.27
0.032,0.496,0.82277,0.55771,-2868.2,-12182,118.83,118.83
0.032,0.48,1.1887,0.88177,-3981.5,-17779,610.97,610.97
0.032,0.464,-0.0099959,-0.47173,-8306.8,-10654,1202,1202
0.032,0.448,-0.14385,0.22016,-7647.9,8071.4,1683,1683
0.032,0.432,-0.34042,0.21627,-20814,10098,1293,1293
0.032,0.416,-0.51041,-0.60171,-41870,4945.3,1345.4,1345.4
0.032,0.4,-0.63617,-0.28035,-77799,-13654,1582.3,1582.3
0.032,0.384,-0.22653,0.2887,-68055,-6869.6,2376.6,2376.6
0.032,0.368,-0.0038717,-0.074514,-53012,-13500,2195.5,2195.5
0.032,0.352,-0.19202,-0.029641,-41623,-841.5,1917.2,1917.2
0.032,0.336,-0.48602,0.39173,-56892,-2601.6,1539.4,1539.4
0.032,0.32,-0.30898,-0.076602,-50421,-16747,1595.5,1595.5
0.032,0.304,-0.067153,-0.42741,-30421,-18681,1854.8,1854.8
0.032,0.288,-0.36154,-0.28606,-15886,-21782,2409.8,2409.8
0.032,0.272,-0.23875,-0.16557,-20555,8456.7,2886.9,2886.9
0.032,0.256,-0.11477,0.1858,-17422,-7247.1,2671.3,2671.3
0.032,0.24,-0.23053,0.43494,-10948,-16735,1924.2,1924.2
0.032,0.224,0.29105,-0.0229,-18150,-3908.1,953.64,953.64
0.032,0.208,0.52698,-0.078678,-24786,19283,266.31,266.31
0.032,0.192,0.56276,0.41421,-29547,31295,-361.48,361.48
0.032,0.176,0.9446,0.68619,-27031,4475.9,-840.93,840.93
0.032,0.16,0.71832,0.58956,-33433,-715.65,-1179.4,1179.4
0.032,0.144,-0.088564,0.94997,-36699,-4760,-1086,1086
0.032,0.128,0.070115,-0.47862,-42379,-7695.2,-866.91,866.91
0.032,0.112,0.099801,-0.069002,-37774,-20083,-420.73,420.73
0.032,0.096,-0.16253,0.40707,-38095,-23918,-52.532,52.532
0.032,0.08,-0.99321,-0.44301,-20124,41487,286.65,286.65
0.032,0.064,-0.4231,1.7305,-1385,44646,363.69,363.69
0.032,0.048,-0.74014,0.50977,5756.8,51648,150.17,150.17
0.032,0.032,0.15528,0.59816,6689,-8263.3,-6.3144,6.3144
0.032,0.016,-0.1807,-6.2535,0,0,-0.18793,0.18793
0.048,0.496,1.4946,2.1373,8885.4,-25235,356.28,356.28
0.048,0.48,0.042993,1.3779,92202,-93396,1292.8,1292.8
0.048,0.464,-0.63916,-0.57784,1.2008e+05,-1.2328e+05,2759,2759
0.048,0.448,-0.5996,0.60435,1.1108e+05,-92945,4029.1,4029.1
0.048,0.432,-0.61274,0.65487,13196,-28228,4780.1,4780.1
0.048,0.416,-0.093856,-0.36347,-42370,-1430.9,5317.5,5317.5
0.048,0.4,-1.5194,-0.63665,-63762,-42205,6232.7,6232.7
0.048,0.384,-1.9183,-0.69083,-62223,-26260,6281.7,6281.7
0.048,0.368,-0.22565,-0.036079,-44491,-40081,5612.9,5612.9
0.048,0.352,0.025429,0.22151,17377,-31777,4675.7,4675.7
0.048,0.336,0.2274,0.86844,17369,-42695,4489.5,4489.5
0.048,0.32,-0.00024403,1.1286,11613,-32785,4813.8,4813.8
0.048,0.304,0.42229,0.19955,-8150.4,7830.2,5529.7,5529.7
0.048,0.288,-0.70933,-0.51635,-14739,-8020.6,7433.4,7433.4
0.048,0.272,-0.6028,-0.16676,-23131,69891,9600.2,9600.2
0.048,0.256,-1.0258,1.2468,-73570,1.1789e+05,11130,11130
0.048,0.24,-0.75214,0.058587,-72131,1.7596e+05,7343.6,7343.6
0.048,0.224,0.013837,0.27342,-62817,1.572e+05,2726.1,2726.1
0.048,0.208,-0.92693,2.5177,-95488,1.3719e+05,-2356.3,2356.3
0.048,0.192,-1.2411,2.3961,-1.946e+05,1.4429e+05,-3859.6,3859.6
0.048,0.176,-1.6592,1.9209,-2.9239e+05,64147,-4922.6,4922.6
0.048,0.16,-1.7402,1.3898,-2.549e+05,36143,-5183,5183
0.048,0.144,-1.3363,1.0047,-1.5142e+05,-14522,-4039,4039
0.048,0.128,-0.97197,0.87276,-60554,11191,-2721.2,2721.2
0.048,0.112,-1.5843,-0.54549,-46250,-10842,-1387.9,1387.9
0.048,0.096,-0.82194,-0.90948,-38575,-9698.3,-627.1,627.1
0.048,0.08,-0.45262,0.088463,4302.8,1.1522e+05,-20.6,20.6
0.048,0.064,-0.93629,2.1689,18341,96819,294.4,294.4
0.048,0.048,-0.24564,0.75299,24484,95445,81.614,81.614
0.048,0.032,0.3194,0.72785,3311.9,-27192,-92.704,92.704
0.048,0.016,0.38805,-6.1143,0,0,-39.143,39.143
0.064,0.496,2.781,1.1603,31.75,-36748,604.05,604.05
0.064,0.48,4.4571,1.0073,81378,-1.4152e+05,2163.8,2163.8
0.064,0.464,6.4187,0.11724,1.382e+05,-2.1637e+05,4966.1,4966.1
0.064,0.448,4.1794,0.19129,36573,-1.2152e+05,8716.9,8716.9
0.064,0.432,-0.14908,-0.014829,-53683,-21228,14454,14454
0.064,0.416,-0.54323,0.20075,-1.0742e+05,-74596,20632,20632
0.064,0.4,-0.65083,-0.74883,-15730,-1.5386e+05,22786,22786
0.064,0.384,1.8261,0.066566,-11003,-1.4509e+05,21034,21034
0.064,0.368,1.2061,1.4003,-27671,-36454,17108,17108
0.064,0.352,0.53115,0.80359,44880,-30601,16129,16129
0.064,0.336,2.8334,0.86693,20352,-39976,16349,16349
0.064,0.32,1.0935,1.187,30703,-34429,17563,17563
0.064,0.304,0.2135,2.0943,-18498,76883,19479,19479
0.064,0.288,1.1893,3.0004,-52376,1.8001e+05,22454,22454
0.064,0.272,-0.60241,2.1469,-1.3004e+05,3.874e+05,26205,26205
0.064,0.256,-1.4912,4.0845,-2.5504e+05,4.8145e+05,28658,28658
0.064,0.24,-2.059,5.1569,-2.8479e+05,5.6283e+05,24208,24208
0.064,0.224,-2.169,5.2769,-2.8986e+05,5.6057e+05,11206,11206
0.064,0.208,-1.5599,4.7082,-3.0981e+05,4.8296e+05,-2366.1,2366.1
0.064,0.192,-3.1987,3.9179,-4.5017e+05,4.1795e+05,-11207,11207
0.064,0.176,-5.2185,3.4617,-5.4386e+05,2.1346e+05,-12202,12202
0.064,0.16,-5.0517,-0.062602,-4.7e+05,40637,-12630,12630
0.064,0.144,-2.2997,2.2381,-2.5998e+05,-40345,-9887,9887
0.064,0.128,-1.6885,1.4639,-1.0761e+05,-24505,-7050.7,7050.7
0.064,0.112,-0.91712,0.66435,-56313,37907,-3311.9,3311.9
0.064,0.096,-0.74884,-0.078697,-30641,-32839,-1506.6,1506.6
0.064,0.08,-0.46461,0.86357,15885,1.6794e+05,-268.97,268.97
0.064,0.064,0.56659,3.2623,26509,1.1769e+05,367.88,367.88
0.064,0.048,0.052353,0.76371,23520,1.5502e+05,151.14,151.14
0.064,0.032,-0.21922,1.467,4265.3,-48213,-100.45,100.45
0.064,0.016,0.4852,-3.2812,0,0,-64.824,64.824
0.08,0.496,4.4706,0.22616,17743,-31784,1248.9,1248.9
0.08,0.48,3.5371,1.2806,66979,-1.4147e+05,3276.5,3276.5
0.08,0.464,3.2476,1.7438,1.1715e+05,-2.9652e+05,7876.2,7876.2
0.08,0.448,3.6185,1.0269,6.7775e+05,-1.2193e+06,14140,14140
0.08,0.432,1.3708,1.1934,4.9907e+05,-1.0851e+06,26391,26391
0.08,0.416,-1.3503,0.31555,4.7756e+05,-1.112e+06,37086,37086
0.08,0.4,0.85507,-3.7589,-1.2176e+05,-80180,41301,41301
0.08,0.384,0.57756,1.5371,28747,-1.5402e+05,36733,36733
0.08,0.368,0.9289,1.7446,8082.5,-13664,30816,30816
0.08,0.352,-0.22883,1.4327,86824,-59194,29352,29352
0.08,0.336,0.025312,2.2259,46255,-24010,30600,30600
0.08,0.32,-0.99052,1.1339,34495,-8301,33320,33320
0.08,0.304,-0.099902,1.4315,-39510,1.7462e+05,37103,37103
0.08,0.288,-0.83538,5.3159,-1.0878e+05,4.5632e+05,44116,44116
0.08,0.272,-1.7771,7.0975,-2.641e+05,9.1702e+05,51959,51959
0.08,0.256,-2.6514,8.5582,-5.3159e+05,1.2406e+06,57808,57808
0.08,0.24,-3.406,8.9396,-6.9483e+05,1.4217e+06,51639,51639
0.08,0.224,-4.5066,8.3657,-7.4346e+05,1.2967e+06,33373,33373
0.08,0.208,-4.4686,9.2312,-6.7086e+05,9.5222e+05,6406,6406
0.08,0.192,-4.3644,6.5942,-6.787e+05,6.253e+05,-13344,13344
0.08,0.176,-5.8041,5.4926,-6.453e+05,3.018e+05,-21540,21540
0.08,0.16,-5.5405,2.7746,-4.3037e+05,33442,-23458,23458
0.08,0.144,-3.4157,-1.2164,-1.6502e+05,-1176,-19603,19603
0.08,0.128,-2.6036,3.0727,30875,56721,-14889,14889
0.08,0.112,-1.816,2.1471,51725,1.4191e+05,-6327.1,6327.1
0.08,0.096,-1.2206,2.0378,49013,517.56,-2312.2,2312.2
0.08,0.08,-0.54675,-1.2743,57073,1.1469e+05,-616.55,616.55
0.08,0.064,-0.58263,3.6924,18270,81413,117.96,117.96
0.08,0.048,0.56411,0.59646,20961,1.2356e+05,-45.721,45.721
0.08,0.032,0.5,1.611,-3122.2,-52150,-266.95,266.95
0.08,0.016,0.044402,-4.8353,0,0,92.323,92.323
0.096,0.496,2.2962,-0.67708,35763,-1.218e+05,1826.4,1826.4
0.096,0.48,3.907,3.7065,39426,-2.4418e+05,4931.2,4931.2
0.096,0.464,2.56,2.8529,70222,-4.6257e+05,12316,12316
0.096,0.448,3.7194,2.3637,6.3311e+05,-1.3524e+06,23307,23307
0.096,0.432,32.268,-15.86,5.3829e+05,-1.2755e+06,39183,39183
0.096,0.416,2.5944,1.5786,5.4677e+05,-1.2816e+06,54026,54026
0.096,0.4,1.9215,1.5741,-97400,-1.6975e+05,60319,60319
0.096,0.384,-0.82402,4.3606,25391,-2.1619e+05,57361,57361
0.096,0.368,-0.13173,2.8832,22953,-51372,49699,49699
0.096,0.352,1.0241,2.5327,59302,-62995,46751,46751
0.096,0.336,0.92983,3.2257,861.79,38471,48780,48780
0.096,0.32,0.38479,3.4082,-35156,1.3623e+05,54400,54400
0.096,0.304,-0.84276,2.9336,-1.1965e+05,4.2758e+05,60954,60954
0.096,0.288,-1.0926,7.2397,-2.7232e+05,9.8127e+05,74105,74105
0.096,0.272,-1.9545,10.629,-5.2734e+05,1.7326e+06,86944,86944
0.096,0.256,-3.9462,13.344,-8.1809e+05,2.321e+06,95595,95595
0.096,0.24,-6.4994,14.947,-1.0336e+06,2.636e+06,88503,88503
0.096,0.224,-6.9804,14.721,-1.1263e+06,2.5386e+06,66848,66848
0.096,0.208,-7.7752,10.819,-1.0058e+06,2.0121e+06,36849,36849
0.096,0.192,-6.2485,9.1853,-8.8287e+05,1.4384e+06,775.04,775.04
0.096,0.176,-5.555,8.2229,-7.2059e+05,9.1248e+05,-19772,19772
0.096,0.16,-4.8965,7.222,-4.4863e+05,4.0594e+05,-39318,39318
0.096,0.144,-1.9078,3.381,-1.3702e+05,1.7878e+05,-35858,35858
0.096,0.128,-3.0667,4.644,1.2061e+05,59845,-29792,29792
0.096,0.112,-1.4157,4.9483,1.0175e+05,1.0208e+05,-12743,12743
0.096,0.096,1.3942,-1.0351,-4070.7,10317,-5730.6,5730.6
0.096,0.08,-0.81997,1.3159,-80174,49967,-3460.9,3460.9
0.096,0.064,-0.53514,1.5107,-48565,70753,-2147.8,2147.8
0.096,0.048,0.88206,0.22696,18043,71580,-780.19,780.19
0.096,0.032,0.057543,2.3417,24595,-39509,-434.48,434.48
0.096,0.016,-0.39971,-2.3453,0,0,369.37,369.37
0.112,0.496,3.1942,-1.5444,35707,-1.1966e+05,2262.8,2262.8
0.112,0.48,4.472,2.2035,49334,-2.4504e+05,6657.6,6657.6
0.112,0.464,5.0679,4.7475,51932,-7.1919e+05,17392,17392
0.112,0.448,4.0264,4.3739,7.2812e+05,-1.7565e+06,30881,30881
0.112,0.432,3.6848,4.1844,5.0595e+05,-1.5154e+06,46588,46588
0.112,0.416,3.0476,3.2754,5.2579e+05,-1.3392e+06,56910,56910
0.112,0.4,1.8148,3.4947,-1.7959e+05,-1.3426e+05,66920,66920
0.112,0.384,0.39071,3.854,-28111,-1.9035e+05,71437,71437
0.112,0.368,0.58196,2.7202,-8460.2,-94304,71584,71584
0.112,0.352,1.4969,1.8034,54648,-69077,68567,68567
0.112,0.336,0.75769,2.9954,76274,-11927,70276,70276
0.112,0.32,1.1199,4.1033,49299,1.922e+05,78421,78421
0.112,0.304,0.66956,6.6113,-73014,6.6583e+05,87318,87318
0.112,0.288,-1.4409,10.302,-3.4275e+05,1.5481e+06,1.0614e+05,1.0614e+05
0.112,0.272,-3.4196,15.158,-7.0289e+05,2.6581e+06,1.2259e+05,1.2259e+05
0.112,0.256,-4.3918,21.511,-1.0289e+06,3.5599e+06,1.3422e+05,1.3422e+05
0.112,0.24,-5.3541,24.664,-1.2389e+06,4.0494e+06,1.247e+05,1.247e+05
0.112,0.224,-7.2363,23.699,-1.352e+06,3.9633e+06,1.0675e+05,1.0675e+05
0.112,0.208,-6.8391,20.595,-1.2483e+06,3.4021e+06,79415,79415
0.112,0.192,-6.264,18.881,-1.1012e+06,2.7874e+06,39537,39537
0.112,0.176,-7.5747,17.619,-8.9425e+05,2.0705e+06,-541.08,541.08
0.112,0.16,-8.392,14.776,-5.236e+05,1.2672e+06,-49610,49610
0.112,0.144,-5.6627,8.6134,-1.3005e+05,5.2308e+05,-61890,61890
0.112,0.128,-3.5324,7.8439,2.9232e+05,-11740,-57104,57104
0.112,0.112,-1.7293,8.078,2.8341e+05,-1.799e+05,-28414,28414
0.112,0.096,-2.9132,3.2672,1.1341e+05,-1.7265e+05,-16674,16674
0.112,0.08,-2.6402,2.2917,-40118,-1.5151e+05,-11014,11014
0.112,0.064,-0.56179,0.49671,-14159,-1.1176e+05,-6716.7,6716.7
0.112,0.048,2.0769,0.61993,57982,-1.0871e+05,-1938.8,1938.8
0.112,0.032,2.2271,4.3595,41183,-62161,-792.08,792.08
0.112,0.016,0.41188,-3.6377,0,0,636.41,636.41
0.128,0.496,3.1404,2.8579,35707,-1.1966e+05,2071.9,2071.9
0.128,0.48,3.4871,6.3728,1.2905e+05,-3.0045e+05,7747.8,7747.8
0.128,0.464,4.2761,8.0525,1.9385e+05,-9.578e+05,22722,22722
0.128,0.448,2.6753,5.6605,58123,-1.5208e+06,43857,43857
0.128,0.432,0.48019,5.5823,52048,-1.7345e+06,59989,59989
0.128,0.416,0.13832,7.1405,35795,-1.6156e+06,67773,67773
0.128,0.4,0.061862,3.9358,6850.9,-1.1209e+06,75030,75030
0.128,0.384,-0.53173,3.4696,-12773,-7.4524e+05,85950,85950
0.128,0.368,-0.68681,3.4098,5581.3,-5.2134e+05,99211,99211
0.128,0.352,-0.3587,2.5289,48981,-3.2881e+05,1.0402e+05,1.0402e+05
0.128,0.336,0.38115,4.2514,26577,-1.1184e+05,1.1245e+05,1.1245e+05
0.128,0.32,2.5849,4.9045,-24270,3.1525e+05,1.2134e+05,1.2134e+05
0.128,0.304,1.5522,8.7807,-1.76e+05,9.987e+05,1.3248e+05,1.3248e+05
0.128,0.288,-1.8733,15.798,-4.3588e+05,2.0477e+06,1.4702e+05,1.4702e+05
0.128,0.272,-3.7885,21.608,-7.6417e+05,3.25e+06,1.573e+05,1.573e+05
0.128,0.256,-5.2339,29.102,-1.0896e+06,4.3492e+06,1.6454e+05,1.6454e+05
0.128,0.24,-5.743,30.913,-1.3343e+06,5.0992e+06,1.5756e+05,1.5756e+05
0.128,0.224,-5.9822,30.542,-1.4635e+06,5.2619e+06,1.449e+05,1.449e+05
0.128,0.208,-6.7311,29.076,-1.4074e+06,4.8971e+06,1.2069e+05,1.2069e+05
0.128,0.192,-6.1718,27.693,-1.2724e+06,4.2152e+06,72124,72124
0.128,0.176,-5.7172,26.84,-1.0289e+06,3.0852e+06,14108,14108
0.128,0.16,-7.6677,23.517,-6.6486e+05,1.8877e+06,-60598,60598
0.128,0.144,-6.9903,20.645,-2.251e+05,6.4871e+05,-92670,92670
0.128,0.128,-4.317,17.612,1.6599e+05,-64497,-93532,93532
0.128,0.112,-3.064,12.821,2.6023e+05,-5.7912e+05,-59164,59164
0.128,0.096,-2.9768,8.1386,1.6342e+05,-6.5903e+05,-37212,37212
0.128,0.08,-2.338,6.1723,65097,-6.5521e+05,-24085,24085
0.128,0.064,-0.23158,2.7387,77767,-4.5454e+05,-13824,13824
0.128,0.048,1.2929,0.27701,94953,-2.4356e+05,-3756,3756
0.128,0.032,0.68206,3.5543,44752,-87628,-1177.3,1177.3
0.128,0.016,-0.61074,-0.7832,0,0,734.16,734.16
0.144,0.496,1.2152,17.823,0,0,1257.7,1257.7
0.144,0.48,2.1431,15.36,0,0,6070.1,6070.1
0.144,0.464,1.4805,17.123,-4626.4,-1.4891e+06,19451,19451
0.144,0.448,2.0723,10.303,-1.0603e+05,-2.3395e+06,42068,42068
0.144,0.432,3.3989,7.3701,-48552,-2.3635e+06,57208,57208
0.144,0.416,4.3659,7.3903,-72200,-2.4329e+06,58779,58779
0.144,0.4,2.5509,7.9309,-80868,-2.0729e+06,58485,58485
0.144,0.384,2.5556,7.2217,-75755,-1.8074e+06,59996,59996
0.144,0.368,2.7671,5.4269,-51610,-1.4545e+06,84202,84202
0.144,0.352,1.2834,7.3456,108,-1.0277e+06,1.0867e+05,1.0867e+05
0.144,0.336,1.3833,8.3644,-36171,-5.9971e+05,1.3114e+05,1.3114e+05
0.144,0.32,0.95751,8.1855,-99391,49470,1.4738e+05,1.4738e+05
0.144,0.304,0.014087,12.226,-2.6473e+05,7.455e+05,1.5762e+05,1.5762e+05
0.144,0.288,-1.1797,15.917,-4.3756e+05,1.621e+06,1.7747e+05,1.7747e+05
0.144,0.272,-2.4577,19.955,-6.8335e+05,2.6288e+06,1.9345e+05,1.9345e+05
0.144,0.256,-4.2572,27.559,-9.8413e+05,3.7828e+06,2.0591e+05,2.0591e+05
0.144,0.24,-7.4409,33.206,-1.3492e+06,4.8769e+06,2.0144e+05,2.0144e+05
0.144,0.224,-8.5162,35.088,-1.6206e+06,5.5464e+06,1.86e+05,1.86e+05
0.144,0.208,-8.1567,34.223,-1.7009e+06,5.649e+06,1.5326e+05,1.5326e+05
0.144,0.192,-6.6334,30.871,-1.5334e+06,5.1101e+06,1.0132e+05,1.0132e+05
0.144,0.176,-4.8864,27.313,-1.1279e+06,3.7514e+06,32318,32318
0.144,0.16,-4.2177,24.944,-6.4047e+05,2.065e+06,-47018,47018
0.144,0.144,-6.0748,26.072,-1.9804e+05,3.9078e+05,-1.0289e+05,1.0289e+05
0.144,0.128,-5.7554,24.854,1.0232e+05,-5.532e+05,-1.1882e+05,1.1882e+05
0.144,0.112,-6.4427,20.906,2.7429e+05,-1.1235e+06,-93255,93255
0.144,0.096,-3.6497,14.504,3.4696e+05,-1.2945e+06,-65386,65386
0.144,0.08,-1.9255,10.253,3.8645e+05,-1.2535e+06,-36645,36645
0.144,0.064,-1.0417,6.5238,3.3228e+05,-9.9762e+05,-18636,18636
0.144,0.048,-0.58026,3.2898,2.1935e+05,-5.1325e+05,-1426,1426
0.144,0.032,1.24,5.8446,59890,-1.8632e+05,-111.33,111.33
0.144,0.016,1.9923,3.7217,0,0,1000.4,1000.4
0.16,0.496,3.4063,34.88,0,0,539.38,539.38
0.16,0.48,2.5474,33.843,0,0,3495.2,3495.2
0.16,0.464,1.1106,31.047,NaN,NaN,14825,14825
0.16,0.448,1.0436,26.869,2.7252e+05,-4.8906e+06,45057,45057
0.16,0.432,2.7414,21.133,4.2834e+05,-4.8589e+06,41604,41604
0.16,0.416,3.1232,18.7,1.491e+05,-3.9675e+06,36414,36414
0.16,0.4,1.1555,15.151,79625,-3.5068e+06,27236,27236
0.16,0.384,0.70695,14.794,34063,-3.1368e+06,31195,31195
0.16,0.368,1.0879,13.897,91824,-2.8538e+06,54488,54488
0.16,0.352,2.7435,13.984,41639,-2.1256e+06,88616,88616
0.16,0.336,1.9796,12.676,-1.2502e+05,-1.2602e+06,1.3112e+05,1.3112e+05
0.16,0.32,-0.44551,11.864,-3.2379e+05,-2.9765e+05,1.5684e+05,1.5684e+05
0.16,0.304,-0.56001,13.889,-4.7317e+05,4.0364e+05,1.7155e+05,1.7155e+05
0.16,0.288,-0.54461,14.469,-5.2472e+05,9.7423e+05,1.9103e+05,1.9103e+05
0.16,0.272,-0.73371,14.597,-6.0198e+05,1.4794e+06,2.1402e+05,2.1402e+05
0.16,0.256,-1.6695,17.717,-8.4677e+05,2.395e+06,2.3268e+05,2.3268e+05
0.16,0.24,-4.3734,24.12,-1.3044e+06,3.7236e+06,2.2953e+05,2.2953e+05
0.16,0.224,-10.465,31.026,-1.6723e+06,5.0048e+06,2.1064e+05,2.1064e+05
0.16,0.208,-10.701,33.934,-1.858e+06,5.8129e+06,1.6879e+05,1.6879e+05
0.16,0.192,-9.2361,32.233,-1.7187e+06,5.6564e+06,1.0842e+05,1.0842e+05
0.16,0.176,-5.7134,29.654,-1.3074e+06,4.4864e+06,34133,34133
0.16,0.16,-3.9545,26.311,-7.877e+05,2.8533e+06,-38346,38346
0.16,0.144,-5.5219,24.748,-3.2021e+05,1.2333e+06,-90901,90901
0.16,0.128,-6.4985,23.991,27441,1.3774e+05,-1.2053e+05,1.2053e+05
0.16,0.112,-6.0352,21.737,4.0427e+05,-1.0379e+06,-1.1015e+05,1.1015e+05
0.16,0.096,-2.7322,17.417,6.4985e+05,-1.8744e+06,-92561,92561
0.16,0.08,-2.1955,13.654,6.9298e+05,-2.2727e+06,-48093,48093
0.16,0.064,-0.67904,10.872,5.109e+05,-2.056e+06,-21401,21401
0.16,0.048,0.52658,8.6889,2.923e+05,-1.2209e+06,3168.9,3168.9
0.16,0.032,1.606,9.3569,1.0154e+05,-5.5682e+05,2124.4,2124.4
0.16,0.016,1.9275,5.9389,0,0,1753.9,1753.9
0.176,0.496,-1.7019,47.038,0,0,0,0
0.176,0.48,-0.47946,45.53,0,0,0,0
0.176,0.464,0.84942,44.184,NaN,NaN,1285,1285
0.176,0.448,1.018,42.082,NaN,NaN,22672,22672
0.176,0.432,1.1319,36.563,NaN,NaN,-14400,14400
0.176,0.416,2.3285,30.875,-2.0917e+05,-4.0732e+06,-18924,18924
0.176,0.4,2.3775,23.031,3.0308e+05,-4.3738e+06,-16521,16521
0.176,0.384,1.2826,18.447,2.8757e+05,-4.0535e+06,-1538.6,1538.6
0.176,0.368,1.704,17.311,3.2939e+05,-3.7665e+06,19704,19704
0.176,0.352,2.1882,16.856,1.6086e+05,-3.0152e+06,52608,52608
0.176,0.336,1.1796,15.833,-32920,-2.2727e+06,97845,97845
0.176,0.32,0.023499,15.638,-2.6151e+05,-1.3971e+06,1.4068e+05,1.4068e+05
0.176,0.304,-1.6364,18.021,-4.785e+05,-7.3885e+05,1.5943e+05,1.5943e+05
0.176,0.288,-1.4647,17.215,-6.3748e+05,-1.2581e+05,1.9376e+05,1.9376e+05
0.176,0.272,-1.4034,17.492,-7.945e+05,4.4284e+05,2.2618e+05,2.2618e+05
0.176,0.256,-2.0852,16.111,-9.6616e+05,1.3955e+06,2.6025e+05,2.6025e+05
0.176,0.24,-3.9841,18.591,-1.2783e+06,2.7143e+06,2.5918e+05,2.5918e+05
0.176,0.224,-8.3402,25.426,-1.5741e+06,4.1321e+06,2.3231e+05,2.3231e+05
0.176,0.208,-9.4085,33.192,-1.8045e+06,5.2526e+06,1.8555e+05,1.8555e+05
0.176,0.192,-10.143,37.238,-1.7851e+06,5.6181e+06,1.2765e+05,1.2765e+05
0.176,0.176,-8.8406,37.993,-1.5352e+06,5.132e+06,57527,57527
0.176,0.16,-5.9047,35.017,-1.0756e+06,3.9466e+06,-8101.9,8101.9
0.176,0.144,-3.4865,31.104,-5.3118e+05,2.3962e+06,-53128,53128
0.176,0.128,-2.6936,27.872,58788,8.8697e+05,-85790,85790
0.176,0.112,-1.9759,25.314,5.9599e+05,-7.857e+05,-96400,96400
0.176,0.096,-0.57894,20.488,9.7618e+05,-2.2552e+06,-98649,98649
0.176,0.08,0.43777,17.08,1.097e+06,-3.0635e+06,-53416,53416
0.176,0.064,1.4865,15.286,1.0058e+06,-3.2347e+06,-15575,15575
0.176,0.048,3.2358,14.608,6.3763e+05,-2.0458e+06,12396,12396
0.176,0.032,3.2121,13.058,2.7587e+05,-1.0379e+06,6463.3,6463.3
0.176,0.016,0.8079,9.185,0,0,3234,3234
0.192,0.496,-3.6196,49.657,0,0,0,0
0.192,0.48,-3.041,46.989,0,0,0,0
0.192,0.464,-1.9961,45.081,NaN,NaN,0,0
0.192,0.448,-0.64315,41.366,NaN,NaN,NaN,NaN
0.192,0.432,-0.37176,34.805,NaN,NaN,-78290,78290
0.192,0.416,-0.077699,27.65,9.1786e+05,-5.1265e+06,-42728,42728
0.192,0.4,1.5344,21.431,8.4152e+05,-4.9818e+06,-22516,22516
0.192,0.384,2.1464,16.145,7.1526e+05,-4.6051e+06,17759,17759
0.192,0.368,2.2557,14.896,6.3506e+05,-4.2071e+06,31111,31111
0.192,0.352,1.2955,17.649,4.5792e+05,-3.5316e+06,50328,50328
0.192,0.336,0.1718,21.478,3.0023e+05,-2.8923e+06,78844,78844
0.192,0.32,-0.51694,24.389,61963,-2.1502e+06,1.2195e+05,1.2195e+05
0.192,0.304,-1.4941,31.13,-1.9426e+05,-1.4728e+06,1.5704e+05,1.5704e+05
0.192,0.288,-3.1412,31.119,-5.1222e+05,-7.2174e+05,1.9462e+05,1.9462e+05
0.192,0.272,-4.0752,31.209,-8.18e+05,-47078,2.3263e+05,2.3263e+05
0.192,0.256,-4.2973,31.997,-1.071e+06,7.506e+05,2.649e+05,2.649e+05
0.192,0.24,-4.8615,33.781,-1.2379e+06,1.7284e+06,2.6757e+05,2.6757e+05
0.192,0.224,-5.6012,34.283,-1.3595e+06,2.907e+06,2.3904e+05,2.3904e+05
0.192,0.208,-6.0225,36.864,-1.4939e+06,4.0993e+06,1.8912e+05,1.8912e+05
0.192,0.192,-7.0548,40.585,-1.5688e+06,4.9437e+06,1.342e+05,1.342e+05
0.192,0.176,-7.2618,42.825,-1.5385e+06,5.3072e+06,64946,64946
0.192,0.16,-5.8549,42.425,-1.2963e+06,5.1826e+06,11229,11229
0.192,0.144,-3.6226,41.431,-8.5017e+05,4.2646e+06,-18822,18822
0.192,0.128,-1.5467,38.49,-1.392e+05,2.6164e+06,-38019,38019
0.192,0.112,-0.41733,35.209,6.1985e+05,3.3492e+05,-56225,56225
0.192,0.096,1.6195,26.968,1.1718e+06,-1.6122e+06,-77372,77372
0.192,0.08,4.2173,23.409,1.3415e+06,-2.6349e+06,-44702,44702
0.192,0.064,4.6061,28.346,1.2977e+06,-2.9415e+06,-9041.5,9041.5
0.192,0.048,3.8663,25.145,8.3469e+05,-1.9214e+06,19419,19419
0.192,0.032,3.9827,23.245,4.0869e+05,-1.0143e+06,11656,11656
0.192,0.016,0.9494,20.235,0,0,5289.4,5289.4
0.208,0.496,-4.4466,48.938,0,0,0,0
0.208,0.48,-5.132,45.609,0,0,0,0
0.208,0.464,-4.4751,41.721,NaN,NaN,0,0
0.208,0.448,-2.3385,37.037,NaN,NaN,NaN,NaN
0.208,0.432,-0.23157,30.133,NaN,NaN,-30225,30225
0.208,0.416,0.61866,22.942,9.1786e+05,-5.1265e+06,-718,718
0.208,0.4,1.2835,19.591,9.7004e+05,-4.9379e+06,21325,21325
0.208,0.384,1.6128,18.192,8.5536e+05,-4.5252e+06,65315,65315
0.208,0.368,2.4354,17.508,7.7432e+05,-4.1531e+06,87455,87455
0.208,0.352,3.777,20.955,6.6263e+05,-3.5487e+06,87809,87809
0.208,0.336,2.9049,25.37,5.6634e+05,-3.2368e+06,87647,87647
0.208,0.32,-0.16524,32.078,4.0223e+05,-2.6486e+06,1.1034e+05,1.1034e+05
0.208,0.304,-1.6253,35.749,93850,-1.9491e+06,1.506e+05,1.506e+05
0.208,0.288,-2.6143,38.836,-2.1863e+05,-1.1949e+06,1.9798e+05,1.9798e+05
0.208,0.272,-4.9019,41.68,-5.7139e+05,-3.2456e+05,2.3788e+05,2.3788e+05
0.208,0.256,-6.048,44.296,-8.4303e+05,5.9258e+05,2.7199e+05,2.7199e+05
0.208,0.24,-5.6172,45.03,-9.0676e+05,1.4201e+06,2.7604e+05,2.7604e+05
0.208,0.224,-4.8197,44.811,-9.4967e+05,2.2342e+06,2.4514e+05,2.4514e+05
0.208,0.208,-4.8316,44.855,-1.0692e+06,3.0598e+06,1.9204e+05,1.9204e+05
0.208,0.192,-5.5684,46.628,-1.2223e+06,3.9504e+06,1.3401e+05,1.3401e+05
0.208,0.176,-5.0885,48.313,-1.3286e+06,4.8127e+06,79297,79297
0.208,0.16,-4.4044,47.417,-1.2785e+06,5.4476e+06,44833,44833
0.208,0.144,-3.7723,47.077,-1.0627e+06,5.2133e+06,26411,26411
0.208,0.128,-1.7636,45.049,-6.2338e+05,3.9934e+06,14577,14577
0.208,0.112,-0.63379,41.449,42874,1.9164e+06,-5330.9,5330.9
0.208,0.096,1.4906,38.767,6.9275e+05,51771,-22686,22686
0.208,0.08,2.4329,39.418,1.1593e+06,-9.7794e+05,-6861.9,6861.9
0.208,0.064,2.9313,39.827,1.3593e+06,-1.3338e+06,13627,13627
0.208,0.048,4.0836,40.001,9.3549e+05,-8.6531e+05,27906,27906
0.208,0.032,3.3175,38.238,4.7159e+05,-5.0117e+05,15198,15198
0.208,0.016,-0.060986,35.18,0,0,5654.9,5654.9
0.224,0.496,-1.7935,47.543,0,0,0,0
0.224,0.48,-1.8939,44.301,0,0,0,0
0.224,0.464,-1.0817,42.702,NaN,NaN,0,0
0.224,0.448,0.82186,37.067,NaN,NaN,NaN,NaN
0.224,0.432,1.0834,32.96,NaN,NaN,16469,16469
0.224,0.416,0.55925,30.307,9.1786e+05,-5.1265e+06,40224,40224
0.224,0.4,0.41626,30.203,8.9535e+05,-4.9954e+06,55265,55265
0.224,0.384,-0.14516,31.368,8.1643e+05,-4.7183e+06,98254,98254
0.224,0.368,0.10278,29.859,8.156e+05,-4.3141e+06,1.3336e+05,1.3336e+05
0.224,0.352,1.4911,31.121,8.6287e+05,-3.5656e+06,1.4075e+05,1.4075e+05
0.224,0.336,2.015,30.89,9.0696e+05,-3.1942e+06,1.2906e+05,1.2906e+05
0.224,0.32,0.7646,35.219,7.06e+05,-2.3966e+06,1.2536e+05,1.2536e+05
0.224,0.304,-0.58029,37.238,4.6614e+05,-1.7399e+06,1.5056e+05,1.5056e+05
0.224,0.288,-2.6784,37.668,1.7511e+05,-1.2524e+06,1.9395e+05,1.9395e+05
0.224,0.272,-3.9796,41.34,-1.7693e+05,-5.8868e+05,2.3654e+05,2.3654e+05
0.224,0.256,-3.9227,42.917,-4.9431e+05,1.1729e+05,2.6558e+05,2.6558e+05
0.224,0.24,-4.0286,43.777,-6.0648e+05,8.4114e+05,2.6933e+05,2.6933e+05
0.224,0.224,-3.5428,46.263,-6.8381e+05,1.6398e+06,2.3862e+05,2.3862e+05
0.224,0.208,-4.0868,48.277,-8.3087e+05,2.5145e+06,1.8362e+05,1.8362e+05
0.224,0.192,-5.326,50.103,-9.8089e+05,3.4839e+06,1.3369e+05,1.3369e+05
0.224,0.176,-5.0641,50.794,-1.0982e+06,4.5005e+06,94986,94986
0.224,0.16,-4.735,51.063,-1.1617e+06,5.4332e+06,79874,79874
0.224,0.144,-4.6034,51.616,-1.201e+06,5.7513e+06,63143,63143
0.224,0.128,-4.4313,50.798,-1.0296e+06,4.9632e+06,52356,52356
0.224,0.112,-3.0939,48.958,-5.6496e+05,3.3758e+06,42366,42366
0.224,0.096,0.14159,45.697,14533,1.8945e+06,32709,32709
0.224,0.08,1.1868,44.808,4.782e+05,1.1246e+06,37672,37672
0.224,0.064,1.6297,45.593,7.6851e+05,8.7577e+05,33242,33242
0.224,0.048,2.8028,45.166,5.8519e+05,5.4257e+05,30879,30879
0.224,0.032,4.0702,42.799,3.2751e+05,2.3447e+05,14786,14786
0.224,0.016,2.4808,41.733,0,0,4711.7,4711.7
0.24,0.496,-2.2758,48.955,0,0,0,0
0.24,0.48,-4.0734,46.786,0,0,0,0
0.24,0.464,-3.1094,46.139,NaN,NaN,0,0
0.24,0.448,-1.6167,44.698,NaN,NaN,NaN,NaN
0.24,0.432,-0.57566,41.996,NaN,NaN,75040,75040
0.24,0.416,0.63443,40.128,NaN,NaN,89307,89307
0.24,0.4,1.2594,39.322,NaN,NaN,1.0755e+05,1.0755e+05
0.24,0.384,1.2898,39.123,NaN,NaN,1.4315e+05,1.4315e+05
0.24,0.368,3.1981,37.356,NaN,NaN,1.9147e+05,1.9147e+05
0.24,0.352,4.4485,36.084,9.3444e+05,-3.0114e+06,1.8477e+05,1.8477e+05
0.24,0.336,4.1573,36.667,9.3444e+05,-3.0114e+06,1.6699e+05,1.6699e+05
0.24,0.32,2.9987,35.788,6.8978e+05,-2.1221e+06,1.2933e+05,1.2933e+05
0.24,0.304,0.26224,37.448,5.0606e+05,-1.4525e+06,1.4069e+05,1.4069e+05
0.24,0.288,-0.82336,37.903,3.5558e+05,-1.1597e+06,1.7126e+05,1.7126e+05
0.24,0.272,-2.1533,39.942,1.5151e+05,-6.5744e+05,2.2626e+05,2.2626e+05
0.24,0.256,-2.4727,39.796,-18828,-1.731e+05,2.5675e+05,2.5675e+05
0.24,0.24,-2.2473,41.404,-1.6552e+05,4.9253e+05,2.5986e+05,2.5986e+05
0.24,0.224,-2.3531,43.862,-3.2287e+05,1.1917e+06,2.2794e+05,2.2794e+05
0.24,0.208,-2.6323,45.959,-5.3573e+05,1.9415e+06,1.8203e+05,1.8203e+05
0.24,0.192,-3.3699,47.624,-7.3998e+05,2.7463e+06,1.3895e+05,1.3895e+05
0.24,0.176,-3.8238,48.925,-9.1246e+05,3.7006e+06,1.1859e+05,1.1859e+05
0.24,0.16,-3.8805,51.085,-1.0618e+06,4.6246e+06,1.0603e+05,1.0603e+05
0.24,0.144,-5.1093,52.32,-1.2142e+06,5.1585e+06,93244,93244
0.24,0.128,-5.501,52.294,-1.2838e+06,4.8715e+06,81583,81583
0.24,0.112,-3.6387,50.757,-1.1157e+06,3.859e+06,79435,79435
0.24,0.096,-2.2907,48.674,-7.2589e+05,2.6998e+06,76031,76031
0.24,0.08,-1.573,47.889,-2.6229e+05,1.9345e+06,69461,69461
0.24,0.064,-1.1039,48.354,1.2371e+05,1.5749e+06,49014,49014
0.24,0.048,-0.25803,48.29,1.8553e+05,9.8617e+05,29962,29962
0.24,0.032,1.1304,47.396,1.3721e+05,4.4023e+05,11503,11503
0.24,0.016,1.4588,45.968,0,0,2788.9,2788.9
0.256,0.496,-2.5934,49.814,0,0,0,0
0.256,0.48,-4.3304,48.838,0,0,0,0
0.256,0.464,-4.4674,49.111,NaN,NaN,0,0
0.256,0.448,-3.9792,48.294,NaN,NaN,NaN,NaN
0.256,0.432,-2.7799,46.462,NaN,NaN,NaN,NaN
0.256,0.416,-0.67544,44.408,NaN,NaN,NaN,NaN
0.256,0.4,1.9393,42.313,NaN,NaN,NaN,NaN
0.256,0.384,3.2794,41.448,NaN,NaN,NaN,NaN
0.256,0.368,4.5805,41.06,NaN,NaN,2.2405e+05,2.2405e+05
0.256,0.352,5.9963,39.848,NaN,NaN,2.3308e+05,2.3308e+05
0.256,0.336,3.8573,40.418,NaN,NaN,1.972e+05,1.972e+05
0.256,0.32,1.2736,39.699,6.8664e+05,-1.8931e+06,1.4454e+05,1.4454e+05
0.256,0.304,0.29934,39.643,5.8852e+05,-1.592e+06,1.1457e+05,1.1457e+05
0.256,0.288,0.495,41.657,4.1457e+05,-1.219e+06,1.4402e+05,1.4402e+05
0.256,0.272,-0.95481,42.749,1.5573e+05,-7.2435e+05,1.9514e+05,1.9514e+05
0.256,0.256,-2.1794,42.128,60538,-3.9254e+05,2.4492e+05,2.4492e+05
0.256,0.24,-1.8603,43.103,-30711,42418,2.5188e+05,2.5188e+05
0.256,0.224,-2.4255,45.364,-1.0202e+05,5.9789e+05,2.2301e+05,2.2301e+05
0.256,0.208,-2.4716,46.452,-2.261e+05,1.2311e+06,1.8395e+05,1.8395e+05
0.256,0.192,-2.2284,46.963,-3.5772e+05,1.8654e+06,1.4883e+05,1.4883e+05
0.256,0.176,-3.0209,49.466,-5.6738e+05,2.6473e+06,1.3182e+05,1.3182e+05
0.256,0.16,-4.0973,52.116,-8.69e+05,3.4401e+06,1.1936e+05,1.1936e+05
0.256,0.144,-4.6058,52.749,-1.1905e+06,3.963e+06,1.064e+05,1.064e+05
0.256,0.128,-4.7549,52.462,-1.4103e+06,3.8767e+06,1.0199e+05,1.0199e+05
0.256,0.112,-4.2038,50.655,-1.4579e+06,3.3383e+06,1.0014e+05,1.0014e+05
0.256,0.096,-4.3454,48.633,-1.1985e+06,2.5972e+06,88997,88997
0.256,0.08,-3.8145,46.519,-7.7142e+05,1.9737e+06,70709,70709
0.256,0.064,-2.81,46.565,-2.6397e+05,1.4563e+06,45365,45365
0.256,0.048,-2.0333,46.482,-39149,8.369e+05,24895,24895
0.256,0.032,-0.1271,48.658,38639,3.6079e+05,8801,8801
0.256,0.016,1.4488,49.976,0,0,2029.2,2029.2
0.272,0.496,-1.9492,51.095,0,0,0,0
0.272,0.48,-2.452,50.58,0,0,0,0
0.272,0.464,-2.5461,51.522,NaN,NaN,0,0
0.272,0.448,-2.3822,51.457,NaN,NaN,NaN,NaN
0.272,0.432,-1.6497,50.71,NaN,NaN,NaN,NaN
0.272,0.416,0.21381,49.518,NaN,NaN,NaN,NaN
0.272,0.4,2.3126,48.297,NaN,NaN,NaN,NaN
0.272,0.384,3.5619,47.171,NaN,NaN,NaN,NaN
0.272,0.368,3.2342,46.686,NaN,NaN,NaN,NaN
0.272,0.352,3.5357,45.493,NaN,NaN,NaN,NaN
0.272,0.336,2.3035,44.569,NaN,NaN,1.9411e+05,1.9411e+05
0.272,0.32,0.80627,44.203,NaN,NaN,95191,95191
0.272,0.304,0.49169,44.507,NaN,NaN,82560,82560
0.272,0.288,-1.3176,45.595,5.6374e+05,-1.2014e+06,1.2382e+05,1.2382e+05
0.272,0.272,-2.4132,46.445,3.3192e+05,-9.1047e+05,1.8171e+05,1.8171e+05
0.272,0.256,-2.8357,46.792,2.5407e+05,-7.0271e+05,2.2287e+05,2.2287e+05
0.272,0.24,-2.4634,47.981,1.7155e+05,-3.9212e+05,2.3791e+05,2.3791e+05
0.272,0.224,-2.184,49.701,1.2012e+05,-57773,2.2339e+05,2.2339e+05
0.272,0.208,-2.1536,51.352,48695,3.776e+05,1.9519e+05,1.9519e+05
0.272,0.192,-2.1862,52.721,-62079,8.235e+05,1.5426e+05,1.5426e+05
0.272,0.176,-2.3264,54.233,-2.8316e+05,1.4407e+06,1.2787e+05,1.2787e+05
0.272,0.16,-4.0591,55.544,-6.406e+05,2.1487e+06,1.1717e+05,1.1717e+05
0.272,0.144,-5.5381,55.134,-1.0516e+06,2.6837e+06,1.1481e+05,1.1481e+05
0.272,0.128,-5.5665,53.872,-1.4318e+06,2.9154e+06,1.1396e+05,1.1396e+05
0.272,0.112,-5.631,51.943,-1.6227e+06,2.7632e+06,1.0317e+05,1.0317e+05
0.272,0.096,-5.6705,50.444,-1.4368e+06,2.3597e+06,82078,82078
0.272,0.08,-4.3145,48.06,-9.6154e+05,1.7947e+06,59921,59921
0.272,0.064,-2.4041,46.862,-3.8006e+05,1.2705e+06,39498,39498
0.272,0.048,-0.42023,47.716,-89903,7.0669e+05,23483,23483
0.272,0.032,1.3799,50.594,20401,3.0202e+05,8844.8,8844.8
0.272,0.016,1.9178,51.335,0,0,2075.1,2075.1
0.288,0.496,-0.41691,51.502,0,0,0,0
0.288,0.48,-1.2415,49.473,0,0,0,0
0.288,0.464,-0.29451,50.068,NaN,NaN,0,0
0.288,0.448,-0.4671,50.95,NaN,NaN,NaN,NaN
0.288,0.432,-0.85542,51.898,NaN,NaN,NaN,NaN
0.288,0.416,0.2904,52.61,NaN,NaN,NaN,NaN
0.288,0.4,1.1325,52.992,NaN,NaN,NaN,NaN
0.288,0.384,1.7258,52.145,NaN,NaN,NaN,NaN
0.288,0.368,1.6937,50.565,NaN,NaN,NaN,NaN
0.288,0.352,1.6998,49.064,NaN,NaN,NaN,NaN
0.288,0.336,0.91733,47.936,NaN,NaN,NaN,NaN
0.288,0.32,0.11001,47.361,NaN,NaN,NaN,NaN
0.288,0.304,-0.10341,48.077,NaN,NaN,-33127,33127
0.288,0.288,-1.412,48.006,NaN,NaN,1.2433e+05,1.2433e+05
0.288,0.272,-2.4758,48.576,-2.0291e+05,-7.2376e+05,1.5696e+05,1.5696e+05
0.288,0.256,-3.1632,49.128,-1.0905e+05,-5.7846e+05,1.9691e+05,1.9691e+05
0.288,0.24,-3.1703,49.138,-82386,-4.3893e+05,2.1786e+05,2.1786e+05
0.288,0.224,-2.5679,49.807,-22920,-1.9009e+05,2.1936e+05,2.1936e+05
0.288,0.208,-2.036,51.608,8944.9,1.0086e+05,2.0287e+05,2.0287e+05
0.288,0.192,-2.0475,54.105,40892,3.6781e+05,1.6229e+05,1.6229e+05
0.288,0.176,-1.2498,54.402,-46753,7.0382e+05,1.3405e+05,1.3405e+05
0.288,0.16,-2.4803,56.152,-3.1173e+05,1.1874e+06,1.212e+05,1.212e+05
0.288,0.144,-5.0006,56.706,-6.9017e+05,1.7142e+06,1.2223e+05,1.2223e+05
0.288,0.128,-4.8942,57.001,-1.0562e+06,2.1818e+06,1.1391e+05,1.1391e+05
0.288,0.112,-5.4226,58.701,-1.235e+06,2.3406e+06,85924,85924
0.288,0.096,-3.6332,58.442,-1.1143e+06,2.2698e+06,59216,59216
0.288,0.08,-2.332,55.46,-7.4729e+05,1.92e+06,45061,45061
0.288,0.064,-1.1503,54.039,-2.7619e+05,1.6132e+06,39936,39936
0.288,0.048,-0.3131,54.327,-37659,9.5912e+05,29141,29141
0.288,0.032,0.50487,54.775,43755,4.6608e+05,11530,11530
0.288,0.016,1.2661,53.632,0,0,2830.4,2830.4
0.304,0.496,0.51066,48.795,0,0,0,0
0.304,0.48,0.61269,44.401,0,0,0,0
0.304,0.464,1.0196,45.251,NaN,NaN,0,0
0.304,0.448,0.212,46.723,NaN,NaN,NaN,NaN
0.304,0.432,-0.69313,48.688,NaN,NaN,NaN,NaN
0.304,0.416,-0.043466,50.95,NaN,NaN,NaN,NaN
0.304,0.4,1.044,52.547,NaN,NaN,NaN,NaN
0.304,0.384,1.6039,52.604,NaN,NaN,NaN,NaN
0.304,0.368,1.5598,51.61,NaN,NaN,NaN,NaN
0.304,0.352,0.69452,51.521,NaN,NaN,NaN,NaN
0.304,0.336,-0.12526,50.959,NaN,NaN,NaN,NaN
0.304,0.32,-0.88761,48.962,NaN,NaN,NaN,NaN
0.304,0.304,-2.526,48.249,NaN,NaN,1.8101e+05,1.8101e+05
0.304,0.288,-3.0861,47.67,NaN,NaN,1.5794e+05,1.5794e+05
0.304,0.272,-4.1795,47.912,-7.0912e+05,-8.6018e+05,1.6458e+05,1.6458e+05
0.304,0.256,-4.1629,48.105,-5.9654e+05,-7.1755e+05,1.6847e+05,1.6847e+05
0.304,0.24,-3.9905,47.392,-5.4429e+05,-5.7202e+05,1.9385e+05,1.9385e+05
0.304,0.224,-3.6491,48.301,-3.9452e+05,-3.4807e+05,2.02e+05,2.02e+05
0.304,0.208,-2.0161,48.251,-2.4885e+05,-76133,2.0072e+05,2.0072e+05
0.304,0.192,-1.0733,48.421,-76297,1.1895e+05,1.761e+05,1.761e+05
0.304,0.176,0.30968,48.81,1173.6,2.9998e+05,1.5592e+05,1.5592e+05
0.304,0.16,0.74426,50.383,-55620,5.5863e+05,1.4169e+05,1.4169e+05
0.304,0.144,0.17611,53.274,-2.244e+05,9.7161e+05,1.2801e+05,1.2801e+05
0.304,0.128,-0.42989,57.248,-4.2973e+05,1.5023e+06,1.0043e+05,1.0043e+05
0.304,0.112,-0.91873,60.963,-5.4037e+05,1.8437e+06,57751,57751
0.304,0.096,0.17093,61.781,-4.94e+05,2.0327e+06,32903,32903
0.304,0.08,0.20565,64.857,-2.8379e+05,2.0639e+06,36186,36186
0.304,0.064,0.41455,62.063,480.19,2.1851e+06,45461,45461
0.304,0.048,0.41327,63.095,1.0275e+05,1.4979e+06,37119,37119
0.304,0.032,0.43063,59.295,88689,7.8565e+05,15627,15627
0.304,0.016,0.859,61.077,0,0,3981.5,3981.5
0.32,0.496,1.5084,45.207,0,0,0,0
0.32,0.48,2.4473,41.998,0,0,0,0
0.32,0.464,2.5289,42.338,NaN,NaN,0,0
0.32,0.448,1.2434,43.271,NaN,NaN,NaN,NaN
0.32,0.432,-0.0163,44.939,NaN,NaN,NaN,NaN
0.32,0.416,0.21057,47.954,NaN,NaN,NaN,NaN
0.32,0.4,0.40844,50.069,NaN,NaN,NaN,NaN
0.32,0.384,0.6884,51.224,NaN,NaN,NaN,NaN
0.32,0.368,0.51532,51.647,NaN,NaN,NaN,NaN
0.32,0.352,-0.43777,51.683,NaN,NaN,NaN,NaN
0.32,0.336,-1.7282,51.56,NaN,NaN,NaN,NaN
0.32,0.32,-2.6887,49.687,NaN,NaN,96517,96517
0.32,0.304,-4.3087,48.5,NaN,NaN,1.3579e+05,1.3579e+05
0.32,0.288,-3.992,47.473,-1.1389e+06,-1.4449e+05,1.4184e+05,1.4184e+05
0.32,0.272,-4.9429,46.403,-9.688e+05,-5.9225e+05,1.557e+05,1.557e+05
0.32,0.256,-7.1324,45.573,-9.6589e+05,-6.6523e+05,1.6308e+05,1.6308e+05
0.32,0.24,-6.6772,46.236,-8.7744e+05,-6.6662e+05,1.8102e+05,1.8102e+05
0.32,0.224,-3.7743,45.31,-6.9121e+05,-4.9473e+05,1.8047e+05,1.8047e+05
0.32,0.208,-1.0701,45.013,-4.0797e+05,-1.9742e+05,1.8707e+05,1.8707e+05
0.32,0.192,0.0067448,46.836,-1.3236e+05,51745,1.8099e+05,1.8099e+05
0.32,0.176,1.5283,47.754,45267,2.5541e+05,1.8174e+05,1.8174e+05
0.32,0.16,1.6621,48.654,1.1708e+05,4.4608e+05,1.6017e+05,1.6017e+05
0.32,0.144,1.1332,50.567,1.2835e+05,7.5594e+05,1.2535e+05,1.2535e+05
0.32,0.128,1.5592,53.052,1.1144e+05,1.2242e+06,71373,71373
0.32,0.112,1.7072,55.019,1.3537e+05,1.6203e+06,23764,23764
0.32,0.096,1.3495,56.8,1.8846e+05,1.9939e+06,10844,10844
0.32,0.08,1.5645,57.728,2.9862e+05,2.2632e+06,35090,35090
0.32,0.064,2.4218,60.318,4.392e+05,2.6212e+06,52973,52973
0.32,0.048,2.1712,61.982,3.5196e+05,1.8538e+06,44574,44574
0.32,0.032,2.0923,59.996,1.989e+05,9.8785e+05,19556,19556
0.32,0.016,1.7087,58.681,0,0,5022.5,5022.5
0.336,0.496,1.9619,41.495,0,0,0,0
0.336,0.48,2.5276,39.441,0,0,0,0
0.336,0.464,3.5408,39.179,NaN,NaN,0,0
0.336,0.448,3.3872,39.738,NaN,NaN,NaN,NaN
0.336,0.432,2.031,41.197,NaN,NaN,NaN,NaN
0.336,0.416,1.3366,44.308,NaN,NaN,NaN,NaN
0.336,0.4,0.72997,46.483,NaN,NaN,NaN,NaN
0.336,0.384,0.69034,47.41,NaN,NaN,1.9036e+05,1.9036e+05
0.336,0.368,0.24618,47.649,NaN,NaN,1.6907e+05,1.6907e+05
0.336,0.352,-0.72781,46.868,NaN,NaN,1.6993e+05,1.6993e+05
0.336,0.336,-1.8802,46.602,NaN,NaN,1.3371e+05,1.3371e+05
0.336,0.32,-2.657,46.709,NaN,NaN,1.055e+05,1.055e+05
0.336,0.304,-3.7057,47.023,-1.3773e+06,-2.404e+05,1.173e+05,1.173e+05
0.336,0.288,-4.1983,45.987,-1.317e+06,-2.0058e+05,1.3006e+05,1.3006e+05
0.336,0.272,-4.7657,43.902,-1.2466e+06,-5.2907e+05,1.4875e+05,1.4875e+05
0.336,0.256,-5.3562,42.269,-1.2136e+06,-7.1613e+05,1.5052e+05,1.5052e+05
0.336,0.24,-6.3664,41.981,-1.0595e+06,-8.4867e+05,1.6763e+05,1.6763e+05
0.336,0.224,-4.0126,42.183,-7.6055e+05,-6.2391e+05,1.6654e+05,1.6654e+05
0.336,0.208,-1.0604,42.964,-3.686e+05,-88401,1.8365e+05,1.8365e+05
0.336,0.192,0.41774,45.148,-45389,5.5469e+05,1.9128e+05,1.9128e+05
0.336,0.176,0.43,46.823,1.5963e+05,1.1159e+06,2.0055e+05,2.0055e+05
0.336,0.16,1.1182,47.706,2.8754e+05,1.4833e+06,1.7451e+05,1.7451e+05
0.336,0.144,1.1959,49.011,3.5169e+05,1.7132e+06,1.1295e+05,1.1295e+05
0.336,0.128,1.1585,49.541,3.8886e+05,2.0503e+06,40751,40751
0.336,0.112,1.6659,51.723,4.2636e+05,2.2374e+06,-3620.3,3620.3
0.336,0.096,1.6651,51.215,4.9292e+05,2.4017e+06,3100.2,3100.2
0.336,0.08,2.2302,52.117,6.0239e+05,2.511e+06,42629,42629
0.336,0.064,2.6337,53.754,7.6982e+05,2.7832e+06,61047,61047
0.336,0.048,2.9676,55.724,5.8257e+05,1.9981e+06,50552,50552
0.336,0.032,3.2839,54.927,3.2404e+05,1.0517e+06,23182,23182
0.336,0.016,1.7301,55.121,0,0,5897,5897
0.352,0.496,2.6971,41.684,0,0,0,0
0.352,0.48,4.0951,36.987,0,0,0,0
0.352,0.464,4.7903,37.259,NaN,NaN,0,0
0.352,0.448,3.2272,37.514,NaN,NaN,NaN,NaN
0.352,0.432,1.384,39.096,NaN,NaN,NaN,NaN
0.352,0.416,1.1527,40.09,NaN,NaN,3.3817e+05,3.3817e+05
0.352,0.4,0.32019,39.739,NaN,NaN,3.315e+05,3.315e+05
0.352,0.384,-0.22168,39.717,NaN,NaN,2.3728e+05,2.3728e+05
0.352,0.368,-0.67826,39.15,-7.4122e+05,-1.6517e+06,1.8294e+05,1.8294e+05
0.352,0.352,-1.6585,38.523,-7.9289e+05,-1.3606e+06,1.4066e+05,1.4066e+05
0.352,0.336,-1.7005,38.896,-8.1676e+05,-9.6996e+05,1.2123e+05,1.2123e+05
0.352,0.32,-2.0606,39.575,-8.4082e+05,-4.7769e+05,93021,93021
0.352,0.304,-3.7915,41.089,-9.2372e+05,-4.2189e+05,99453,99453
0.352,0.288,-4.9131,40.519,-1.0317e+06,-6.9497e+05,1.0879e+05,1.0879e+05
0.352,0.272,-4.369,39.66,-1.1745e+06,-1.1656e+06,1.2971e+05,1.2971e+05
0.352,0.256,-4.9086,37.686,-1.2332e+06,-1.4884e+06,1.3683e+05,1.3683e+05
0.352,0.24,-4.5205,38.311,-1.0826e+06,-1.5393e+06,1.6095e+05,1.6095e+05
0.352,0.224,-2.9552,37.973,-7.19e+05,-7.7262e+05,1.7143e+05,1.7143e+05
0.352,0.208,-0.94638,40.785,-2.9867e+05,4.768e+05,1.833e+05,1.833e+05
0.352,0.192,0.51603,43.937,39674,1.7697e+06,1.8517e+05,1.8517e+05
0.352,0.176,1.9168,44.82,2.7017e+05,2.6884e+06,1.8061e+05,1.8061e+05
0.352,0.16,2.6501,46.469,4.1826e+05,3.1777e+06,1.6312e+05,1.6312e+05
0.352,0.144,2.9232,47.39,4.3445e+05,3.3273e+06,1.0376e+05,1.0376e+05
0.352,0.128,2.3279,46.875,4.2272e+05,3.4269e+06,35607,35607
0.352,0.112,2.822,49.004,4.3801e+05,3.2923e+06,-8109.4,8109.4
0.352,0.096,2.3651,48.653,5.6564e+05,3.3186e+06,6649,6649
0.352,0.08,2.1224,48.509,7.6969e+05,3.4017e+06,53965,53965
0.352,0.064,2.2871,49.405,9.8647e+05,3.6747e+06,71676,71676
0.352,0.048,2.2165,49.516,7.2702e+05,2.5536e+06,57237,57237
0.352,0.032,2.9577,49.403,3.8718e+05,1.2776e+06,25963,25963
0.352,0.016,2.5935,47.149,0,0,6185.6,6185.6
0.368,0.496,2.9655,39.517,0,0,0,0
0.368,0.48,5.0883,35.819,0,0,0,0
0.368,0.464,4.2661,35.436,NaN,NaN,0,0
0.368,0.448,2.9014,33.794,NaN,NaN,2.2315e+05,2.2315e+05
0.368,0.432,2.2216,32.604,NaN,NaN,2.506e+05,2.506e+05
0.368,0.416,2.0453,31.106,NaN,NaN,2.3783e+05,2.3783e+05
0.368,0.4,1.2226,30.868,1.6018e+05,-8.2745e+05,2.2789e+05,2.2789e+05
0.368,0.384,0.32665,30.188,1.0556e+05,-5.1957e+05,1.715e+05,1.715e+05
0.368,0.368,0.39026,28.583,-85444,-6.7128e+05,1.4344e+05,1.4344e+05
0.368,0.352,-0.10902,28.254,-2.1887e+05,-4.5398e+05,1.1951e+05,1.1951e+05
0.368,0.336,-0.16586,30.384,-3.4548e+05,-2.6963e+05,1.187e+05,1.187e+05
0.368,0.32,0.24238,33.112,-4.5994e+05,-85978,1.1483e+05,1.1483e+05
0.368,0.304,-0.45513,33.172,-6.7284e+05,-4.4585e+05,1.1954e+05,1.1954e+05
0.368,0.288,-2.073,30.954,-8.1352e+05,-1.1223e+06,1.1094e+05,1.1094e+05
0.368,0.272,-3.9055,29.724,-9.4042e+05,-1.8014e+06,1.095e+05,1.095e+05
0.368,0.256,-6.856,28.604,-9.9506e+05,-2.2738e+06,1.2065e+05,1.2065e+05
0.368,0.24,-6.2629,27.431,-8.8209e+05,-2.1304e+06,1.6399e+05,1.6399e+05
0.368,0.224,-2.9881,27.855,-6.2289e+05,-8.8798e+05,1.8803e+05,1.8803e+05
0.368,0.208,0.034426,34.83,-1.7676e+05,1.0708e+06,1.9201e+05,1.9201e+05
0.368,0.192,2.4573,38.467,2.4835e+05,3.0184e+06,1.7131e+05,1.7131e+05
0.368,0.176,4.2332,41.969,5.4475e+05,4.2431e+06,1.4302e+05,1.4302e+05
0.368,0.16,4.4555,43.52,6.0504e+05,4.6055e+06,1.1204e+05,1.1204e+05
0.368,0.144,4.5566,43.547,5.5101e+05,4.5711e+06,77561,77561
0.368,0.128,3.8407,43.959,4.9613e+05,4.3776e+06,36058,36058
0.368,0.112,2.5912,44.594,5.5679e+05,4.1675e+06,15443,15443
0.368,0.096,1.5908,44.143,7.4107e+05,4.1934e+06,24510,24510
0.368,0.08,3.1325,44.951,1.0092e+06,4.3627e+06,65283,65283
0.368,0.064,3.7685,46.633,1.179e+06,4.392e+06,78676,78676
0.368,0.048,2.4832,45.884,8.135e+05,2.9112e+06,58833,58833
0.368,0.032,2.7949,44.821,3.9965e+05,1.3327e+06,25006,25006
0.368,0.016,1.0734,41.624,0,0,5650.3,5650.3
0.384,0.496,3.1841,36.734,0,0,0,0
0.384,0.48,3.6183,32.798,0,0,1518.6,1518.6
0.384,0.464,3.778,29.402,NaN,NaN,6681.1,6681.1
0.384,0.448,3.5944,26.923,NaN,NaN,72777,72777
0.384,0.432,1.8935,26.2,-37864,-1.3829e+06,1.2081e+05,1.2081e+05
0.384,0.416,1.6254,23.276,-63017,-1.3195e+06,1.5521e+05,1.5521e+05
0.384,0.4,1.0896,21.071,-75939,-1.1758e+06,1.6248e+05,1.6248e+05
0.384,0.384,2.8534,18.892,-52108,-6.3283e+05,1.2916e+05,1.2916e+05
0.384,0.368,2.9406,20.024,-67995,-2.723e+05,1.0932e+05,1.0932e+05
0.384,0.352,2.7321,19.859,-61223,2.5337e+05,87955,87955
0.384,0.336,2.7956,22.35,-1.6368e+05,3.9191e+05,1.0772e+05,1.0772e+05
0.384,0.32,1.3541,24.94,-3.4979e+05,3.2146e+05,1.1515e+05,1.1515e+05
0.384,0.304,-1.1163,22.871,-5.7353e+05,-3.4532e+05,1.2454e+05,1.2454e+05
0.384,0.288,-2.8773,19.344,-7.0041e+05,-1.4384e+06,1.0571e+05,1.0571e+05
0.384,0.272,-2.9275,14.335,-7.5172e+05,-2.3727e+06,97443,97443
0.384,0.256,-2.9862,14.805,-7.4066e+05,-2.7647e+06,1.217e+05,1.217e+05
0.384,0.24,-4.1229,17.076,-6.2008e+05,-2.1624e+06,1.7744e+05,1.7744e+05
0.384,0.224,-3.0524,18.794,-4.0331e+05,-6.6354e+05,2.0069e+05,2.0069e+05
0.384,0.208,-0.33414,25.746,-52838,1.5493e+06,1.7296e+05,1.7296e+05
0.384,0.192,4.1918,34.359,3.0436e+05,3.4506e+06,1.2428e+05,1.2428e+05
0.384,0.176,5.4984,36.505,6.3171e+05,4.5485e+06,74447,74447
0.384,0.16,4.7927,39.042,7.6053e+05,4.655e+06,38835,38835
0.384,0.144,3.6397,37.66,7.6732e+05,4.5873e+06,21221,21221
0.384,0.128,3.1574,37.929,7.1033e+05,4.3325e+06,13783,13783
0.384,0.112,1.026,38.631,8.0371e+05,4.1121e+06,22100,22100
0.384,0.096,2.082,38.503,8.8456e+05,3.9356e+06,27199,27199
0.384,0.08,4.8393,40.264,9.6006e+05,3.9095e+06,51193,51193
0.384,0.064,4.7985,39.402,6.6998e+05,3.4121e+06,53396,53396
0.384,0.048,5.9787,35.503,3.4013e+05,2.0618e+06,39870,39870
0.384,0.032,5.2218,33.019,48652,7.5055e+05,14439,14439
0.384,0.016,0.15689,29.086,0,0,2639.4,2639.4
0.4,0.496,3.3197,26.385,0,0,0,0
0.4,0.48,0.98242,24.06,0,0,937.94,937.94
0.4,0.464,2.1534,20.775,14702,-7.993e+05,4397.7,4397.7
0.4,0.448,1.3076,18.503,24962,-6.2419e+05,41432,41432
0.4,0.432,0.67859,14.912,-17903,-7.362e+05,77415,77415
0.4,0.416,1.2404,10.587,-61497,-6.8469e+05,85167,85167
0.4,0.4,1.0943,8.6664,-1.0678e+05,-6.0076e+05,75518,75518
0.4,0.384,-0.2903,12.163,-95489,-2.9074e+05,51038,51038
0.4,0.368,1.3527,15.295,26546,1.1889e+05,52945,52945
0.4,0.352,2.3088,15.793,2.8812e+05,7.4341e+05,57533,57533
0.4,0.336,2.3416,16.002,4.3353e+05,1.1245e+06,71577,71577
0.4,0.32,0.2008,15.764,2.1675e+05,9.4097e+05,86505,86505
0.4,0.304,-1.7425,16.163,-2.7648e+05,57288,92747,92747
0.4,0.288,-3.3188,13.527,-6.4923e+05,-1.1188e+06,88155,88155
0.4,0.272,-3.7863,9.6282,-6.8119e+05,-1.9059e+06,86101,86101
0.4,0.256,-3.5421,9.6288,-5.1445e+05,-2.0862e+06,1.0699e+05,1.0699e+05
0.4,0.24,-2.7667,11.457,-3.0941e+05,-1.5173e+06,1.4162e+05,1.4162e+05
0.4,0.224,-0.76641,15.986,-1.2733e+05,-4.891e+05,1.4723e+05,1.4723e+05
0.4,0.208,1.1003,18.984,1.4882e+05,1.1282e+06,1.2093e+05,1.2093e+05
0.4,0.192,3.3329,27.151,4.2202e+05,2.5613e+06,74365,74365
0.4,0.176,4.5136,28.897,7.0946e+05,3.5192e+06,25850,25850
0.4,0.16,4.9979,28.58,8.5293e+05,3.6513e+06,-32914,32914
0.4,0.144,3.7785,27.954,1.037e+06,3.6673e+06,-43264,43264
0.4,0.128,2.7932,31.624,1.1015e+06,3.5287e+06,-28269,28269
0.4,0.112,2.879,29.078,1.0767e+06,3.0588e+06,16206,16206
0.4,0.096,4.534,24.651,7.344e+05,2.447e+06,25130,25130
0.4,0.08,1.7496,26.69,3.6134e+05,1.9468e+06,33874,33874
0.4,0.064,-5.9472,33.725,-3.3626e+05,1.1928e+06,29753,29753
0.4,0.048,-6.7353,30.623,-4.1359e+05,5.6123e+05,23977,23977
0.4,0.032,-7.23,30.247,-4.1267e+05,-50724,9420.1,9420.1
0.4,0.016,-3.172,23.278,0,0,3255.6,3255.6
0.416,0.496,0.11395,15.523,0,0,-123.06,123.06
0.416,0.48,-0.15354,13.582,0,0,225.41,225.41
0.416,0.464,-0.9569,10.199,-1.0938e+05,-5.1474e+05,2112.2,2112.2
0.416,0.448,1.4157,8.5603,-1.3208e+05,-4.6991e+05,6251.5,6251.5
0.416,0.432,2.2403,5.6271,-86712,-5.054e+05,11381,11381
0.416,0.416,0.86132,2.357,-1.4552e+05,-5.9632e+05,16844,16844
0.416,0.4,-0.27202,2.9397,-2.0189e+05,-4.5681e+05,27582,27582
0.416,0.384,0.29107,8.6291,-26639,-1.4009e+05,30595,30595
0.416,0.368,-0.90421,5.7694,3.4072e+05,5.0674e+05,31481,31481
0.416,0.352,0.7185,7.5564,1.1649e+06,1.1759e+06,28059,28059
0.416,0.336,3.0709,10.411,1.309e+06,1.5424e+06,25118,25118
0.416,0.32,3.2679,12.966,9.0702e+05,1.3625e+06,27489,27489
0.416,0.304,-0.35563,13.148,-1.4085e+05,5.3046e+05,42975,42975
0.416,0.288,-2.3604,11.38,-7.3754e+05,-4.9488e+05,71494,71494
0.416,0.272,-3.6015,10.224,-7.468e+05,-1.1938e+06,1.1006e+05,1.1006e+05
0.416,0.256,-3.9695,9.8212,-4.5663e+05,-1.3359e+06,1.2544e+05,1.2544e+05
0.416,0.24,-4.0092,9.9132,-1.5357e+05,-8.6827e+05,1.1714e+05,1.1714e+05
0.416,0.224,-2.5975,10.218,40594,-3.4856e+05,81316,81316
0.416,0.208,-1.0806,11.286,-14088,77865,49676,49676
0.416,0.192,-0.64504,17.014,-1.2678e+05,2.3306e+05,26007,26007
0.416,0.176,0.4139,20.723,-9615.5,1.0963e+06,-5311.5,5311.5
0.416,0.16,1.694,22.736,2.3315e+06,1.2435e+06,-53402,53402
0.416,0.144,2.8502,22.843,1.011e+07,-1.8853e+06,-91359,91359
0.416,0.128,6.2938,22.394,9.4749e+06,-2.0809e+06,-70457,70457
0.416,0.112,5.2452,16.016,7.3946e+06,-2.4153e+06,-30382,30382
0.416,0.096,3.6051,10.247,-6.8364e+05,3.0826e+05,746,746
0.416,0.08,-5.2753,22.649,-4.6247e+05,-4.4706e+05,2249.6,2249.6
0.416,0.064,-10.75,34.659,-1.9916e+06,-1.2807e+06,2598.3,2598.3
0.416,0.048,-18.156,35.215,-1.5467e+06,-9.3342e+05,10161,10161
0.416,0.032,-18.75,30.331,-1.1936e+06,-8.2803e+05,5721.8,5721.8
0.416,0.016,-11.007,20.289,0,0,2830.4,2830.4
0.432,0.496,1.6231,10.887,0,0,-218.98,218.98
0.432,0.48,4.1292,10.041,69223,1.019e+05,-1524.5,1524.5
0.432,0.464,4.4601,8.1452,1.7483e+05,-51641,-3135.3,3135.3
0.432,0.448,2.8063,6.0655,18198,-1.053e+05,-4542.1,4542.1
0.432,0.432,1.2125,3.0983,-25982,-1.7443e+05,-2283.2,2283.2
0.432,0.416,0.58488,0.49005,-1.1076e+05,-2.1507e+05,1473.4,1473.4
0.432,0.4,-3.0985,-0.12835,-2.6817e+05,-2.3818e+05,15801,15801
0.432,0.384,-2.4605,4.228,37528,-52155,22231,22231
0.432,0.368,1.4731,4.4674,1.1883e+06,5.4068e+05,16965,16965
0.432,0.352,2.5078,7.4762,2.4572e+06,1.1281e+06,3090.3,3090.3
0.432,0.336,5.4275,8.6958,3.0986e+06,1.7568e+06,-8174.5,8174.5
0.432,0.32,4.0427,10.139,2.1849e+06,1.8847e+06,3176.7,3176.7
0.432,0.304,0.68087,11.295,8.3666e+05,1.3175e+06,32727,32727
0.432,0.288,-1.5059,10.109,-3.2486e+05,3.0022e+05,80363,80363
0.432,0.272,-2.4121,9.0735,-7.4526e+05,-8.4461e+05,1.3568e+05,1.3568e+05
0.432,0.256,-2.2589,8.5829,-4.9563e+05,-9.5762e+05,1.5399e+05,1.5399e+05
0.432,0.24,-3.486,8.8052,37781,-6.5758e+05,1.2438e+05,1.2438e+05
0.432,0.224,-4.1768,8.95,1.0198e+06,-4.7134e+05,71445,71445
0.432,0.208,-3.9909,7.8226,1.9821e+06,-1.031e+06,36092,36092
0.432,0.192,-5.3323,4.6099,1.6008e+06,-1.4354e+06,26558,26558
0.432,0.176,-6.6764,5.108,7.1306e+05,-7.8167e+05,1906.6,1906.6
0.432,0.16,-5.2721,25.961,1.611e+06,3.2496e+05,-45119,45119
0.432,0.144,7.1315,14.266,9.1584e+06,-2.3994e+06,-79341,79341
0.432,0.128,9.6638,13.429,9.273e+06,-3.2172e+06,-72202,72202
0.432,0.112,7.9813,7.1405,1.0398e+07,-4.1496e+06,-38249,38249
0.432,0.096,0.80571,9.0783,2.5317e+06,-9.7142e+05,-12314,12314
0.432,0.08,-18.558,29.314,3.0793e+06,-6.8093e+05,-258.88,258.88
0.432,0.064,-34.274,75.341,-2.3813e+06,-1.2387e+06,6426.4,6426.4
0.432,0.048,-31.751,32.381,-1.8789e+06,-1.3669e+06,12912,12912
0.432,0.032,-31.648,29.333,-1.3125e+06,-9.9419e+05,7752.6,7752.6
0.432,0.016,-17.481,19.376,0,0,2806.7,2806.7
0.448,0.496,1.0002,6.3439,0,0,-695.22,695.22
0.448,0.48,3.3905,7.3429,1.0727e+05,88008,-2351.2,2351.2
0.448,0.464,5.2116,6.4988,3.4204e+05,1.7641e+05,-5187.1,5187.1
0.448,0.448,4.2572,5.4374,3.6576e+05,1.7612e+05,-7535.2,7535.2
0.448,0.432,3.1544,3.5271,8.2839e+05,2.8999e+05,-856.2,856.2
0.448,0.416,2.5614,1.0952,-37535,-1.0346e+06,13813,13813
0.448,0.4,0.63554,-0.049928,-1.0247e+06,-2.4461e+06,27190,27190
0.448,0.384,-6.7908,0.98534,-1.4105e+06,-2.5806e+06,24479,24479
0.448,0.368,-1.321,3.52,88015,-2.0144e+06,3879.9,3879.9
0.448,0.352,2.7891,6.2777,1.6192e+06,-1.0514e+06,-9311.2,9311.2
0.448,0.336,6.1573,3.5769,1.9443e+06,-1.4456e+06,-8031.3,8031.3
0.448,0.32,4.9394,4.3957,1.7862e+06,3.3644e+05,22341,22341
0.448,0.304,2.1735,5.6338,9.7986e+05,6.7212e+05,66076,66076
0.448,0.288,-0.7975,5.151,2.2329e+05,6.4697e+05,1.142e+05,1.142e+05
0.448,0.272,-1.2797,5.0168,-1.6969e+06,-7.0064e+05,1.7242e+05,1.7242e+05
0.448,0.256,-9.6447,1.4571,-3.1869e+06,-1.9234e+05,1.9989e+05,1.9989e+05
0.448,0.24,-2.8975,8.8994,-4.4043e+06,1.0552e+06,1.8045e+05,1.8045e+05
0.448,0.224,-0.56314,7.1312,-3.5437e+06,1.5264e+06,1.1709e+05,1.1709e+05
0.448,0.208,0.65283,5.0727,-1.9131e+06,23929,64423,64423
0.448,0.192,1.7917,3.2568,-6.5922e+05,-1.5961e+06,43601,43601
0.448,0.176,0.90003,3.5933,-4.5917e+05,-2.0338e+06,30827,30827
0.448,0.16,-12.276,18.842,1.9859e+06,-6.8111e+05,7603.4,7603.4
0.448,0.144,-10.539,41.335,1.3108e+07,-4.8854e+06,-22928,22928
0.448,0.128,-6.9274,29.389,1.1264e+07,-5.6193e+06,-26252,26252
0.448,0.112,3.0814,10.295,1.1164e+07,-5.4694e+06,-14206,14206
0.448,0.096,7.1628,24.773,2.711e+06,-1.3725e+06,7155.4,7155.4
0.448,0.08,1.1145,34.519,4.7029e+06,-2.5128e+05,13835,13835
0.448,0.064,-89.379,121.57,-2.2438e+06,-4.1541e+05,13270,13270
0.448,0.048,-10.449,21.448,-1.5035e+06,-7.5451e+05,11190,11190
0.448,0.032,-17.079,24.134,-1.0023e+06,-5.0301e+05,4166.2,4166.2
0.448,0.016,-110.79,9.1055,0,0,182.54,182.54
0.464,0.496,0.42071,4.9569,-1.5522e+05,1.0001e+05,-729.37,729.37
0.464,0.48,0.3468,4.1795,-1.0028e+05,1.565e+05,-2508.4,2508.4
0.464,0.464,3.1621,3.0953,96612,2.546e+05,-5163,5163
0.464,0.448,3.9439,1.9304,2.1665e+05,1.8349e+05,-6434.9,6434.9
0.464,0.432,3.4707,1.9558,37744,-9.6181e+05,4570,4570
0.464,0.416,2.263,1.8499,-1.7175e+06,-3.2376e+06,24313,24313
0.464,0.4,-29.479,-4.9321,-3.3465e+06,-5.8221e+06,38207,38207
0.464,0.384,-28.433,-4.0665,-2.6863e+06,-4.5958e+06,26241,26241
0.464,0.368,-5.1376,2.2085,-7.1285e+05,-3.3902e+06,-577.08,577.08
0.464,0.352,-18.988,-8.2059,8.7067e+05,-1.9297e+06,-12004,12004
0.464,0.336,-13.306,-14.04,2.7371e+05,-3.6737e+06,3855.4,3855.4
0.464,0.32,-11.217,-18.273,10050,-3.1699e+06,49848,49848
0.464,0.304,1.1946,1.6346,-2.6524e+05,-2.2148e+06,97934,97934
0.464,0.288,0.72198,1.4622,-1.4275e+06,-8.6642e+05,1.3499e+05,1.3499e+05
0.464,0.272,-9.4609,0.78786,-3.1808e+06,-6.4711e+05,1.6609e+05,1.6609e+05
0.464,0.256,-49.577,22.594,-5.319e+06,62345,1.9182e+05,1.9182e+05
0.464,0.24,-70.61,24.426,-6.546e+06,1.8615e+06,1.9237e+05,1.9237e+05
0.464,0.224,-76.274,34.73,-5.27e+06,2.5805e+06,1.5562e+05,1.5562e+05
0.464,0.208,-52.308,28.461,-2.5885e+06,8.2338e+05,1.0279e+05,1.0279e+05
0.464,0.192,-34.135,30.376,-3.5707e+05,-7.6807e+05,69408,69408
0.464,0.176,-48.69,64.559,1.4243e+05,-2.095e+06,48047,48047
0.464,0.16,-25.971,64.566,-1.2055e+06,6.6282e+05,34492,34492
0.464,0.144,81.516,-45.585,-1.6271e+06,2.0331e+06,27146,27146
0.464,0.128,28.33,1.2336,4.3401e+05,-3.9512e+05,25979,25979
0.464,0.112,-2.2728,0.49532,5.0707e+06,-1.3013e+06,32673,32673
0.464,0.096,-7.0313,14.988,4.3505e+06,-48422,36110,36110
0.464,0.08,-122.71,80.977,6.2552e+06,2.4376e+06,37214,37214
0.464,0.064,-185.74,29.074,-1.0107e+06,2.5273e+06,26079,26079
0.464,0.048,1.5209,10.837,-7.3421e+05,2.568e+05,12488,12488
0.464,0.032,-5.8455,-1.7773,-4.8947e+05,1.712e+05,3466.6,3466.6
0.464,0.016,-23.475,7.9006,0,0,-344.4,344.4
0.48,0.496,9.549,6.6425,-1.3582e+05,87511,-818.3,818.3
0.48,0.48,2.6153,2.9499,-1.2236e+05,85986,-2524.5,2524.5
0.48,0.464,0.97523,2.1058,-30224,1.1991e+05,-4614.8,4614.8
0.48,0.448,-0.15981,0.20142,1.4379e+05,56536,-5026.1,5026.1
0.48,0.432,-3.413,0.62905,490.26,-1.0268e+06,3331.9,3331.9
0.48,0.416,-30.105,-8.3047,-1.7221e+06,-3.2593e+06,15382,15382
0.48,0.4,-36.21,-6.7597,-3.2287e+06,-5.61e+06,18564,18564
0.48,0.384,-34.201,-6.5012,-2.698e+06,-4.4476e+06,838.48,838.48
0.48,0.368,-2.4699,3.7244,-1.5455e+06,-3.5107e+06,-19854,19854
0.48,0.352,-4.7013,0.75827,-4.8875e+05,-2.3593e+06,-25402,25402
0.48,0.336,-11.348,-7.3583,-1.5825e+06,-4.4597e+06,-6728.3,6728.3
0.48,0.32,-15.185,-18.87,-1.2247e+06,-4.0708e+06,31757,31757
0.48,0.304,-18.866,-22.195,-1.0395e+06,-2.9766e+06,71776,71776
0.48,0.288,-9.5768,8.617,-1.5504e+06,-1.17e+06,1.0055e+05,1.0055e+05
0.48,0.272,-47.28,26.051,-2.885e+06,-1.9843e+05,1.162e+05,1.162e+05
0.48,0.256,-77.308,65.196,-5.0509e+06,5.5198e+05,1.2258e+05,1.2258e+05
0.48,0.24,-263.55,198.3,-6.7142e+06,2.1537e+06,1.2754e+05,1.2754e+05
0.48,0.224,-114.31,6.204,-6.7362e+06,2.7991e+06,1.0643e+05,1.0643e+05
0.48,0.208,-468.9,-38.885,-5.6279e+06,1.7157e+06,77877,77877
0.48,0.192,-260.41,338.17,-3.5981e+06,6.3607e+05,50729,50729
0.48,0.176,-139.28,398.81,-1.89e+06,-4.3632e+05,39214,39214
0.48,0.16,-291.94,298.53,0,0,48279,48279
0.48,0.144,177.38,-110.33,0,0,53029,53029
0.48,0.128,23.166,-10.673,36297,-5.4273e+05,58674,58674
0.48,0.112,2.1954,-0.99731,-1.1634e+05,-4.5173e+05,52288,52288
0.48,0.096,3.1961,-1.335,-2.4074e+05,4.4365e+05,52554,52554
0.48,0.08,-8.6927,41.295,-3.7333e+05,1.1638e+06,44628,44628
0.48,0.064,258.23,238.18,-3.8962e+05,1.8202e+06,30546,30546
0.48,0.048,-3.2209,14.83,-1.9294e+05,7.2931e+05,12336,12336
0.48,0.032,-13.734,12.073,-1.5006e+05,5.6724e+05,4146.9,4146.9
0.48,0.016,0.46944,-0.26678,0,0,676.37,676.37
0.496,0.496,3.6805,-12.115,-1.2073e+05,77788,-342.78,342.78
0.496,0.48,8.354,4.1032,-1.3759e+05,72827,-1334.9,1334.9
0.496,0.464,2.0024,1.4019,-1.4082e+05,74443,-2264.4,2264.4
0.496,0.448,0.35522,0.36868,-1.7272e+05,-43204,-1925.1,1925.1
0.496,0.432,-20.18,-4.1907,-8.5013e+05,-1.3177e+06,128.37,128.37
0.496,0.416,-32.916,-20.16,-1.7751e+06,-2.3526e+06,902.83,902.83
0.496,0.4,-166.39,-31.963,-2.4229e+06,-3.4575e+06,2284,2284
0.496,0.384,-226.51,-103.66,-1.194e+06,-2.0123e+06,-7681.7,7681.7
0.496,0.368,-110.14,24.879,-4.4231e+05,-1.1028e+06,-14526,14526
0.496,0.352,-7.743,-2.7617,1.8283e+05,-3.9565e+05,-19781,19781
0.496,0.336,6.2382,20.718,-7.532e+05,-1.6666e+06,-7064.9,7064.9
0.496,0.32,-141.21,-300.56,-1.1122e+06,-2.9829e+06,15713,15713
0.496,0.304,-25.077,-24.505,-1.2222e+06,-2.573e+06,39867,39867
0.496,0.288,-45.139,-5.9439,-1.901e+06,-1.4399e+06,55080,55080
0.496,0.272,-61.779,31.122,-1.5361e+06,163.59,56555,56555
0.496,0.256,-189.41,173.41,-1.3887e+06,35884,54799,54799
0.496,0.24,-59.127,-14.234,0,0,55763,55763
0.496,0.224,-180.26,-11.401,0,0,51907,51907
0.496,0.208,-0.075706,-6.877,0,0,40677,40677
0.496,0.192,-0.76553,6.0282,0,0,27396,27396
0.496,0.176,-168.06,206.52,0,0,15518,15518
0.496,0.16,-16.439,483.89,0,0,20407,20407
0.496,0.144,60.312,-281.66,0,0,26150,26150
0.496,0.128,0.30113,0.14713,51362,-8486.3,33845,33845
0.496,0.112,-0.39347,0.74639,51362,-8486.3,29766,29766
0.496,0.096,-0.54732,-1.9543,-78448,7.1956e+05,29225,29225
0.496,0.08,-13.871,50.659,-1.4102e+05,8.3084e+05,25516,25516
0.496,0.064,24.4,273.42,-2.7371e+05,1.0774e+06,19394,19394
0.496,0.048,-126.08,20.082,-1.5032e+05,3.504e+05,8421.6,8421.6
0.496,0.032,-94.468,-27.301,-1.3362e+05,3.1146e+05,3211.1,3211.1
0.496,0.016,-56.572,60.868,0,0,644.01,644.01
