0.016,0.496,-0.12757,3.1788,12162,-35232,-123.71,123.71
0.016,0.48,-1.0672,3.1167,21067,-28943,-157.1,157.1
0.016,0.464,1.0367,1.8008,22103,-38833,-171.12,171.12
0.016,0.448,0.84266,0.49205,6915.3,-4126.6,-323.55,323.55
0.016,0.432,3.7718,0.02641,-33563,399.94,-441.78,441.78
0.016,0.416,3.8832,-0.41683,-23851,20755,-186.36,186.36
0.016,0.4,2.1559,4.2177,-8950.9,15014,493.38,493.38
0.016,0.384,2.3047,1.4715,26200,-38803,38.928,38.928
0.016,0.368,3.3977,1.0854,6121.9,-43862,605.92,605.92
0.016,0.352,4.2877,0.60864,27446,-19607,3571.5,3571.5
0.016,0.336,3.8079,1.1432,14602,29700,8885.3,8885.3
0.016,0.32,3.3051,0.87903,22159,22456,12640,12640
0.016,0.304,0.34322,0.18867,-19263,6378.7,8425.5,8425.5
0.016,0.288,0.96478,-1.053,-18435,3163,-287.24,287.24
0.016,0.272,1.7674,-1.9965,-21159,7222.5,-18563,18563
0.016,0.256,0.27522,0.75443,-16044,5598.3,-36772,36772
0.016,0.24,2.706,1.0745,-23671,1396.7,-49552,49552
0.016,0.224,7.5771,0.22011,-24358,-1489.1,-38943,38943
0.016,0.208,5.5887,-0.47166,-19324,-4300.4,-26902,26902
0.016,0.192,0.7405,-0.44992,-393.16,-5328.7,-12385,12385
0.016,0.176,-1.2214,-0.64456,5534.8,-3762.9,-6857.2,6857.2
0.016,0.16,-2.2685,-0.13883,11542,-934.62,810.12,810.12
0.016,0.144,-2.821,0.81723,7565.9,3613.4,2486.4,2486.4
0.016,0.128,1.0354,-1.6488,218.08,3208.7,-205.46,205.46
0.016,0.112,5.4625,0.27255,-19675,-6348.7,-1160.2,1160.2
0.016,0.096,2.0179,1.8712,-26353,-8203.6,-1032.5,1032.5
0.016,0.08,6.4853,-1.0246,-19497,-9000.6,-1961.8,1961.8
0.016,0.064,7.7086,0.096558,-2373.7,-2106.5,-1810.6,1810.6
0.016,0.048,3.8797,-0.18484,5416.7,-2660.8,-1239,1239
0.016,0.032,2.2767,-3.044,5163,-2359.4,-36.829,36.829
0.016,0.016,3.1561,-10.441,0,0,103.09,103.09
0.032,0.496,0.48135,4.8133,31731,-1.0021e+05,173.52,173.52
0.032,0.48,0.73143,2.5529,63931,-92630,435.47,435.47
0.032,0.464,0.90977,2.7676,64092,-80279,423.97,423.97
0.032,0.448,0.58202,1.8885,7766,7406.6,-179.58,179.58
0.032,0.432,0.049212,1.187,-61161,-28445,-827.26,827.26
0.032,0.416,-0.92081,1.2238,-39396,-82682,-766.33,766.33
0.032,0.4,0.56633,1.7328,-1234.4,-1.0252e+05,346.47,346.47
0.032,0.384,3.7247,1.6066,16111,-1.2089e+05,914.9,914.9
0.032,0.368,1.9458,-0.087439,-28902,-80123,1184.6,1184.6
0.032,0.352,1.1983,1.4831,-11358,-40379,934.32,934.32
0.032,0.336,2.5523,2.9145,3019.4,32619,876.53,876.53
0.032,0.32,1.654,2.8888,2837.7,40022,98.638,98.638
0.032,0.304,-0.27679,-0.37961,-36804,37662,-619.35,619.35
0.032,0.288,-0.67294,-0.26712,-44319,17726,-1126.6,1126.6
0.032,0.272,-0.52662,-0.39859,-49358,15384,-1227,1227
0.032,0.256,-0.47137,0.20885,-66711,1416.6,-1336,1336
0.032,0.24,-0.56766,0.618,-76359,-4136.3,-1193.5,1193.5
0.032,0.224,-0.27878,-0.16542,-58161,-15842,-765.39,765.39
0.032,0.208,-0.084052,-0.43236,-31844,-13254,-123.93,123.93
0.032,0.192,0.41608,-0.12224,-4853.8,-6824.2,156.24,156.24
0.032,0.176,0.34681,-0.18278,-2099.1,1664.6,218.58,218.58
0.032,0.16,-0.13999,0.2142,-12751,-12101,-82.561,82.561
0.032,0.144,-0.65915,0.34146,-40144,-19380,-402.8,402.8
0.032,0.128,-0.15061,-0.37731,-65045,-29545,-904.71,904.71
0.032,0.112,-0.17248,0.021754,-73001,-50489,-1378.7,1378.7
0.032,0.096,-0.66366,-0.071353,-96688,-33600,-1556.5,1556.5
0.032,0.08,-0.16537,-0.11921,-1.0273e+05,-12870,-1848.5,1848.5
0.032,0.064,0.0067515,0.040724,-97018,-40007,-1547.8,1547.8
0.032,0.048,0.34013,-0.82891,-50761,-56909,-1212.1,1212.1
0.032,0.032,0.13878,-0.66224,-12466,-68202,-454.69,454.69
0.032,0.016,-0.12959,-4.0009,0,0,-16.89,16.89
0.048,0.496,0.059477,6.3008,35698,-1.1273e+05,590.79,590.79
0.048,0.48,0.82683,2.8202,86495,-1.4172e+05,1424.7,1424.7
0.048,0.464,1.7221,2.7115,86215,-1.2959e+05,1789,1789
0.048,0.448,1.4895,3.3436,16409,-27692,445.29,445.29
0.048,0.432,1.0148,2.1923,-81737,-36661,-1036.6,1036.6
0.048,0.416,2.3534,0.80139,-66627,-78872,-2126.6,2126.6
0.048,0.4,3.752,0.93863,-37937,-86836,-1271.4,1271.4
0.048,0.384,3.1137,2.2958,-17902,-1.0009e+05,424.33,424.33
0.048,0.368,1.6518,2.778,-61164,-51820,1682.3,1682.3
0.048,0.352,1.1197,2.7277,-54025,-65403,2188.3,2188.3
0.048,0.336,0.89495,1.7077,-33622,24492,1356.4,1356.4
0.048,0.32,1.3286,3.1128,-28784,-5135.9,324.91,324.91
0.048,0.304,-0.63656,2.2559,-40677,33627,-900.22,900.22
0.048,0.288,-0.62031,0.17528,-39261,-421.92,-1882.2,1882.2
0.048,0.272,-1.055,-0.071718,-39922,17560,-2438.7,2438.7
0.048,0.256,-2.1059,0.21227,-56398,5883.7,-2269.4,2269.4
0.048,0.24,-2.1011,-0.10866,-65718,-9381.7,-1804.8,1804.8
0.048,0.224,-1.201,-0.066567,-40876,-51477,-903.78,903.78
0.048,0.208,-0.71505,-0.73531,-17080,-53936,-11.663,11.663
0.048,0.192,-0.23472,0.11131,9537.3,-37242,459.42,459.42
0.048,0.176,-0.08129,1.3699,3685.5,1994.3,562.48,562.48
0.048,0.16,-1.2314,-0.02696,-7116.1,-7819,160,160
0.048,0.144,-1.9738,-0.94698,-32060,-17569,-659.78,659.78
0.048,0.128,-1.8866,-0.56703,-53948,-30877,-1580.4,1580.4
0.048,0.112,-1.976,-0.75523,-57836,-44846,-2544.9,2544.9
0.048,0.096,-1.7258,-1.199,-85830,-26103,-2593.4,2593.4
0.048,0.08,-2.5295,0.86014,-14634,-16198,-2761.5,2761.5
0.048,0.064,-2.3881,0.74046,44575,-89363,-2025.7,2025.7
0.048,0.048,-1.4541,-3.3305,91353,-1.0764e+05,-1469.4,1469.4
0.048,0.032,-1.1615,-0.074525,47279,-1.0658e+05,-494.68,494.68
0.048,0.016,-0.37178,-8.3425,0,0,23.209,23.209
0.064,0.496,-0.093939,7.5727,25160,-83539,917.69,917.69
0.064,0.48,0.74581,3.5688,1.0934e+05,-2.9282e+05,2410.2,2410.2
0.064,0.464,1.8481,2.5117,85037,-3.9078e+05,3788.6,3788.6
0.064,0.448,2.6568,2.7992,12542,-3.3684e+05,3259,3259
0.064,0.432,3.4059,2.635,-69056,-2.6305e+05,-405.07,405.07
0.064,0.416,2.9395,2.547,-41480,-2.3807e+05,-4923.6,4923.6
0.064,0.4,3.401,3.6045,-33912,-1.4736e+05,-8521.4,8521.4
0.064,0.384,2.6608,3.8264,-1.0056e+05,-68842,-8141.8,8141.8
0.064,0.368,2.0878,3.5883,-1.4723e+05,-17177,-1822.3,1822.3
0.064,0.352,2.6314,4.306,-1.8896e+05,-24532,3505.5,3505.5
0.064,0.336,1.199,1.9867,-1.6683e+05,38041,6508.8,6508.8
0.064,0.32,1.2303,3.6904,-1.5764e+05,-25353,3530.4,3530.4
0.064,0.304,1.5589,1.753,-1.1094e+05,-6223.7,1157.6,1157.6
0.064,0.288,0.30915,-0.11284,-55593,-51658,-1418.4,1418.4
0.064,0.272,-0.051716,-0.095466,-51237,17000,-3017.9,3017.9
0.064,0.256,-0.72767,0.20507,-43776,17245,-3192.3,3192.3
0.064,0.24,-0.99783,-0.066136,-3676.5,-832.1,-2032.4,2032.4
0.064,0.224,2.2398,0.098245,40168,-39356,-811.64,811.64
0.064,0.208,2.3097,-0.38998,28717,-26756,171.77,171.77
0.064,0.192,-0.06436,-0.17424,6307.7,-19489,828.35,828.35
0.064,0.176,0.071587,0.51972,-11614,21714,1217.2,1217.2
0.064,0.16,0.17483,-0.11553,-2895.6,-10672,960.37,960.37
0.064,0.144,-0.17921,-0.34867,-37143,-17121,263.34,263.34
0.064,0.128,0.28097,-0.058796,-63330,-40035,-1069.8,1069.8
0.064,0.112,-0.0052119,0.050773,-60035,-47799,-2571.1,2571.1
0.064,0.096,-0.96102,-0.12693,-71276,-27113,-2927.6,2927.6
0.064,0.08,0.44174,0.02199,2924.5,6652,-2682.6,2682.6
0.064,0.064,5.0295,0.3744,52084,-76916,-1383.9,1383.9
0.064,0.048,3.5012,-0.69294,85188,-87021,-845.58,845.58
0.064,0.032,0.30056,-0.24078,35693,-1.0627e+05,-127.84,127.84
0.064,0.016,0.021928,-5.772,0,0,96.043,96.043
0.08,0.496,0.34804,14.002,0,0,753.31,753.31
0.08,0.48,0.72249,7.7363,75918,-2.9531e+05,3299.6,3299.6
0.08,0.464,2.2745,4.0618,1.745e+05,-7.4179e+05,5983.9,5983.9
0.08,0.448,2.9133,2.8191,1.0735e+05,-7.75e+05,5543.5,5543.5
0.08,0.432,3.447,2.774,43106,-6.972e+05,939.33,939.33
0.08,0.416,3.4286,2.9311,67234,-6.4993e+05,-8971.1,8971.1
0.08,0.4,2.8335,3.214,1.6273e+05,-9.5715e+05,-17861,17861
0.08,0.384,2.9354,3.9254,1.5564e+05,-1.1841e+06,-22688,22688
0.08,0.368,3.4803,3.4673,75881,-1.1689e+06,-14917,14917
0.08,0.352,3.8482,3.0413,-57087,-7.1772e+05,95.223,95.223
0.08,0.336,2.0063,4.4973,-70188,-4.0476e+05,12194,12194
0.08,0.32,0.86972,4.5389,-81545,-3.4264e+05,14890,14890
0.08,0.304,2.3732,2.1714,-94792,-2.1917e+05,9713.1,9713.1
0.08,0.288,0.53083,2.4068,-81587,-1.2647e+05,4149.4,4149.4
0.08,0.272,-0.34813,0.067881,-34500,-70793,-733.04,733.04
0.08,0.256,-0.67625,0.14828,36878,-79098,-2223,2223
0.08,0.24,0.29685,1.1235,91693,-99236,-1759.7,1759.7
0.08,0.224,2.588,0.77271,73837,-92449,494.77,494.77
0.08,0.208,2.2056,1.3009,30950,-80568,1542.9,1542.9
0.08,0.192,1.136,2.3949,16821,-1.0368e+05,2338.5,2338.5
0.08,0.176,1.7728,0.64434,-2264,-49411,2487.3,2487.3
0.08,0.16,0.34271,0.056049,24857,-48244,2139.6,2139.6
0.08,0.144,-0.69514,-0.42926,34683,-54635,1000.1,1000.1
0.08,0.128,-0.50479,-0.68919,52016,-1.2616e+05,-785.82,785.82
0.08,0.112,0.63117,-0.38855,30095,-1.614e+05,-2390.5,2390.5
0.08,0.096,0.49019,-0.95484,2381.4,-1.4266e+05,-2535.4,2535.4
0.08,0.08,1.9158,-0.37726,66264,-57149,-2137.6,2137.6
0.08,0.064,1.6155,1.2256,1.3618e+05,-66763,-881.96,881.96
0.08,0.048,0.9224,1.031,1.3051e+05,-42251,-490.36,490.36
0.08,0.032,-0.051469,0.68529,51369,-49514,91.017,91.017
0.08,0.016,-0.25773,-9.136,0,0,60.988,60.988
0.096,0.496,-1.0003,19.905,0,0,502.5,502.5
0.096,0.48,-0.1052,12.7,65753,-2.9411e+05,4202.4,4202.4
0.096,0.464,2.9336,8.8034,2.5319e+05,-1.1316e+06,7629.9,7629.9
0.096,0.448,4.0733,6.7084,1.6777e+05,-1.1136e+06,7761.7,7761.7
0.096,0.432,3.5746,4.6482,48173,-8.3975e+05,2289.3,2289.3
0.096,0.416,1.8436,3.8955,38112,-6.6184e+05,-6515.7,6515.7
0.096,0.4,2.8318,3.7026,2.0624e+05,-1.3086e+06,-21106,21106
0.096,0.384,5.6681,3.6716,3.4141e+05,-2.2775e+06,-33062,33062
0.096,0.368,5.0692,2.7171,3.0615e+05,-2.7918e+06,-33637,33637
0.096,0.352,4.1457,2.0472,1.481e+05,-2.2907e+06,-15044,15044
0.096,0.336,3.9662,4.6234,69066,-1.5412e+06,8979.7,8979.7
0.096,0.32,4.5003,4.178,10397,-1.1098e+06,25148,25148
0.096,0.304,3.2686,4.8366,-1.0163e+05,-7.1146e+05,26514,26514
0.096,0.288,1.3972,4.3517,-1.5804e+05,-3.5419e+05,18520,18520
0.096,0.272,-1.6024,0.47112,-72962,-2.2132e+05,8089.5,8089.5
0.096,0.256,2.2831,0.49063,7452,-1.7652e+05,2101.3,2101.3
0.096,0.24,1.281,-0.35169,87471,-1.6146e+05,533.92,533.92
0.096,0.224,0.79093,1.2788,95175,-36276,1782.2,1782.2
0.096,0.208,1.1199,0.94705,31408,-9307.3,3461.8,3461.8
0.096,0.192,2.5409,0.16836,-24577,-60167,4838.5,4838.5
0.096,0.176,2.3284,1.1317,-87548,-79780,5225.7,5225.7
0.096,0.16,0.7394,1.2148,-35340,-39213,3690.4,3690.4
0.096,0.144,-0.23513,0.43197,-11662,-24809,2561.7,2561.7
0.096,0.128,1.174,1.1588,19605,-83245,2265.4,2265.4
0.096,0.112,1.2557,0.23896,20671,-1.352e+05,2934.4,2934.4
0.096,0.096,1.0148,-2.2812,80609,-2.3536e+05,1824.8,1824.8
0.096,0.08,1.7002,0.043108,58143,-1.7858e+05,40.164,40.164
0.096,0.064,0.64511,0.5596,45829,-1.4069e+05,-1274,1274
0.096,0.048,0.75439,0.46957,-21736,-22193,-1020.1,1020.1
0.096,0.032,5.0295,2.3455,-16888,-14201,-359.18,359.18
0.096,0.016,1.583,-3.0915,0,0,126.12,126.12
0.112,0.496,-0.57955,16.539,0,0,116.89,116.89
0.112,0.48,-0.54149,13.88,0,0,3416.1,3416.1
0.112,0.464,2.3706,12.672,6.5512e+05,-1.3465e+06,-15646,15646
0.112,0.448,4.0383,12.054,3.264e+05,-1.2874e+06,-38126,38126
0.112,0.432,1.6963,10.97,1.1466e+05,-9.3683e+05,-56279,56279
0.112,0.416,-1.1829,12.717,55225,-7.851e+05,-61144,61144
0.112,0.4,-0.082566,14.927,3.1674e+05,-1.8946e+06,-56902,56902
0.112,0.384,3.7812,11.058,5.1425e+05,-2.8535e+06,-60602,60602
0.112,0.368,4.5496,6.816,4.357e+05,-3.1552e+06,-61229,61229
0.112,0.352,2.7796,6.8371,3.2319e+05,-2.7703e+06,-54192,54192
0.112,0.336,4.0174,6.0021,3.4102e+05,-2.7511e+06,-21866,21866
0.112,0.32,2.9323,7.5938,3.0531e+05,-2.663e+06,10232,10232
0.112,0.304,2.2863,5.1871,1.655e+05,-2.2167e+06,23475,23475
0.112,0.288,1.9487,4.8494,-1.3211e+05,-1.2356e+06,16343,16343
0.112,0.272,0.95515,5.9238,-1.35e+05,-7.2287e+05,7914.6,7914.6
0.112,0.256,1.0316,4.3134,-1.0145e+05,-3.7778e+05,5340.5,5340.5
0.112,0.24,-0.12623,1.2215,67024,-3.5827e+05,5387.1,5387.1
0.112,0.224,0.14763,4.3064,2.1862e+05,-3.5085e+05,7130.6,7130.6
0.112,0.208,2.1893,6.2332,2.0418e+05,-3.0428e+05,8998.8,8998.8
0.112,0.192,2.124,1.6052,1.2406e+05,-2.8197e+05,11773,11773
0.112,0.176,1.1833,2.4834,-35553,-2.614e+05,14304,14304
0.112,0.16,1.1417,3.4957,-99234,-1.2556e+05,14106,14106
0.112,0.144,0.82905,3.8033,-1.4451e+05,35316,14586,14586
0.112,0.128,-0.52383,4.7636,-2.6761e+05,2.8423e+05,14922,14922
0.112,0.112,0.13223,5.2547,-3.1524e+05,3.5364e+05,15841,15841
0.112,0.096,0.12935,5.3657,-1.6791e+05,54763,12431,12431
0.112,0.08,1.5219,1.9497,14822,-1.7512e+05,5025,5025
0.112,0.064,0.83504,0.75515,1.263e+05,-3.5414e+05,205.86,205.86
0.112,0.048,0.45874,1.2183,71962,-2.1048e+05,-1340.3,1340.3
0.112,0.032,0.93356,1.1503,25714,-1.206e+05,222.54,222.54
0.112,0.016,1.0839,-2.2541,0,0,370.57,370.57
0.128,0.496,1.1482,18.774,0,0,0,0
0.128,0.48,0.86789,16.272,0,0,2076.3,2076.3
0.128,0.464,1.5489,16.901,NaN,NaN,-24863,24863
0.128,0.448,1.049,22.275,2.2563e+05,-7.976e+05,-65101,65101
0.128,0.432,-1.034,26.904,-93875,-2.5861e+05,-85700,85700
0.128,0.416,-2.3646,33.018,-1.6906e+05,-24290,-84699,84699
0.128,0.4,-0.37769,37.831,20424,-1.0072e+06,-68394,68394
0.128,0.384,2.3681,33.008,3.4619e+05,-2.2997e+06,-65748,65748
0.128,0.368,2.7973,23.564,3.5856e+05,-2.91e+06,-75185,75185
0.128,0.352,0.84363,21.786,3.4518e+05,-3.0845e+06,-84007,84007
0.128,0.336,1.989,17.89,3.8493e+05,-3.2455e+06,-60295,60295
0.128,0.32,4.3347,13.444,3.7511e+05,-3.32e+06,-19012,19012
0.128,0.304,2.5587,11.726,2.3094e+05,-3.0373e+06,11924,11924
0.128,0.288,3.8761,9.1366,-1.1438e+05,-2.0911e+06,21545,21545
0.128,0.272,0.26296,9.7166,-3.7698e+05,-1.0819e+06,26822,26822
0.128,0.256,-0.30096,7.8602,-4.7685e+05,-2.578e+05,31583,31583
0.128,0.24,0.3814,4.275,-2.1658e+05,-2.0313e+05,29606,29606
0.128,0.224,0.53163,5.5783,2.5286e+05,-5.5027e+05,24074,24074
0.128,0.208,3.8696,4.0333,4.0792e+05,-7.2654e+05,22756,22756
0.128,0.192,4.1373,2.3497,3.2663e+05,-7.0893e+05,25601,25601
0.128,0.176,1.9502,4.4711,1.0587e+05,-5.3732e+05,28791,28791
0.128,0.16,2.6347,2.4303,-50112,-2.3238e+05,31286,31286
0.128,0.144,0.24736,3.4541,-3.0081e+05,2.8719e+05,32611,32611
0.128,0.128,-2.9932,9.9551,-6.4925e+05,9.3406e+05,35610,35610
0.128,0.112,-5.7547,11.121,-8.2446e+05,1.3939e+06,35632,35632
0.128,0.096,-4.5752,8.6507,-6.5506e+05,1.1558e+06,32670,32670
0.128,0.08,-2.2942,5.9458,-3.0138e+05,6.7446e+05,22742,22742
0.128,0.064,-0.27057,4.6389,1.0111e+05,-1.0538e+05,11520,11520
0.128,0.048,0.88134,3.1985,1.7837e+05,-2.8218e+05,4007.6,4007.6
0.128,0.032,1.105,2.1173,1.4317e+05,-3.0939e+05,983.87,983.87
0.128,0.016,1.0797,-2.5235,0,0,451.83,451.83
0.144,0.496,3.1254,26.061,0,0,0,0
0.144,0.48,3.873,21.172,0,0,0,0
0.144,0.464,2.2731,23.383,NaN,NaN,-43509,43509
0.144,0.448,0.17843,33.384,NaN,NaN,-1.7486e+05,1.7486e+05
0.144,0.432,0.016067,38.797,NaN,NaN,-1.7457e+05,1.7457e+05
0.144,0.416,-0.85099,42.08,NaN,NaN,-1.7235e+05,1.7235e+05
0.144,0.4,-0.14388,44.717,NaN,NaN,-1.0872e+05,1.0872e+05
0.144,0.384,0.38796,44.944,18959,4.5468e+05,-85717,85717
0.144,0.368,-0.041529,41.839,5401.5,-99278,-85716,85716
0.144,0.352,0.44602,38.664,2.028e+05,-1.3751e+06,-1.028e+05,1.028e+05
0.144,0.336,0.84144,34.048,2.0279e+05,-2.2195e+06,-79743,79743
0.144,0.32,2.7244,27.683,2.2381e+05,-2.864e+06,-43089,43089
0.144,0.304,1.09,25.003,71872,-3.1049e+06,-4437.5,4437.5
0.144,0.288,0.35978,19.699,-2.382e+05,-2.7633e+06,20674,20674
0.144,0.272,-1.6343,15.545,-6.9105e+05,-1.6693e+06,45134,45134
0.144,0.256,-4.0969,15.531,-8.7706e+05,-4.4327e+05,64057,64057
0.144,0.24,-3.2201,12.465,-6.4887e+05,-3.2233e+05,65246,65246
0.144,0.224,-1.1315,8.5134,1.3092e+05,-7.3814e+05,54155,54155
0.144,0.208,1.5036,5.3495,5.602e+05,-1.2617e+06,45310,45310
0.144,0.192,2.5314,4.0491,6.8669e+05,-1.4114e+06,45254,45254
0.144,0.176,2.7129,8.1899,3.3496e+05,-1.3198e+06,49129,49129
0.144,0.16,3.0493,5.4572,21539,-6.6364e+05,52142,52142
0.144,0.144,0.49864,6.8681,-3.9201e+05,3.2346e+05,50188,50188
0.144,0.128,-1.8841,13.466,-8.6787e+05,1.429e+06,50565,50565
0.144,0.112,-4.6793,17.421,-1.2143e+06,2.396e+06,49009,49009
0.144,0.096,-5.5605,19.271,-1.3422e+06,2.8133e+06,52207,52207
0.144,0.08,-4.2409,16.96,-1.0723e+06,2.6627e+06,46733,46733
0.144,0.064,-3.4878,14.625,-5.9381e+05,1.6822e+06,35480,35480
0.144,0.048,-0.88132,10.927,-1.4416e+05,6.8913e+05,18335,18335
0.144,0.032,-0.22805,7.886,26044,31506,6513.6,6513.6
0.144,0.016,2.2211,0.63923,0,0,783.44,783.44
0.16,0.496,4.0947,32.782,0,0,0,0
0.16,0.48,2.2154,34.895,0,0,0,0
0.16,0.464,1.5715,33.535,NaN,NaN,0,0
0.16,0.448,0.963,37.601,NaN,NaN,NaN,NaN
0.16,0.432,0.86023,40.616,NaN,NaN,NaN,NaN
0.16,0.416,0.13018,41.958,NaN,NaN,NaN,NaN
0.16,0.4,-0.56992,43.515,NaN,NaN,-51787,51787
0.16,0.384,-0.97046,43.756,NaN,NaN,-1.2333e+05,1.2333e+05
0.16,0.368,-0.55024,43.503,NaN,NaN,-1.4007e+05,1.4007e+05
0.16,0.352,-0.14954,43.57,NaN,NaN,-1.4592e+05,1.4592e+05
0.16,0.336,0.25596,41.4,-2.2738e+05,-6.9932e+05,-1.1479e+05,1.1479e+05
0.16,0.32,0.50851,37.305,-1.3731e+05,-1.6909e+06,-68979,68979
0.16,0.304,-0.30886,28.976,-3.0431e+05,-2.5378e+06,-25263,25263
0.16,0.288,-2.2568,21.172,-5.9486e+05,-2.8258e+06,10830,10830
0.16,0.272,-4.292,16.273,-1.1233e+06,-2.0759e+06,38598,38598
0.16,0.256,-5.674,22.481,-1.2903e+06,-1.0471e+06,68873,68873
0.16,0.24,-6.0422,23.315,-1.0613e+06,-9.8912e+05,82363,82363
0.16,0.224,-3.4783,21.618,-1.7838e+05,-1.1621e+06,77887,77887
0.16,0.208,1.4042,14.413,5.4983e+05,-1.3419e+06,67997,67997
0.16,0.192,2.064,7.9989,9.3017e+05,-1.6139e+06,65061,65061
0.16,0.176,1.8913,8.6709,6.4851e+05,-2.0147e+06,67641,67641
0.16,0.16,1.8965,6.4969,2.4064e+05,-1.7151e+06,66042,66042
0.16,0.144,0.087971,9.655,-2.8292e+05,-6.636e+05,57601,57601
0.16,0.128,-2.3686,13.356,-6.9895e+05,7.397e+05,53526,53526
0.16,0.112,-3.4661,18.761,-1.1563e+06,2.2745e+06,55042,55042
0.16,0.096,-7.5366,28.073,-1.5605e+06,3.5939e+06,65303,65303
0.16,0.08,-12.343,33.595,-1.6805e+06,4.332e+06,65638,65638
0.16,0.064,-8.5094,31.608,-1.3667e+06,3.8261e+06,50902,50902
0.16,0.048,-5.0154,21.622,-6.819e+05,2.1903e+06,27120,27120
0.16,0.032,-2.4944,12.696,-2.03e+05,7.6697e+05,8641,8641
0.16,0.016,-0.50214,3.5893,0,0,787.46,787.46
0.176,0.496,1.7547,40.685,0,0,0,0
0.176,0.48,1.984,41.605,0,0,0,0
0.176,0.464,1.8042,40.05,NaN,NaN,0,0
0.176,0.448,1.2711,38.571,NaN,NaN,NaN,NaN
0.176,0.432,2.0665,38.343,NaN,NaN,NaN,NaN
0.176,0.416,2.5008,38.571,NaN,NaN,NaN,NaN
0.176,0.4,2.0398,38.15,NaN,NaN,NaN,NaN
0.176,0.384,2.0631,36.284,NaN,NaN,-2.6267e+05,2.6267e+05
0.176,0.368,2.7295,37.835,1.1333e+06,-2.2747e+06,-2.4423e+05,2.4423e+05
0.176,0.352,1.5978,36.932,6.575e+05,-2.4282e+06,-2.0741e+05,2.0741e+05
0.176,0.336,1.0097,32.686,-64213,-1.4967e+06,-1.5989e+05,1.5989e+05
0.176,0.32,0.95764,32.565,-4.254e+05,-1.8207e+06,-1.1115e+05,1.1115e+05
0.176,0.304,0.12242,26.538,-6.6843e+05,-2.6134e+06,-64815,64815
0.176,0.288,-4.7912,18.919,-9.4512e+05,-3.1778e+06,-30130,30130
0.176,0.272,-8.3249,16.663,-1.2982e+06,-2.9592e+06,-6531.8,6531.8
0.176,0.256,-8.5403,18.299,-1.404e+06,-2.1119e+06,27447,27447
0.176,0.24,-5.0796,22.814,-1.2684e+06,-1.6089e+06,62503,62503
0.176,0.224,-2.451,28.25,-5.3065e+05,-1.0403e+06,81224,81224
0.176,0.208,1.6249,26.32,2.973e+05,-8.4473e+05,77959,77959
0.176,0.192,2.6517,20.901,9.7799e+05,-1.5097e+06,73240,73240
0.176,0.176,2.3125,14.143,9.0494e+05,-2.5576e+06,73554,73554
0.176,0.16,3.9248,9.5113,5.6189e+05,-2.7316e+06,66517,66517
0.176,0.144,1.4218,14.22,64967,-1.9336e+06,55141,55141
0.176,0.128,-0.47017,15.609,-3.5708e+05,-6.338e+05,51080,51080
0.176,0.112,-1.6393,15.928,-8.5623e+05,7.7876e+05,55366,55366
0.176,0.096,-6.8385,23.202,-1.4325e+06,2.4749e+06,61504,61504
0.176,0.08,-11.108,33.832,-1.7768e+06,3.8719e+06,55229,55229
0.176,0.064,-11.014,36.834,-1.7942e+06,4.3063e+06,38865,38865
0.176,0.048,-7.0731,34.003,-1.0789e+06,2.8303e+06,17810,17810
0.176,0.032,-3.0789,26.694,-4.5487e+05,1.2315e+06,4716.2,4716.2
0.176,0.016,-2.3418,13.776,0,0,-445.6,445.6
0.192,0.496,-2.3594,41.187,0,0,0,0
0.192,0.48,-1.4002,37.944,0,0,0,0
0.192,0.464,-1.0151,38.771,NaN,NaN,0,0
0.192,0.448,0.12848,38.072,NaN,NaN,NaN,NaN
0.192,0.432,2.1345,34.853,NaN,NaN,NaN,NaN
0.192,0.416,3.7346,32.351,NaN,NaN,NaN,NaN
0.192,0.4,4.7904,32.503,NaN,NaN,NaN,NaN
0.192,0.384,5.6429,29.736,NaN,NaN,-2.725e+05,2.725e+05
0.192,0.368,5.1963,29.151,1.1333e+06,-2.2747e+06,-2.5187e+05,2.5187e+05
0.192,0.352,3.0557,25.713,6.5018e+05,-2.2183e+06,-2.3551e+05,2.3551e+05
0.192,0.336,1.046,24.69,1.2006e+05,-1.9947e+06,-2.0113e+05,2.0113e+05
0.192,0.32,-0.93324,26.142,-3.3016e+05,-2.0571e+06,-1.5933e+05,1.5933e+05
0.192,0.304,-2.3087,23.465,-7.4595e+05,-2.4472e+06,-1.1279e+05,1.1279e+05
0.192,0.288,-5.5396,20.677,-1.0515e+06,-2.4944e+06,-79033,79033
0.192,0.272,-6.8875,22.709,-1.2941e+06,-2.2516e+06,-58457,58457
0.192,0.256,-6.863,25.436,-1.3126e+06,-1.6461e+06,-20039,20039
0.192,0.24,-5.3798,28.815,-1.0717e+06,-1.0784e+06,32784,32784
0.192,0.224,-1.7149,32.925,-5.6295e+05,-4.2594e+05,75128,75128
0.192,0.208,2.3288,33.66,76853,82923,83297,83297
0.192,0.192,3.1715,29.473,5.5607e+05,-4.5413e+05,76824,76824
0.192,0.176,4.6723,22.082,7.9254e+05,-1.6452e+06,73860,73860
0.192,0.16,2.1828,17.872,7.068e+05,-2.3812e+06,70900,70900
0.192,0.144,1.2046,18.953,4.6293e+05,-2.1574e+06,65057,65057
0.192,0.128,0.53927,19.946,1.1475e+05,-1.1848e+06,54483,54483
0.192,0.112,-1.7614,19.191,-3.0673e+05,-4.6205e+05,44250,44250
0.192,0.096,-2.0694,19.049,-8.6333e+05,4.6195e+05,33508,33508
0.192,0.08,-5.1734,24.779,-1.3096e+06,1.4339e+06,18221,18221
0.192,0.064,-5.8144,29.427,-1.3942e+06,2.0699e+06,2442.1,2442.1
0.192,0.048,-3.3658,29.752,-8.716e+05,1.529e+06,-7034,7034
0.192,0.032,-0.85087,29.019,-3.3229e+05,6.3181e+05,-5843.4,5843.4
0.192,0.016,-0.061362,23.44,0,0,-2402.9,2402.9
0.208,0.496,-4.7497,40.972,0,0,0,0
0.208,0.48,-4.4119,34.939,0,0,0,0
0.208,0.464,-2.8935,35.683,NaN,NaN,0,0
0.208,0.448,-0.52427,35.81,NaN,NaN,NaN,NaN
0.208,0.432,2.3174,34.036,NaN,NaN,NaN,NaN
0.208,0.416,5.2714,31.24,NaN,NaN,NaN,NaN
0.208,0.4,5.5915,32.471,NaN,NaN,NaN,NaN
0.208,0.384,4.3505,32.8,NaN,NaN,-2.7876e+05,2.7876e+05
0.208,0.368,4.2947,31.025,1.1333e+06,-2.2747e+06,-2.0615e+05,2.0615e+05
0.208,0.352,2.6318,28.272,6.5018e+05,-2.2183e+06,-1.7867e+05,1.7867e+05
0.208,0.336,0.14583,29.792,2.0727e+05,-2.0935e+06,-1.3539e+05,1.3539e+05
0.208,0.32,-2.6798,31.561,-3.2413e+05,-2.0668e+06,-1.1215e+05,1.1215e+05
0.208,0.304,-3.6929,31.345,-8.2106e+05,-2.2134e+06,-94226,94226
0.208,0.288,-4.3164,34.059,-1.029e+06,-2.2535e+06,-79629,79629
0.208,0.272,-4.0094,38.25,-9.467e+05,-1.5698e+06,-59840,59840
0.208,0.256,-5.1116,40.778,-7.8661e+05,-6.6083e+05,-14799,14799
0.208,0.24,-3.802,41.967,-5.3165e+05,1.4444e+05,43438,43438
0.208,0.224,1.0565,43.479,-2.8368e+05,6.059e+05,87399,87399
0.208,0.208,2.1956,41.318,7468.7,6.7926e+05,96176,96176
0.208,0.192,1.3805,38.252,2.2457e+05,2.1935e+05,85067,85067
0.208,0.176,0.4618,35.166,4.0663e+05,-4.1935e+05,74148,74148
0.208,0.16,1.2126,30.543,3.9416e+05,-7.0583e+05,76442,76442
0.208,0.144,0.012739,31.246,2.1809e+05,-4.4953e+05,77729,77729
0.208,0.128,-0.34682,35.571,2464.4,-5568.5,68633,68633
0.208,0.112,-1.1493,35.434,-1.3712e+05,-2.0288e+05,41316,41316
0.208,0.096,-0.75287,29.818,-3.4159e+05,-5.1838e+05,10443,10443
0.208,0.08,-3.0374,23.466,-6.0286e+05,-7.4238e+05,-15250,15250
0.208,0.064,-2.9292,21.769,-7.3347e+05,-7.1091e+05,-26878,26878
0.208,0.048,-0.29607,23.694,-4.9736e+05,-4.7326e+05,-24407,24407
0.208,0.032,0.21205,27.39,-1.9489e+05,-3.298e+05,-13106,13106
0.208,0.016,-0.13634,26.113,0,0,-3911.4,3911.4
0.224,0.496,-8.0302,42.63,0,0,0,0
0.224,0.48,-5.929,39.441,0,0,0,0
0.224,0.464,-3.0689,38.219,NaN,NaN,0,0
0.224,0.448,-1.3758,38.389,NaN,NaN,NaN,NaN
0.224,0.432,0.37291,37.523,NaN,NaN,NaN,NaN
0.224,0.416,1.9898,35.746,NaN,NaN,NaN,NaN
0.224,0.4,2.1227,37.022,NaN,NaN,NaN,NaN
0.224,0.384,2.6051,37.601,NaN,NaN,-2.9216e+05,2.9216e+05
0.224,0.368,2.3361,34.938,NaN,NaN,-1.7139e+05,1.7139e+05
0.224,0.352,0.62927,31.618,6.3553e+05,-1.7986e+06,-1.4052e+05,1.4052e+05
0.224,0.336,-1.7386,35.155,1.422e+05,-1.5823e+06,-94320,94320
0.224,0.32,-2.2539,37.861,-1.8493e+05,-1.504e+06,-78180,78180
0.224,0.304,-3.7168,36.613,-7.4192e+05,-1.1932e+06,-77056,77056
0.224,0.288,-4.0731,40.866,-9.0487e+05,-7.0415e+05,-76429,76429
0.224,0.272,-3.7867,44.31,-6.9305e+05,2.2711e+05,-50569,50569
0.224,0.256,-2.5594,46.274,-1.8033e+05,8.2846e+05,-703.88,703.88
0.224,0.24,0.099527,46.298,1.7499e+05,1.0399e+06,68162,68162
0.224,0.224,2.839,47.249,3.5324e+05,1.0869e+06,1.1653e+05,1.1653e+05
0.224,0.208,3.6113,45.603,2.5949e+05,1.0491e+06,1.3483e+05,1.3483e+05
0.224,0.192,3.5673,43.509,-11730,1.1186e+06,1.2583e+05,1.2583e+05
0.224,0.176,1.7081,42.958,-1.4832e+05,1.109e+06,1.1187e+05,1.1187e+05
0.224,0.16,0.058262,42.949,-2.369e+05,1.2172e+06,1.0983e+05,1.0983e+05
0.224,0.144,-1.2977,44.101,-3.0221e+05,1.4152e+06,1.0335e+05,1.0335e+05
0.224,0.128,-3.2042,47.358,-2.7612e+05,1.5969e+06,79584,79584
0.224,0.112,-3.1968,44.288,-1.3185e+05,1.084e+06,38430,38430
0.224,0.096,-2.6686,40.144,-24435,1.6082e+05,1890.2,1890.2
0.224,0.08,-0.48751,38.618,-82731,-7.7467e+05,-20661,20661
0.224,0.064,0.40812,33.131,-1.0278e+05,-1.359e+06,-27876,27876
0.224,0.048,-0.2151,31.238,-56088,-1.0865e+06,-23379,23379
0.224,0.032,0.76752,35.515,14662,-6.716e+05,-12049,12049
0.224,0.016,0.36271,36.98,0,0,-4005.2,4005.2
0.24,0.496,-8.2026,44.964,0,0,0,0
0.24,0.48,-6.0353,44.99,0,0,0,0
0.24,0.464,-2.3204,44.665,NaN,NaN,0,0
0.24,0.448,0.8366,44.745,NaN,NaN,NaN,NaN
0.24,0.432,1.8393,43.4,NaN,NaN,NaN,NaN
0.24,0.416,2.2428,41.513,NaN,NaN,NaN,NaN
0.24,0.4,2.5024,40.386,NaN,NaN,NaN,NaN
0.24,0.384,2.4482,39.538,NaN,NaN,NaN,NaN
0.24,0.368,2.3078,39.956,NaN,NaN,20149,20149
0.24,0.352,1.3063,38.798,NaN,NaN,25997,25997
0.24,0.336,-0.19523,40.165,NaN,NaN,27758,27758
0.24,0.32,-1.2927,41.237,NaN,NaN,28846,28846
0.24,0.304,-3.6174,43.014,NaN,NaN,-10608,10608
0.24,0.288,-3.9028,44.29,NaN,NaN,-52257,52257
0.24,0.272,-2.9551,47.604,2.7893e+05,1.1632e+06,-41317,41317
0.24,0.256,-2.0558,48.27,6.2315e+05,1.0948e+06,9827,9827
0.24,0.24,-0.045841,49.588,6.9258e+05,1.045e+06,76079,76079
0.24,0.224,1.7348,51.197,7.0876e+05,1.0234e+06,1.3718e+05,1.3718e+05
0.24,0.208,2.9318,51.832,4.1696e+05,1.1024e+06,1.6696e+05,1.6696e+05
0.24,0.192,2.0674,51.041,41879,1.3548e+06,1.6342e+05,1.6342e+05
0.24,0.176,-0.65713,50.575,-4.3513e+05,1.7384e+06,1.4647e+05,1.4647e+05
0.24,0.16,-2.2257,49.492,-7.634e+05,2.1371e+06,1.2972e+05,1.2972e+05
0.24,0.144,-2.6699,48.467,-9.3836e+05,2.5018e+06,1.0832e+05,1.0832e+05
0.24,0.128,-2.3816,49.565,-8.0251e+05,2.5862e+06,80027,80027
0.24,0.112,-1.8595,48.399,-5.104e+05,2.2656e+06,46777,46777
0.24,0.096,-1.3172,47.722,-1.2973e+05,1.4942e+06,22232,22232
0.24,0.08,-0.27427,48.505,81175,5.918e+05,8245.7,8245.7
0.24,0.064,0.47542,47.683,1.6449e+05,-1.2149e+05,208.51,208.51
0.24,0.048,1.7469,46.325,1.1048e+05,-3.0529e+05,-4420,4420
0.24,0.032,2.6556,45.744,43258,-2.1558e+05,-4563.9,4563.9
0.24,0.016,0.81782,45.325,0,0,-2981.7,2981.7
0.256,0.496,-5.7769,51.164,0,0,0,0
0.256,0.48,-5.0964,48.053,0,0,0,0
0.256,0.464,-1.4154,48.104,NaN,NaN,0,0
0.256,0.448,2.4169,47.215,NaN,NaN,NaN,NaN
0.256,0.432,4.0456,45.346,NaN,NaN,NaN,NaN
0.256,0.416,3.8581,42.967,NaN,NaN,NaN,NaN
0.256,0.4,2.4571,41.815,NaN,NaN,NaN,NaN
0.256,0.384,1.3516,40.559,NaN,NaN,NaN,NaN
0.256,0.368,0.0049309,42.033,NaN,NaN,NaN,NaN
0.256,0.352,-0.42199,44.779,NaN,NaN,NaN,NaN
0.256,0.336,-1.788,46.326,NaN,NaN,NaN,NaN
0.256,0.32,-1.1717,47.121,NaN,NaN,NaN,NaN
0.256,0.304,-1.4218,47.78,NaN,NaN,NaN,NaN
0.256,0.288,-1.2515,48.923,NaN,NaN,-95848,95848
0.256,0.272,-0.93887,50.76,NaN,NaN,-55349,55349
0.256,0.256,-0.80746,52.301,1.0784e+06,8.4897e+05,9312.1,9312.1
0.256,0.24,0.034798,53.337,9.4549e+05,6.3564e+05,75553,75553
0.256,0.224,0.75502,54.211,7.5769e+05,7.8059e+05,1.4087e+05,1.4087e+05
0.256,0.208,0.45128,54.663,3.1565e+05,9.9171e+05,1.79e+05,1.79e+05
0.256,0.192,-1.2749,54.373,-1.9133e+05,1.4196e+06,1.8526e+05,1.8526e+05
0.256,0.176,-2.8363,55.182,-7.7733e+05,1.9185e+06,1.695e+05,1.695e+05
0.256,0.16,-4.0846,54.704,-1.0835e+06,2.3444e+06,1.4219e+05,1.4219e+05
0.256,0.144,-4.0082,55.002,-1.1349e+06,2.6345e+06,1.0574e+05,1.0574e+05
0.256,0.128,-2.2614,55.691,-9.5695e+05,2.8107e+06,71212,71212
0.256,0.112,-1.5486,55.944,-7.0888e+05,2.8697e+06,52769,52769
0.256,0.096,-2.0662,56.072,-4.3671e+05,2.7227e+06,48928,48928
0.256,0.08,-1.146,55.656,-1.5589e+05,2.3618e+06,44246,44246
0.256,0.064,-0.30535,57.041,82087,1.8045e+06,32415,32415
0.256,0.048,0.15348,57.157,1.3787e+05,1.0058e+06,15154,15154
0.256,0.032,1.9003,53.369,75173,3.8315e+05,4213.9,4213.9
0.256,0.016,-0.26091,51.859,0,0,-993.34,993.34
0.272,0.496,-3.9933,54.597,0,0,0,0
0.272,0.48,-3.4892,52.571,0,0,0,0
0.272,0.464,-1.5846,52.926,NaN,NaN,0,0
0.272,0.448,0.78562,51.377,NaN,NaN,NaN,NaN
0.272,0.432,1.6222,47.927,NaN,NaN,NaN,NaN
0.272,0.416,2.2031,46.33,NaN,NaN,NaN,NaN
0.272,0.4,1.3516,45.248,NaN,NaN,NaN,NaN
0.272,0.384,0.086511,43.976,NaN,NaN,NaN,NaN
0.272,0.368,-0.74927,44.951,NaN,NaN,NaN,NaN
0.272,0.352,-1.5211,46.661,NaN,NaN,NaN,NaN
0.272,0.336,-2.0173,48.715,NaN,NaN,NaN,NaN
0.272,0.32,-0.85058,49.294,NaN,NaN,NaN,NaN
0.272,0.304,-0.66881,49.79,NaN,NaN,NaN,NaN
0.272,0.288,-0.56632,51.201,NaN,NaN,NaN,NaN
0.272,0.272,0.041591,53.236,NaN,NaN,-1824.7,1824.7
0.272,0.256,0.5777,54.365,NaN,NaN,50471,50471
0.272,0.24,0.58357,55.174,4.0953e+05,-1.8084e+05,84580,84580
0.272,0.224,1.011,53.696,3.0234e+05,88212,1.3562e+05,1.3562e+05
0.272,0.208,0.35623,52.589,-14896,3.8049e+05,1.6715e+05,1.6715e+05
0.272,0.192,-2.1967,53.05,-4.1585e+05,8.4104e+05,1.7951e+05,1.7951e+05
0.272,0.176,-3.2995,54.581,-8.9699e+05,1.39e+06,1.7374e+05,1.7374e+05
0.272,0.16,-4.6789,56.492,-1.1028e+06,1.8941e+06,1.4307e+05,1.4307e+05
0.272,0.144,-4.2653,59.278,-1.0369e+06,2.2703e+06,1.0024e+05,1.0024e+05
0.272,0.128,-2.6861,61.199,-8.2396e+05,2.6139e+06,64429,64429
0.272,0.112,-1.8639,62.81,-6.4895e+05,2.9528e+06,58681,58681
0.272,0.096,-2.3597,63.936,-5.3471e+05,3.1854e+06,64213,64213
0.272,0.08,-2.701,63.036,-3.9575e+05,3.1196e+06,58995,58995
0.272,0.064,-2.2059,61.942,-2.4748e+05,2.6819e+06,42199,42199
0.272,0.048,-2.2828,59.884,-1.1597e+05,1.6105e+06,20790,20790
0.272,0.032,-1.7713,56.817,-63705,6.9452e+05,7556,7556
0.272,0.016,-0.33344,53.58,0,0,797.65,797.65
0.288,0.496,-1.9372,54.478,0,0,0,0
0.288,0.48,-1.3227,54.534,0,0,0,0
0.288,0.464,-0.934,55.344,NaN,NaN,0,0
0.288,0.448,0.46112,55.328,NaN,NaN,NaN,NaN
0.288,0.432,0.99559,53.492,NaN,NaN,NaN,NaN
0.288,0.416,0.63258,51.582,NaN,NaN,NaN,NaN
0.288,0.4,0.22072,51.384,NaN,NaN,NaN,NaN
0.288,0.384,-0.74072,50.195,NaN,NaN,NaN,NaN
0.288,0.368,-0.94897,50.086,NaN,NaN,NaN,NaN
0.288,0.352,-1.5421,51.204,NaN,NaN,NaN,NaN
0.288,0.336,-2.0896,52.24,NaN,NaN,NaN,NaN
0.288,0.32,-1.317,52.439,NaN,NaN,NaN,NaN
0.288,0.304,-0.094969,53.292,NaN,NaN,NaN,NaN
0.288,0.288,0.6485,53.669,NaN,NaN,85837,85837
0.288,0.272,0.49026,53.862,NaN,NaN,31011,31011
0.288,0.256,-0.4938,54.703,27341,-7.356e+05,42432,42432
0.288,0.24,-0.59596,53.619,1.4748e+05,-4.9021e+05,62583,62583
0.288,0.224,-0.32646,52.036,2470.6,-5.0083e+05,99940,99940
0.288,0.208,-0.76779,48.676,-2.185e+05,-3.2188e+05,1.2279e+05,1.2279e+05
0.288,0.192,-2.1476,48.395,-5.541e+05,-77520,1.2768e+05,1.2768e+05
0.288,0.176,-2.5091,49.765,-7.9467e+05,3.3896e+05,1.2446e+05,1.2446e+05
0.288,0.16,-3.1566,52.32,-8.4659e+05,7.1546e+05,1.059e+05,1.059e+05
0.288,0.144,-2.4196,54.614,-7.3962e+05,1.0258e+06,77967,77967
0.288,0.128,-0.18175,56.994,-6.0606e+05,1.4407e+06,52979,52979
0.288,0.112,-0.71728,60.542,-5.2568e+05,1.8848e+06,48573,48573
0.288,0.096,-2.0282,63.008,-5.2317e+05,2.249e+06,47873,47873
0.288,0.08,-3.1793,62.442,-5.351e+05,2.1894e+06,32566,32566
0.288,0.064,-3.6539,61.031,-5.9092e+05,1.6754e+06,14204,14204
0.288,0.048,-4.3172,59.61,-4.2731e+05,8.9264e+05,1700.6,1700.6
0.288,0.032,-6.1531,57.192,-2.4475e+05,2.9258e+05,112.73,112.73
0.288,0.016,-5.7258,55.097,0,0,640.75,640.75
0.304,0.496,-2.5754,52.843,0,0,0,0
0.304,0.48,-2.2963,51.393,0,0,0,0
0.304,0.464,-1.5217,51.357,NaN,NaN,0,0
0.304,0.448,-0.80129,52.843,NaN,NaN,NaN,NaN
0.304,0.432,-0.19759,54.266,NaN,NaN,NaN,NaN
0.304,0.416,0.41294,55.773,NaN,NaN,NaN,NaN
0.304,0.4,1.001,56.143,NaN,NaN,NaN,NaN
0.304,0.384,1.2181,55.198,NaN,NaN,NaN,NaN
0.304,0.368,1.0828,54.788,NaN,NaN,NaN,NaN
0.304,0.352,0.74374,54.839,NaN,NaN,NaN,NaN
0.304,0.336,-0.47947,54.352,NaN,NaN,NaN,NaN
0.304,0.32,-0.36128,53.47,NaN,NaN,NaN,NaN
0.304,0.304,1.3645,53.148,NaN,NaN,NaN,NaN
0.304,0.288,1.8238,52.839,NaN,NaN,16369,16369
0.304,0.272,1.2832,51.914,4.0632e+05,-4.3174e+05,-16326,16326
0.304,0.256,-0.18915,50.753,1.8358e+05,-6.9138e+05,3329.4,3329.4
0.304,0.24,-1.5072,49.587,38951,-7.3317e+05,25217,25217
0.304,0.224,-2.0466,49.167,-1.6394e+05,-8.6614e+05,61331,61331
0.304,0.208,-2.5917,48.986,-3.527e+05,-8.8149e+05,69606,69606
0.304,0.192,-2.2125,48.499,-5.0362e+05,-8.8626e+05,64734,64734
0.304,0.176,-1.7754,48.898,-5.3437e+05,-7.4477e+05,67051,67051
0.304,0.16,-0.66068,49.709,-4.482e+05,-5.9528e+05,61609,61609
0.304,0.144,0.11159,49.718,-3.032e+05,-4.2165e+05,50403,50403
0.304,0.128,0.44952,50.261,-2.4336e+05,-1.5624e+05,33566,33566
0.304,0.112,-1.6429,52.352,-2.9304e+05,1.6221e+05,21909,21909
0.304,0.096,-2.6525,52.027,-4.5287e+05,3.9215e+05,7496.7,7496.7
0.304,0.08,-3.2225,50.626,-6.2971e+05,2.4572e+05,-13746,13746
0.304,0.064,-5.6536,47.745,-8.3303e+05,-3.0716e+05,-25344,25344
0.304,0.048,-7.3877,43.54,-6.3204e+05,-4.4765e+05,-22518,22518
0.304,0.032,-11.111,43.418,-3.5775e+05,-3.7901e+05,-10162,10162
0.304,0.016,-7.1311,44.014,0,0,-1769.3,1769.3
0.32,0.496,-1.4886,49.24,0,0,0,0
0.32,0.48,-1.7107,47.378,0,0,0,0
0.32,0.464,-2.1352,47.407,NaN,NaN,0,0
0.32,0.448,-0.77072,49.136,NaN,NaN,NaN,NaN
0.32,0.432,-0.12235,51.586,NaN,NaN,NaN,NaN
0.32,0.416,1.6555,54.236,NaN,NaN,NaN,NaN
0.32,0.4,2.5674,54.807,NaN,NaN,NaN,NaN
0.32,0.384,2.7784,54.38,NaN,NaN,NaN,NaN
0.32,0.368,2.4732,54.475,NaN,NaN,NaN,NaN
0.32,0.352,1.5886,54.171,NaN,NaN,NaN,NaN
0.32,0.336,0.10707,53.683,NaN,NaN,NaN,NaN
0.32,0.32,0.66701,53.105,NaN,NaN,NaN,NaN
0.32,0.304,1.5866,52.548,NaN,NaN,NaN,NaN
0.32,0.288,1.1373,51.469,NaN,NaN,10435,10435
0.32,0.272,1.1441,49.424,5.9432e+05,7.2646e+05,-30574,30574
0.32,0.256,0.43384,46.638,2.4719e+05,-2.8688e+05,-23002,23002
0.32,0.24,-0.99991,45.464,34111,-8.0577e+05,-21396,21396
0.32,0.224,-1.5432,45.704,-2.6326e+05,-1.4873e+06,2113.3,2113.3
0.32,0.208,-1.499,46.471,-4.55e+05,-1.8386e+06,-1723.1,1723.1
0.32,0.192,-0.86665,46.561,-5.1288e+05,-2.0379e+06,-14913,14913
0.32,0.176,0.3593,45.75,-4.6362e+05,-2.1667e+06,-15716,15716
0.32,0.16,1.5051,44.467,-3.6955e+05,-2.2376e+06,-2681.4,2681.4
0.32,0.144,1.7866,43.778,-2.7447e+05,-2.138e+06,6022,6022
0.32,0.128,1.4736,46.354,-2.6145e+05,-1.9091e+06,3387.2,3387.2
0.32,0.112,-1.0818,46.016,-2.8647e+05,-1.6077e+06,-14230,14230
0.32,0.096,-2.2368,44.681,-3.7182e+05,-1.3759e+06,-28618,28618
0.32,0.08,-3.6849,42.951,-5.2425e+05,-1.4114e+06,-42985,42985
0.32,0.064,-6.1648,39.134,-7.6373e+05,-1.8786e+06,-44299,44299
0.32,0.048,-7.6055,31.728,-6.0857e+05,-1.4538e+06,-34269,34269
0.32,0.032,-7.6768,26.863,-3.5691e+05,-9.088e+05,-16113,16113
0.32,0.016,-7.7377,24.914,0,0,-3761.3,3761.3
0.336,0.496,-1.8826,39.785,0,0,0,0
0.336,0.48,-3.3081,38.991,0,0,0,0
0.336,0.464,-2.5284,40.46,NaN,NaN,0,0
0.336,0.448,-0.4504,42.805,NaN,NaN,NaN,NaN
0.336,0.432,-0.0019431,45.502,NaN,NaN,NaN,NaN
0.336,0.416,0.66364,48.083,NaN,NaN,NaN,NaN
0.336,0.4,2.0969,49.808,NaN,NaN,NaN,NaN
0.336,0.384,2.5345,50.261,NaN,NaN,NaN,NaN
0.336,0.368,2.5544,50.166,NaN,NaN,17236,17236
0.336,0.352,0.98663,49.624,NaN,NaN,11652,11652
0.336,0.336,0.02224,50.734,NaN,NaN,-20372,20372
0.336,0.32,0.5965,51.554,NaN,NaN,-77110,77110
0.336,0.304,0.76542,51.835,NaN,NaN,-85701,85701
0.336,0.288,0.88408,51.298,NaN,NaN,-30060,30060
0.336,0.272,1.5174,50.288,4.9822e+05,9.2973e+05,-24455,24455
0.336,0.256,1.0426,46.375,1.5473e+05,-2.6043e+05,-25655,25655
0.336,0.24,-0.068336,40.722,-52698,-1.0879e+06,-41030,41030
0.336,0.224,-0.27518,36.178,-3.8838e+05,-2.5463e+06,-37937,37937
0.336,0.208,-0.59443,34.653,-4.9254e+05,-3.2633e+06,-47492,47492
0.336,0.192,-1.7748,34.23,-4.8004e+05,-3.4974e+06,-52967,52967
0.336,0.176,-2.5801,32.217,-4.4956e+05,-3.574e+06,-49163,49163
0.336,0.16,-2.0392,31.782,-4.4048e+05,-3.6835e+06,-30947,30947
0.336,0.144,-2.4564,30.597,-3.5905e+05,-3.3725e+06,-13719,13719
0.336,0.128,-1.416,30.385,-2.3996e+05,-2.7421e+06,-2098.3,2098.3
0.336,0.112,-1.0462,29.88,-72215,-1.7462e+06,-7670.4,7670.4
0.336,0.096,-1.2821,29.43,23816,-1.0446e+06,-13687,13687
0.336,0.08,-0.70806,31.44,53522,-5.7396e+05,-25042,25042
0.336,0.064,-1.9409,34.295,-37086,-5.6036e+05,-28215,28215
0.336,0.048,-3.1648,32.313,-71191,-4.2469e+05,-25027,25027
0.336,0.032,-2.7882,27.163,-80856,-3.0055e+05,-12872,12872
0.336,0.016,-3.6475,22.218,0,0,-3964.2,3964.2
0.352,0.496,-2.4423,16.145,0,0,0,0
0.352,0.48,-4.443,19.267,0,0,0,0
0.352,0.464,-4.5995,27.143,NaN,NaN,-54919,54919
0.352,0.448,-1.2924,32.05,NaN,NaN,-2.126e+05,2.126e+05
0.352,0.432,-1.9263,35.017,NaN,NaN,-2.0704e+05,2.0704e+05
0.352,0.416,-1.0708,38.516,NaN,NaN,-1.9372e+05,1.9372e+05
0.352,0.4,-0.015207,40.896,NaN,NaN,-1.7269e+05,1.7269e+05
0.352,0.384,0.31804,42.466,NaN,NaN,-1.4442e+05,1.4442e+05
0.352,0.368,1.4652,43.026,NaN,NaN,-87232,87232
0.352,0.352,0.1402,43.446,7493.1,2.7689e+06,-39543,39543
0.352,0.336,-1.7188,45.084,81188,2.3884e+06,-11183,11183
0.352,0.32,-0.81246,46.378,10447,1.4852e+06,1097,1097
0.352,0.304,0.19723,47.284,-63386,8.1899e+05,9387.8,9387.8
0.352,0.288,0.64788,47.914,-2.1214e+05,-1.9656e+05,21189,21189
0.352,0.272,0.16338,47.753,-33296,45952,7817.4,7817.4
0.352,0.256,-0.97948,43.661,-2.9272e+05,-1.1196e+06,-20738,20738
0.352,0.24,-1.7213,36.208,-4.155e+05,-2.0804e+06,-58564,58564
0.352,0.224,-2.3451,28.621,-6.7157e+05,-3.8069e+06,-68679,68679
0.352,0.208,-2.5509,20.99,-5.9361e+05,-4.501e+06,-64991,64991
0.352,0.192,-1.8685,15.933,-5.0087e+05,-4.4268e+06,-54984,54984
0.352,0.176,-2.4289,11.549,-4.3618e+05,-4.0383e+06,-44422,44422
0.352,0.16,-3.9366,7.9129,-4.5386e+05,-3.825e+06,-27955,27955
0.352,0.144,-4.8732,5.8219,-3.5833e+05,-3.2586e+06,-14273,14273
0.352,0.128,-1.8573,18.869,-1.283e+05,-2.2528e+06,5634.3,5634.3
0.352,0.112,-0.6127,21.684,2.2726e+05,-8.7222e+05,15042,15042
0.352,0.096,1.082,18.924,5.8646e+05,1.7391e+05,31858,31858
0.352,0.08,2.7891,18.512,8.1042e+05,9.5685e+05,30736,30736
0.352,0.064,3.028,21.521,8.201e+05,1.3795e+06,19628,19628
0.352,0.048,2.1339,26.336,4.9283e+05,1.0178e+06,-86.229,86.229
0.352,0.032,1.0956,28.307,1.9256e+05,5.1169e+05,-7373.6,7373.6
0.352,0.016,0.085809,25.079,0,0,-4645.3,4645.3
0.368,0.496,-0.7257,12.928,0,0,0,0
0.368,0.48,-2.1201,13.039,0,0,0,0
0.368,0.464,-1.8957,17.354,NaN,NaN,-55571,55571
0.368,0.448,0.63915,22.235,-68308,-1.3018e+06,-1.222e+05,1.222e+05
0.368,0.432,0.55669,24.034,-76614,-1.1773e+06,-1.1241e+05,1.1241e+05
0.368,0.416,-0.42731,23.375,-1.0027e+05,-1.0752e+06,-92933,92933
0.368,0.4,-0.93589,25.099,-1.5573e+05,-9.4145e+05,-85971,85971
0.368,0.384,-0.90045,29.771,-3.6613e+05,-1.4864e+06,-76294,76294
0.368,0.368,0.91236,32.799,-6.4967e+05,-2.7651e+06,-54321,54321
0.368,0.352,0.31536,31.777,-6.2356e+05,-2.0151e+06,-20943,20943
0.368,0.336,-1.5695,30.958,-4.1178e+05,-9.9404e+05,12004,12004
0.368,0.32,-2.2553,32.356,-74835,-92859,28520,28520
0.368,0.304,-3.2473,31.7,1.759e+05,2.6187e+05,28040,28040
0.368,0.288,-1.2132,32.582,2.2025e+05,-1.8168e+05,33577,33577
0.368,0.272,-1.7374,28.414,54260,-4.1646e+05,13674,13674
0.368,0.256,-3.0356,29.591,-2.6738e+05,-1.4073e+06,-14406,14406
0.368,0.24,-4.9853,29.528,-4.1112e+05,-2.3233e+06,-58561,58561
0.368,0.224,-4.1993,24.084,-5.8685e+05,-3.9258e+06,-58713,58713
0.368,0.208,-3.7387,17.545,-5.155e+05,-4.6279e+06,-40275,40275
0.368,0.192,-3.6321,10.956,-4.4898e+05,-4.2891e+06,-21690,21690
0.368,0.176,-3.7646,7.1208,-3.8801e+05,-3.4134e+06,-10065,10065
0.368,0.16,-4.0604,5.2336,-3.8627e+05,-2.8935e+06,-5678.7,5678.7
0.368,0.144,-4.0163,3.0482,-2.1196e+05,-2.1066e+06,2708.6,2708.6
0.368,0.128,-1.9751,9.6793,1.5235e+05,-9.4061e+05,27596,27596
0.368,0.112,-0.36294,15.455,5.9055e+05,5.7864e+05,60567,60567
0.368,0.096,0.96674,17.755,9.7827e+05,1.6215e+06,90607,90607
0.368,0.08,4.2805,17.785,1.1987e+06,2.4886e+06,86597,86597
0.368,0.064,3.2579,18.445,1.2531e+06,3.1522e+06,59425,59425
0.368,0.048,1.7678,22.463,7.9963e+05,2.307e+06,19721,19721
0.368,0.032,-0.2883,23.399,3.6635e+05,1.2361e+06,35.239,35.239
0.368,0.016,0.14009,23.418,0,0,-4863.8,4863.8
0.384,0.496,-0.69894,16.713,0,0,0,0
0.384,0.48,-0.0169,16.791,0,0,0,0
0.384,0.464,-0.45203,15.334,NaN,NaN,-58815,58815
0.384,0.448,-0.64469,14.15,35251,-7.7741e+05,-97585,97585
0.384,0.432,-0.42503,10.879,-71329,-9.3392e+05,-85555,85555
0.384,0.416,-1.1883,10.539,-1.2192e+05,-9.0666e+05,-62939,62939
0.384,0.4,-1.4517,12.506,-2.3497e+05,-8.4863e+05,-50111,50111
0.384,0.384,-1.7056,13.789,-3.8461e+05,-1.2037e+06,-40404,40404
0.384,0.368,-3.6742,13.046,-4.603e+05,-1.8957e+06,-27895,27895
0.384,0.352,-4.9529,10.586,-3.5542e+05,-1.6424e+06,2692.6,2692.6
0.384,0.336,-3.9254,12.456,-1.4975e+05,-9.0557e+05,48699,48699
0.384,0.32,-2.7798,14.916,71784,-1.7484e+05,84656,84656
0.384,0.304,0.034149,12.776,2.5363e+05,2.2295e+05,80603,80603
0.384,0.288,0.84472,14.629,2.9008e+05,70359,71266,71266
0.384,0.272,-0.89956,13.796,1.1334e+05,-2.5047e+05,36097,36097
0.384,0.256,-1.3452,17.818,-2.2442e+05,-1.01e+06,15627,15627
0.384,0.24,-0.85978,17.922,-3.9705e+05,-1.8278e+06,-18436,18436
0.384,0.224,-2.0145,14.073,-4.9738e+05,-2.8814e+06,-13389,13389
0.384,0.208,-5.0172,11.172,-3.5558e+05,-3.3211e+06,3663.6,3663.6
0.384,0.192,-5.6192,7.7228,-2.725e+05,-2.8764e+06,23895,23895
0.384,0.176,-5.4103,5.4719,-1.6373e+05,-1.8971e+06,35090,35090
0.384,0.16,-5.6158,2.8589,-1.587e+05,-1.2741e+06,29545,29545
0.384,0.144,-4.7271,1.31,20201,-6.5392e+05,27617,27617
0.384,0.128,-1.9404,8.305,3.1565e+05,94196,46054,46054
0.384,0.112,-0.29388,10.293,6.5862e+05,1.0438e+06,82716,82716
0.384,0.096,1.2169,13.968,9.2063e+05,1.81e+06,1.1679e+05,1.1679e+05
0.384,0.08,3.272,16.224,1.0602e+06,2.5342e+06,1.126e+05,1.126e+05
0.384,0.064,1.5527,21.747,1.1045e+06,3.164e+06,81772,81772
0.384,0.048,1.4319,22.287,7.1269e+05,2.31e+06,35047,35047
0.384,0.032,3.4347,20.81,3.4108e+05,1.2534e+06,7854.4,7854.4
0.384,0.016,2.6935,19.869,0,0,-2528.8,2528.8
0.4,0.496,-3.254,10.759,0,0,-59.359,59.359
0.4,0.48,-0.88065,12.748,0,0,-409.81,409.81
0.4,0.464,0.68306,13.851,NaN,NaN,-20627,20627
0.4,0.448,-0.53376,15.46,2.474e+05,-14798,-25278,25278
0.4,0.432,-0.50789,11.98,33173,-4.1369e+05,-18996,18996
0.4,0.416,-0.85731,9.2324,-74946,-5.665e+05,2053.5,2053.5
0.4,0.4,-1.7912,8.285,-3.2162e+05,-8.6183e+05,14160,14160
0.4,0.384,-2.7902,8.6345,-5.1891e+05,-1.3101e+06,24588,24588
0.4,0.368,-3.6895,7.132,-5.2916e+05,-1.7491e+06,38360,38360
0.4,0.352,-1.9527,6.3499,-3.7776e+05,-1.9341e+06,57050,57050
0.4,0.336,-1.4171,6.9615,-1.4168e+05,-1.4576e+06,78349,78349
0.4,0.32,-1.4567,6.12,1.2768e+05,-6.7762e+05,85288,85288
0.4,0.304,0.038641,7.1515,4.1033e+05,77488,65052,65052
0.4,0.288,0.9637,10.483,5.8149e+05,3.3207e+05,64768,64768
0.4,0.272,0.20942,11.075,3.9999e+05,2.4935e+05,49579,49579
0.4,0.256,-1.8085,13.662,49381,-1.796e+05,56266,56266
0.4,0.24,-2.4775,12.697,-1.4455e+05,-7.4045e+05,35198,35198
0.4,0.224,-3.2399,10.315,-2.0893e+05,-1.4951e+06,38978,38978
0.4,0.208,-3.2948,8.3036,-99654,-1.9197e+06,45304,45304
0.4,0.192,-2.6137,5.2507,-68477,-1.5936e+06,55369,55369
0.4,0.176,-1.9736,2.167,-15416,-9.6346e+05,61496,61496
0.4,0.16,-3.2542,2.453,-83329,-5.3998e+05,53865,53865
0.4,0.144,-4.5788,1.0157,42500,-2.1293e+05,51577,51577
0.4,0.128,-1.6096,2.8218,2.6288e+05,1.787e+05,61551,61551
0.4,0.112,-0.6444,4.5654,5.3807e+05,8.7161e+05,86953,86953
0.4,0.096,0.67389,10.638,7.2725e+05,1.5076e+06,1.0275e+05,1.0275e+05
0.4,0.08,1.5666,14.466,9.0016e+05,2.2874e+06,89547,89547
0.4,0.064,2.0651,17.289,1.0975e+06,2.9771e+06,61446,61446
0.4,0.048,3.1621,21.455,7.956e+05,2.2369e+06,27485,27485
0.4,0.032,4.1408,22.725,4.3306e+05,1.2223e+06,9953.2,9953.2
0.4,0.016,3.6131,17.45,0,0,399.9,399.9
0.416,0.496,-1.1066,7.3916,0,0,-148.83,148.83
0.416,0.48,-0.74271,8.8445,-4691.5,1.0186e+05,-912.27,912.27
0.416,0.464,-0.25702,8.2686,-10428,2.7346e+05,-12269,12269
0.416,0.448,2.9666,11.288,2.026e+05,3.8311e+05,-16572,16572
0.416,0.432,2.8966,11.391,1.6945e+05,36152,-15607,15607
0.416,0.416,0.729,7.9716,87912,-3.0741e+05,-2709.3,2709.3
0.416,0.4,-2.1846,4.8025,-2.4454e+05,-7.0692e+05,17413,17413
0.416,0.384,-5.5474,4.6554,-4.9148e+05,-8.4931e+05,39428,39428
0.416,0.368,-6.2909,5.675,-4.9306e+05,-6.0206e+05,65830,65830
0.416,0.352,-3.3367,5.6885,-2.6553e+05,-5.4167e+05,76461,76461
0.416,0.336,-2.8381,6.2148,1149.4,-3.474e+05,75453,75453
0.416,0.32,-2.4846,6.0608,2.0254e+05,-2.7424e+05,64054,64054
0.416,0.304,-0.98586,8.0227,4.8816e+05,-49064,43565,43565
0.416,0.288,0.91044,10.584,6.3871e+05,2.2236e+05,47163,47163
0.416,0.272,1.2922,9.5604,4.2439e+05,2.0235e+05,45972,45972
0.416,0.256,-1.2769,9.0602,22235,29711,69740,69740
0.416,0.24,-2.5498,6.71,-1.8827e+05,-4.1948e+05,72481,72481
0.416,0.224,-2.2081,5.9374,-2.8707e+05,-5.0479e+05,79698,79698
0.416,0.208,-2.1203,9.0789,-1.5539e+05,-6.8756e+05,71356,71356
0.416,0.192,-0.4337,3.2917,-2.1758e+05,-4.6199e+05,70501,70501
0.416,0.176,0.15455,1.9509,-1.4694e+05,-3.3264e+05,73363,73363
0.416,0.16,-0.58923,2.0051,-2.0739e+05,-93338,74833,74833
0.416,0.144,-2.4199,2.4385,-66465,7874.3,76700,76700
0.416,0.128,-3.8027,2.9104,1.1353e+05,79288,81634,81634
0.416,0.112,-2.5776,4.5111,3.2902e+05,5.7384e+05,87458,87458
0.416,0.096,0.23806,9.4831,5.5068e+05,1.1379e+06,81841,81841
0.416,0.08,2.4449,11.752,8.047e+05,1.8786e+06,64366,64366
0.416,0.064,4.2707,16.319,1.0486e+06,2.4898e+06,43992,43992
0.416,0.048,4.8647,21.273,7.7129e+05,1.8642e+06,25997,25997
0.416,0.032,4.1714,21.719,4.2406e+05,1.0278e+06,11833,11833
0.416,0.016,2.6597,15.889,0,0,3218.5,3218.5
0.432,0.496,-0.68238,2.9483,-24477,-17428,-199.69,199.69
0.432,0.48,-0.6334,3.7394,-24424,31873,-1153.7,1153.7
0.432,0.464,-0.58279,6.1015,-31738,19797,-3449.1,3449.1
0.432,0.448,-0.43939,5.8345,1.0929e+05,1.9833e+05,-5098.9,5098.9
0.432,0.432,0.68485,5.3039,98034,91105,-6471.8,6471.8
0.432,0.416,2.3961,2.3118,78293,-3.1104e+05,-3494.8,3494.8
0.432,0.4,-1.1081,-0.69749,-2.0411e+05,-7.3594e+05,11158,11158
0.432,0.384,-3.2519,4.8465,-1.181e+06,-1.5637e+06,37451,37451
0.432,0.368,0.0037992,11.699,-1.4093e+06,-1.1992e+06,70907,70907
0.432,0.352,-2.2655,12.355,-1.2338e+06,-1.0706e+06,85562,85562
0.432,0.336,-5.7502,2.9939,51321,-5.4985e+05,75367,75367
0.432,0.32,-3.1881,5.1034,1.2952e+06,1.2834e+05,46155,46155
0.432,0.304,-0.50675,8.4155,1.3563e+06,79984,8981.8,8981.8
0.432,0.288,1.1686,10.263,1.3652e+06,5.479e+05,574.92,574.92
0.432,0.272,1.0681,9.2677,-19620,-3.0182e+05,-3856.2,3856.2
0.432,0.256,0.02682,7.1577,-8.9348e+05,-8.7884e+05,36036,36036
0.432,0.24,0.16543,4.9539,-1.6903e+06,-1.8918e+06,66862,66862
0.432,0.224,-0.80106,4.334,-2.17e+06,-2.2017e+06,95057,95057
0.432,0.208,-5.8926,15.865,-2.0415e+06,-2.2939e+06,88469,88469
0.432,0.192,-6.1657,3.734,-1.915e+06,-1.6423e+06,74389,74389
0.432,0.176,-8.6352,4.6047,-1.4403e+06,-9.515e+05,76941,76941
0.432,0.16,-7.19,6.1423,-8.9538e+05,-2.1261e+05,80430,80430
0.432,0.144,-2.4752,2.3097,-3.2088e+05,1.1594e+05,84826,84826
0.432,0.128,-1.8489,4.2344,29411,21820,78985,78985
0.432,0.112,-1.5032,4.3882,1.7789e+05,4.0127e+05,69596,69596
0.432,0.096,1.9526,7.2261,3.8186e+05,7.9734e+05,50204,50204
0.432,0.08,4.1527,10.148,6.9469e+05,1.4103e+06,32602,32602
0.432,0.064,4.6988,12.476,9.0103e+05,1.7591e+06,21022,21022
0.432,0.048,4.388,13.298,6.4797e+05,1.2971e+06,16148,16148
0.432,0.032,4.0699,12.463,3.1976e+05,6.5039e+05,8315.4,8315.4
0.432,0.016,1.6575,9.4079,0,0,2274.5,2274.5
0.448,0.496,-1.7335,2.417,-6507.9,-17719,-264.87,264.87
0.448,0.48,-1.8887,2.2781,26010,25522,-1226.9,1226.9
0.448,0.464,-1.0818,2.5548,30164,9405.6,-2833,2833
0.448,0.448,-0.75559,2.2644,47714,-31033,-3728.8,3728.8
0.448,0.432,-1.383,1.1866,50500,-87618,-3625.7,3625.7
0.448,0.416,-1.8897,-0.77518,1.9284e+05,-8.8823e+05,-2818.5,2818.5
0.448,0.4,-4.9525,-2.5148,1.5812e+05,-9.4566e+05,3969.5,3969.5
0.448,0.384,-5.8077,26.235,-8.1804e+05,-1.7441e+06,21640,21640
0.448,0.368,-33.019,5.4872,-1.4969e+06,-7.34e+05,68825,68825
0.448,0.352,-13.39,32.599,-1.9331e+06,-1.0882e+06,1.1069e+05,1.1069e+05
0.448,0.336,-1.8391,34.946,68500,-6.8794e+05,1.2322e+05,1.2322e+05
0.448,0.32,-1.8728,6.1629,1.9655e+06,2.1924e+05,81930,81930
0.448,0.304,-1.4357,14.643,1.0567e+06,1.4617e+05,12793,12793
0.448,0.288,-4.1718,3.7745,2.149e+05,2.7485e+05,-34919,34919
0.448,0.272,-1.883,7.9461,-1.2603e+06,-6.4876e+05,-69649,69649
0.448,0.256,-14.156,13.074,-1.8633e+06,-1.4553e+06,-45004,45004
0.448,0.24,-28.435,29.093,-4.7691e+06,-2.4964e+06,1875.7,1875.7
0.448,0.224,-29.783,19.695,-7.1442e+06,-2.4689e+06,58057,58057
0.448,0.208,-30.231,23.613,-7.0992e+06,-2.5457e+06,72385,72385
0.448,0.192,-26.099,10.856,-5.4912e+06,-2.8607e+06,59402,59402
0.448,0.176,-21.781,10.464,-2.5555e+06,-2.1783e+06,66442,66442
0.448,0.16,-13.856,9.5296,-1.6749e+06,-1.3014e+06,69798,69798
0.448,0.144,-3.2413,0.82841,-2.9569e+05,1.0685e+05,73892,73892
0.448,0.128,0.79779,1.9992,16523,6692.3,59640,59640
0.448,0.112,-0.69576,2.581,1.2185e+05,2.4464e+05,50633,50633
0.448,0.096,0.90621,5.0246,2.7159e+05,4.8104e+05,32807,32807
0.448,0.08,2.4512,6.2906,5.3922e+05,9.2179e+05,18689,18689
0.448,0.064,3.481,7.4479,4.9596e+05,1.0566e+06,11579,11579
0.448,0.048,2.7083,6.2077,2.8408e+05,7.273e+05,11157,11157
0.448,0.032,1.5944,5.0264,34936,2.9271e+05,5897.4,5897.4
0.448,0.016,0.82131,3.4072,0,0,1413.6,1413.6
0.464,0.496,-2.9239,0.56586,995.65,-19056,-280.11,280.11
0.464,0.48,-1.1695,1.7745,50046,-7598,-997.75,997.75
0.464,0.464,0.26757,2.0858,61845,-46946,-1881.9,1881.9
0.464,0.448,0.25718,1.7914,56570,-90616,-1892.9,1892.9
0.464,0.432,-0.79865,-0.32558,-14055,-1.5159e+05,-769.45,769.45
0.464,0.416,-0.96766,0.10287,61591,-8.3366e+05,-523.96,523.96
0.464,0.4,-2.4121,-2.3969,1.3198e+05,-8.1243e+05,-2121.8,2121.8
0.464,0.384,-1.0298,1.3335,-8.3176e+05,-2.0182e+06,4321.1,4321.1
0.464,0.368,66.127,-49.211,-1.9259e+06,-1.8721e+06,42167,42167
0.464,0.352,23.454,76.789,-1.0447e+07,-5.9298e+06,97078,97078
0.464,0.336,-15.514,44.213,-1.0868e+07,-3.6462e+06,1.3069e+05,1.3069e+05
0.464,0.32,-10.828,55.968,-6.0448e+06,-1.3658e+06,1.0646e+05,1.0646e+05
0.464,0.304,-20.251,37.492,-2.7418e+06,1.8206e+05,33497,33497
0.464,0.288,-19.788,30.562,-1.5075e+05,7.3732e+05,-34805,34805
0.464,0.272,-26.521,36.85,-3.0493e+06,-1.2306e+06,-1.0504e+05,1.0504e+05
0.464,0.256,-98.564,-43.785,6.8228e+05,-8.836e+06,-1.1647e+05,1.1647e+05
0.464,0.24,-133.61,293.53,-2.1581e+06,-8.4846e+06,-88284,88284
0.464,0.224,-94.287,-10.357,-4.461e+06,-8.5243e+06,-17826,17826
0.464,0.208,-96.99,0.10316,-8.5372e+06,-3.2856e+06,18558,18558
0.464,0.192,-167.88,154.56,-7.8145e+06,-5.1997e+06,25500,25500
0.464,0.176,-35.382,-0.30651,-4.8695e+06,-4.8903e+06,41005,41005
0.464,0.16,0.11398,-1.5249,-2.771e+06,-3.357e+06,46553,46553
0.464,0.144,-0.45444,-0.35717,-5.5083e+05,-8.4068e+05,47426,47426
0.464,0.128,0.9076,2.3212,5.1056e+05,1.0769e+05,26932,26932
0.464,0.112,0.33996,2.3826,1.1031e+05,1.2084e+05,17962,17962
0.464,0.096,0.90303,1.5205,1.45e+05,2.3525e+05,7550.4,7550.4
0.464,0.08,3.0291,3.9461,3.5912e+05,5.4819e+05,-880.48,880.48
0.464,0.064,5.0762,5.475,8.9692e+05,1.7938e+05,-2086.7,2086.7
0.464,0.048,2.2046,3.0441,6.5828e+05,-6657.4,4.8017,4.8017
0.464,0.032,1.2708,-1.2267,4.2803e+05,-2.1625e+05,203.95,203.95
0.464,0.016,3.6135,-25.252,0,0,-124.75,124.75
0.48,0.496,-2.8774,-2.8193,20033,-5501.1,-245.2,245.2
0.48,0.48,-1.5544,0.85422,64243,16425,-715.25,715.25
0.48,0.464,-0.45499,2.211,77160,2824,-1123.9,1123.9
0.48,0.448,-0.026151,1.3229,68700,-3918,-930.39,930.39
0.48,0.432,-0.15121,-0.068945,45271,-51013,609.42,609.42
0.48,0.416,-2.1867,-2.408,1.1907e+05,-5.84e+05,1195.2,1195.2
0.48,0.4,-3.2305,-2.054,1.5895e+05,-5.2298e+05,-3044.3,3044.3
0.48,0.384,-1.1556,0.48638,1.7764e+05,-6.4005e+05,-4872.6,4872.6
0.48,0.368,-6.1656,29.606,92607,87790,20618,20618
0.48,0.352,-129.83,489.16,-3.6634e+06,-1.451e+06,67014,67014
0.48,0.336,-71.886,6.8335,-6.7626e+06,-1.5884e+06,1.092e+05,1.092e+05
0.48,0.32,-93.527,-7.9154,-6.7626e+06,-1.5884e+06,1.0648e+05,1.0648e+05
0.48,0.304,-16.35,40.574,-4.5499e+06,-1.373e+05,52820,52820
0.48,0.288,-31.466,37.015,-1.7162e+06,-1.933e+05,-15067,15067
0.48,0.272,-120.61,256.78,-2.541e+06,-8.0726e+05,-99177,99177
0.48,0.256,-33.18,27.347,2.0827e+06,-7.6907e+06,-1.4439e+05,1.4439e+05
0.48,0.24,1.3167,-3.4655,-1.0556e+05,-6.5225e+06,-1.4813e+05,1.4813e+05
0.48,0.224,2.3029,0.58913,-1.8867e+06,-5.9605e+06,-87168,87168
0.48,0.208,4.6246,1.8925,-6.0805e+06,-6.7489e+05,-41323,41323
0.48,0.192,-29.082,1.7311,-5.6781e+06,-3.2156e+06,-10234,10234
0.48,0.176,-42.708,-2.007,-3.5169e+06,-3.9547e+06,9652.3,9652.3
0.48,0.16,-37.169,-3.8281,-2.1313e+06,-3.085e+06,25012,25012
0.48,0.144,0.47213,1.8747,-3.7364e+05,-8.5319e+05,25132,25132
0.48,0.128,0.96573,1.1829,4.8649e+05,1.6179e+05,6962.3,6962.3
0.48,0.112,1.3999,1.4116,69030,60027,1855.5,1855.5
0.48,0.096,0.19081,2.1482,92682,82835,-1082.1,1082.1
0.48,0.08,3.4531,2.9062,1.9176e+05,1.9258e+05,-4920.2,4920.2
0.48,0.064,6.2539,1.6682,7.5476e+05,-1.5262e+05,-5446.6,5446.6
0.48,0.048,3.1408,-2.7786,5.9421e+05,-1.9517e+05,-4041.3,4041.3
0.48,0.032,-0.23834,-4.0169,4.3705e+05,-2.5662e+05,-1739.4,1739.4
0.48,0.016,0.41567,-5.8726,0,0,-509.42,509.42
0.496,0.496,-2.2637,-1.6459,6780.5,-3305.4,-287.13,287.13
0.496,0.48,-2.3067,0.46379,24841,14988,-600.48,600.48
0.496,0.464,-1.1512,0.3137,32716,5461.8,-747,747
0.496,0.448,-1.4069,-0.94372,31357,13549,-604.18,604.18
0.496,0.432,-0.72638,-0.17201,28095,-21696,134.69,134.69
0.496,0.416,-0.99731,0.28074,-1811.6,-44748,-11.505,11.505
0.496,0.4,6.4527,10.823,1942.8,-40486,-2574,2574
0.496,0.384,0.10272,31.504,-14463,-26477,-5873.8,5873.8
0.496,0.368,-2.0028,-0.3941,11797,11628,-2688.8,2688.8
0.496,0.352,-25.984,5.779,-2.0934e+06,-8.2917e+05,12271,12271
0.496,0.336,-15.444,64.969,-4.2267e+06,-9.9273e+05,32560,32560
0.496,0.32,17.198,167.89,-4.2267e+06,-9.9273e+05,43682,43682
0.496,0.304,-5.7798,15.495,-2.7371e+06,-3.0538e+05,29719,29719
0.496,0.288,0.15295,0.52823,0,0,-417.1,417.1
0.496,0.272,-40.194,40.285,-9.5213e+05,-5.5387e+05,-53485,53485
0.496,0.256,-30.864,42.308,2.1859e+06,-5.4658e+06,-93093,93093
0.496,0.24,-23.675,9.9069,2.0108e+06,-4.8476e+06,-1.1202e+05,1.1202e+05
0.496,0.224,0.34436,-1.1873,3.0953e+06,-4.9689e+06,-78195,78195
0.496,0.208,-0.023092,-0.049548,-5.7422e+05,-3.4401e+05,-49549,49549
0.496,0.192,2.2524,0.77581,-1.6962e+06,-1.6555e+06,-19011,19011
0.496,0.176,-280,-224.38,-2.3446e+06,-2.4614e+06,-5161.4,5161.4
0.496,0.16,-44.486,-6.1797,-1.3504e+06,-2.0192e+06,9582.5,9582.5
0.496,0.144,-32.231,-17.462,-3.9565e+05,-8.6911e+05,10028,10028
0.496,0.128,-2.572,1.0858,4.7196e+05,1.2398e+05,1390.4,1390.4
0.496,0.112,-1.7027,1.0002,42170,16103,-969.82,969.82
0.496,0.096,1.3713,2.1715,19065,23518,-1281.6,1281.6
0.496,0.08,1.9186,2.6672,-17720,22712,-3237.6,3237.6
0.496,0.064,2.3802,2.6426,6.3389e+05,-3.5052e+05,-3789.8,3789.8
0.496,0.048,-10.592,6.5261,5.5465e+05,-3.0671e+05,-3098.8,3098.8
0.496,0.032,-16.778,-3.4286,4.9302e+05,-2.7263e+05,-1115.7,1115.7
0.496,0.016,-164.06,111.68,0,0,-300.35,300.35
