0.016,0.496,-1.4696,-3.2987,11122,-1955.5,67.837,67.837
0.016,0.48,0.26609,0.20022,11355,-3902.6,142.39,142.39
0.016,0.464,3.1677,-0.37343,6802.8,-1831.5,-52.318,52.318
0.016,0.448,-0.49751,-0.065675,-4972.6,1881.7,-502.86,502.86
0.016,0.432,1.21,-0.15887,-20829,1117.1,-1656.1,1656.1
0.016,0.416,4.5311,-0.051352,-33281,3638.9,-4872.2,4872.2
0.016,0.4,3.0556,-1.6949,-38789,5350.9,-5748.3,5748.3
0.016,0.384,5.1194,-1.0549,-23094,8162.1,-7122.2,7122.2
0.016,0.368,6.5186,-0.74196,-10260,1360.7,-6396.4,6396.4
0.016,0.352,3.3619,0.42367,-16518,-3158.8,-8305.6,8305.6
0.016,0.336,5.2127,2.0584,-23425,-1204.8,-7664.6,7664.6
0.016,0.32,3.3805,-0.57624,-18959,629.58,-5936.7,5936.7
0.016,0.304,0.37768,0.24747,-9857.8,3604.3,-1693.7,1693.7
0.016,0.288,0.85225,-0.93417,-5674.2,4037.7,1388.5,1388.5
0.016,0.272,1.4862,-1.1432,-6739.7,6164.6,4332.9,4332.9
0.016,0.256,0.16232,2.3822,-3975.8,3061.8,3972.5,3972.5
0.016,0.24,3.032,0.63619,-5033.8,-917.89,3269,3269
0.016,0.224,7.9053,0.26362,-3905.7,-11589,3047.4,3047.4
0.016,0.208,5.3907,-0.21114,4526.2,-20420,5803.6,5803.6
0.016,0.192,0.99999,-0.012979,29612,-31214,7142.9,7142.9
0.016,0.176,-0.93137,-0.4574,41888,-29569,8715.4,8715.4
0.016,0.16,-1.0238,-0.16243,29711,-20860,6198,6198
0.016,0.144,-1.0449,0.5977,9073.1,-9602.8,7560.8,7560.8
0.016,0.128,2.4797,-2.1429,-2691,-2163.3,7506.2,7506.2
0.016,0.112,6.1881,0.40993,-7330.6,40.785,6448.5,6448.5
0.016,0.096,0.039746,-0.24743,-16362,-12415,4626.2,4626.2
0.016,0.08,-0.49347,0.37244,-14509,11986,4614.7,4614.7
0.016,0.064,-2.1168,0.73224,-1258.9,11911,5787,5787
0.016,0.048,-2.0296,0.16142,7035.9,25397,5104.7,5104.7
0.016,0.032,1.4536,0.51742,4311,829.3,1835,1835
0.016,0.016,1.9381,0.2678,0,0,761.95,761.95
0.032,0.496,0.8433,0.61925,-3718.1,-12058,65.242,65.242
0.032,0.48,1.1665,0.88683,-2918.7,-15825,403.55,403.55
0.032,0.464,-0.0093747,-0.45873,-4486.5,-7452.7,918.19,918.19
0.032,0.448,-0.17788,0.26242,-785.57,14377,1645.2,1645.2
0.032,0.432,-0.31879,0.24127,-12981,15087,1740.9,1740.9
0.032,0.416,-0.46726,-0.58803,-37495,10349,2000.2,2000.2
0.032,0.4,-0.62744,-0.28958,-73957,-8580.7,2083,2083
0.032,0.384,-0.25812,0.29108,-65608,-497.86,2613.3,2613.3
0.032,0.368,-0.00059284,-0.069475,-48421,-8023.9,2379.2,2379.2
0.032,0.352,-0.18697,-0.095015,-33819,-1329.5,2083.4,2083.4
0.032,0.336,-0.45827,0.38828,-46184,-5840.4,1706.2,1706.2
0.032,0.32,-0.27499,-0.019338,-45846,-10865,1715.5,1715.5
0.032,0.304,-0.079192,-0.41113,-30463,-6761.1,1891.6,1891.6
0.032,0.288,-0.35123,-0.26867,-19334,-12279,2593.5,2593.5
0.032,0.272,-0.2264,-0.1478,-18713,2169.7,3214.7,3214.7
0.032,0.256,-0.098932,0.19268,-18741,-14643,3453.2,3453.2
0.032,0.24,-0.22881,0.45673,-17282,-17103,2973,2973
0.032,0.224,0.096759,-0.047463,-22537,-5639.1,2434,2434
0.032,0.208,0.33649,-0.13377,-21889,13156,1896.1,1896.1
0.032,0.192,0.5889,0.26789,-22674,21016,1116.4,1116.4
0.032,0.176,1.0332,0.46587,-29397,3551,-2.9166,2.9166
0.032,0.16,0.75735,0.46266,-47106,-190.39,-792.46,792.46
0.032,0.144,-0.12699,0.76812,-54347,632.09,-1007.6,1007.6
0.032,0.128,0.070621,-0.47446,-60361,-4696.7,-689.49,689.49
0.032,0.112,0.10378,-0.085461,-49240,-17301,40.113,40.113
0.032,0.096,-0.19799,0.40631,-45771,-25729,352.39,352.39
0.032,0.08,-1.0622,-0.46283,-16075,36920,628,628
0.032,0.064,-0.51091,1.7732,2806.9,41888,466.01,466.01
0.032,0.048,-0.83444,0.53041,10190,49095,291.6,291.6
0.032,0.032,-0.013286,0.52189,6420.1,-7755.1,171.15,171.15
0.032,0.016,-0.32259,-6.3359,0,0,-33.333,33.333
0.048,0.496,1.3328,2.3516,20758,-43537,376.14,376.14
0.048,0.48,-0.011523,1.231,1.1791e+05,-1.2108e+05,1272,1272
0.048,0.464,-0.49589,-0.45094,1.4584e+05,-1.5228e+05,2578.1,2578.1
0.048,0.448,-0.37724,0.66894,1.2735e+05,-1.0067e+05,3693,3693
0.048,0.432,-0.50154,0.93609,18816,-26192,5500.3,5500.3
0.048,0.416,-0.089854,-0.41926,-37656,5179.9,5901.5,5901.5
0.048,0.4,-1.5731,-0.51739,-63968,-34807,6728.1,6728.1
0.048,0.384,-1.9373,-0.54283,-54006,-28143,5744.3,5744.3
0.048,0.368,-0.35138,0.19095,-32838,-42129,5304.3,5304.3
0.048,0.352,-0.19513,0.13056,37933,-38381,4545.1,4545.1
0.048,0.336,-0.24684,0.65051,26668,-39415,4360.6,4360.6
0.048,0.32,-0.35152,0.94877,20845,-29743,4511.3,4511.3
0.048,0.304,-0.00060871,-0.036376,9070.5,-8679.5,4971.8,4971.8
0.048,0.288,-0.75694,-0.42505,9714.6,-37440,6470.6,6470.6
0.048,0.272,-0.64172,-0.38233,2282.3,13027,8416.4,8416.4
0.048,0.256,-1.0841,0.93532,-56357,60291,10180,10180
0.048,0.24,-0.84219,-0.46395,-53672,1.185e+05,10421,10421
0.048,0.224,0.010867,0.014348,-40962,1.0904e+05,6984.2,6984.2
0.048,0.208,-0.79581,2.0147,-72313,1.0776e+05,2683,2683
0.048,0.192,-1.1042,2.1443,-1.6359e+05,1.2031e+05,-2131.3,2131.3
0.048,0.176,-1.6196,1.7488,-2.8522e+05,60822,-4926.5,4926.5
0.048,0.16,-1.7638,1.2985,-2.6724e+05,33708,-6177.4,6177.4
0.048,0.144,-1.4228,0.92551,-1.8703e+05,-5228.9,-5686.3,5686.3
0.048,0.128,-1.1864,0.91805,-86177,15703,-3390.4,3390.4
0.048,0.112,-1.768,-0.63129,-61586,-6812.2,-718.18,718.18
0.048,0.096,-0.71635,-0.92092,-46547,-12106,400.37,400.37
0.048,0.08,-0.42814,0.35698,9767.9,1.0627e+05,1039.9,1039.9
0.048,0.064,-0.70552,2.0982,26520,93416,484.61,484.61
0.048,0.048,-0.26049,0.64023,31900,93079,292.38,292.38
0.048,0.032,0.17638,0.60599,4287.1,-23595,132.98,132.98
0.048,0.016,0.30916,-5.3124,0,0,-28.492,28.492
0.064,0.496,3.1001,1.3439,17598,-57457,740.77,740.77
0.064,0.48,5.0777,0.76096,1.164e+05,-1.7906e+05,2459.6,2459.6
0.064,0.464,7.1975,-0.2319,1.7226e+05,-2.7001e+05,4707.7,4707.7
0.064,0.448,4.9886,-0.17405,-2.6005e+05,22488,7322.3,7322.3
0.064,0.432,-0.06713,-0.065744,-3.6881e+05,1.3688e+05,15492,15492
0.064,0.416,-0.499,0.16713,-4.2024e+05,24501,25069,25069
0.064,0.4,-0.33354,-0.70268,-15554,-2.1231e+05,29906,29906
0.064,0.384,1.7017,-0.1441,9913.2,-2.1047e+05,27333,27333
0.064,0.368,1.3974,0.98016,-4361,-22498,22260,22260
0.064,0.352,0.61175,0.60001,74012,-43363,21258,21258
0.064,0.336,3.101,0.81527,34028,-43102,21171,21171
0.064,0.32,1.1272,1.1443,45683,-40740,21807,21807
0.064,0.304,0.49152,1.6982,7319.1,37444,23172,23172
0.064,0.288,1.7892,2.1507,-8295.7,1.0469e+05,27889,27889
0.064,0.272,-0.30041,1.1347,-79503,2.5368e+05,30894,30894
0.064,0.256,-1.1849,2.9786,-2.0581e+05,3.4901e+05,31613,31613
0.064,0.24,-1.7878,4.2132,-2.3641e+05,4.47e+05,27315,27315
0.064,0.224,-1.7047,4.4687,-2.3451e+05,4.7118e+05,19084,19084
0.064,0.208,-1.2414,3.9062,-2.6002e+05,4.2499e+05,9704.2,9704.2
0.064,0.192,-2.9767,3.7402,-4.066e+05,3.7544e+05,-350.58,350.58
0.064,0.176,-4.6354,3.2873,-5.6727e+05,2.184e+05,-7739.5,7739.5
0.064,0.16,-5.1888,-0.097554,-5.2191e+05,70895,-10792,10792
0.064,0.144,-2.4638,2.1174,-3.3605e+05,-9642.5,-10003,10003
0.064,0.128,-1.8818,1.3914,-1.4268e+05,-6389.3,-6344.9,6344.9
0.064,0.112,-1.115,0.78604,-71978,36012,-2492.7,2492.7
0.064,0.096,-0.75597,-0.15115,-36054,-30530,-773.26,773.26
0.064,0.08,-0.46041,0.83319,24054,1.581e+05,919.14,919.14
0.064,0.064,0.59234,3.1647,31979,1.1954e+05,792.23,792.23
0.064,0.048,0.073342,0.5671,27473,1.5604e+05,521.61,521.61
0.064,0.032,-0.16727,1.3374,2159.2,-38958,221.57,221.57
0.064,0.016,0.38442,-2.6204,0,0,6.2563,6.2563
0.08,0.496,4.3112,0.28733,36493,-53273,1692.5,1692.5
0.08,0.48,3.7346,1.1337,1.0011e+05,-1.9399e+05,4361.7,4361.7
0.08,0.464,3.3495,1.2384,1.7784e+05,-3.8613e+05,9063.2,9063.2
0.08,0.448,4.5907,0.4495,7.3605e+05,-1.6622e+06,15061,15061
0.08,0.432,2.6463,0.73252,6.5605e+05,-1.5951e+06,31609,31609
0.08,0.416,-1.6015,-0.054713,6.1621e+05,-1.6791e+06,46624,46624
0.08,0.4,1.1913,-6.9116,-15965,-2.4115e+05,54949,54949
0.08,0.384,0.76119,1.2959,26466,-2.2417e+05,49387,49387
0.08,0.368,1.1629,1.6089,-1840.4,14349,42889,42889
0.08,0.352,-0.0072202,1.3888,94849,-62313,40853,40853
0.08,0.336,0.32259,1.9626,57405,-31602,41371,41371
0.08,0.32,-0.75038,0.84969,56697,-32527,43082,43082
0.08,0.304,0.24223,0.93949,427.88,88296,46292,46292
0.08,0.288,-0.4786,4.203,-35183,3.0794e+05,52817,52817
0.08,0.272,-1.314,5.8218,-1.4794e+05,6.9034e+05,56735,56735
0.08,0.256,-2.0449,7.298,-3.9892e+05,9.975e+05,57499,57499
0.08,0.24,-2.8468,7.7022,-5.8463e+05,1.1978e+06,50850,50850
0.08,0.224,-3.927,7.9755,-6.7329e+05,1.1327e+06,37971,37971
0.08,0.208,-4.1265,8.5041,-6.3305e+05,8.6937e+05,22512,22512
0.08,0.192,-4.1086,6.1637,-6.3879e+05,5.8036e+05,2072.5,2072.5
0.08,0.176,-5.7108,5.201,-6.7939e+05,3.1846e+05,-18332,18332
0.08,0.16,-6.1288,2.3934,-4.8428e+05,1.0008e+05,-29914,29914
0.08,0.144,-3.9403,-0.69161,-2.4902e+05,90452,-28683,28683
0.08,0.128,-2.8808,3.0094,12503,1.4168e+05,-17522,17522
0.08,0.112,-2.0326,2.1753,54361,1.7609e+05,-7740.1,7740.1
0.08,0.096,-1.3394,2.0203,65961,28760,-2451.6,2451.6
0.08,0.08,-0.47611,-1.2434,71225,1.1524e+05,518.47,518.47
0.08,0.064,-0.55286,3.6035,20613,1.0068e+05,635.86,635.86
0.08,0.048,0.55327,0.32228,19279,1.3695e+05,295.92,295.92
0.08,0.032,0.54619,1.498,-5716.2,-38955,197.25,197.25
0.08,0.016,0.034931,-4.4519,0,0,194.96,194.96
0.096,0.496,1.9367,-1.0676,56183,-1.6505e+05,2646.8,2646.8
0.096,0.48,3.9677,3.6954,88877,-3.9029e+05,7080,7080
0.096,0.464,2.5693,2.6286,1.8448e+05,-7.2218e+05,15322,15322
0.096,0.448,4.948,1.7617,7.6649e+05,-1.9521e+06,28178,28178
0.096,0.432,46.692,-22.84,7.8399e+05,-1.8813e+06,50206,50206
0.096,0.416,3.6333,0.77013,7.7484e+05,-1.9132e+06,67950,67950
0.096,0.4,2.8299,0.62408,54600,-3.652e+05,77343,77343
0.096,0.384,-0.70967,4.0063,38472,-3.0374e+05,74124,74124
0.096,0.368,-0.54295,2.4313,-10356,-303.38,69435,69435
0.096,0.352,0.5013,2.5374,59229,-60690,66898,66898
0.096,0.336,1.0256,3.0586,20566,-11068,66927,66927
0.096,0.32,0.78832,2.8981,-4247.1,17366,70862,70862
0.096,0.304,-0.64455,2.2136,-60006,1.9608e+05,77245,77245
0.096,0.288,-0.66096,5.4755,-1.6399e+05,6.3292e+05,86606,86606
0.096,0.272,-0.91394,8.6989,-3.6799e+05,1.3108e+06,92407,92407
0.096,0.256,-2.9937,11.652,-6.5149e+05,1.9208e+06,92715,92715
0.096,0.24,-5.8363,13.285,-9.3728e+05,2.3254e+06,82887,82887
0.096,0.224,-6.7265,13.345,-1.1007e+06,2.3331e+06,67296,67296
0.096,0.208,-7.8098,9.9631,-1.0187e+06,1.9082e+06,49652,49652
0.096,0.192,-6.0488,8.5101,-8.9014e+05,1.3872e+06,27553,27553
0.096,0.176,-5.1714,7.4553,-7.9318e+05,9.3838e+05,-12892,12892
0.096,0.16,-5.3633,7.0461,-5.6549e+05,5.2023e+05,-44261,44261
0.096,0.144,-2.6727,3.6323,-2.7011e+05,3.2791e+05,-56530,56530
0.096,0.128,-3.5619,3.545,97335,1.8196e+05,-37547,37547
0.096,0.112,-1.9808,4.9774,1.4038e+05,1.4227e+05,-17645,17645
0.096,0.096,1.5933,-1.0357,32540,54657,-7193.4,7193.4
0.096,0.08,-0.58503,1.3166,-78848,75308,-2184.9,2184.9
0.096,0.064,-0.59082,1.5551,-90537,1.0936e+05,-1356,1356
0.096,0.048,0.90753,-0.0048092,-8631.1,87233,-472.42,472.42
0.096,0.032,0.21156,2.1034,3565.3,-29228,-102.33,102.33
0.096,0.016,-0.57089,-3.0318,0,0,411.51,411.51
0.112,0.496,2.9844,-1.5539,53971,-1.6822e+05,3217.5,3217.5
0.112,0.48,4.5224,2.311,1.0374e+05,-4.2755e+05,9856.7,9856.7
0.112,0.464,5.4958,4.5428,2.2358e+05,-1.1233e+06,23904,23904
0.112,0.448,4.9614,3.8661,1.244e+06,-2.6678e+06,41902,41902
0.112,0.432,4.7944,3.5003,1.0767e+06,-2.317e+06,63292,63292
0.112,0.416,4.0242,2.5526,1.0528e+06,-2.0473e+06,72887,72887
0.112,0.4,2.8899,2.5231,-41254,-2.5052e+05,79662,79662
0.112,0.384,0.27869,3.3714,-41440,-2.0631e+05,80846,80846
0.112,0.368,0.75725,2.4808,-63596,-47897,85637,85637
0.112,0.352,1.3899,1.8869,37668,-46218,86105,86105
0.112,0.336,0.89953,2.6523,81724,-70910,87576,87576
0.112,0.32,1.2866,3.0528,70027,-641.42,93308,93308
0.112,0.304,1.0497,4.6963,-5785.8,3.244e+05,1.0301e+05,1.0301e+05
0.112,0.288,-0.4964,7.188,-2.0418e+05,1.0666e+06,1.1363e+05,1.1363e+05
0.112,0.272,-2.0446,11.528,-5.0669e+05,2.141e+06,1.2105e+05,1.2105e+05
0.112,0.256,-3.5889,18.468,-8.2625e+05,3.0459e+06,1.2364e+05,1.2364e+05
0.112,0.24,-4.8227,22.328,-1.1159e+06,3.6633e+06,1.1668e+05,1.1668e+05
0.112,0.224,-7.1208,22.257,-1.314e+06,3.7223e+06,1.0318e+05,1.0318e+05
0.112,0.208,-7.1397,19.815,-1.2864e+06,3.3404e+06,87028,87028
0.112,0.192,-6.1212,18.101,-1.1504e+06,2.8332e+06,64894,64894
0.112,0.176,-7.4005,16.534,-1.0139e+06,2.221e+06,7673.8,7673.8
0.112,0.16,-8.9228,14.285,-7.17e+05,1.5463e+06,-50101,50101
0.112,0.144,-6.8173,8.4895,-3.3737e+05,8.702e+05,-86689,86689
0.112,0.128,-3.9767,7.2455,1.9464e+05,3.1536e+05,-68628,68628
0.112,0.112,-1.8502,8.4582,3.1131e+05,26170,-38052,38052
0.112,0.096,-2.8892,3.5595,1.3468e+05,-48246,-18218,18218
0.112,0.08,-2.9992,2.6014,-37216,-81750,-10579,10579
0.112,0.064,-1.2109,0.75652,-76863,-64383,-7897.2,7897.2
0.112,0.048,1.6343,0.13144,30209,-85896,-3680.9,3680.9
0.112,0.032,2.3435,4.3359,12132,-53352,-997.94,997.94
0.112,0.016,0.41306,-3.4865,0,0,424.18,424.18
0.128,0.496,2.4582,4.5553,53971,-1.6822e+05,2428.2,2428.2
0.128,0.48,3.2473,5.8578,1.9952e+05,-5.0352e+05,10967,10967
0.128,0.464,4.7099,8.7919,3.9268e+05,-1.5076e+06,30168,30168
0.128,0.448,2.8866,4.6705,2.0598e+05,-1.8638e+06,56409,56409
0.128,0.432,0.33812,4.6296,1.7262e+05,-1.9514e+06,76509,76509
0.128,0.416,0.3644,7.8789,1.4945e+05,-1.7796e+06,82744,82744
0.128,0.4,0.22989,3.8429,84453,-1.3053e+06,85599,85599
0.128,0.384,-0.48996,3.2186,32597,-8.8117e+05,90799,90799
0.128,0.368,-0.85337,3.6804,-11839,-5.6038e+05,1.006e+05,1.006e+05
0.128,0.352,-0.44431,2.4038,53699,-3.5983e+05,1.0943e+05,1.0943e+05
0.128,0.336,0.31475,4.177,47767,-2.6988e+05,1.195e+05,1.195e+05
0.128,0.32,2.4069,3.8835,22755,-9775.7,1.3335e+05,1.3335e+05
0.128,0.304,2.261,6.8808,-83736,5.313e+05,1.4531e+05,1.4531e+05
0.128,0.288,-1.026,12.757,-2.9712e+05,1.4774e+06,1.574e+05,1.574e+05
0.128,0.272,-2.8737,17.996,-5.8147e+05,2.6852e+06,1.5977e+05,1.5977e+05
0.128,0.256,-4.4651,25.935,-9.1204e+05,3.813e+06,1.5865e+05,1.5865e+05
0.128,0.24,-5.2257,28.748,-1.2065e+06,4.7264e+06,1.5084e+05,1.5084e+05
0.128,0.224,-5.3424,29.683,-1.4099e+06,5.0531e+06,1.4383e+05,1.4383e+05
0.128,0.208,-6.7777,29.068,-1.4365e+06,4.8966e+06,1.3243e+05,1.3243e+05
0.128,0.192,-6.6536,28.218,-1.3616e+06,4.4281e+06,1.0899e+05,1.0899e+05
0.128,0.176,-6.201,27.22,-1.2264e+06,3.5184e+06,37065,37065
0.128,0.16,-8.7785,23.08,-9.7863e+05,2.5541e+06,-34635,34635
0.128,0.144,-8.4545,20.628,-5.5748e+05,1.4022e+06,-97418,97418
0.128,0.128,-5.4366,18.142,-31973,5.7426e+05,-92059,92059
0.128,0.112,-3.5768,13.498,2.3294e+05,-1.4883e+05,-67982,67982
0.128,0.096,-3.3263,8.6416,1.8849e+05,-4.6682e+05,-40172,40172
0.128,0.08,-3.0072,6.4043,84437,-5.7312e+05,-25172,25172
0.128,0.064,-0.85108,3.1855,57282,-4.6684e+05,-19271,19271
0.128,0.048,1.0917,-0.32221,86340,-2.6094e+05,-9685,9685
0.128,0.032,1.0268,3.5146,27133,-97093,-3082.3,3082.3
0.128,0.016,-0.66348,-0.58613,0,0,-132.24,132.24
0.144,0.496,0.027797,22.851,0,0,1177.2,1177.2
0.144,0.48,1.3472,17.098,0,0,8304.7,8304.7
0.144,0.464,1.0546,17.732,1.6462e+05,-2.0385e+06,27483,27483
0.144,0.448,1.9033,11.004,-63752,-2.5129e+06,55952,55952
0.144,0.432,2.9659,7.3164,-11328,-2.5327e+06,73102,73102
0.144,0.416,4.5491,7.6815,-28660,-2.5931e+06,74425,74425
0.144,0.4,2.8162,8.5137,-22659,-2.2806e+06,69172,69172
0.144,0.384,2.7919,7.7265,-36030,-1.952e+06,62938,62938
0.144,0.368,2.8026,5.4729,-46013,-1.5707e+06,71767,71767
0.144,0.352,1.258,6.7038,10994,-1.1586e+06,93502,93502
0.144,0.336,1.6894,7.8552,2822.9,-8.5517e+05,1.162e+05,1.162e+05
0.144,0.32,1.6309,6.9371,-26296,-2.8633e+05,1.4273e+05,1.4273e+05
0.144,0.304,0.40961,11.001,-1.6663e+05,3.7875e+05,1.5681e+05,1.5681e+05
0.144,0.288,-0.67234,14.442,-3.3399e+05,1.252e+06,1.77e+05,1.77e+05
0.144,0.272,-1.6799,17.709,-5.4992e+05,2.2768e+06,1.9012e+05,1.9012e+05
0.144,0.256,-3.0405,24.997,-8.3813e+05,3.3656e+06,2.035e+05,2.035e+05
0.144,0.24,-6.4135,31.228,-1.1984e+06,4.5389e+06,2.0573e+05,2.0573e+05
0.144,0.224,-7.5594,33.949,-1.5111e+06,5.3227e+06,2.0126e+05,2.0126e+05
0.144,0.208,-7.5905,34.256,-1.6782e+06,5.6701e+06,1.8301e+05,1.8301e+05
0.144,0.192,-6.8305,31.796,-1.5915e+06,5.4403e+06,1.4678e+05,1.4678e+05
0.144,0.176,-5.2391,28.616,-1.3449e+06,4.443e+06,64674,64674
0.144,0.16,-4.8711,25.613,-9.8583e+05,3.1484e+06,-13703,13703
0.144,0.144,-6.7554,26.779,-5.8036e+05,1.5819e+06,-85486,85486
0.144,0.128,-6.451,26.519,-1.9023e+05,4.6629e+05,-98007,98007
0.144,0.112,-7.1106,23.087,1.7724e+05,-5.1899e+05,-86145,86145
0.144,0.096,-4.3879,16.086,3.123e+05,-1.0548e+06,-63090,63090
0.144,0.08,-2.3177,11.161,4.2554e+05,-1.2653e+06,-43976,43976
0.144,0.064,-1.5159,7.6498,3.5911e+05,-1.1375e+06,-33831,33831
0.144,0.048,-0.68608,3.779,2.6858e+05,-6.612e+05,-17331,17331
0.144,0.032,1.2974,5.7216,84026,-2.6029e+05,-4401.6,4401.6
0.144,0.016,2.4269,3.7509,0,0,198.34,198.34
0.16,0.496,2.1183,37.849,0,0,224.35,224.35
0.16,0.48,1.8204,36.27,0,0,4290.8,4290.8
0.16,0.464,0.67419,32.367,NaN,NaN,20418,20418
0.16,0.448,0.69315,27.831,2.8679e+05,-4.8905e+06,58121,58121
0.16,0.432,1.9173,22.929,4.9255e+05,-5.1101e+06,65681,65681
0.16,0.416,3.0048,20.65,2.6017e+05,-4.2879e+06,61555,61555
0.16,0.4,1.0337,16.274,1.8377e+05,-3.8411e+06,48526,48526
0.16,0.384,0.59493,14.702,99917,-3.3983e+06,38761,38761
0.16,0.368,0.79404,13.702,1.2527e+05,-3.1323e+06,40537,40537
0.16,0.352,2.4417,13.759,1.0307e+05,-2.4564e+06,65277,65277
0.16,0.336,2.2491,12.025,-8904.2,-1.6812e+06,99488,99488
0.16,0.32,-0.024566,10.663,-1.6369e+05,-7.3085e+05,1.3759e+05,1.3759e+05
0.16,0.304,-0.13073,13.051,-3.2073e+05,24111,1.5703e+05,1.5703e+05
0.16,0.288,-0.16338,14.264,-4.086e+05,6.8035e+05,1.8262e+05,1.8262e+05
0.16,0.272,-0.37669,14.56,-4.9214e+05,1.2625e+06,2.0791e+05,2.0791e+05
0.16,0.256,-1.0418,16.897,-7.3245e+05,2.1352e+06,2.3714e+05,2.3714e+05
0.16,0.24,-3.7095,22.324,-1.1773e+06,3.4419e+06,2.4918e+05,2.4918e+05
0.16,0.224,-9.5951,29.168,-1.5682e+06,4.7466e+06,2.4297e+05,2.4297e+05
0.16,0.208,-9.9803,32.672,-1.8194e+06,5.7128e+06,2.1564e+05,2.1564e+05
0.16,0.192,-9.1954,32.514,-1.7416e+06,5.9063e+06,1.6686e+05,1.6686e+05
0.16,0.176,-6.2533,31.411,-1.5048e+06,5.1795e+06,75759,75759
0.16,0.16,-4.2946,28.164,-1.1037e+06,3.9529e+06,-1596.4,1596.4
0.16,0.144,-5.6829,26.636,-7.1934e+05,2.4702e+06,-70210,70210
0.16,0.128,-6.7278,26.554,-3.7456e+05,1.3313e+06,-85475,85475
0.16,0.112,-6.6375,25.252,1.5701e+05,-1.1705e+05,-85171,85171
0.16,0.096,-3.6093,20.843,5.6984e+05,-1.3131e+06,-72673,72673
0.16,0.08,-3.0947,15.938,8.2734e+05,-2.1392e+06,-56029,56029
0.16,0.064,-1.1217,12.961,6.9511e+05,-2.2204e+06,-39639,39639
0.16,0.048,0.58453,10.127,4.2086e+05,-1.4213e+06,-17388,17388
0.16,0.032,1.6255,10.052,1.685e+05,-6.8491e+05,-521.5,521.5
0.16,0.016,2.2185,5.8822,0,0,1327.7,1327.7
0.176,0.496,-2.1639,47.183,0,0,0,0
0.176,0.48,-0.71248,46.429,0,0,0,0
0.176,0.464,0.59154,45.704,NaN,NaN,4912.2,4912.2
0.176,0.448,0.87118,43.806,NaN,NaN,38210,38210
0.176,0.432,0.69752,39.412,NaN,NaN,44972,44972
0.176,0.416,2.0238,34.65,-1.1953e+05,-4.2891e+06,33382,33382
0.176,0.4,2.5218,25.803,3.3571e+05,-4.6082e+06,25209,25209
0.176,0.384,1.1802,19.302,2.7802e+05,-4.3489e+06,12589,12589
0.176,0.368,1.44,17.801,3.2705e+05,-4.1163e+06,11919,11919
0.176,0.352,2.3093,17.158,2.0687e+05,-3.3974e+06,29621,29621
0.176,0.336,1.747,15.937,1.079e+05,-2.607e+06,62670,62670
0.176,0.32,0.91789,14.289,-55428,-1.7484e+06,1.0427e+05,1.0427e+05
0.176,0.304,-0.48238,16.576,-2.4706e+05,-1.0753e+06,1.3114e+05,1.3114e+05
0.176,0.288,-0.57898,16.564,-4.4043e+05,-5.0899e+05,1.671e+05,1.671e+05
0.176,0.272,-0.673,17.347,-6.4994e+05,1.2816e+05,2.1126e+05,2.1126e+05
0.176,0.256,-1.6576,15.296,-8.6472e+05,1.0705e+06,2.5876e+05,2.5876e+05
0.176,0.24,-3.4087,17.359,-1.1988e+06,2.452e+06,2.8119e+05,2.8119e+05
0.176,0.224,-7.4216,23.992,-1.511e+06,3.9305e+06,2.6742e+05,2.6742e+05
0.176,0.208,-8.8971,31.814,-1.7992e+06,5.1931e+06,2.2799e+05,2.2799e+05
0.176,0.192,-10.368,36.544,-1.8388e+06,5.8545e+06,1.7674e+05,1.7674e+05
0.176,0.176,-9.861,38.609,-1.7363e+06,5.7387e+06,90633,90633
0.176,0.16,-7.3357,36.475,-1.4006e+06,4.8925e+06,17138,17138
0.176,0.144,-4.6578,32.927,-9.8336e+05,3.6501e+06,-44024,44024
0.176,0.128,-3.4715,30.308,-4.8878e+05,2.3297e+06,-57380,57380
0.176,0.112,-2.7064,28.615,2.0381e+05,5.6318e+05,-60810,60810
0.176,0.096,-1.5652,24.064,7.6293e+05,-1.2583e+06,-68890,68890
0.176,0.08,-0.84964,20.049,1.1419e+06,-2.5371e+06,-59985,59985
0.176,0.064,0.49725,17.791,1.1198e+06,-3.0716e+06,-37859,37859
0.176,0.048,2.801,16.668,7.4244e+05,-2.0729e+06,-6789.8,6789.8
0.176,0.032,2.9632,14.464,3.5389e+05,-1.1219e+06,8003.9,8003.9
0.176,0.016,1.0834,9.0012,0,0,3707.6,3707.6
0.192,0.496,-3.4429,50.088,0,0,0,0
0.192,0.48,-3.3744,47.736,0,0,0,0
0.192,0.464,-2.3778,46.409,NaN,NaN,0,0
0.192,0.448,-0.99507,43.915,NaN,NaN,NaN,NaN
0.192,0.432,-0.62818,38.663,NaN,NaN,9744.5,9744.5
0.192,0.416,-0.4915,31.913,NaN,NaN,21053,21053
0.192,0.4,0.80822,24.271,8.2772e+05,-5.2652e+06,24187,24187
0.192,0.384,1.5927,17.201,6.3959e+05,-4.9103e+06,34176,34176
0.192,0.368,1.7719,14.548,6.0232e+05,-4.5909e+06,31938,31938
0.192,0.352,1.5168,16.257,4.4957e+05,-3.9042e+06,39033,39033
0.192,0.336,0.52932,19.682,4.1005e+05,-3.1924e+06,53290,53290
0.192,0.32,0.46087,21.055,2.941e+05,-2.4888e+06,89041,89041
0.192,0.304,-0.076282,27.337,1.3723e+05,-1.8258e+06,1.2307e+05,1.2307e+05
0.192,0.288,-1.7166,28.098,-1.7582e+05,-1.1903e+06,1.6291e+05,1.6291e+05
0.192,0.272,-2.9866,28.088,-5.4932e+05,-4.8214e+05,2.1032e+05,2.1032e+05
0.192,0.256,-3.8942,29.716,-9.0356e+05,3.391e+05,2.5617e+05,2.5617e+05
0.192,0.24,-4.9846,32.94,-1.1575e+06,1.4077e+06,2.7554e+05,2.7554e+05
0.192,0.224,-6.1363,34.315,-1.3316e+06,2.6236e+06,2.5691e+05,2.5691e+05
0.192,0.208,-6.5468,37.01,-1.5347e+06,3.8428e+06,2.1572e+05,2.1572e+05
0.192,0.192,-7.6223,40.517,-1.6817e+06,4.817e+06,1.684e+05,1.684e+05
0.192,0.176,-8.5492,43.047,-1.7568e+06,5.3995e+06,92072,92072
0.192,0.16,-7.8763,43.609,-1.5885e+06,5.5255e+06,26568,26568
0.192,0.144,-5.7056,43.463,-1.2617e+06,5.2139e+06,-28437,28437
0.192,0.128,-3.5184,41.189,-7.1538e+05,4.1434e+06,-31761,31761
0.192,0.112,-1.6331,38.472,78867,2.1268e+06,-30402,30402
0.192,0.096,0.5099,30.596,8.0199e+05,-1.7392e+05,-40234,40234
0.192,0.08,3.1333,26.737,1.2423e+06,-1.7185e+06,-41011,41011
0.192,0.064,3.3667,30.715,1.3281e+06,-2.4355e+06,-22301,22301
0.192,0.048,3.6344,26.58,8.8125e+05,-1.6947e+06,5889,5889
0.192,0.032,4.6251,24.356,4.5728e+05,-9.725e+05,15749,15749
0.192,0.016,1.9047,21.149,0,0,5958.8,5958.8
0.208,0.496,-3.8781,50.743,0,0,0,0
0.208,0.48,-4.8192,46.82,0,0,0,0
0.208,0.464,-4.2677,43.929,NaN,NaN,0,0
0.208,0.448,-2.3906,40.806,NaN,NaN,NaN,NaN
0.208,0.432,-0.57103,34.969,NaN,NaN,NaN,NaN
0.208,0.416,0.27215,27.364,NaN,NaN,47739,47739
0.208,0.4,0.91156,22.183,9.8767e+05,-5.2383e+06,59761,59761
0.208,0.384,1.027,18.604,7.6643e+05,-4.7881e+06,74982,74982
0.208,0.368,2.0162,16.455,6.9908e+05,-4.504e+06,87360,87360
0.208,0.352,3.8044,18.465,6.1219e+05,-3.86e+06,77904,77904
0.208,0.336,3.6805,23.295,6.5387e+05,-3.3722e+06,69102,69102
0.208,0.32,0.98309,28.984,6.1174e+05,-2.9263e+06,82401,82401
0.208,0.304,-0.076856,32.918,4.4314e+05,-2.3438e+06,1.2212e+05,1.2212e+05
0.208,0.288,-0.92589,36.715,1.113e+05,-1.6819e+06,1.6698e+05,1.6698e+05
0.208,0.272,-3.4312,39.562,-2.6415e+05,-8.293e+05,2.1177e+05,2.1177e+05
0.208,0.256,-5.1828,43.172,-6.3199e+05,1.0199e+05,2.5053e+05,2.5053e+05
0.208,0.24,-5.5108,44.896,-8.1182e+05,1.0333e+06,2.643e+05,2.643e+05
0.208,0.224,-5.0385,44.929,-9.3018e+05,1.885e+06,2.4298e+05,2.4298e+05
0.208,0.208,-5.212,44.547,-1.1008e+06,2.7157e+06,2.0026e+05,2.0026e+05
0.208,0.192,-6.2513,46.222,-1.3182e+06,3.5953e+06,1.5725e+05,1.5725e+05
0.208,0.176,-6.0125,48.122,-1.4649e+06,4.5302e+06,95951,95951
0.208,0.16,-5.5966,47.982,-1.4495e+06,5.3505e+06,46053,46053
0.208,0.144,-5.2643,48.877,-1.3166e+06,5.8169e+06,-3422.2,3422.2
0.208,0.128,-3.5574,47.767,-1.0101e+06,5.3339e+06,-9057.4,9057.4
0.208,0.112,-1.6766,44.52,-4.1749e+05,3.663e+06,-4647.3,4647.3
0.208,0.096,0.7159,41.65,2.3962e+05,1.5627e+06,-4177.8,4177.8
0.208,0.08,1.767,41.683,7.7535e+05,1.0638e+05,-692.67,692.67
0.208,0.064,2.5362,41.494,1.1001e+06,-5.4626e+05,7151.9,7151.9
0.208,0.048,4.0653,41.578,8.1283e+05,-4.2611e+05,20511,20511
0.208,0.032,2.8666,40.175,4.5516e+05,-3.2249e+05,18889,18889
0.208,0.016,0.11354,37.736,0,0,6317.2,6317.2
0.224,0.496,-1.002,49.685,0,0,0,0
0.224,0.48,-1.5831,46.042,0,0,0,0
0.224,0.464,-1.2365,44.959,NaN,NaN,0,0
0.224,0.448,0.33469,40.489,NaN,NaN,NaN,NaN
0.224,0.432,0.77722,36.832,NaN,NaN,NaN,NaN
0.224,0.416,0.5174,33.526,NaN,NaN,66857,66857
0.224,0.4,0.28065,32.151,9.2395e+05,-5.213e+06,73738,73738
0.224,0.384,-0.90249,31.928,7.431e+05,-4.8106e+06,99670,99670
0.224,0.368,-0.83398,30.122,7.4447e+05,-4.601e+06,1.2923e+05,1.2923e+05
0.224,0.352,0.74643,30.663,7.9377e+05,-3.8937e+06,1.3095e+05,1.3095e+05
0.224,0.336,2.2194,29.844,8.9594e+05,-3.3832e+06,1.1197e+05,1.1197e+05
0.224,0.32,1.6004,33.82,8.5287e+05,-2.7687e+06,1.0718e+05,1.0718e+05
0.224,0.304,0.64608,36.212,7.3765e+05,-2.1902e+06,1.3043e+05,1.3043e+05
0.224,0.288,-1.329,36.652,4.7542e+05,-1.6666e+06,1.7291e+05,1.7291e+05
0.224,0.272,-2.9551,40.809,1.1314e+05,-1.033e+06,2.1294e+05,2.1294e+05
0.224,0.256,-3.3865,42.638,-2.8553e+05,-3.5608e+05,2.4242e+05,2.4242e+05
0.224,0.24,-3.8469,43.498,-4.9817e+05,3.3578e+05,2.5088e+05,2.5088e+05
0.224,0.224,-3.3039,45.863,-6.2355e+05,1.0602e+06,2.2715e+05,2.2715e+05
0.224,0.208,-3.8258,47.444,-7.8945e+05,1.8415e+06,1.8705e+05,1.8705e+05
0.224,0.192,-5.3141,49.31,-9.6899e+05,2.7194e+06,1.4569e+05,1.4569e+05
0.224,0.176,-5.0597,50.591,-1.0999e+06,3.7406e+06,1.0106e+05,1.0106e+05
0.224,0.16,-4.7877,51.221,-1.1427e+06,4.8283e+06,60906,60906
0.224,0.144,-5.0174,52.362,-1.2025e+06,5.7499e+06,16116,16116
0.224,0.128,-5.1229,52.2,-1.1326e+06,5.7639e+06,-538.2,538.2
0.224,0.112,-3.9586,51.087,-8.3685e+05,4.6965e+06,9034,9034
0.224,0.096,-0.80261,48.417,-4.059e+05,3.2295e+06,29996,29996
0.224,0.08,0.20322,47.53,22390,2.112e+06,42002,42002
0.224,0.064,0.80559,48.145,3.9234e+05,1.6308e+06,37772,37772
0.224,0.048,2.2562,47.363,3.8629e+05,9.6504e+05,28050,28050
0.224,0.032,3.3241,45.256,2.581e+05,4.2781e+05,16881,16881
0.224,0.016,2.1375,44.298,0,0,5269.3,5269.3
0.24,0.496,-1.3321,49.925,0,0,0,0
0.24,0.48,-3.1892,47.51,0,0,0,0
0.24,0.464,-2.8562,47.186,NaN,NaN,0,0
0.24,0.448,-1.9916,45.889,NaN,NaN,NaN,NaN
0.24,0.432,-1.1368,43.389,NaN,NaN,NaN,NaN
0.24,0.416,0.035116,41.295,NaN,NaN,98486,98486
0.24,0.4,0.56291,40.413,NaN,NaN,1.1649e+05,1.1649e+05
0.24,0.384,0.40014,40.07,NaN,NaN,1.3493e+05,1.3493e+05
0.24,0.368,2.1017,38.122,NaN,NaN,1.7989e+05,1.7989e+05
0.24,0.352,3.6882,36.902,1.0499e+06,-3.5052e+06,1.7011e+05,1.7011e+05
0.24,0.336,4.151,36.795,9.2038e+05,-3.131e+06,1.5002e+05,1.5002e+05
0.24,0.32,3.9628,35.344,8.0353e+05,-2.6268e+06,1.3637e+05,1.3637e+05
0.24,0.304,1.402,37.188,6.8856e+05,-2.0406e+06,1.52e+05,1.52e+05
0.24,0.288,0.15225,37.471,5.7162e+05,-1.6121e+06,1.8227e+05,1.8227e+05
0.24,0.272,-1.4683,39.36,3.7159e+05,-1.1669e+06,2.134e+05,2.134e+05
0.24,0.256,-2.1847,39.165,1.0114e+05,-6.0748e+05,2.3654e+05,2.3654e+05
0.24,0.24,-2.3281,40.362,-1.0904e+05,-9551,2.4157e+05,2.4157e+05
0.24,0.224,-2.2788,42.8,-2.6082e+05,6.3881e+05,2.1722e+05,2.1722e+05
0.24,0.208,-2.3976,44.988,-4.4171e+05,1.333e+06,1.8097e+05,1.8097e+05
0.24,0.192,-3.0224,46.761,-6.2055e+05,2.0932e+06,1.4829e+05,1.4829e+05
0.24,0.176,-3.4353,48.369,-7.7253e+05,2.9942e+06,1.208e+05,1.208e+05
0.24,0.16,-3.3473,50.989,-8.9823e+05,3.9639e+06,88847,88847
0.24,0.144,-4.6771,52.901,-1.0624e+06,4.8346e+06,45141,45141
0.24,0.128,-5.4698,53.124,-1.1781e+06,5.1633e+06,22043,22043
0.24,0.112,-4.223,52.238,-1.1691e+06,4.6917e+06,32878,32878
0.24,0.096,-3.2866,50.885,-9.9784e+05,3.7375e+06,59880,59880
0.24,0.08,-2.638,50.343,-6.9061e+05,2.8337e+06,71424,71424
0.24,0.064,-1.8729,50.361,-2.8667e+05,2.2687e+06,56467,56467
0.24,0.048,-0.76686,49.486,-41671,1.3729e+06,32597,32597
0.24,0.032,0.73255,48.551,54541,6.0419e+05,14414,14414
0.24,0.016,1.3476,47.129,0,0,3315.3,3315.3
0.256,0.496,-2.0479,49.365,0,0,0,0
0.256,0.48,-3.3895,48.208,0,0,0,0
0.256,0.464,-3.7071,48.89,NaN,NaN,0,0
0.256,0.448,-3.7771,48.652,NaN,NaN,NaN,NaN
0.256,0.432,-3.2808,47.148,NaN,NaN,NaN,NaN
0.256,0.416,-2.1691,45.21,NaN,NaN,NaN,NaN
0.256,0.4,0.12745,43.565,NaN,NaN,NaN,NaN
0.256,0.384,1.5891,42.606,NaN,NaN,NaN,NaN
0.256,0.368,3.1049,41.598,NaN,NaN,2.0291e+05,2.0291e+05
0.256,0.352,5.4503,39.969,NaN,NaN,2.1552e+05,2.1552e+05
0.256,0.336,4.1092,40.617,NaN,NaN,1.8023e+05,1.8023e+05
0.256,0.32,2.2197,39.475,8.7046e+05,-2.3134e+06,1.5855e+05,1.5855e+05
0.256,0.304,1.4939,39.097,7.9387e+05,-1.9971e+06,1.3717e+05,1.3717e+05
0.256,0.288,1.2865,40.616,6.4704e+05,-1.7092e+06,1.6047e+05,1.6047e+05
0.256,0.272,-0.56365,41.337,3.5651e+05,-1.2615e+06,1.9115e+05,1.9115e+05
0.256,0.256,-2.113,40.369,1.2489e+05,-8.2664e+05,2.287e+05,2.287e+05
0.256,0.24,-1.7733,40.99,-9033.8,-4.3305e+05,2.3288e+05,2.3288e+05
0.256,0.224,-2.3092,43.381,-71245,63826,2.1185e+05,2.1185e+05
0.256,0.208,-2.4118,44.733,-1.5608e+05,6.4057e+05,1.8383e+05,1.8383e+05
0.256,0.192,-2.0204,45.591,-2.3734e+05,1.2643e+06,1.5731e+05,1.5731e+05
0.256,0.176,-2.4814,48.618,-3.6986e+05,2.0108e+06,1.3823e+05,1.3823e+05
0.256,0.16,-3.3569,51.894,-6.0863e+05,2.8491e+06,1.1004e+05,1.1004e+05
0.256,0.144,-3.9493,53.148,-9.1203e+05,3.6071e+06,78957,78957
0.256,0.128,-4.4613,53.44,-1.1661e+06,3.92e+06,62187,62187
0.256,0.112,-4.4007,52.499,-1.3804e+06,3.8077e+06,69202,69202
0.256,0.096,-4.8938,50.819,-1.3913e+06,3.3098e+06,78206,78206
0.256,0.08,-4.4857,48.606,-1.1696e+06,2.718e+06,72936,72936
0.256,0.064,-3.4733,47.698,-6.8601e+05,2.0516e+06,51746,51746
0.256,0.048,-2.7565,46.586,-2.6529e+05,1.1499e+06,27961,27961
0.256,0.032,-1.0377,48.131,-52705,4.7403e+05,11270,11270
0.256,0.016,0.75543,48.991,0,0,2534.3,2534.3
0.272,0.496,-1.1018,49.963,0,0,0,0
0.272,0.48,-1.3494,49.456,0,0,0,0
0.272,0.464,-1.7499,50.706,NaN,NaN,0,0
0.272,0.448,-2.3321,51.338,NaN,NaN,NaN,NaN
0.272,0.432,-2.5316,51.398,NaN,NaN,NaN,NaN
0.272,0.416,-1.4648,50.652,NaN,NaN,NaN,NaN
0.272,0.4,0.045021,49.733,NaN,NaN,NaN,NaN
0.272,0.384,1.506,48.503,NaN,NaN,NaN,NaN
0.272,0.368,1.9751,47.518,NaN,NaN,NaN,NaN
0.272,0.352,3.1616,45.731,NaN,NaN,NaN,NaN
0.272,0.336,2.5978,44.786,NaN,NaN,1.8128e+05,1.8128e+05
0.272,0.32,1.4744,44.07,NaN,NaN,1.5336e+05,1.5336e+05
0.272,0.304,1.3469,43.703,7.5466e+05,-1.896e+06,1.2996e+05,1.2996e+05
0.272,0.288,-0.48777,44.308,7.2301e+05,-1.6794e+06,1.5032e+05,1.5032e+05
0.272,0.272,-1.8012,44.989,4.792e+05,-1.3951e+06,1.7584e+05,1.7584e+05
0.272,0.256,-2.4272,45.039,2.5427e+05,-1.001e+06,2.0837e+05,2.0837e+05
0.272,0.24,-2.1473,46.034,1.2603e+05,-7.4286e+05,2.1484e+05,2.1484e+05
0.272,0.224,-1.8673,47.63,74084,-4.4931e+05,2.0492e+05,2.0492e+05
0.272,0.208,-1.663,49.196,35871,-90660,1.9013e+05,1.9013e+05
0.272,0.192,-1.5038,50.808,7707.2,3.2396e+05,1.7163e+05,1.7163e+05
0.272,0.176,-1.4944,53.081,-1.0002e+05,8.8806e+05,1.5449e+05,1.5449e+05
0.272,0.16,-3.0912,55.108,-3.7234e+05,1.5799e+06,1.3107e+05,1.3107e+05
0.272,0.144,-4.5914,55.207,-7.4292e+05,2.2316e+06,1.124e+05,1.124e+05
0.272,0.128,-5.0847,54.531,-1.1331e+06,2.6992e+06,1.0451e+05,1.0451e+05
0.272,0.112,-5.611,53.44,-1.4487e+06,2.8917e+06,1.0056e+05,1.0056e+05
0.272,0.096,-6.3407,52.105,-1.5373e+06,2.7243e+06,84907,84907
0.272,0.08,-5.4724,49.173,-1.2965e+06,2.2766e+06,62983,62983
0.272,0.064,-3.5509,47.061,-8.0211e+05,1.6739e+06,40039,40039
0.272,0.048,-1.5927,47.064,-3.3412e+05,9.3054e+05,24045,24045
0.272,0.032,0.32555,49.035,-91397,3.8235e+05,10544,10544
0.272,0.016,1.3358,49.45,0,0,2509,2509
0.288,0.496,0.51435,51.338,0,0,0,0
0.288,0.48,-0.052789,48.941,0,0,0,0
0.288,0.464,0.54398,49.407,NaN,NaN,0,0
0.288,0.448,-0.20958,50.64,NaN,NaN,NaN,NaN
0.288,0.432,-1.3579,52.197,NaN,NaN,NaN,NaN
0.288,0.416,-0.99549,53.406,NaN,NaN,NaN,NaN
0.288,0.4,-0.7029,54.186,NaN,NaN,NaN,NaN
0.288,0.384,0.21517,53.516,NaN,NaN,NaN,NaN
0.288,0.368,0.93137,51.939,NaN,NaN,NaN,NaN
0.288,0.352,1.4734,50.248,NaN,NaN,NaN,NaN
0.288,0.336,1.1124,48.806,NaN,NaN,NaN,NaN
0.288,0.32,0.70969,47.928,NaN,NaN,1.1196e+05,1.1196e+05
0.288,0.304,0.83704,48.029,NaN,NaN,59546,59546
0.288,0.288,-0.37698,47.305,NaN,NaN,1.2247e+05,1.2247e+05
0.288,0.272,-1.7362,47.746,1.9279e+05,-8.897e+05,1.4619e+05,1.4619e+05
0.288,0.256,-2.6984,48.421,-45834,-6.2922e+05,1.7599e+05,1.7599e+05
0.288,0.24,-3.3078,48.08,-94252,-5.5019e+05,1.8494e+05,1.8494e+05
0.288,0.224,-2.9703,48.331,-1.1714e+05,-4.3074e+05,1.8577e+05,1.8577e+05
0.288,0.208,-2.0462,49.431,-62648,-2.8766e+05,1.8107e+05,1.8107e+05
0.288,0.192,-1.8503,51.63,39435,-1.3135e+05,1.6894e+05,1.6894e+05
0.288,0.176,-0.72662,52.134,61412,1.2777e+05,1.568e+05,1.568e+05
0.288,0.16,-1.4707,53.744,-1.2188e+05,5.3307e+05,1.4201e+05,1.4201e+05
0.288,0.144,-3.8303,54.465,-4.4975e+05,1.0599e+06,1.3213e+05,1.3213e+05
0.288,0.128,-4.2611,55.264,-8.1617e+05,1.6352e+06,1.204e+05,1.204e+05
0.288,0.112,-5.3299,57.447,-1.0811e+06,2.045e+06,99728,99728
0.288,0.096,-4.3009,58.111,-1.1534e+06,2.2341e+06,66550,66550
0.288,0.08,-3.4701,55.557,-9.9114e+05,2.0558e+06,43778,43778
0.288,0.064,-2.1055,54.303,-6.462e+05,1.7928e+06,29895,29895
0.288,0.048,-1.5507,54.1,-2.9519e+05,1.0688e+06,24356,24356
0.288,0.032,-0.40241,54.095,-90590,5.1433e+05,12064,12064
0.288,0.016,1.1836,52.76,0,0,3025.6,3025.6
0.304,0.496,0.98571,49.606,0,0,0,0
0.304,0.48,1.3673,44.663,0,0,0,0
0.304,0.464,1.5863,44.96,NaN,NaN,0,0
0.304,0.448,0.51505,46.227,NaN,NaN,NaN,NaN
0.304,0.432,-0.80831,48.221,NaN,NaN,NaN,NaN
0.304,0.416,-0.53897,50.801,NaN,NaN,NaN,NaN
0.304,0.4,0.24786,52.694,NaN,NaN,NaN,NaN
0.304,0.384,0.87539,53.109,NaN,NaN,NaN,NaN
0.304,0.368,1.2546,52.574,NaN,NaN,NaN,NaN
0.304,0.352,0.75055,53.079,NaN,NaN,NaN,NaN
0.304,0.336,0.46608,52.736,NaN,NaN,NaN,NaN
0.304,0.32,0.22885,50.722,NaN,NaN,NaN,NaN
0.304,0.304,-0.95006,49.88,NaN,NaN,NaN,NaN
0.304,0.288,-1.5312,48.72,NaN,NaN,1.3598e+05,1.3598e+05
0.304,0.272,-2.991,48.652,-1.0498e+06,-5.6509e+05,1.4073e+05,1.4073e+05
0.304,0.256,-3.5759,48.695,-7.1366e+05,-4.6783e+05,1.4621e+05,1.4621e+05
0.304,0.24,-4.0667,47.84,-6.5751e+05,-4.2688e+05,1.5503e+05,1.5503e+05
0.304,0.224,-4.3246,48.61,-5.0698e+05,-3.689e+05,1.5966e+05,1.5966e+05
0.304,0.208,-3.0259,48.057,-3.6852e+05,-2.7714e+05,1.6295e+05,1.6295e+05
0.304,0.192,-1.917,47.242,-1.5756e+05,-2.1515e+05,1.6059e+05,1.6059e+05
0.304,0.176,0.052061,46.87,-21141,-1.6226e+05,1.5798e+05,1.5798e+05
0.304,0.16,0.78232,47.567,-25115,-36938,1.4857e+05,1.4857e+05
0.304,0.144,0.51529,49.705,-1.5395e+05,2.907e+05,1.3507e+05,1.3507e+05
0.304,0.128,-0.092214,53.5,-3.3832e+05,8.3981e+05,1.1193e+05,1.1193e+05
0.304,0.112,-0.7255,57.792,-4.4606e+05,1.3122e+06,74097,74097
0.304,0.096,-0.10258,59.84,-4.8808e+05,1.6564e+06,38042,38042
0.304,0.08,-0.31304,64.197,-4.0574e+05,1.8129e+06,23647,23647
0.304,0.064,-0.20384,62.396,-2.6572e+05,2.0331e+06,26581,26581
0.304,0.048,-0.1226,64.595,-1.116e+05,1.4234e+06,28293,28293
0.304,0.032,0.32471,60.718,-33768,7.6462e+05,15309,15309
0.304,0.016,1.0408,64.044,0,0,3944,3944
0.32,0.496,1.4447,46.128,0,0,0,0
0.32,0.48,2.592,42.671,0,0,0,0
0.32,0.464,2.7151,42.233,NaN,NaN,0,0
0.32,0.448,1.5914,42.597,NaN,NaN,NaN,NaN
0.32,0.432,0.31158,44.018,NaN,NaN,NaN,NaN
0.32,0.416,0.42483,47.111,NaN,NaN,NaN,NaN
0.32,0.4,0.37455,49.316,NaN,NaN,NaN,NaN
0.32,0.384,0.6586,51.019,NaN,NaN,NaN,NaN
0.32,0.368,0.67471,52.109,NaN,NaN,NaN,NaN
0.32,0.352,-0.17791,52.893,NaN,NaN,NaN,NaN
0.32,0.336,-0.92345,53.589,NaN,NaN,NaN,NaN
0.32,0.32,-1.3215,52.414,NaN,NaN,1.3147e+05,1.3147e+05
0.32,0.304,-2.6449,51.508,NaN,NaN,1.3636e+05,1.3636e+05
0.32,0.288,-2.726,50.275,NaN,NaN,1.2867e+05,1.2867e+05
0.32,0.272,-3.9781,49.031,-1.1571e+06,-1.9167e+05,1.3098e+05,1.3098e+05
0.32,0.256,-6.1067,47.824,-1.062e+06,-3.4801e+05,1.3316e+05,1.3316e+05
0.32,0.24,-6.465,47.761,-9.7985e+05,-3.6453e+05,1.3849e+05,1.3849e+05
0.32,0.224,-4.3795,46.348,-7.8372e+05,-3.8358e+05,1.397e+05,1.397e+05
0.32,0.208,-2.2641,45.754,-5.5599e+05,-2.8994e+05,1.4543e+05,1.4543e+05
0.32,0.192,-1.5921,47.144,-3.1018e+05,-2.1137e+05,1.5435e+05,1.5435e+05
0.32,0.176,0.74937,47.455,-1.2385e+05,-1.5572e+05,1.6388e+05,1.6388e+05
0.32,0.16,1.4226,47.603,-15864,-84131,1.5687e+05,1.5687e+05
0.32,0.144,0.85156,48.947,32916,1.3658e+05,1.345e+05,1.345e+05
0.32,0.128,1.45,51.231,44270,5.5724e+05,94164,94164
0.32,0.112,1.6941,53.208,92670,9.7643e+05,46217,46217
0.32,0.096,1.3078,54.842,1.562e+05,1.4097e+06,14496,14496
0.32,0.08,1.1555,56.003,2.3086e+05,1.7781e+06,13430,13430
0.32,0.064,2.0312,59.879,2.9562e+05,2.284e+06,29339,29339
0.32,0.048,1.7493,62.589,2.1848e+05,1.6821e+06,32845,32845
0.32,0.032,2.1258,61.721,1.1602e+05,9.3957e+05,18508,18508
0.32,0.016,2.2132,61.754,0,0,4841.4,4841.4
0.336,0.496,1.504,42.427,0,0,0,0
0.336,0.48,2.3503,40.528,0,0,0,0
0.336,0.464,3.5537,39.565,NaN,NaN,0,0
0.336,0.448,3.8784,39.196,NaN,NaN,NaN,NaN
0.336,0.432,2.9358,40.003,NaN,NaN,NaN,NaN
0.336,0.416,2.2658,43.223,NaN,NaN,NaN,NaN
0.336,0.4,1.3964,45.826,NaN,NaN,NaN,NaN
0.336,0.384,1.2234,47.308,NaN,NaN,1.0927e+05,1.0927e+05
0.336,0.368,0.59017,48.363,NaN,NaN,98460,98460
0.336,0.352,-0.57589,48.298,NaN,NaN,1.0311e+05,1.0311e+05
0.336,0.336,-1.5119,48.474,NaN,NaN,1.1372e+05,1.1372e+05
0.336,0.32,-1.8282,48.934,NaN,NaN,1.1496e+05,1.1496e+05
0.336,0.304,-2.5159,49.27,-1.1919e+06,-1.4407e+05,1.2172e+05,1.2172e+05
0.336,0.288,-2.954,48.53,-1.2531e+06,71508,1.1779e+05,1.1779e+05
0.336,0.272,-3.9458,46.641,-1.2437e+06,-1.1754e+05,1.2305e+05,1.2305e+05
0.336,0.256,-4.9419,44.542,-1.2455e+06,-2.9512e+05,1.1907e+05,1.1907e+05
0.336,0.24,-6.4095,43.379,-1.1393e+06,-5.0541e+05,1.2193e+05,1.2193e+05
0.336,0.224,-4.6746,42.764,-8.9896e+05,-5.2633e+05,1.256e+05,1.256e+05
0.336,0.208,-2.21,43.004,-5.9905e+05,-2.7075e+05,1.4481e+05,1.4481e+05
0.336,0.192,-0.80637,44.62,-3.1226e+05,1.8843e+05,1.6329e+05,1.6329e+05
0.336,0.176,-0.85146,46.574,-98311,6.1401e+05,1.7771e+05,1.7771e+05
0.336,0.16,0.23028,47.523,69733,9.5219e+05,1.7225e+05,1.7225e+05
0.336,0.144,0.6161,48.548,1.7928e+05,1.2047e+06,1.4167e+05,1.4167e+05
0.336,0.128,0.75752,49.147,2.4756e+05,1.5258e+06,83454,83454
0.336,0.112,1.2899,50.859,3.2489e+05,1.7148e+06,21917,21917
0.336,0.096,1.4303,50.047,4.0881e+05,1.8578e+06,-4620.5,4620.5
0.336,0.08,1.959,50.534,5.1736e+05,2.053e+06,12433,12433
0.336,0.064,2.5655,52.499,6.3813e+05,2.4695e+06,38284,38284
0.336,0.048,2.9461,55.403,4.7452e+05,1.8588e+06,40332,40332
0.336,0.032,3.9384,56.27,2.5586e+05,1.0191e+06,22722,22722
0.336,0.016,2.7523,58.166,0,0,5933.3,5933.3
0.352,0.496,2.1676,43.041,0,0,0,0
0.352,0.48,3.95,38.769,0,0,0,0
0.352,0.464,5.1312,38.245,NaN,NaN,0,0
0.352,0.448,4.0084,37.739,NaN,NaN,NaN,NaN
0.352,0.432,2.4404,38.828,NaN,NaN,NaN,NaN
0.352,0.416,2.5345,39.867,NaN,NaN,2.3949e+05,2.3949e+05
0.352,0.4,1.4105,40.282,NaN,NaN,2.3052e+05,2.3052e+05
0.352,0.384,0.45094,40.719,NaN,NaN,1.5455e+05,1.5455e+05
0.352,0.368,-0.14627,40.466,-5.5837e+05,-2.0652e+06,1.1084e+05,1.1084e+05
0.352,0.352,-1.4434,39.997,-6.2572e+05,-1.7448e+06,88991,88991
0.352,0.336,-1.4301,39.838,-6.2988e+05,-1.3751e+06,97115,97115
0.352,0.32,-1.3642,40.639,-7.7073e+05,-7.0592e+05,97136,97136
0.352,0.304,-3.0585,42.455,-9.5091e+05,-3.1398e+05,1.0544e+05,1.0544e+05
0.352,0.288,-4.1377,42.138,-1.0956e+06,-3.3138e+05,1.0278e+05,1.0278e+05
0.352,0.272,-3.7383,41.474,-1.2382e+06,-7.0096e+05,1.0282e+05,1.0282e+05
0.352,0.256,-4.5192,39.602,-1.3263e+06,-1.1937e+06,94568,94568
0.352,0.24,-4.8496,39.382,-1.2155e+06,-1.478e+06,1.0615e+05,1.0615e+05
0.352,0.224,-3.9127,38.057,-9.1776e+05,-1.1809e+06,1.2195e+05,1.2195e+05
0.352,0.208,-1.9073,39.88,-5.5375e+05,-2.6641e+05,1.4537e+05,1.4537e+05
0.352,0.192,-0.61807,42.901,-2.9067e+05,9.6065e+05,1.6527e+05,1.6527e+05
0.352,0.176,0.88341,43.763,-87865,1.9021e+06,1.746e+05,1.746e+05
0.352,0.16,1.8068,45.924,83454,2.5261e+06,1.7566e+05,1.7566e+05
0.352,0.144,2.3554,46.975,1.9549e+05,2.7732e+06,1.5151e+05,1.5151e+05
0.352,0.128,1.992,46.657,2.5459e+05,2.88e+06,92267,92267
0.352,0.112,2.2298,48.426,3.1981e+05,2.7332e+06,28257,28257
0.352,0.096,1.9821,47.999,4.6702e+05,2.7224e+06,-3277.9,3277.9
0.352,0.08,2.2038,47.49,6.8596e+05,2.9307e+06,23107,23107
0.352,0.064,2.8466,49.142,9.0733e+05,3.4963e+06,51229,51229
0.352,0.048,2.9776,50.343,6.7854e+05,2.5651e+06,50718,50718
0.352,0.032,3.9321,51.346,3.6323e+05,1.3788e+06,28113,28113
0.352,0.016,3.9853,50.197,0,0,7218.8,7218.8
0.368,0.496,2.6113,41.235,0,0,0,0
0.368,0.48,4.9825,37.52,0,0,0,0
0.368,0.464,4.7755,36.974,NaN,NaN,0,0
0.368,0.448,3.9473,35.265,NaN,NaN,1.7695e+05,1.7695e+05
0.368,0.432,3.2829,34.362,NaN,NaN,1.9244e+05,1.9244e+05
0.368,0.416,3.0572,32.845,NaN,NaN,1.7334e+05,1.7334e+05
0.368,0.4,2.0035,32.879,3.6107e+05,-9.6592e+05,1.5516e+05,1.5516e+05
0.368,0.384,1.0332,32.174,2.9664e+05,-6.5761e+05,1.0669e+05,1.0669e+05
0.368,0.368,1.1055,29.733,80496,-8.1899e+05,81402,81402
0.368,0.352,0.32636,28.735,-78489,-6.0223e+05,77915,77915
0.368,0.336,0.50796,30.34,-2.2571e+05,-4.2253e+05,90592,90592
0.368,0.32,0.64598,34.045,-4.1161e+05,-1.2678e+05,90361,90361
0.368,0.304,-0.12346,35.535,-7.1252e+05,-2.5745e+05,90768,90768
0.368,0.288,-1.6748,33.848,-8.8887e+05,-6.686e+05,76119,76119
0.368,0.272,-3.5469,33.018,-1.0205e+06,-1.3363e+06,70252,70252
0.368,0.256,-6.7979,30.686,-1.0976e+06,-2.1151e+06,64997,64997
0.368,0.24,-7.1001,27.954,-1.0603e+06,-2.6274e+06,95979,95979
0.368,0.224,-4.5289,26.086,-8.5331e+05,-2.0354e+06,1.2808e+05,1.2808e+05
0.368,0.208,-1.5327,32.23,-5.0428e+05,-3.9541e+05,1.494e+05,1.494e+05
0.368,0.192,0.89735,36.628,-1.5057e+05,1.6684e+06,1.5408e+05,1.5408e+05
0.368,0.176,2.862,40.591,1.337e+05,3.2351e+06,1.4873e+05,1.4873e+05
0.368,0.16,3.2413,42.549,2.8352e+05,3.9499e+06,1.4457e+05,1.4457e+05
0.368,0.144,3.8668,42.786,3.5146e+05,4.123e+06,1.3432e+05,1.3432e+05
0.368,0.128,3.6094,43.236,3.6227e+05,3.9346e+06,1.0244e+05,1.0244e+05
0.368,0.112,2.2192,43.821,4.5532e+05,3.6988e+06,52591,52591
0.368,0.096,1.1162,43.569,6.4256e+05,3.7049e+06,21633,21633
0.368,0.08,2.7123,44.14,9.5887e+05,4.1033e+06,37357,37357
0.368,0.064,4.2875,46.649,1.2642e+06,4.6194e+06,63227,63227
0.368,0.048,3.8581,47.045,9.3495e+05,3.2687e+06,58743,58743
0.368,0.032,4.8307,47.308,5.01e+05,1.6627e+06,30598,30598
0.368,0.016,3.456,44.582,0,0,7889.3,7889.3
0.384,0.496,2.2819,36.705,0,0,0,0
0.384,0.48,3.3381,34.071,0,0,1616.2,1616.2
0.384,0.464,4.1017,31.456,NaN,NaN,7554.3,7554.3
0.384,0.448,4.2031,28.767,NaN,NaN,63283,63283
0.384,0.432,2.7661,27.823,2.483e+05,-1.2748e+06,98074,98074
0.384,0.416,2.4933,24.914,1.0068e+05,-1.1648e+06,1.1867e+05,1.1867e+05
0.384,0.4,1.6064,22.726,63461,-1.1511e+06,1.1361e+05,1.1361e+05
0.384,0.384,3.065,20.295,48455,-6.5225e+05,82113,82113
0.384,0.368,3.0253,20.934,16355,-3.63e+05,59878,59878
0.384,0.352,3.1284,20.42,537.04,1.7244e+05,57279,57279
0.384,0.336,3.172,22.84,-1.168e+05,3.2905e+05,74169,74169
0.384,0.32,1.9592,26.451,-2.8374e+05,3.9032e+05,75760,75760
0.384,0.304,-0.1825,25.617,-5.7943e+05,-74402,72929,72929
0.384,0.288,-2.1224,22.145,-7.5567e+05,-1.0275e+06,57620,57620
0.384,0.272,-2.2747,15.541,-8.4049e+05,-2.1001e+06,55255,55255
0.384,0.256,-2.5802,13.864,-8.1598e+05,-2.9558e+06,62957,62957
0.384,0.24,-4.7192,15.003,-7.0967e+05,-3.0539e+06,1.0878e+05,1.0878e+05
0.384,0.224,-4.7656,15.401,-5.044e+05,-2.1238e+06,1.4311e+05,1.4311e+05
0.384,0.208,-2.7417,21.461,-2.5644e+05,-1.5276e+05,1.5124e+05,1.5124e+05
0.384,0.192,2.2054,30.792,4515.9,2.0141e+06,1.3506e+05,1.3506e+05
0.384,0.176,4.2855,34.018,2.7329e+05,3.5857e+06,1.1107e+05,1.1107e+05
0.384,0.16,4.33,38.329,5.1324e+05,4.1769e+06,83627,83627
0.384,0.144,3.8294,38.04,6.2038e+05,4.3611e+06,73456,73456
0.384,0.128,3.2821,38.056,6.3506e+05,4.1594e+06,66136,66136
0.384,0.112,1.0807,38.119,7.1331e+05,3.8659e+06,55544,55544
0.384,0.096,1.824,37.387,8.4552e+05,3.6595e+06,40787,40787
0.384,0.08,4.7319,39.684,9.6696e+05,3.8261e+06,45031,45031
0.384,0.064,5.9379,40.606,9.4483e+05,3.9352e+06,60586,60586
0.384,0.048,7.5814,38.173,6.0542e+05,2.6584e+06,51285,51285
0.384,0.032,7.4561,35.282,2.6643e+05,1.2402e+06,26279,26279
0.384,0.016,2.2634,30.954,0,0,5740.9,5740.9
0.4,0.496,2.9436,26.057,0,0,0,0
0.4,0.48,0.30092,25.042,0,0,846.59,846.59
0.4,0.464,1.6023,21.518,-48921,-9.3109e+05,5109.3,5109.3
0.4,0.448,1.0446,18.891,-38859,-7.2255e+05,36121,36121
0.4,0.432,1.0142,14.663,20991,-7.4722e+05,63532,63532
0.4,0.416,1.6034,10.85,-9294.1,-6.4506e+05,68101,68101
0.4,0.4,1.393,8.3762,-29063,-5.9629e+05,52430,52430
0.4,0.384,-0.22837,11.623,-47139,-3.3348e+05,27177,27177
0.4,0.368,1.5132,15.661,51939,33845,20981,20981
0.4,0.352,2.3182,16.488,2.8021e+05,6.9218e+05,33734,33734
0.4,0.336,2.3673,16.824,4.3396e+05,1.1576e+06,46725,46725
0.4,0.32,0.52175,15.919,3.1442e+05,1.1528e+06,47463,47463
0.4,0.304,-0.91199,17.554,-1.8323e+05,3.8131e+05,39406,39406
0.4,0.288,-2.4194,14.818,-5.8139e+05,-8.5161e+05,26750,26750
0.4,0.272,-3.1178,9.436,-6.9502e+05,-1.9468e+06,31473,31473
0.4,0.256,-3.3112,8.3053,-5.3694e+05,-2.5033e+06,48008,48008
0.4,0.24,-3.3191,9.0069,-3.561e+05,-2.307e+06,87649,87649
0.4,0.224,-2.2594,11.796,-1.7024e+05,-1.5472e+06,1.1327e+05,1.1327e+05
0.4,0.208,-0.72604,14.357,16789,-51822,1.16e+05,1.16e+05
0.4,0.192,1.9917,23.807,2.722e+05,1.518e+06,93729,93729
0.4,0.176,3.6571,26.269,5.4883e+05,2.8345e+06,60865,60865
0.4,0.16,5.2533,26.973,8.1282e+05,3.3458e+06,6453,6453
0.4,0.144,4.6571,28.171,1.1544e+06,3.5499e+06,-6641.2,6641.2
0.4,0.128,2.7091,32.898,1.1908e+06,3.479e+06,1974.8,1974.8
0.4,0.112,3.0317,29.694,1.292e+06,2.8005e+06,34341,34341
0.4,0.096,3.9323,23.792,8.6119e+05,2.1097e+06,42480,42480
0.4,0.08,2.7915,23.438,6.6644e+05,1.9714e+06,48276,48276
0.4,0.064,-3.6815,29.963,1.2376e+05,1.8343e+06,53447,53447
0.4,0.048,-5.2149,32.394,22490,1.3267e+06,42586,42586
0.4,0.032,-5.7415,32.632,-1.2241e+05,3.5903e+05,21302,21302
0.4,0.016,-2.7791,27.268,0,0,5768.7,5768.7
0.416,0.496,0.57846,16.153,0,0,0,0
0.416,0.48,0.07756,14.002,0,0,144.26,144.26
0.416,0.464,-1.0491,10.455,-41120,-5.3203e+05,3103.7,3103.7
0.416,0.448,1.2873,8.6463,-1.2046e+05,-5.1033e+05,7730.6,7730.6
0.416,0.432,2.5133,5.5884,-48571,-5.1849e+05,13096,13096
0.416,0.416,1.3476,2.9729,-77576,-5.3458e+05,17148,17148
0.416,0.4,0.001223,2.2516,-92548,-3.5395e+05,19183,19183
0.416,0.384,0.52073,8.2811,-17158,-73295,13433,13433
0.416,0.368,-0.9773,5.4756,2.3286e+05,4.5734e+05,9014.7,9014.7
0.416,0.352,0.88557,6.6483,1.0031e+06,1.0992e+06,8857.3,8857.3
0.416,0.336,3.4716,10.174,1.2706e+06,1.5393e+06,11979,11979
0.416,0.32,4.4164,12.794,1.0488e+06,1.5433e+06,6904.4,6904.4
0.416,0.304,0.96075,13.589,16156,7.7835e+05,3877.4,3877.4
0.416,0.288,-1.8795,12.132,-6.4427e+05,-3.5938e+05,13112,13112
0.416,0.272,-3.5033,9.7882,-7.6456e+05,-1.3208e+06,36822,36822
0.416,0.256,-4.2149,8.7875,-4.7888e+05,-1.6448e+06,52288,52288
0.416,0.24,-4.2987,8.8799,-1.5408e+05,-1.219e+06,61420,61420
0.416,0.224,-2.9103,8.6653,92503,-6.3717e+05,62105,62105
0.416,0.208,-1.4596,9.4385,1.288e+05,-60125,64181,64181
0.416,0.192,-0.63248,14.466,1.1118e+05,2.4417e+05,52125,52125
0.416,0.176,1.0986,18.516,2.6184e+05,1.1152e+06,25470,25470
0.416,0.16,2.3547,20.97,8.3465e+06,1.6994e+05,-36461,36461
0.416,0.144,3.7256,21.474,1.3534e+07,-4.6942e+06,-67801,67801
0.416,0.128,7.0111,21.493,1.057e+07,-2.8164e+06,-59624,59624
0.416,0.112,5.872,16.142,2.8928e+06,-2.3916e+06,-11156,11156
0.416,0.096,4.273,11.965,-2.6403e+06,1.93e+06,23458,23458
0.416,0.08,-2.1972,16.098,-5.6382e+05,-5.9741e+05,31302,31302
0.416,0.064,-6.6886,31.716,-1.8649e+06,-9.5761e+05,35563,35563
0.416,0.048,-13.632,32.752,-1.5248e+06,-5.5185e+05,27588,27588
0.416,0.032,-15.511,31.339,-9.0204e+05,-7.3809e+05,16310,16310
0.416,0.016,-11.197,23.706,0,0,4493,4493
0.432,0.496,1.4853,10.477,0,0,-21.292,21.292
0.432,0.48,4.1136,10.181,0,0,-1753.4,1753.4
0.432,0.464,4.8751,8.8724,2.1425e+05,-1.9298e+05,-2357.5,2357.5
0.432,0.448,3.2215,6.8503,36242,-2.0062e+05,-2945.7,2945.7
0.432,0.432,1.6684,3.5456,17808,-1.9067e+05,-118.48,118.48
0.432,0.416,1.1857,1.0729,1.5492e+05,-1.6326e+05,4942.5,4942.5
0.432,0.4,-1.811,-0.24168,77568,-25951,14225,14225
0.432,0.384,-1.3319,4.528,2.6605e+05,1.2737e+05,15435,15435
0.432,0.368,0.96444,4.4261,8.444e+05,5.2661e+05,8299.9,8299.9
0.432,0.352,2.2643,7.4429,1.8817e+06,9.0858e+05,-3853.3,3853.3
0.432,0.336,5.7202,9.2376,2.5027e+06,1.4602e+06,-13321,13321
0.432,0.32,5.0184,10.11,1.9765e+06,1.7628e+06,-17824,17824
0.432,0.304,1.5139,11.45,7.5393e+05,1.2849e+06,-10409,10409
0.432,0.288,-1.3705,10.412,-2.9297e+05,3.3224e+05,16741,16741
0.432,0.272,-2.5342,8.6891,-6.821e+05,-7.846e+05,52636,52636
0.432,0.256,-2.5459,7.9252,-4.2915e+05,-9.8334e+05,64971,64971
0.432,0.24,-2.9243,8.3432,-28387,-6.3283e+05,56025,56025
0.432,0.224,-3.7913,9.1781,3.447e+05,-3.308e+05,44063,44063
0.432,0.208,-3.3877,8.1621,1.0132e+06,-4.8568e+05,41096,41096
0.432,0.192,-3.824,4.9079,1.124e+06,-9.341e+05,34756,34756
0.432,0.176,-4.3449,4.3822,9.4793e+05,-2.4857e+05,11622,11622
0.432,0.16,-2.1094,21.833,8.1023e+06,-6.0819e+05,-36800,36800
0.432,0.144,10.957,9.5824,1.2877e+07,-5.0315e+06,-55124,55124
0.432,0.128,13.332,8.6023,1.0251e+07,-4.2322e+06,-48504,48504
0.432,0.112,9.8716,6.4331,3.0738e+06,-4.7082e+06,-15969,15969
0.432,0.096,2.6981,8.0655,-1.1263e+06,-19860,1228,1228
0.432,0.08,-14.018,26.067,1.2235e+06,-1.6784e+06,9427.6,9427.6
0.432,0.064,-23.08,46.215,-3.5438e+05,-1.5669e+06,22941,22941
0.432,0.048,-26.036,30.808,-1.8272e+06,-8.262e+05,23817,23817
0.432,0.032,-25.965,27.631,-1.019e+06,-7.8154e+05,15380,15380
0.432,0.016,-13.994,20.884,0,0,4452.1,4452.1
0.448,0.496,0.76705,5.9899,0,0,-33.768,33.768
0.448,0.48,3.0255,7.5475,11976,12447,-1747,1747
0.448,0.464,5.0884,7.106,3.1658e+05,1.3796e+05,-3281.9,3281.9
0.448,0.448,4.4289,5.9841,2.5508e+05,1.158e+05,-4122.2,4122.2
0.448,0.432,3.525,3.7831,4.5018e+05,1.5226e+05,1460.4,1460.4
0.448,0.416,2.8815,1.1268,1.4593e+05,-9.0069e+05,15595,15595
0.448,0.4,1.5119,-0.053167,-3.9916e+05,-1.8989e+06,27437,27437
0.448,0.384,-4.6135,1.4479,-3.4995e+05,-1.8141e+06,26232,26232
0.448,0.368,-1.0996,3.5159,3.3341e+05,-9.8336e+05,7824.9,7824.9
0.448,0.352,2.6294,6.1686,1.4934e+06,-1.5871e+05,-11253,11253
0.448,0.336,6.4158,3.5804,1.7447e+06,-3.6705e+05,-19244,19244
0.448,0.32,5.2661,4.4257,1.777e+06,7.1371e+05,-13975,13975
0.448,0.304,2.7047,5.4389,9.4317e+05,8.2857e+05,7955,7955
0.448,0.288,-0.60686,5.1555,1.5949e+05,5.2183e+05,43786,43786
0.448,0.272,-1.5819,4.8359,-1.3281e+06,-1.0619e+06,87885,87885
0.448,0.256,-5.519,2.6866,-2.3696e+06,-9.6848e+05,1.0461e+05,1.0461e+05
0.448,0.24,-3.0585,8.063,-3.2313e+06,-34868,96896,96896
0.448,0.224,-1.2111,7.5555,-2.8128e+06,8730.7,75768,75768
0.448,0.208,-0.14361,5.7955,-1.4368e+06,-1.1651e+06,60484,60484
0.448,0.192,1.4016,3.6915,-7.0068e+05,-2.5773e+06,44835,44835
0.448,0.176,1.5111,3.0141,-5.3045e+05,-1.4455e+06,38386,38386
0.448,0.16,-6.0638,13.058,7.7934e+06,-1.5328e+06,25937,25937
0.448,0.144,-4.0748,33.129,1.5398e+07,-7.1798e+06,5711.6,5711.6
0.448,0.128,-5.2146,26.568,1.2393e+07,-6.694e+06,-10498,10498
0.448,0.112,7.3181,6.3664,2.7658e+06,-6.4842e+06,-21727,21727
0.448,0.096,12.371,23.763,-1.3956e+06,-4.2241e+05,-9402.4,9402.4
0.448,0.08,5.1886,26.53,1.8967e+06,-2.3578e+06,-5172.7,5172.7
0.448,0.064,-61.423,102.75,57151,-1.8513e+06,12525,12525
0.448,0.048,-6.9138,22.51,-1.8287e+06,-1.1391e+06,16253,16253
0.448,0.032,-13.275,22.333,-8.7202e+05,-7.884e+05,12251,12251
0.448,0.016,-98.98,7.8359,0,0,2964.9,2964.9
0.464,0.496,0.9922,5.4092,0,0,25.509,25.509
0.464,0.48,0.092936,3.9667,-56506,7018.1,-1247.5,1247.5
0.464,0.464,2.6447,3.3139,2.1194e+05,1.4109e+05,-2801,2801
0.464,0.448,3.2724,2.2017,1.4278e+05,1.7113e+05,-2899.8,2899.8
0.464,0.432,3.017,2.1374,17856,-6.2669e+05,6015,6015
0.464,0.416,1.7568,2.4367,-7.654e+05,-2.7507e+06,26115,26115
0.464,0.4,-17.55,-1.3898,-1.7298e+06,-4.9194e+06,36980,36980
0.464,0.384,-17.912,-1.4536,-7.2765e+05,-3.8278e+06,31809,31809
0.464,0.368,-1.5871,3.4444,4.9844e+05,-1.9881e+06,5424.8,5424.8
0.464,0.352,-9.8241,-3.4983,1.4216e+06,-5.77e+05,-12337,12337
0.464,0.336,-7.9084,-8.3152,8.0183e+05,-1.5768e+06,-13584,13584
0.464,0.32,-7.2314,-12.579,4.6236e+05,-1.3234e+06,2664.5,2664.5
0.464,0.304,1.4762,1.281,1.9887e+05,-6.9473e+05,30167,30167
0.464,0.288,0.78013,1.3164,-9.8834e+05,-7.8958e+05,57790,57790
0.464,0.272,-5.878,0.43925,-2.4153e+06,-1.5863e+06,91532,91532
0.464,0.256,-34.545,21.628,-3.9219e+06,-1.5841e+06,1.0995e+05,1.0995e+05
0.464,0.24,-50.192,21.255,-4.7866e+06,2.0316e+05,1.1532e+05,1.1532e+05
0.464,0.224,-53.37,28.71,-4.2288e+06,1.8569e+05,1.0138e+05,1.0138e+05
0.464,0.208,-29.821,19.035,-2.0772e+06,-1.386e+06,79376,79376
0.464,0.192,-19.562,19.532,-7.9268e+05,-2.9984e+06,57676,57676
0.464,0.176,-25.181,40.203,-5.5474e+05,-1.7145e+06,50839,50839
0.464,0.16,-11.659,41.165,-1.3697e+06,4.154e+05,50452,50452
0.464,0.144,130.07,-103.35,-1.2801e+06,2.4399e+06,41199,41199
0.464,0.128,17.806,4.8207,2.603e+05,-5.4488e+05,14839,14839
0.464,0.112,-0.99837,0.4371,8.2131e+05,-2.5212e+06,-6963.9,6963.9
0.464,0.096,-3.8149,8.3073,3.0368e+06,-1.6421e+06,-10856,10856
0.464,0.08,-106.73,78.669,4.5539e+06,-3.5401e+05,705.19,705.19
0.464,0.064,-189.03,51.813,1.5994e+06,1.1856e+06,13053,13053
0.464,0.048,-4.5983,8.7813,-1.3323e+06,-1.6987e+05,16106,16106
0.464,0.032,14.087,4.7434,-8.8819e+05,-1.1325e+05,9530.2,9530.2
0.464,0.016,-15.599,12.593,0,0,2433.7,2433.7
0.48,0.496,11.852,9.1976,0,0,111.32,111.32
0.48,0.48,3.8191,2.7498,-40361,5012.9,-542.74,542.74
0.48,0.464,1.4327,2.5918,47813,31480,-1698.2,1698.2
0.48,0.448,0.46566,0.63517,49220,59053,-1283.3,1283.3
0.48,0.432,-1.7484,1.399,-65319,-6.9765e+05,5875.7,5875.7
0.48,0.416,-17.829,-3.2806,-1.0116e+06,-2.8038e+06,18296,18296
0.48,0.4,-21.368,-2.5823,-1.888e+06,-4.8431e+06,21530,21530
0.48,0.384,-21.75,-2.3988,-9.7186e+05,-3.8122e+06,11496,11496
0.48,0.368,-1.0756,5.0423,-90044,-2.139e+06,-9619.2,9619.2
0.48,0.352,-0.96574,1.7153,4.989e+05,-8.7422e+05,-21614,21614
0.48,0.336,-5.9432,-4.1295,-4.6394e+05,-2.1084e+06,-17358,17358
0.48,0.32,-9.2788,-10.989,-4.5593e+05,-2.0177e+06,-344.39,344.39
0.48,0.304,-13.077,-14.852,-3.8123e+05,-1.3111e+06,23274,23274
0.48,0.288,-6.197,6.8612,-1.0956e+06,-1.0639e+06,40287,40287
0.48,0.272,-35.634,26.099,-2.2225e+06,-1.3047e+06,59284,59284
0.48,0.256,-53.611,45.019,-3.786e+06,-1.2503e+06,71274,71274
0.48,0.24,-218.57,207.98,-4.8948e+06,3.5823e+05,78096,78096
0.48,0.224,-84.732,5.4499,-4.6634e+06,2.6045e+05,69579,69579
0.48,0.208,-312.94,-76.996,-3.4648e+06,-9.1705e+05,55528,55528
0.48,0.192,-176.82,254.41,-2.414e+06,-2.0481e+06,40107,40107
0.48,0.176,-105.86,347.39,-1.8019e+06,-9.8322e+05,45108,45108
0.48,0.16,-285.79,280.06,-1.4949e+06,-43978,52604,52604
0.48,0.144,171.48,-141.97,-6.874e+05,5.1114e+05,45868,45868
0.48,0.128,30.609,-18.843,75999,-3.2761e+05,22845,22845
0.48,0.112,2.2525,-0.94789,3.721e+05,-1.4287e+06,876.91,876.91
0.48,0.096,3.0212,-1.201,3.8991e+05,-3.2151e+05,2944.5,2944.5
0.48,0.08,-0.4333,39.971,4.5655e+05,-1.5568e+05,11756,11756
0.48,0.064,308.92,267.67,-8.7596e+05,1.2151e+06,16988,16988
0.48,0.048,-4.663,17.333,-8.2434e+05,-19776,15457,15457
0.48,0.032,-14.232,13.633,-6.4115e+05,-15381,7025.8,7025.8
0.48,0.016,1.0977,-0.4022,0,0,2942.2,2942.2
0.496,0.496,-7.318,-25.157,0,0,109.66,109.66
0.496,0.48,7.932,4.3147,-41304,-1837.1,-46.7,46.7
0.496,0.464,1.3821,1.6608,-29991,2585.6,-547.54,547.54
0.496,0.448,0.57303,1.4407,-1.1638e+05,-4196.4,-75.416,75.416
0.496,0.432,-12.498,-1.4338,-4.7943e+05,-8.5012e+05,2265.2,2265.2
0.496,0.416,-20.418,-9.5743,-9.7512e+05,-1.9668e+06,5134.6,5134.6
0.496,0.4,-110.63,-21.021,-1.3605e+06,-3.018e+06,5512.3,5512.3
0.496,0.384,-121.9,-53.537,-2.8703e+05,-1.9367e+06,-1038.3,1038.3
0.496,0.368,-65.271,14.094,4.4377e+05,-7.1577e+05,-10042,10042
0.496,0.352,-3.1193,-1.4024,7.4642e+05,41908,-15722,15722
0.496,0.336,5.3974,17.745,-46742,-6.5129e+05,-10924,10924
0.496,0.32,-90.788,-191.22,-5.9776e+05,-1.4958e+06,-441.92,441.92
0.496,0.304,-16.375,-14.248,-6.7648e+05,-1.1869e+06,12269,12269
0.496,0.288,-32.379,1.5216,-1.3921e+06,-1.2294e+06,19147,19147
0.496,0.272,-46.893,31.831,-1.2221e+06,-5.5472e+05,25827,25827
0.496,0.256,-156.88,160.34,-1.0738e+06,-6.454e+05,27940,27940
0.496,0.24,-30.941,-7.39,0,0,29358,29358
0.496,0.224,-110.77,-12.228,0,0,26640,26640
0.496,0.208,-7.5697,-4.5695,0,0,24198,24198
0.496,0.192,-9.0407,6.9387,0,0,20496,20496
0.496,0.176,-122.48,138.89,0,0,20344,20344
0.496,0.16,-24.046,440.53,0,0,14829,14829
0.496,0.144,146.47,-420.07,0,0,12923,12923
0.496,0.128,0.3674,0.07414,54383,-9765.5,7481.4,7481.4
0.496,0.112,-0.39944,0.70533,2.6611e+05,-5.1133e+05,6301.6,6301.6
0.496,0.096,-0.58509,-1.8482,2.9372e+05,3.7094e+05,6346.5,6346.5
0.496,0.08,-8.1628,52.733,2.8284e+05,4.2585e+05,11230,11230
0.496,0.064,27.799,305.64,-5.5374e+05,1.1605e+06,12316,12316
0.496,0.048,-65.215,39.652,-6.1807e+05,2.3182e+05,10604,10604
0.496,0.032,-106.06,-20.914,-5.4939e+05,2.0606e+05,3518.6,3518.6
0.496,0.016,-53.803,73.619,0,0,1439.4,1439.4
