0.016,0.496,0.70763,-1.2807,-258.58,1056.8,-27.715,27.715
0.016,0.48,-0.22485,-0.46139,208.64,4567.3,3572.4,3572.4
0.016,0.464,2.3948,0.39412,-592.09,5132.7,7493.3,7493.3
0.016,0.448,-1.1297,0.89413,-223,4038.5,11706,11706
0.016,0.432,0.61957,1.1684,-13349,-2868.4,10077,10077
0.016,0.416,4.166,0.32579,-19169,-4342.5,7564,7564
0.016,0.4,2.418,-0.49031,-19838,-4075.7,4338.1,4338.1
0.016,0.384,4.2585,-0.86021,-7267.4,-1424.5,2706.4,2706.4
0.016,0.368,5.567,-0.90446,-1858.7,-2059.1,601.09,601.09
0.016,0.352,3.0563,-0.41093,-7355.2,-1793,-1861.2,1861.2
0.016,0.336,5.2738,0.21622,-10508,-242.19,-3882.1,3882.1
0.016,0.32,3.1378,-0.92737,-8728.4,-188.35,-4102.9,4102.9
0.016,0.304,0.14634,0.34577,-4922.7,27.851,-2648.5,2648.5
0.016,0.288,0.51408,-0.48235,-4641.9,1850.9,-940.39,940.39
0.016,0.272,1.2098,-2.466,-6484,3094.5,165.74,165.74
0.016,0.256,0.26887,-0.25435,-7757.9,4572.4,181.18,181.18
0.016,0.24,2.7932,1.1683,-17321,708.35,-15.115,15.115
0.016,0.224,7.4147,0.40029,-16672,-316.01,-433.49,433.49
0.016,0.208,5.6929,-1.2566,-12517,-4711.6,-271.53,271.53
0.016,0.192,1.2092,-0.20484,1240.2,-6871.2,-7.7321,7.7321
0.016,0.176,-0.57446,-0.66582,2048.2,-5673.9,-282.49,282.49
0.016,0.16,-0.65891,-1.3732,3399.3,7.9545,-2294.7,2294.7
0.016,0.144,-1.0806,0.0715,3355.1,3678.9,-2041.3,2041.3
0.016,0.128,2.5094,-2.0987,3298.9,3601.6,-1764.8,1764.8
0.016,0.112,6.6547,-0.043508,-6744.7,-9213,-288.56,288.56
0.016,0.096,1.224,2.9694,-6983.6,-9585.5,-1148.9,1148.9
0.016,0.08,0.28801,-0.53152,-14406,28881,-1205.1,1205.1
0.016,0.064,-0.94052,1.0449,-11795,42992,-475.43,475.43
0.016,0.048,-1.3123,0.68539,-12746,43088,164.93,164.93
0.016,0.032,-1.5479,1.0943,-5450.6,4772.2,444.46,444.46
0.016,0.016,-1.5098,0.81494,0,0,132.26,132.26
0.032,0.496,0.42513,0.22591,3753.1,321.72,-59.635,59.635
0.032,0.48,0.50594,0.18255,18210,11850,-126.62,126.62
0.032,0.464,0.052242,0.18534,37070,14186,-398.92,398.92
0.032,0.448,-0.040784,0.31082,20020,8593,-658.78,658.78
0.032,0.432,-0.031831,0.075371,-3893.6,-7731.1,-1110.8,1110.8
0.032,0.416,-0.3959,-0.57382,-37260,-10908,-1245.3,1245.3
0.032,0.4,-0.32091,-0.33034,-49599,-26531,-1093.2,1093.2
0.032,0.384,-0.050476,0.15606,-45388,-84124,-571.1,571.1
0.032,0.368,0.065995,0.027053,-14250,-85755,632.02,632.02
0.032,0.352,-0.069506,-0.09472,4984.9,-60675,1090.5,1090.5
0.032,0.336,-0.27212,0.2805,5475.2,6080.2,1271.1,1271.1
0.032,0.32,-0.13562,-0.1622,-13968,1261.7,570.05,570.05
0.032,0.304,-0.10219,-0.41,-9061.4,-1177.5,422.07,422.07
0.032,0.288,-0.36236,-0.27594,-3251.4,1750.8,399.21,399.21
0.032,0.272,-0.26523,-0.49244,-3289.9,9262.5,323.64,323.64
0.032,0.256,-0.27037,-0.079226,-6410.1,1964.6,105.29,105.29
0.032,0.24,-0.53703,0.52177,-25976,-4097.8,-229.28,229.28
0.032,0.224,-0.24395,-0.0011777,-26367,-4755.9,-339.74,339.74
0.032,0.208,0.17322,-0.32374,-17259,2696.7,3.0552,3.0552
0.032,0.192,0.48475,-0.085304,-5444.3,6040.1,427.04,427.04
0.032,0.176,0.398,-0.11266,-12342,10396,707.67,707.67
0.032,0.16,-0.11903,0.11115,-18249,1042.5,612.79,612.79
0.032,0.144,-0.40807,0.2908,-29666,-463.82,317.47,317.47
0.032,0.128,0.1323,-0.25248,-32336,-7012.5,89.597,89.597
0.032,0.112,0.004911,-0.089812,-22275,-7149.9,277.46,277.46
0.032,0.096,-0.54129,-0.018688,-15380,-81219,851.88,851.88
0.032,0.08,-0.095769,0.56062,-47210,-32386,1365.9,1365.9
0.032,0.064,-0.55197,2.5688,-71103,-22296,1531.9,1531.9
0.032,0.048,-1.1791,2.0151,-59885,48703,1157.8,1157.8
0.032,0.032,-1.5839,1.8111,-15245,2500.1,674.46,674.46
0.032,0.016,-1.346,0.25821,0,0,162.6,162.6
0.048,0.496,0.19562,0.60457,-2195.6,1506.6,-84.772,84.772
0.048,0.48,0.68131,0.58328,12367,12081,-283.78,283.78
0.048,0.464,1.3658,0.52402,27541,15364,-900.56,900.56
0.048,0.448,1.5789,0.35736,23181,63135,-1738.8,1738.8
0.048,0.432,0.41471,1.3443,-1975.5,48454,-3204.5,3204.5
0.048,0.416,-0.35687,-0.58102,-36653,42061,-3889.5,3889.5
0.048,0.4,-1.203,-0.48441,-96892,-5.9299e+05,-3607.6,3607.6
0.048,0.384,-0.92101,-1.251,-73898,-5.6022e+05,-742.52,742.52
0.048,0.368,1.7385,0.0061837,-51340,-5.8845e+05,2431.7,2431.7
0.048,0.352,1.7129,0.55954,29909,-8200.5,4021.4,4021.4
0.048,0.336,-0.12118,0.39404,11095,-33263,3173.1,3173.1
0.048,0.32,-0.49287,-0.16344,4825.3,-7228.3,1527.7,1527.7
0.048,0.304,-0.6297,-0.67103,-11527,-1035.4,721,721
0.048,0.288,-0.38391,0.20797,-4875.8,4779.7,529.84,529.84
0.048,0.272,-0.22408,0.92529,-4415.8,10629,480.59,480.59
0.048,0.256,-0.78188,0.25834,-4492.9,4764.1,442.8,442.8
0.048,0.24,-0.91913,-0.44092,-22290,-2021.3,197.67,197.67
0.048,0.224,-1.0845,0.096245,-23844,-1609.4,-84.044,84.044
0.048,0.208,-0.46958,-0.19414,-15507,3844.1,499.28,499.28
0.048,0.192,0.27244,0.48088,-5774.4,6709.4,1220.6,1220.6
0.048,0.176,-0.42376,1.1702,-11589,10423,1844.9,1844.9
0.048,0.16,-1.1817,0.40152,-19460,2836.3,1620.4,1620.4
0.048,0.144,-1.1831,-0.74718,-26349,32.59,952.65,952.65
0.048,0.128,-1.5049,-0.3124,-22607,-8536.9,784.82,784.82
0.048,0.112,-0.57697,-1.1345,-10568,-2128.7,459.22,459.22
0.048,0.096,0.74327,-1.2527,-8419.6,-85018,1186.5,1186.5
0.048,0.08,-1.7318,-1.9233,-43331,-29447,1906.6,1906.6
0.048,0.064,-2.4762,1.6916,-85428,41749,2731.2,2731.2
0.048,0.048,-1.6915,2.1788,-72859,1.2194e+05,2445,2445
0.048,0.032,-1.7959,2.6422,-31567,70271,1364.9,1364.9
0.048,0.016,-1.6367,-4.1861,0,0,417.88,417.88
0.064,0.496,-0.49436,1.5537,-804.01,-3225.1,-135.6,135.6
0.064,0.48,-0.66565,1.0405,2440.9,19376,-416.38,416.38
0.064,0.464,-0.052805,-0.16328,13930,40480,-1570.8,1570.8
0.064,0.448,-0.23191,0.31318,23485,1.4437e+05,-3355.4,3355.4
0.064,0.432,0.12277,3.0033,40224,1.4827e+05,-6726.6,6726.6
0.064,0.416,-0.69057,-0.32623,17834,1.4059e+05,-8486.7,8486.7
0.064,0.4,-0.8171,-0.20295,-75543,-7.1487e+05,-8335.3,8335.3
0.064,0.384,3.9463,-0.53774,-59110,-7.4929e+05,-2919.3,2919.3
0.064,0.368,1.5677,3.1734,-49615,-6.6034e+05,3223.9,3223.9
0.064,0.352,0.17078,0.65108,40272,-13502,6707.9,6707.9
0.064,0.336,1.4898,0.56501,-2813.1,-8866.9,5746.4,5746.4
0.064,0.32,-0.31639,0.33302,2228.9,-16248,2751.7,2751.7
0.064,0.304,-0.25136,0.15462,-15620,-4897,1196.1,1196.1
0.064,0.288,0.056778,-0.29876,-19971,4681.7,394.15,394.15
0.064,0.272,0.33947,0.059359,-72030,-55472,322.81,322.81
0.064,0.256,-0.0029107,0.28963,-1.0278e+05,-70737,552.26,552.26
0.064,0.24,-0.27483,-0.086253,-1.0763e+05,-65248,957.75,957.75
0.064,0.224,-0.013735,0.24768,-60149,-18564,957.57,957.57
0.064,0.208,0.34156,-0.14642,-17371,-2873.7,1916.8,1916.8
0.064,0.192,-0.099768,-0.13956,-19937,9906.6,2852.8,2852.8
0.064,0.176,-0.35001,0.39192,-25427,35915,3588.7,3588.7
0.064,0.16,-0.17059,-0.11716,-40396,25081,3413.8,3413.8
0.064,0.144,-0.088508,-0.40721,-33359,-30924,2131.2,2131.2
0.064,0.128,0.30609,-0.26378,-23017,-47380,2434.1,2434.1
0.064,0.112,0.36584,0.15873,-23424,-15350,1656.7,1656.7
0.064,0.096,-0.050006,-0.43547,-34116,-56093,2683.4,2683.4
0.064,0.08,-0.0092464,-0.96936,-65388,-43652,3158.8,3158.8
0.064,0.064,0.45849,0.51989,-78177,76788,4052.3,4052.3
0.064,0.048,-0.64677,3.5633,-54266,1.4515e+05,3625.3,3625.3
0.064,0.032,-0.68132,3.4044,-18350,1.4051e+05,1937.6,1937.6
0.064,0.016,-1.2212,-4.0634,0,0,670,670
0.08,0.496,-1.1522,2.4057,-5417.6,-2801.3,-283.85,283.85
0.08,0.48,-0.67435,1.7393,-38693,49771,-845.02,845.02
0.08,0.464,-1.172,2.4867,-63815,1.1187e+05,-2772.9,2772.9
0.08,0.448,-0.87456,2.9479,-50695,2.0423e+05,-5813.7,5813.7
0.08,0.432,-0.17597,5.097,20311,2.3333e+05,-10303,10303
0.08,0.416,0.22506,4.9519,84765,2.6463e+05,-12911,12911
0.08,0.4,10.141,50.299,801.95,-6.8623e+05,-12877,12877
0.08,0.384,1.0971,-1.7041,-17477,-8.3181e+05,-7511.1,7511.1
0.08,0.368,1.2277,-1.9061,-81646,-7.954e+05,-1047.4,1047.4
0.08,0.352,0.19327,1.3102,-74071,-78671,3189.3,3189.3
0.08,0.336,-0.076448,1.0477,-1.608e+05,-44544,3027.7,3027.7
0.08,0.32,-0.3021,0.75388,-1.374e+05,-52871,853.47,853.47
0.08,0.304,-0.25508,0.6451,-63520,-20635,-576,576
0.08,0.288,-0.020188,0.36815,-33771,2628.8,-1525.9,1525.9
0.08,0.272,0.64578,-0.55077,-1.0191e+05,-76938,-1724.1,1724.1
0.08,0.256,-1.1551,-2.8819,-1.1794e+05,-1.4499e+05,-1483,1483
0.08,0.24,1.5808,-0.46618,-1.3167e+05,-1.4521e+05,-349.43,349.43
0.08,0.224,0.90223,1.032,-58175,-83671,490.81,490.81
0.08,0.208,0.49559,-1.6377,-39431,-39597,2297.6,2297.6
0.08,0.192,1.0464,-0.18539,-7451.9,-19335,3552.4,3552.4
0.08,0.176,-0.092226,1.6898,-6249.2,7792.8,4192,4192
0.08,0.16,-0.76718,-0.47873,-16771,19062,4040.3,4040.3
0.08,0.144,-0.57605,-1.2422,6527.2,-38623,2477.5,2477.5
0.08,0.128,-0.52703,-1.734,21625,-51308,3323.9,3323.9
0.08,0.112,-0.60447,0.066412,12104,-38415,2980.5,2980.5
0.08,0.096,-1.9524,0.20616,33133,-7161.5,4346.8,4346.8
0.08,0.08,-1.0331,0.44,19581,7659.4,4271.3,4271.3
0.08,0.064,-0.2899,-0.11096,15515,1.6755e+05,4503.3,4503.3
0.08,0.048,-0.00065625,3.7031,-15261,1.7012e+05,3818.2,3818.2
0.08,0.032,0.21131,3.8252,-13352,1.6613e+05,2000.8,2000.8
0.08,0.016,-0.89442,-2.4981,0,0,721.35,721.35
0.096,0.496,-2.0329,3.6989,1456.7,-4724.9,-469.65,469.65
0.096,0.48,-2.2443,3.7486,-64487,1.3146e+05,-1557.4,1557.4
0.096,0.464,-2.1089,4.0887,-1.5335e+05,2.6801e+05,-4574.8,4574.8
0.096,0.448,-1.7942,4.5936,-1.5033e+05,2.2703e+05,-8863.5,8863.5
0.096,0.432,-1.7906,3.8971,-21360,3.0093e+05,-14271,14271
0.096,0.416,-0.35986,6.6665,2.0031e+05,3.3693e+05,-17391,17391
0.096,0.4,0.30228,6.4704,2.5999e+05,2.1803e+05,-17982,17982
0.096,0.384,-0.13772,1.9314,1.4333e+05,-2.9327e+05,-14615,14615
0.096,0.368,0.86389,4.9784,-16725,-3.7359e+05,-9343,9343
0.096,0.352,-0.78811,0.21866,-1.3654e+05,-2.8851e+05,-4435.4,4435.4
0.096,0.336,-3.59,0.7824,-1.6195e+05,-12143,-2015.2,2015.2
0.096,0.32,-3.0129,-0.041135,-1.45e+05,-12817,-2426,2426
0.096,0.304,-0.87772,0.070399,-34891,17650,-3415.8,3415.8
0.096,0.288,0.48822,1.509,12377,2995.6,-4583.8,4583.8
0.096,0.272,0.86117,0.67354,-78491,-71866,-5310.2,5310.2
0.096,0.256,1.8076,-0.4836,-56079,-2.1253e+05,-5129.1,5129.1
0.096,0.24,5.0017,-0.45027,-61653,-2.6017e+05,-3340.7,3340.7
0.096,0.224,2.3657,0.43395,48568,-2.0752e+05,-938.47,938.47
0.096,0.208,0.75746,-0.059142,11003,-1.237e+05,1909.7,1909.7
0.096,0.192,0.43442,-0.39428,-31614,-12295,3643.9,3643.9
0.096,0.176,0.018791,0.79297,-62492,4267.1,4166.2,4166.2
0.096,0.16,-0.056951,0.11586,-60222,14901,4162.4,4162.4
0.096,0.144,-0.177,0.10299,3267.6,-63592,2980.1,2980.1
0.096,0.128,-0.39291,0.00080268,39093,-60561,4482.3,4482.3
0.096,0.112,-0.39116,-0.026882,20908,-30024,4793.7,4793.7
0.096,0.096,0.54298,-0.6266,1364.4,19216,6022.7,6022.7
0.096,0.08,1.6183,0.30493,18028,48598,5260.3,5260.3
0.096,0.064,-0.96756,1.131,1.3746e+05,1.3032e+05,4273.3,4273.3
0.096,0.048,-0.95972,2.2673,1.4586e+05,1.0876e+05,3192.4,3192.4
0.096,0.032,-0.80836,2.7898,1.0178e+05,90809,1522.6,1522.6
0.096,0.016,-0.069314,-3.5968,0,0,619.03,619.03
0.112,0.496,-4.653,3.5961,0,0,-742.94,742.94
0.112,0.48,-3.2533,5.0769,-12793,2.7987e+05,-2831,2831
0.112,0.464,-2.9641,5.857,-1.9895e+05,5.8214e+05,-6673.4,6673.4
0.112,0.448,-3.9678,5.7465,-2.1129e+05,5.0141e+05,-10131,10131
0.112,0.432,-2.5955,2.9499,-1.5501e+05,5.288e+05,-14241,14241
0.112,0.416,-0.8303,9.5278,1.8329e+05,3.629e+05,-17401,17401
0.112,0.4,0.7624,8.8391,3.5795e+05,1.2532e+05,-19658,19658
0.112,0.384,0.45888,8.6372,2.4674e+05,-4.0735e+05,-19490,19490
0.112,0.368,0.14148,4.8066,8205,-5.0609e+05,-16718,16718
0.112,0.352,0.72506,2.5054,-1.8488e+05,-3.6441e+05,-13527,13527
0.112,0.336,-0.11038,2.4524,-1.8704e+05,26738,-9891.8,9891.8
0.112,0.32,-0.37292,2.9159,-1.7197e+05,1.1559e+05,-8715,8715
0.112,0.304,-0.50547,0.57483,-41304,84075,-8330.3,8330.3
0.112,0.288,-0.24042,1.9914,39405,-66117,-8880.9,8880.9
0.112,0.272,2.5433,1.1991,38779,-1.6342e+05,-9150,9150
0.112,0.256,2.4461,1.4129,1.1032e+05,-3.0305e+05,-8297.5,8297.5
0.112,0.24,4.5423,0.76371,1.0347e+05,-3.1482e+05,-5777.2,5777.2
0.112,0.224,4.0024,0.73547,1.2739e+05,-2.7325e+05,-2217.3,2217.3
0.112,0.208,3.4225,3.3068,22228,-1.8905e+05,1686.9,1686.9
0.112,0.192,1.5671,2.144,-29353,-84153,4206,4206
0.112,0.176,-1.4994,2.4536,-41412,-80848,4713.6,4713.6
0.112,0.16,-0.75782,-0.42178,-25996,-44725,4101.3,4101.3
0.112,0.144,-0.57165,0.44999,32507,-82483,2392,2392
0.112,0.128,-0.44215,1.8795,8007.3,18245,4894.5,4894.5
0.112,0.112,0.202,2.4873,-60744,1.0451e+05,6395.6,6395.6
0.112,0.096,-1.0886,2.0902,-99252,1.4134e+05,8284.3,8284.3
0.112,0.08,-2.0805,1.0547,-1.0375e+05,74888,6983.7,6983.7
0.112,0.064,0.53444,1.6788,40304,83436,5083.3,5083.3
0.112,0.048,2.5083,1.6134,63651,68978,3380.1,3380.1
0.112,0.032,1.472,0.14754,90674,61419,1431.2,1431.2
0.112,0.016,-0.60033,-2.082,0,0,573.69,573.69
0.128,0.496,-4.5605,6.1632,0,0,-723.57,723.57
0.128,0.48,-3.0602,5.2578,18549,2.7798e+05,-3812.2,3812.2
0.128,0.464,-2.8459,6.7347,-2.2419e+05,7.2018e+05,-8074.3,8074.3
0.128,0.448,-5.2062,8.38,-2.3603e+05,6.5551e+05,-10761,10761
0.128,0.432,-4.382,10.212,-1.4495e+05,7.3986e+05,-14707,14707
0.128,0.416,-3.1704,8.6002,2.2602e+05,5.6594e+05,-19432,19432
0.128,0.4,0.66065,7.7636,3.9915e+05,5.4131e+05,-24515,24515
0.128,0.384,1.4515,6.5356,3.4581e+05,-3118.2,-24888,24888
0.128,0.368,0.34979,5.0728,1.4203e+05,-1.662e+05,-22051,22051
0.128,0.352,0.0026976,5.1188,-8755.8,-2.1701e+05,-19640,19640
0.128,0.336,0.35441,6.2853,-4843,55657,-19042,19042
0.128,0.32,-0.43938,7.7624,-3893.7,1.1586e+05,-18147,18147
0.128,0.304,-0.25523,7.2518,47887,-1.8512e+05,-16040,16040
0.128,0.288,0.013481,5.4491,1.0548e+05,-4.0926e+05,-12183,12183
0.128,0.272,1.2653,1.2014,1.3036e+05,-5.1539e+05,-9546.9,9546.9
0.128,0.256,2.738,1.5168,1.8154e+05,-4.5517e+05,-7020.7,7020.7
0.128,0.24,3.1676,2.2633,1.9421e+05,-3.6479e+05,-4008.2,4008.2
0.128,0.224,2.2889,3.1804,1.8185e+05,-2.8875e+05,-753.59,753.59
0.128,0.208,1.2879,3.2559,96081,-2.0897e+05,4275,4275
0.128,0.192,1.4591,2.5739,-30301,-1.1374e+05,8314.1,8314.1
0.128,0.176,0.064727,0.38047,-60882,-1.2722e+05,9739.1,9739.1
0.128,0.16,0.19139,1.2523,-46916,-1.2367e+05,8767.1,8767.1
0.128,0.144,0.55794,2.1907,6940,-98853,6399.5,6399.5
0.128,0.128,-0.50919,1.2816,-17797,79621,9571.3,9571.3
0.128,0.112,-2.9027,5.4428,-1.1082e+05,2.3056e+05,11794,11794
0.128,0.096,-3.3702,5.0468,-1.5869e+05,2.1568e+05,13754,13754
0.128,0.08,-2.8873,1.8581,-2.0807e+05,1.4897e+05,11288,11288
0.128,0.064,-2.6832,0.50596,-43428,1.2467e+05,7699.1,7699.1
0.128,0.048,-1.2328,2.9361,1218.9,1.3215e+05,4646.5,4646.5
0.128,0.032,-1.271,2.8139,92521,73579,1879.6,1879.6
0.128,0.016,-1.5648,-0.41351,0,0,639.18,639.18
0.144,0.496,-5.7107,8.7892,0,0,-512.61,512.61
0.144,0.48,-3.22,10.83,71798,2.1645e+05,-3345.7,3345.7
0.144,0.464,-2.3704,11.469,-1.2404e+05,9.4452e+05,-7468.1,7468.1
0.144,0.448,-3.2551,13.06,-1.8263e+05,1.079e+06,-12303,12303
0.144,0.432,-3.6089,15.131,-1.6422e+05,1.0162e+06,-16186,16186
0.144,0.416,-1.4731,14.095,1.7567e+05,6.9449e+05,-21634,21634
0.144,0.4,-0.77419,15.043,3.2408e+05,4.5598e+05,-25249,25249
0.144,0.384,-0.79871,17.369,4.2695e+05,49697,-26147,26147
0.144,0.368,0.53255,13.743,3.0168e+05,16102,-21508,21508
0.144,0.352,-0.2188,13.568,2.271e+05,46424,-23777,23777
0.144,0.336,-0.84246,16.594,91153,84586,-30365,30365
0.144,0.32,1.1028,15.342,4058.3,-1.2118e+05,-36063,36063
0.144,0.304,0.64707,12.749,-18016,-7.9126e+05,-28607,28607
0.144,0.288,0.33841,9.1166,45499,-1.1744e+06,-15306,15306
0.144,0.272,1.5385,4.1429,1.368e+05,-1.2302e+06,-5911.5,5911.5
0.144,0.256,2.0075,3.791,1.0322e+05,-7.399e+05,-3025.1,3025.1
0.144,0.24,1.8228,4.5177,55603,-4.0307e+05,722.21,722.21
0.144,0.224,1.5333,4.5515,18847,-2.4678e+05,5559.6,5559.6
0.144,0.208,1.0908,4.7748,71511,-2.4667e+05,11650,11650
0.144,0.192,1.4983,5.8544,54712,-2.0145e+05,18175,18175
0.144,0.176,0.92399,4.9218,34200,-2.1244e+05,18872,18872
0.144,0.16,0.50723,5.1675,-14060,-1.643e+05,16695,16695
0.144,0.144,1.0298,5.2859,-68061,-73180,10217,10217
0.144,0.128,-0.15458,6.7465,-1.9261e+05,2.5834e+05,17311,17311
0.144,0.112,-0.63191,7.8683,-3.3524e+05,5.3718e+05,22357,22357
0.144,0.096,-0.43294,8.1764,-3.8903e+05,6.1447e+05,26744,26744
0.144,0.08,-2.1476,5.1022,-4.6554e+05,4.9574e+05,20377,20377
0.144,0.064,-5.1581,4.1395,-3.939e+05,4.0923e+05,13439,13439
0.144,0.048,-2.9342,2.4833,-2.8509e+05,2.8089e+05,7571.5,7571.5
0.144,0.032,-2.4706,6.5752,-78160,1.6085e+05,3055.7,3055.7
0.144,0.016,-0.92603,3.9558,0,0,850.79,850.79
0.16,0.496,-6.6196,18.984,0,0,-160.8,160.8
0.16,0.48,-4.7549,19.878,0,0,-1919.8,1919.8
0.16,0.464,-2.2074,21.204,NaN,NaN,-5134.2,5134.2
0.16,0.448,-1.3884,20.108,NaN,NaN,-14551,14551
0.16,0.432,-0.77873,21.066,2.8629e+05,1.1415e+06,-19168,19168
0.16,0.416,-0.58755,21.754,2.6556e+05,1.0974e+06,-25150,25150
0.16,0.4,0.90736,21.917,2.3788e+05,1.257e+06,-35610,35610
0.16,0.384,1.8479,23.878,4.4696e+05,6.5826e+05,-43128,43128
0.16,0.368,0.56206,23.679,4.3805e+05,3.9736e+05,-39265,39265
0.16,0.352,0.031682,24.185,4.8314e+05,54884,-42661,42661
0.16,0.336,1.3535,25.106,2.5785e+05,-1.7275e+05,-53385,53385
0.16,0.32,-0.012771,20.634,74325,-6.0436e+05,-66981,66981
0.16,0.304,-0.14005,15.948,-63891,-1.5621e+06,-55645,55645
0.16,0.288,0.51085,9.3539,48429,-2.1994e+06,-28443,28443
0.16,0.272,2.1371,6.8683,1.9277e+05,-2.3063e+06,-10542,10542
0.16,0.256,1.4331,7.3251,1.7076e+05,-1.6809e+06,-4592.3,4592.3
0.16,0.24,-1.5775,7.4965,89134,-1.0666e+06,-2389.3,2389.3
0.16,0.224,0.16822,6.4096,40885,-7.2293e+05,6251.7,6251.7
0.16,0.208,0.53698,6.1815,36121,-5.1804e+05,15738,15738
0.16,0.192,1.1926,7.3251,-31955,-3.8524e+05,27177,27177
0.16,0.176,1.1377,8.241,-48720,-4.2141e+05,29825,29825
0.16,0.16,1.3004,6.2054,-77391,-3.074e+05,28942,28942
0.16,0.144,-0.10422,8.4434,-1.5391e+05,-16708,20267,20267
0.16,0.128,-1.3188,9.849,-3.1285e+05,5.2539e+05,31089,31089
0.16,0.112,-2.3137,11.293,-4.4944e+05,8.5557e+05,38280,38280
0.16,0.096,-3.7403,12.143,-5.0445e+05,8.6568e+05,43704,43704
0.16,0.08,-4.7879,11.754,-5.4273e+05,7.4552e+05,32623,32623
0.16,0.064,-5.7453,9.4992,-4.9045e+05,6.3071e+05,21151,21151
0.16,0.048,-6.3682,6.2763,-3.2613e+05,4.1582e+05,11627,11627
0.16,0.032,-3.4062,9.0255,-1.2527e+05,1.9893e+05,4697.7,4697.7
0.16,0.016,-2.9348,9.8175,0,0,1192.1,1192.1
0.176,0.496,-8.1487,24,0,0,0,0
0.176,0.48,-6.2106,26.743,0,0,0,0
0.176,0.464,-1.6698,28.06,NaN,NaN,0,0
0.176,0.448,-0.13505,25.45,NaN,NaN,-26226,26226
0.176,0.432,1.7901,24.81,NaN,NaN,-25918,25918
0.176,0.416,3.1174,24.509,NaN,NaN,-28002,28002
0.176,0.4,3.9235,23.385,NaN,NaN,-39028,39028
0.176,0.384,2.5706,26.432,9.0625e+05,3.9941e+05,-49871,49871
0.176,0.368,2.0851,28.235,6.9279e+05,4.4835e+05,-63851,63851
0.176,0.352,2.8566,29.474,6.7871e+05,43510,-76971,76971
0.176,0.336,2.9271,29.489,3.0465e+05,-3.6414e+05,-95113,95113
0.176,0.32,2.1722,24.45,-24609,-9.1729e+05,-1.0514e+05,1.0514e+05
0.176,0.304,1.7721,18.977,-2.3482e+05,-1.793e+06,-90919,90919
0.176,0.288,2.3581,12.89,-1.5705e+05,-2.7158e+06,-51915,51915
0.176,0.272,3.3187,10.111,79817,-3.0587e+06,-26278,26278
0.176,0.256,3.2274,8.749,1.7077e+05,-2.6817e+06,-16110,16110
0.176,0.24,4.0655,7.835,1.1975e+05,-2.0436e+06,-16381,16381
0.176,0.224,2.9511,10.822,49489,-1.4976e+06,-5700.6,5700.6
0.176,0.208,1.7182,9.6092,-31108,-9.6659e+05,6784.3,6784.3
0.176,0.192,1.2233,9.2747,-1.1228e+05,-6.6842e+05,24127,24127
0.176,0.176,1.7131,12.037,-1.2236e+05,-8.5151e+05,28142,28142
0.176,0.16,1.9608,9.596,-1.5318e+05,-8.4591e+05,29037,29037
0.176,0.144,0.60402,11.949,-2.3935e+05,-4.7292e+05,22162,22162
0.176,0.128,-1.0834,14.848,-4.8093e+05,4.4951e+05,39584,39584
0.176,0.112,-2.599,16.267,-6.8638e+05,9.5826e+05,50287,50287
0.176,0.096,-3.1331,14.006,-8.3481e+05,1.1154e+06,54989,54989
0.176,0.08,-3.7328,13.425,-8.0071e+05,9.7616e+05,42174,42174
0.176,0.064,-3.9011,13.908,-6.9849e+05,9.4085e+05,28379,28379
0.176,0.048,-3.8998,14.967,-4.1162e+05,6.1497e+05,16025,16025
0.176,0.032,-3.1573,17.287,-1.8895e+05,3.2926e+05,6641.5,6641.5
0.176,0.016,-1.9018,17.425,0,0,1646.9,1646.9
0.192,0.496,-4.7549,36.808,0,0,0,0
0.192,0.48,-3.3914,34.426,0,0,0,0
0.192,0.464,-0.56385,33.739,NaN,NaN,0,0
0.192,0.448,0.9398,32.016,NaN,NaN,NaN,NaN
0.192,0.432,3.0543,29.521,NaN,NaN,NaN,NaN
0.192,0.416,4.2038,29.307,NaN,NaN,NaN,NaN
0.192,0.4,5.7318,26.691,NaN,NaN,-82308,82308
0.192,0.384,6.1329,28.949,NaN,NaN,-87688,87688
0.192,0.368,5.1317,29.512,NaN,NaN,-99231,99231
0.192,0.352,3.3235,31.127,9.3007e+05,-7.8057e+05,-1.2019e+05,1.2019e+05
0.192,0.336,2.3382,33.745,3.6115e+05,-1.0177e+06,-1.3829e+05,1.3829e+05
0.192,0.32,0.90945,31.792,-52337,-1.3608e+06,-1.4646e+05,1.4646e+05
0.192,0.304,1.4666,25.357,-2.4636e+05,-1.9821e+06,-1.3045e+05,1.3045e+05
0.192,0.288,1.4715,19.504,-2.602e+05,-2.8658e+06,-84546,84546
0.192,0.272,2.0794,15.866,-34802,-3.2371e+06,-50942,50942
0.192,0.256,2.0097,16.999,1.3592e+05,-3.0705e+06,-31844,31844
0.192,0.24,2.9885,19.952,1.1795e+05,-2.4194e+06,-31092,31092
0.192,0.224,2.4771,19.526,63034,-1.9039e+06,-21915,21915
0.192,0.208,1.4375,17.125,-40825,-1.3879e+06,-7510.6,7510.6
0.192,0.192,0.2604,20.229,-1.4674e+05,-1.3657e+06,14298,14298
0.192,0.176,1.4044,17.665,-1.8543e+05,-1.7326e+06,21839,21839
0.192,0.16,2.3823,14.707,-1.9898e+05,-2.1194e+06,26950,26950
0.192,0.144,1.0333,15.272,-2.2962e+05,-1.8278e+06,27295,27295
0.192,0.128,-0.59103,15.21,-4.2552e+05,-8.4144e+05,51071,51071
0.192,0.112,-3.8273,15.485,-6.6027e+05,1.0297e+05,66706,66706
0.192,0.096,-4.0928,14.46,-8.3553e+05,7.1225e+05,69888,69888
0.192,0.08,-2.8169,15.24,-8.0859e+05,8.7623e+05,57365,57365
0.192,0.064,-2.1239,17.954,-7.2253e+05,1.0396e+06,40104,40104
0.192,0.048,-1.0239,20.804,-4.3606e+05,7.1468e+05,23836,23836
0.192,0.032,-1.0987,25.864,-1.9769e+05,3.9315e+05,10413,10413
0.192,0.016,-1.7031,26.44,0,0,2580.1,2580.1
0.208,0.496,-4.6609,43.592,0,0,0,0
0.208,0.48,-2.2556,39.704,0,0,0,0
0.208,0.464,1.4037,39.012,NaN,NaN,0,0
0.208,0.448,3.4691,37.933,NaN,NaN,NaN,NaN
0.208,0.432,4.82,34.819,NaN,NaN,NaN,NaN
0.208,0.416,6.462,35.733,NaN,NaN,NaN,NaN
0.208,0.4,6.2518,34.068,NaN,NaN,NaN,NaN
0.208,0.384,3.8973,32.239,NaN,NaN,NaN,NaN
0.208,0.368,5.1942,33.572,NaN,NaN,-1.7673e+05,1.7673e+05
0.208,0.352,4.1089,35.966,NaN,NaN,-1.3504e+05,1.3504e+05
0.208,0.336,1.8613,37.001,3.2385e+05,-1.2475e+06,-1.4071e+05,1.4071e+05
0.208,0.32,1.4652,34.611,22451,-1.7086e+06,-1.3122e+05,1.3122e+05
0.208,0.304,2.4074,29.49,-53762,-1.8939e+06,-1.1668e+05,1.1668e+05
0.208,0.288,2.3802,25.809,-99693,-2.2794e+06,-74325,74325
0.208,0.272,4.3811,26.524,-22161,-2.2938e+06,-43116,43116
0.208,0.256,3.4687,30.199,66493,-2.0881e+06,-22129,22129
0.208,0.24,3.9937,34.234,-14281,-1.6455e+06,-17941,17941
0.208,0.224,3.5314,33.664,-1.2425e+05,-1.3214e+06,-10823,10823
0.208,0.208,3.1894,31.789,-2.0729e+05,-1.0647e+06,288.96,288.96
0.208,0.192,4.2542,30.787,-2.5165e+05,-1.2291e+06,21764,21764
0.208,0.176,3.5641,24.102,-2.7346e+05,-1.6618e+06,33593,33593
0.208,0.16,1.8373,20.564,-3.3919e+05,-2.2496e+06,41404,41404
0.208,0.144,2.9711,16.065,-4.0481e+05,-2.2888e+06,44241,44241
0.208,0.128,1.5649,14.544,-5.8931e+05,-1.6482e+06,66919,66919
0.208,0.112,-0.66558,16.641,-7.9376e+05,-5.8174e+05,78908,78908
0.208,0.096,-1.971,20.555,-9.8914e+05,6.1792e+05,81081,81081
0.208,0.08,-3.5802,23.256,-1.0756e+06,1.5257e+06,68613,68613
0.208,0.064,-3.4906,23.898,-1.0895e+06,2.0478e+06,54093,54093
0.208,0.048,-2.0054,28.318,-7.2339e+05,1.4824e+06,34401,34401
0.208,0.032,-0.56587,31.768,-3.3866e+05,7.2887e+05,15446,15446
0.208,0.016,-1.1909,31.825,0,0,3910.7,3910.7
0.224,0.496,-3.1691,45.062,0,0,0,0
0.224,0.48,-1.0981,41.368,0,0,0,0
0.224,0.464,1.5638,41.639,NaN,NaN,0,0
0.224,0.448,4.0259,41.953,NaN,NaN,NaN,NaN
0.224,0.432,5.2662,40.547,NaN,NaN,NaN,NaN
0.224,0.416,4.7876,40.116,NaN,NaN,NaN,NaN
0.224,0.4,5.833,37.527,NaN,NaN,NaN,NaN
0.224,0.384,6.0935,36.288,NaN,NaN,NaN,NaN
0.224,0.368,6.0921,39.471,NaN,NaN,NaN,NaN
0.224,0.352,3.7887,39.105,NaN,NaN,-1.144e+05,1.144e+05
0.224,0.336,2.7736,38.34,5.2084e+05,-1.6883e+06,-79516,79516
0.224,0.32,3.9334,37.03,2.5641e+05,-2.1099e+06,-62006,62006
0.224,0.304,4.3952,37.396,1.5479e+05,-2.0998e+06,-44782,44782
0.224,0.288,4.0309,38.152,78183,-2.1267e+06,-29692,29692
0.224,0.272,3.945,39.734,1.5255e+05,-1.7115e+06,-24335,24335
0.224,0.256,3.7643,42.405,1.6343e+05,-1.1514e+06,-7290.1,7290.1
0.224,0.24,3.0059,44.242,22418,-6.4627e+05,2762.4,2762.4
0.224,0.224,2.4503,44.386,-2.0864e+05,-3.7069e+05,17441,17441
0.224,0.208,2.7471,42.568,-3.7846e+05,-4.2306e+05,21483,21483
0.224,0.192,2.1112,40.108,-4.8813e+05,-7.1878e+05,44463,44463
0.224,0.176,1.2603,37.698,-5.836e+05,-8.8335e+05,54606,54606
0.224,0.16,0.41245,35.272,-6.7384e+05,-1.2314e+06,64292,64292
0.224,0.144,0.23532,32.439,-7.2651e+05,-1.3444e+06,56591,56591
0.224,0.128,-0.42133,28.242,-8.2752e+05,-1.1673e+06,71616,71616
0.224,0.112,-0.66743,30.497,-9.9102e+05,-2.0195e+05,87380,87380
0.224,0.096,-1.6178,35.121,-1.2145e+06,1.16e+06,95368,95368
0.224,0.08,-4.6481,36.848,-1.4352e+06,2.4815e+06,84471,84471
0.224,0.064,-7.2275,37.712,-1.6542e+06,3.357e+06,66276,66276
0.224,0.048,-6.2658,38.905,-1.1695e+06,2.4654e+06,40879,40879
0.224,0.032,-4.4418,38.906,-6.1543e+05,1.2849e+06,17515,17515
0.224,0.016,-5.2214,39.416,0,0,4258.3,4258.3
0.24,0.496,-2.4868,48.671,0,0,0,0
0.24,0.48,-0.36499,43.552,0,0,0,0
0.24,0.464,1.7342,43.683,NaN,NaN,0,0
0.24,0.448,4.0663,43.684,NaN,NaN,NaN,NaN
0.24,0.432,6.3186,42.979,NaN,NaN,NaN,NaN
0.24,0.416,6.972,42.01,NaN,NaN,NaN,NaN
0.24,0.4,6.6222,41.694,NaN,NaN,NaN,NaN
0.24,0.384,7.4513,42.705,NaN,NaN,NaN,NaN
0.24,0.368,7.7984,42.569,NaN,NaN,NaN,NaN
0.24,0.352,6.1645,41.523,NaN,NaN,-46224,46224
0.24,0.336,4.0096,42.399,NaN,NaN,-5980.4,5980.4
0.24,0.32,4.1696,42.174,7.6634e+05,-2.2933e+06,11609,11609
0.24,0.304,4.956,42.784,6.1771e+05,-1.8435e+06,14792,14792
0.24,0.288,5.76,44.057,5.1219e+05,-1.5181e+06,15444,15444
0.24,0.272,5.8938,45.516,4.602e+05,-9.9989e+05,781.63,781.63
0.24,0.256,5.6008,46.533,3.4797e+05,-5.7847e+05,8365.9,8365.9
0.24,0.24,4.3636,48.062,1.4915e+05,-2.6071e+05,15477,15477
0.24,0.224,3.2367,48.397,-1.3762e+05,31003,29032,29032
0.24,0.208,2.161,47.331,-4.6549e+05,2.6302e+05,45398,45398
0.24,0.192,1.3755,46.177,-7.0434e+05,4.3666e+05,75519,75519
0.24,0.176,0.094682,47.072,-9.2832e+05,7.106e+05,95779,95779
0.24,0.16,-1.6347,47.629,-1.1714e+06,9.6927e+05,90469,90469
0.24,0.144,-2.5781,46.636,-1.4162e+06,1.112e+06,65774,65774
0.24,0.128,-3.6726,45.822,-1.5829e+06,1.178e+06,70508,70508
0.24,0.112,-5.0985,43.836,-1.704e+06,1.5519e+06,84848,84848
0.24,0.096,-6.8324,43.418,-1.8377e+06,2.3055e+06,96277,96277
0.24,0.08,-7.6501,44.468,-2.0786e+06,3.453e+06,80993,80993
0.24,0.064,-10.01,45.827,-2.3254e+06,4.3777e+06,59420,59420
0.24,0.048,-12.614,44.697,-1.6421e+06,3.2502e+06,32617,32617
0.24,0.032,-10.853,44.999,-8.5932e+05,1.6931e+06,12226,12226
0.24,0.016,-5.6664,41.533,0,0,2457,2457
0.256,0.496,-2.1509,52.699,0,0,0,0
0.256,0.48,0.23643,47.244,0,0,0,0
0.256,0.464,2.8197,46.648,NaN,NaN,0,0
0.256,0.448,3.8537,45.771,NaN,NaN,NaN,NaN
0.256,0.432,5.6896,45.952,NaN,NaN,NaN,NaN
0.256,0.416,7.1233,44.825,NaN,NaN,NaN,NaN
0.256,0.4,7.7183,44.043,NaN,NaN,NaN,NaN
0.256,0.384,7.6912,44.927,NaN,NaN,NaN,NaN
0.256,0.368,6.5861,44.42,NaN,NaN,NaN,NaN
0.256,0.352,5.5648,45.729,NaN,NaN,NaN,NaN
0.256,0.336,4.9312,47.395,NaN,NaN,1.1529e+05,1.1529e+05
0.256,0.32,4.7638,47.812,NaN,NaN,1.2226e+05,1.2226e+05
0.256,0.304,4.9616,49.267,NaN,NaN,82883,82883
0.256,0.288,4.6123,50.529,NaN,NaN,43621,43621
0.256,0.272,3.9453,50.976,8.3475e+05,-1.4135e+06,-13883,13883
0.256,0.256,3.2672,50.502,5.2055e+05,-7.967e+05,-10328,10328
0.256,0.24,3.3153,50.619,3.3915e+05,-4.8826e+05,-5637.4,5637.4
0.256,0.224,3.4541,50.384,80393,-1.3539e+05,20833,20833
0.256,0.208,3.2936,50.998,-2.065e+05,1.5104e+05,48979,48979
0.256,0.192,1.4836,52.412,-6.0374e+05,6.0385e+05,84982,84982
0.256,0.176,-0.62783,55.047,-1.0909e+06,1.1562e+06,98682,98682
0.256,0.16,-2.5673,56.215,-1.5383e+06,1.7284e+06,82909,82909
0.256,0.144,-6.5078,56.617,-1.9341e+06,2.2156e+06,48307,48307
0.256,0.128,-8.3447,55.705,-2.1308e+06,2.5141e+06,50771,50771
0.256,0.112,-9.4051,53.2,-2.2836e+06,2.8104e+06,65351,65351
0.256,0.096,-11.558,52.365,-2.3556e+06,3.0734e+06,74961,74961
0.256,0.08,-12.531,50.682,-2.5083e+06,3.5097e+06,54998,54998
0.256,0.064,-11.693,48.699,-2.687e+06,3.9263e+06,28975,28975
0.256,0.048,-12.275,47.857,-1.8745e+06,2.7833e+06,9113.2,9113.2
0.256,0.032,-11.338,47.101,-9.7611e+05,1.448e+06,724.4,724.4
0.256,0.016,-8.8986,45.498,0,0,-740,740
0.272,0.496,-0.87921,58.38,0,0,0,0
0.272,0.48,0.97786,53.135,0,0,0,0
0.272,0.464,2.7538,51.74,NaN,NaN,0,0
0.272,0.448,3.2546,50.204,NaN,NaN,NaN,NaN
0.272,0.432,4.1748,49.59,NaN,NaN,NaN,NaN
0.272,0.416,5.8238,48.106,NaN,NaN,NaN,NaN
0.272,0.4,7.5948,47.465,NaN,NaN,NaN,NaN
0.272,0.384,8.6251,48.004,NaN,NaN,NaN,NaN
0.272,0.368,8.0204,47.324,NaN,NaN,NaN,NaN
0.272,0.352,6.4095,49.296,NaN,NaN,NaN,NaN
0.272,0.336,5.4461,50.558,NaN,NaN,NaN,NaN
0.272,0.32,5.3671,51.849,NaN,NaN,NaN,NaN
0.272,0.304,4.2796,52.775,NaN,NaN,NaN,NaN
0.272,0.288,3.6061,53.126,NaN,NaN,-35310,35310
0.272,0.272,3.6897,52.862,NaN,NaN,-55215,55215
0.272,0.256,3.8926,52.85,3.3571e+05,-9.0455e+05,-45798,45798
0.272,0.24,3.5703,52.778,5.3084e+05,-8.4505e+05,-34804,34804
0.272,0.224,3.0439,53.401,4.3861e+05,-7.2104e+05,-9518,9518
0.272,0.208,2.6481,52.546,2.7644e+05,-5.2265e+05,28371,28371
0.272,0.192,2.5018,51.403,-2.2857e+05,-99058,62276,62276
0.272,0.176,0.51927,52.381,-9.3535e+05,4.1405e+05,77933,77933
0.272,0.16,-2.5092,53.119,-1.6117e+06,9.374e+05,60022,60022
0.272,0.144,-5.7176,52.123,-2.1771e+06,1.4268e+06,32435,32435
0.272,0.128,-8.9844,51.851,-2.4502e+06,1.8354e+06,30899,30899
0.272,0.112,-10.375,54.616,-2.6417e+06,2.1282e+06,30327,30327
0.272,0.096,-11.484,54.593,-2.6676e+06,2.2686e+06,25425,25425
0.272,0.08,-11.212,54.439,-2.7422e+06,2.3756e+06,1962.2,1962.2
0.272,0.064,-10.773,51.229,-2.73e+06,2.3136e+06,-13564,13564
0.272,0.048,-8.4791,50.842,-1.8325e+06,1.5352e+06,-15821,15821
0.272,0.032,-7.5505,48.018,-8.8311e+05,6.9176e+05,-8936.5,8936.5
0.272,0.016,-7.9178,41.891,0,0,-2781.2,2781.2
0.288,0.496,-1.3688,61.85,0,0,0,0
0.288,0.48,-0.78489,60.042,0,0,0,0
0.288,0.464,0.3846,58.313,NaN,NaN,0,0
0.288,0.448,1.1456,56.754,NaN,NaN,NaN,NaN
0.288,0.432,2.1525,55.639,NaN,NaN,NaN,NaN
0.288,0.416,2.9547,54.138,NaN,NaN,NaN,NaN
0.288,0.4,5.7531,52.331,NaN,NaN,NaN,NaN
0.288,0.384,7.6155,51.647,NaN,NaN,NaN,NaN
0.288,0.368,7.4951,51.975,NaN,NaN,NaN,NaN
0.288,0.352,7.074,52.071,NaN,NaN,NaN,NaN
0.288,0.336,5.2546,53.032,NaN,NaN,NaN,NaN
0.288,0.32,4.8305,52.649,NaN,NaN,NaN,NaN
0.288,0.304,3.5384,52.783,NaN,NaN,NaN,NaN
0.288,0.288,2.7963,53.016,NaN,NaN,-95484,95484
0.288,0.272,3.4949,51.998,1.3052e+06,-9.9731e+05,-92925,92925
0.288,0.256,4.7436,52.067,1.2184e+06,-1.1381e+06,-79717,79717
0.288,0.24,5.1093,51.908,9.89e+05,-1.2748e+06,-61336,61336
0.288,0.224,4.6168,51.755,7.6543e+05,-1.267e+06,-27844,27844
0.288,0.208,3.9575,49.347,5.2081e+05,-1.2094e+06,199.6,199.6
0.288,0.192,3.9613,46.789,-57524,-1.0436e+06,27295,27295
0.288,0.176,1.8983,44.8,-8.3301e+05,-8.1264e+05,26257,26257
0.288,0.16,-1.3519,44.535,-1.5259e+06,-6.2639e+05,17182,17182
0.288,0.144,-4.0451,42.991,-1.9709e+06,-4.0756e+05,-5246.7,5246.7
0.288,0.128,-7.5261,42.084,-2.1976e+06,-1.4929e+05,-5094.9,5094.9
0.288,0.112,-8.3928,44.67,-2.4083e+06,1.9705e+05,-12486,12486
0.288,0.096,-8.7949,46.32,-2.5327e+06,5.2159e+05,-24181,24181
0.288,0.08,-9.2905,48.115,-2.6146e+06,7.3015e+05,-40612,40612
0.288,0.064,-9.0843,50.277,-2.4953e+06,7.2612e+05,-40660,40660
0.288,0.048,-6.8672,49.631,-1.6263e+06,4.7231e+05,-24205,24205
0.288,0.032,-6.1007,47.646,-7.3316e+05,1.6253e+05,-9973.6,9973.6
0.288,0.016,-5.075,44.366,0,0,-2268.2,2268.2
0.304,0.496,-2.0338,64.466,0,0,0,0
0.304,0.48,-2.2063,63.066,0,0,0,0
0.304,0.464,-2.2996,61.738,NaN,NaN,0,0
0.304,0.448,-1.628,60.688,NaN,NaN,NaN,NaN
0.304,0.432,-0.21015,59.329,NaN,NaN,NaN,NaN
0.304,0.416,0.0074318,57.429,NaN,NaN,NaN,NaN
0.304,0.4,2.5094,56.363,NaN,NaN,NaN,NaN
0.304,0.384,4.7431,55.141,NaN,NaN,NaN,NaN
0.304,0.368,4.9555,54.021,NaN,NaN,NaN,NaN
0.304,0.352,4.9424,52.678,NaN,NaN,NaN,NaN
0.304,0.336,4.057,51.297,NaN,NaN,NaN,NaN
0.304,0.32,2.4709,49.62,NaN,NaN,-1.0544e+05,1.0544e+05
0.304,0.304,1.7018,49.572,NaN,NaN,-89394,89394
0.304,0.288,2.7781,49.581,NaN,NaN,-88987,88987
0.304,0.272,3.433,48.952,1.3903e+06,-6.781e+05,-78345,78345
0.304,0.256,4.234,48.045,1.3217e+06,-7.9632e+05,-76294,76294
0.304,0.24,4.4239,47.72,1.1998e+06,-1.0842e+06,-63876,63876
0.304,0.224,3.4806,46.832,9.8989e+05,-1.3438e+06,-47472,47472
0.304,0.208,3.4843,46.059,6.2604e+05,-1.5418e+06,-29323,29323
0.304,0.192,2.6687,45.093,-66359,-1.661e+06,-12243,12243
0.304,0.176,0.27664,43.079,-9.0271e+05,-1.6936e+06,-15741,15741
0.304,0.16,-1.295,42.167,-1.5114e+06,-1.7286e+06,-26718,26718
0.304,0.144,-2.8243,40.512,-1.8212e+06,-1.6316e+06,-48371,48371
0.304,0.128,-4.1733,39.883,-1.9342e+06,-1.4561e+06,-40687,40687
0.304,0.112,-5.4459,41.107,-2.0825e+06,-1.1277e+06,-35705,35705
0.304,0.096,-6.7232,42.953,-2.1857e+06,-7.1939e+05,-37608,37608
0.304,0.08,-8.0974,45.115,-2.2151e+06,-2.5444e+05,-45888,45888
0.304,0.064,-6.9468,50.463,-2.0212e+06,1.7634e+05,-37383,37383
0.304,0.048,-4.4622,53.27,-1.2616e+06,2.7966e+05,-13988,13988
0.304,0.032,-3.2137,52.837,-5.3846e+05,1.7365e+05,-3084.8,3084.8
0.304,0.016,-2.6409,51.9,0,0,-235.27,235.27
0.32,0.496,-2.1435,56.11,0,0,0,0
0.32,0.48,-1.278,57.058,0,0,0,0
0.32,0.464,-0.97405,57.665,NaN,NaN,0,0
0.32,0.448,-1.0535,56.86,NaN,NaN,NaN,NaN
0.32,0.432,-0.64686,55.041,NaN,NaN,NaN,NaN
0.32,0.416,0.72615,53.847,NaN,NaN,NaN,NaN
0.32,0.4,1.8356,53.945,NaN,NaN,NaN,NaN
0.32,0.384,1.6981,52.726,NaN,NaN,NaN,NaN
0.32,0.368,1.4102,51.025,NaN,NaN,NaN,NaN
0.32,0.352,1.09,48.547,NaN,NaN,NaN,NaN
0.32,0.336,0.39021,46.384,NaN,NaN,49539,49539
0.32,0.32,-0.58315,44.694,NaN,NaN,-34549,34549
0.32,0.304,0.33889,44.84,7.2662e+05,-7.6767e+05,-43841,43841
0.32,0.288,1.6547,45.084,9.9074e+05,-3.391e+05,-64746,64746
0.32,0.272,3.2668,45.233,1.2651e+06,-2.6081e+05,-48885,48885
0.32,0.256,4.4725,44.921,1.4222e+06,-3.1086e+05,-42130,42130
0.32,0.24,5.1862,44.273,1.3588e+06,-6.4742e+05,-34895,34895
0.32,0.224,4.3055,43.243,1.1177e+06,-1.0336e+06,-34299,34299
0.32,0.208,3.4333,43.543,6.1742e+05,-1.3779e+06,-31329,31329
0.32,0.192,0.34296,43.538,-57312,-1.6152e+06,-22530,22530
0.32,0.176,-2.0967,42.407,-7.3382e+05,-1.717e+06,-38805,38805
0.32,0.16,-3.2977,43.219,-1.1403e+06,-1.722e+06,-62877,62877
0.32,0.144,-3.4194,42.204,-1.3219e+06,-1.541e+06,-95120,95120
0.32,0.128,-4.1774,44.055,-1.3559e+06,-1.2966e+06,-64573,64573
0.32,0.112,-4.0903,46.287,-1.391e+06,-9.0447e+05,-31194,31194
0.32,0.096,-4.3038,47.949,-1.3813e+06,-4.1721e+05,-5876.7,5876.7
0.32,0.08,-4.355,49.905,-1.3053e+06,2.1118e+05,-8609.4,8609.4
0.32,0.064,-3.5935,53.791,-1.0968e+06,8.9326e+05,-4971.6,4971.6
0.32,0.048,-2.7081,56.695,-6.4221e+05,8.5803e+05,8300.3,8300.3
0.32,0.032,-0.18159,59.02,-2.4927e+05,5.4271e+05,6279.8,6279.8
0.32,0.016,1.2261,56.063,0,0,1882.1,1882.1
0.336,0.496,-3.4372,47.736,0,0,0,0
0.336,0.48,-3.2396,49.588,0,0,0,0
0.336,0.464,-2.2743,50.882,NaN,NaN,0,0
0.336,0.448,-2.5569,50.265,NaN,NaN,NaN,NaN
0.336,0.432,-1.9269,49.821,NaN,NaN,NaN,NaN
0.336,0.416,-0.76273,49.242,NaN,NaN,NaN,NaN
0.336,0.4,0.156,47.962,NaN,NaN,NaN,NaN
0.336,0.384,1.0679,46.962,NaN,NaN,10602,10602
0.336,0.368,0.15485,45.679,NaN,NaN,25416,25416
0.336,0.352,-1.1175,44.253,NaN,NaN,42387,42387
0.336,0.336,-1.1,43.168,NaN,NaN,47006,47006
0.336,0.32,-1.2352,42.413,5.4362e+05,5.705e+05,-796.91,796.91
0.336,0.304,-0.59492,41.597,7.1316e+05,86516,-27376,27376
0.336,0.288,0.60219,41.441,8.9377e+05,1.086e+05,-41452,41452
0.336,0.272,3.2647,41.331,1.1887e+06,77101,-17158,17158
0.336,0.256,5.7773,40.727,1.4444e+06,3.4519e+05,-1282.7,1282.7
0.336,0.24,7.8547,38.359,1.5206e+06,4.4177e+05,5439,5439
0.336,0.224,6.963,35.447,1.3388e+06,2.4574e+05,-10106,10106
0.336,0.208,4.1489,35.729,8.8148e+05,-2.1646e+05,-19697,19697
0.336,0.192,1.2505,37.173,2.6169e+05,-8.5751e+05,-28817,28817
0.336,0.176,-0.63448,38.065,-2.967e+05,-1.1215e+06,-55426,55426
0.336,0.16,-1.5925,40.543,-6.1737e+05,-1.1454e+06,-86296,86296
0.336,0.144,-1.4706,43.17,-7.6245e+05,-7.8159e+05,-1.1072e+05,1.1072e+05
0.336,0.128,-2.1762,45.813,-7.2879e+05,-3.0202e+05,-64400,64400
0.336,0.112,-1.9423,47.515,-6.3457e+05,3.152e+05,-10396,10396
0.336,0.096,-1.0718,50.208,-5.1914e+05,8.7841e+05,30414,30414
0.336,0.08,-0.66359,51.319,-3.9933e+05,1.5735e+06,31376,31376
0.336,0.064,-0.042365,55.025,-3.4108e+05,2.1773e+06,25499,25499
0.336,0.048,0.84294,56.36,-1.8715e+05,1.7249e+06,22778,22778
0.336,0.032,1.2053,57.264,-88800,9.4729e+05,10309,10309
0.336,0.016,2.4482,59.003,0,0,2090.1,2090.1
0.352,0.496,-2.5898,36.885,0,0,0,0
0.352,0.48,-3.4103,40.29,0,0,0,0
0.352,0.464,-2.2851,41.7,NaN,NaN,0,0
0.352,0.448,-2.0029,43.288,NaN,NaN,NaN,NaN
0.352,0.432,-1.0752,45.441,NaN,NaN,NaN,NaN
0.352,0.416,-0.67056,45.885,NaN,NaN,38846,38846
0.352,0.4,-0.28323,45.022,NaN,NaN,36867,36867
0.352,0.384,0.59955,44.076,NaN,NaN,-1377.1,1377.1
0.352,0.368,-0.57301,42.138,87774,-3.0183e+06,-16224,16224
0.352,0.352,-1.4178,39.756,-64742,-3.3456e+06,-27380,27380
0.352,0.336,-1.5829,38.822,-1.6285e+05,-3.564e+06,-713.21,713.21
0.352,0.32,-0.68932,39.43,48416,-2.6399e+06,-224.11,224.11
0.352,0.304,0.47361,37.814,4.1178e+05,-1.5333e+06,-1122.2,1122.2
0.352,0.288,2.1898,35.64,7.2946e+05,-5.7747e+05,-5882.2,5882.2
0.352,0.272,4.0338,34.73,9.551e+05,-38943,15123,15123
0.352,0.256,5.6188,31.8,1.1718e+06,5.7827e+05,30755,30755
0.352,0.24,7.5261,29.488,1.2934e+06,1.0565e+06,33354,33354
0.352,0.224,6.8588,28.854,1.2289e+06,1.2711e+06,16665,16665
0.352,0.208,4.1452,29.932,9.5069e+05,9.8706e+05,-1025.4,1025.4
0.352,0.192,3.0549,33.357,5.1037e+05,1.4965e+05,-20817,20817
0.352,0.176,0.59147,34.431,1.2791e+05,-4.3281e+05,-64151,64151
0.352,0.16,-0.80446,37.847,-1.0182e+05,-4.7181e+05,-90964,90964
0.352,0.144,-1.5472,40.745,-1.8174e+05,81630,-98060,98060
0.352,0.128,-1.1464,43.039,-1.1743e+05,8.4724e+05,-37724,37724
0.352,0.112,-0.17579,44.729,-47755,1.5915e+06,18329,18329
0.352,0.096,0.96598,46.126,9501.2,2.1619e+06,54876,54876
0.352,0.08,1.3391,45.749,49038,2.5438e+06,52500,52500
0.352,0.064,2.6329,47.755,24943,2.5604e+06,37476,37476
0.352,0.048,2.5405,47.426,32318,1.7314e+06,21505,21505
0.352,0.032,1.1844,47.433,-16836,7.9813e+05,6293.9,6293.9
0.352,0.016,0.80339,47.723,0,0,423.54,423.54
0.368,0.496,-2.1243,19.011,0,0,0,0
0.368,0.48,-1.9221,24.454,0,0,0,0
0.368,0.464,-2.1508,30.749,NaN,NaN,0,0
0.368,0.448,-1.9468,35.038,NaN,NaN,NaN,NaN
0.368,0.432,-1.8507,39.66,NaN,NaN,-30862,30862
0.368,0.416,-2.0328,40.582,NaN,NaN,-3704.2,3704.2
0.368,0.4,-1.2159,39.939,3.1368e+05,1.4772e+05,-3999.5,3999.5
0.368,0.384,-0.69921,37.669,95346,-2.2859e+06,-18381,18381
0.368,0.368,-1.3915,31.763,7668.5,-3.0774e+06,-40910,40910
0.368,0.352,-2.5048,25.67,-2.3299e+05,-4.2907e+06,-44798,44798
0.368,0.336,-3.0598,24.617,-3.4781e+05,-4.3208e+06,-23170,23170
0.368,0.32,-3.284,24.159,-1.7857e+05,-3.4795e+06,-1214.7,1214.7
0.368,0.304,-0.83479,22.481,1.6642e+05,-2.235e+06,11552,11552
0.368,0.288,0.6933,23.067,4.7788e+05,-1.1137e+06,18331,18331
0.368,0.272,1.6474,19.55,6.7432e+05,-1.5455e+05,36425,36425
0.368,0.256,0.81788,18.957,7.6869e+05,7.8459e+05,42185,42185
0.368,0.24,0.8017,22.909,8.7476e+05,1.9138e+06,38710,38710
0.368,0.224,2.159,29.282,8.9477e+05,2.7103e+06,24164,24164
0.368,0.208,2.3896,31.452,8.7376e+05,2.8344e+06,9577.4,9577.4
0.368,0.192,-0.053209,33.624,6.8948e+05,2.1767e+06,-16013,16013
0.368,0.176,-2.0609,31.869,4.3381e+05,1.414e+06,-63308,63308
0.368,0.16,-2.0914,33.851,98723,9.537e+05,-81772,81772
0.368,0.144,-2.2575,39.342,-1.3589e+05,1.1456e+06,-68456,68456
0.368,0.128,-2.2217,42.605,-2.0119e+05,1.6286e+06,-9262.7,9262.7
0.368,0.112,-0.98916,43.309,-1.7425e+05,1.969e+06,34583,34583
0.368,0.096,-0.45381,40.462,-1.4581e+05,1.9921e+06,50237,50237
0.368,0.08,0.6493,36.912,-1.0177e+05,1.8487e+06,40463,40463
0.368,0.064,1.4987,35.841,-86535,1.3233e+06,21395,21395
0.368,0.048,0.64776,33.096,-16010,7.8506e+05,6420.8,6420.8
0.368,0.032,0.21161,32.276,-30744,1.3806e+05,-1332.5,1332.5
0.368,0.016,1.2073,29.727,0,0,-2167.8,2167.8
0.384,0.496,-2.8037,15.365,0,0,0,0
0.384,0.48,-1.7089,18.228,0,0,0,0
0.384,0.464,-1.2941,20.717,NaN,NaN,0,0
0.384,0.448,-1.1892,27.623,NaN,NaN,-1.5774e+05,1.5774e+05
0.384,0.432,-0.1717,29.519,NaN,NaN,-88594,88594
0.384,0.416,-0.69015,29.999,1.0015e+05,6.284e+05,-43173,43173
0.384,0.4,-0.49024,28.042,1.1799e+05,73139,-16676,16676
0.384,0.384,-0.60479,22.217,78830,-1.2691e+06,-28216,28216
0.384,0.368,-2.0019,13.713,2341.3,-2.2211e+06,-62448,62448
0.384,0.352,-2.2764,7.9124,-1.568e+05,-3.1125e+06,-73783,73783
0.384,0.336,-4.3155,7.3238,-2.4355e+05,-3.1748e+06,-42239,42239
0.384,0.32,-5.1882,7.5621,-1.5562e+05,-3.0545e+06,-1710.7,1710.7
0.384,0.304,-3.2555,6.4841,97887,-2.3128e+06,26497,26497
0.384,0.288,-1.79,10.145,3.4713e+05,-1.2018e+06,39407,39407
0.384,0.272,-2.44,10.055,4.3918e+05,1.9064e+05,55832,55832
0.384,0.256,-0.60206,16.806,4.5633e+05,1.3806e+06,56275,56275
0.384,0.24,1.1193,24.359,5.1029e+05,2.5704e+06,46856,46856
0.384,0.224,2.0982,30.653,5.9727e+05,3.5198e+06,30240,30240
0.384,0.208,2.8045,32.002,6.7441e+05,3.8057e+06,11763,11763
0.384,0.192,1.6799,30.347,5.6212e+05,3.1106e+06,-13807,13807
0.384,0.176,0.61326,27.25,3.122e+05,1.7441e+06,-57008,57008
0.384,0.16,0.12242,27.016,-31738,6.5411e+05,-67653,67653
0.384,0.144,-1.6609,28.524,-2.8217e+05,3.2619e+05,-50043,50043
0.384,0.128,-2.5439,30.15,-3.5421e+05,4.139e+05,2629.5,2629.5
0.384,0.112,-2.2839,31.507,-4.5308e+05,6.155e+05,31054,31054
0.384,0.096,-1.106,28.58,-4.4769e+05,7.4835e+05,30996,30996
0.384,0.08,0.048692,27.292,-3.9825e+05,6.6234e+05,10582,10582
0.384,0.064,1.228,26.066,-2.2158e+05,-65976,-7674.5,7674.5
0.384,0.048,-1.2088,18.999,-67748,-3.3914e+05,-12862,12862
0.384,0.032,-2.9525,15.323,-31345,-4.8375e+05,-8775.2,8775.2
0.384,0.016,-0.42343,10.357,0,0,-3568.5,3568.5
0.4,0.496,-0.59131,12.417,0,0,0,0
0.4,0.48,-0.50112,13.483,0,0,-1155.4,1155.4
0.4,0.464,0.0075678,13.614,NaN,NaN,-1189.2,1189.2
0.4,0.448,0.88774,16.209,NaN,NaN,-40038,40038
0.4,0.432,-0.32377,17.413,-2.2147e+05,1.3756e+05,-46945,46945
0.4,0.416,-0.82657,20.909,-51669,3.4047e+05,-38849,38849
0.4,0.4,-0.31704,17.987,77770,1.2267e+05,-27950,27950
0.4,0.384,0.68546,13.412,89435,-7.9832e+05,-31373,31373
0.4,0.368,0.77143,7.6245,22505,-1.4169e+06,-51431,51431
0.4,0.352,-0.28212,3.8956,-1.3617e+05,-2.0408e+06,-39122,39122
0.4,0.336,-2.7277,3.7064,-1.9269e+05,-1.9849e+06,-12156,12156
0.4,0.32,-3.2801,3.4664,-1.018e+05,-1.8122e+06,21090,21090
0.4,0.304,-2.5293,3.6094,78740,-1.1721e+06,34610,34610
0.4,0.288,-2.042,5.9138,2.5719e+05,-3.558e+05,43176,43176
0.4,0.272,-0.82851,10.76,3.5541e+05,8.5253e+05,57549,57549
0.4,0.256,1.1259,17.112,5.9379e+05,1.7709e+06,55702,55702
0.4,0.24,3.2608,22.291,8.5469e+05,2.7515e+06,42213,42213
0.4,0.224,4.5361,27.072,9.0777e+05,3.5828e+06,14433,14433
0.4,0.208,4.1359,28.897,7.7887e+05,3.9476e+06,-12941,12941
0.4,0.192,1.8418,24.765,4.6081e+05,3.3814e+06,-36805,36805
0.4,0.176,1.9284,18.969,3.3195e+05,1.7867e+06,-69292,69292
0.4,0.16,2.6242,14.829,27806,3.6069e+05,-76699,76699
0.4,0.144,1.0678,11.618,-2.0621e+05,-2.7481e+05,-67304,67304
0.4,0.128,-1.8039,8.2647,-3.8602e+05,-4.8175e+05,-25686,25686
0.4,0.112,-2.6284,6.5422,-4.7071e+05,-4.5363e+05,-4592.8,4592.8
0.4,0.096,-2.8083,19.623,-5.3904e+05,-6.4807e+05,-4884.8,4884.8
0.4,0.08,-1.2393,18.163,-5.5388e+05,-7.3203e+05,-22836,22836
0.4,0.064,-2.5916,14.733,-5.006e+05,-1.3966e+06,-29823,29823
0.4,0.048,-2.4267,11.992,-2.6606e+05,-1.0772e+06,-22877,22877
0.4,0.032,2.5495,6.0054,-1.3513e+05,-7.9477e+05,-10840,10840
0.4,0.016,-9.6105,-0.4706,0,0,-3596.3,3596.3
0.416,0.496,-0.89276,10.633,0,0,0,0
0.416,0.48,0.79667,10.531,0,0,-33812,33812
0.416,0.464,1.3351,11.565,2.0061e+05,1547.7,-58667,58667
0.416,0.448,1.0712,13.195,63623,-1.3538e+05,-89627,89627
0.416,0.432,1.2785,12.871,-84104,-1.3172e+05,-60980,60980
0.416,0.416,-0.15448,11.595,-1.1214e+05,-3215.4,-42789,42789
0.416,0.4,1.1731,11.563,-41762,-50913,-29078,29078
0.416,0.384,2.6991,7.9766,47425,-2.8541e+05,-26417,26417
0.416,0.368,1.8871,3.2297,53173,-4.2459e+05,-30266,30266
0.416,0.352,1.0253,2.7424,-10393,-3.925e+05,-11441,11441
0.416,0.336,0.51187,3.4581,-62623,-2.5193e+05,10011,10011
0.416,0.32,-0.76906,2.0481,25429,-2.7042e+05,29826,29826
0.416,0.304,-1.3783,3.5811,1.5485e+05,-28401,34413,34413
0.416,0.288,-0.18627,7.9723,3.513e+05,5.3347e+05,38859,38859
0.416,0.272,1.4502,10.727,4.5522e+05,1.4045e+06,48863,48863
0.416,0.256,2.2383,14.878,7.7427e+05,2.1129e+06,46927,46927
0.416,0.24,4.8335,19.831,9.8561e+05,2.6865e+06,33969,33969
0.416,0.224,5.045,23.424,8.836e+05,3.1013e+06,2731.9,2731.9
0.416,0.208,1.2566,23.626,4.646e+05,2.907e+06,-25367,25367
0.416,0.192,1.5393,20.891,-4910.1,1.8175e+06,-48611,48611
0.416,0.176,2.972,15.049,-17160,1.4526e+05,-74910,74910
0.416,0.16,2.4426,9.367,-73754,-1.0084e+06,-79214,79214
0.416,0.144,1.5139,6.3753,-97122,-1.3141e+06,-73176,73176
0.416,0.128,-0.06412,4.126,-1.8976e+05,-1.299e+06,-41705,41705
0.416,0.112,-1.9378,3.0448,-2.9062e+05,-1.0412e+06,-31580,31580
0.416,0.096,-2.3474,7.0327,-4.256e+05,-6.6309e+05,-30444,30444
0.416,0.08,-6.5733,14.391,-5.8307e+05,-5.1554e+05,-40327,40327
0.416,0.064,-7.3732,13.145,-7e+05,-9.098e+05,-35892,35892
0.416,0.048,-7.2363,9.7064,-4.3082e+05,-8.9915e+05,-23559,23559
0.416,0.032,-8.5883,8.405,-2.6601e+05,-5.3154e+05,-9421.7,9421.7
0.416,0.016,-7.892,-1.2698,0,0,-2685.8,2685.8
0.432,0.496,-0.245,8.3647,0,0,-5428.3,5428.3
0.432,0.48,0.89249,10.494,0,0,-98878,98878
0.432,0.464,0.74292,8.2432,6.0219e+06,1.21e+06,-1.5904e+05,1.5904e+05
0.432,0.448,1.481,8.2616,2.9482e+06,6.1866e+05,-1.8813e+05,1.8813e+05
0.432,0.432,0.98358,8.1131,1.5497e+06,2.8208e+05,-1.1641e+05,1.1641e+05
0.432,0.416,0.55189,6.0768,-1.9052e+05,-97694,-68982,68982
0.432,0.4,-0.23748,5.5823,-1.0958e+05,-1.204e+05,-43992,43992
0.432,0.384,0.39575,4.1722,-20928,-1.5243e+05,-27653,27653
0.432,0.368,1.066,2.3425,-30352,-1.1873e+05,-13308,13308
0.432,0.352,0.83129,2.023,-2.6981e+05,-1.1504e+05,3013,3013
0.432,0.336,-0.21896,2.9874,-1.5859e+05,-3.1907e+05,17522,17522
0.432,0.32,-1.9388,3.7394,-72594,-3.5742e+05,25065,25065
0.432,0.304,-0.60638,2.9779,1.9613e+05,-64970,26338,26338
0.432,0.288,1.3841,7.519,2.5591e+05,6.048e+05,26348,26348
0.432,0.272,2.2354,8.4059,4.0455e+05,1.169e+06,29805,29805
0.432,0.256,3.5123,10.193,7.12e+05,1.409e+06,26217,26217
0.432,0.24,4.3862,14.1,8.1272e+05,1.4957e+06,13849,13849
0.432,0.224,1.303,16.601,5.4099e+05,1.5038e+06,-10806,10806
0.432,0.208,-0.91916,15.45,16998,1.1115e+06,-31824,31824
0.432,0.192,-0.88851,13.583,-3.4048e+05,3.3934e+05,-45564,45564
0.432,0.176,-0.56212,11.287,-1.1781e+05,-5.4541e+05,-79320,79320
0.432,0.16,0.32061,6.4314,30844,-8.3911e+05,-90653,90653
0.432,0.144,-0.28345,3.7272,77749,-6.3546e+05,-99785,99785
0.432,0.128,-1.9996,3.0914,-73077,-3.0925e+05,-66001,66001
0.432,0.112,-1.5431,2.9457,-1.4962e+05,-4771.6,-56063,56063
0.432,0.096,-4.2285,2.9469,-1.8378e+05,84483,-45323,45323
0.432,0.08,-3.17,14.216,-3.8664e+05,4052.8,-41508,41508
0.432,0.064,-40.855,124.27,-6.5792e+05,-5.92e+05,-26710,26710
0.432,0.048,-3.2383,6.8914,-5.4302e+05,-5.7358e+05,-12824,12824
0.432,0.032,-74.868,-76.06,-2.8273e+05,-3.7911e+05,-4622.4,4622.4
0.432,0.016,-11.084,-16.311,0,0,-1486,1486
0.448,0.496,-0.37953,4.8121,0,0,-10857,10857
0.448,0.48,0.42976,6.6625,2.4239e+07,3.0534e+06,-1.4702e+05,1.4702e+05
0.448,0.464,3.2869,6.3579,3.8943e+07,8.5611e+06,-2.3994e+05,2.3994e+05
0.448,0.448,3.4894,7.2431,2.667e+07,5.9569e+06,-2.7561e+05,2.7561e+05
0.448,0.432,2.2618,6.5193,1.0156e+07,3.2016e+06,-1.7089e+05,1.7089e+05
0.448,0.416,0.67627,5.4745,3.5309e+06,6.9487e+05,-96637,96637
0.448,0.4,0.62284,4.3165,-7201.8,-1.678e+05,-59448,59448
0.448,0.384,0.11238,3.4332,-2.0041e+05,-1.353e+05,-32154,32154
0.448,0.368,-1.6074,0.81379,-1.3368e+05,-1.0224e+05,-16507,16507
0.448,0.352,-2.268,1.2507,-2.269e+05,-91481,-4940.3,4940.3
0.448,0.336,-8.6881,17.995,-2.7607e+05,-7.9987e+05,3687.9,3687.9
0.448,0.32,-0.55308,1.8387,-2.2013e+05,-8.374e+05,11596,11596
0.448,0.304,-0.84671,0.59144,24367,-6.4861e+05,14571,14571
0.448,0.288,-0.12817,3.5165,2.2178e+05,3.488e+05,15634,15634
0.448,0.272,0.7219,5.3125,3.4666e+05,6.8218e+05,15931,15931
0.448,0.256,1.5823,5.4661,4.2569e+05,8.5294e+05,11670,11670
0.448,0.24,1.0373,5.5181,2.4838e+05,8.9485e+05,4779,4779
0.448,0.224,-0.42186,6.7689,-94861,6.2088e+05,-7091.3,7091.3
0.448,0.208,-1.0009,6.7419,-3.9977e+05,75861,-13213,13213
0.448,0.192,-1.9647,7.0845,-4.2169e+05,-5.3373e+05,-19277,19277
0.448,0.176,-2.5381,6.4416,-1.1565e+05,-7.6271e+05,-56701,56701
0.448,0.16,-0.83629,3.6739,76428,-5.3082e+05,-80770,80770
0.448,0.144,-0.069618,2.7088,1.0294e+05,-2.9501e+05,-1.0331e+05,1.0331e+05
0.448,0.128,-1.1998,1.7651,-48966,7156.7,-74333,74333
0.448,0.112,-1.9727,4.4725,-4.1036e+05,6.2065e+05,-62900,62900
0.448,0.096,-1.723,10.219,-7.9016e+05,5.3109e+05,-44225,44225
0.448,0.08,1.9882,0.42818,-9.7494e+05,6.6257e+05,-32803,32803
0.448,0.064,-3.6198,9.0926,-1.5555e+06,-2.6757e+05,-14599,14599
0.448,0.048,2.0106,-6.8874,-9.159e+05,-1.7358e+05,-3579.2,3579.2
0.448,0.032,4.971,-4.0938,-6.136e+05,-2.1804e+05,124.1,124.1
0.448,0.016,1.4482,-1,0,0,-258.75,258.75
0.464,0.496,-14.253,-22.269,0,0,-14476,14476
0.464,0.48,-61.982,1.871,2.4239e+07,3.0534e+06,-1.3618e+05,1.3618e+05
0.464,0.464,2.9838,2.5777,3.5334e+07,7.1313e+06,-2.309e+05,2.309e+05
0.464,0.448,5.8699,1.9826,2.4062e+07,4.4236e+06,-2.6337e+05,2.6337e+05
0.464,0.432,4.7666,5.0464,7.7744e+06,1.7893e+06,-1.7303e+05,1.7303e+05
0.464,0.416,2.1228,2.9026,2.4315e+06,-29033,-92037,92037
0.464,0.4,-0.18545,3.7841,-8.065e+05,-3.2315e+05,-48752,48752
0.464,0.384,-3.8522,5.0421,-6.7518e+05,-70696,-21042,21042
0.464,0.368,-0.013344,-0.0098366,-2.8046e+05,-32912,-11478,11478
0.464,0.352,-0.33171,-0.55325,-2.2773e+05,-37640,-10783,10783
0.464,0.336,-0.35399,1.6391,-4.4426e+05,-1.6758e+06,-7606.7,7606.7
0.464,0.32,-3.9973,-13.349,-4.1828e+05,-1.7532e+06,-1337.2,1337.2
0.464,0.304,-0.97824,-0.026701,-2.3132e+05,-1.6664e+06,4133.5,4133.5
0.464,0.288,-1.5253,1.2649,62538,1.0057e+05,6795.9,6795.9
0.464,0.272,0.50912,2.2298,31994,1.6517e+05,4902,4902
0.464,0.256,0.83169,1.3104,-9848.1,60135,-202.23,202.23
0.464,0.24,-0.6514,0.065863,-63631,-3.9748e+05,-4726.4,4726.4
0.464,0.224,-1.2345,2.2551,-1.7501e+05,-5.6004e+05,-7176,7176
0.464,0.208,-3.1152,3.1241,-2.0723e+05,-7.5615e+05,-5929.1,5929.1
0.464,0.192,-2.5291,3.2137,-2.0151e+05,-4.5735e+05,-4242.1,4242.1
0.464,0.176,-1.5419,3.7811,-32560,-5.0957e+05,-40233,40233
0.464,0.16,0.35024,1.6497,3.5425e+06,-2.5067e+05,-72691,72691
0.464,0.144,1.4638,1.0275,4.5595e+06,-2.529e+05,-1.0778e+05,1.0778e+05
0.464,0.128,13.308,-17.037,6.2962e+06,69593,-85986,85986
0.464,0.112,5.6873,-12.807,-2.6221e+05,9.9778e+05,-65349,65349
0.464,0.096,-2.3248,7.816,-3.3068e+05,4.0171e+05,-37807,37807
0.464,0.08,-2.7597,-1.1145,-3.9845e+05,4.5121e+05,-22194,22194
0.464,0.064,75.746,52.064,-1.0346e+06,-3.1828e+05,-7810.5,7810.5
0.464,0.048,-20.741,9.2425,-8.6174e+05,71062,1077.3,1077.3
0.464,0.032,-1.9727,3.5712,-5.7298e+05,-34565,1907,1907
0.464,0.016,45.461,-33.609,0,0,694.08,694.08
0.48,0.496,-185.86,-244.4,0,0,-9047.2,9047.2
0.48,0.48,-527.27,-58.215,1.6159e+07,2.0356e+06,-63738,63738
0.48,0.464,-269.69,-69.523,2.1582e+07,4.3511e+06,-1.0985e+05,1.0985e+05
0.48,0.448,-71.119,-11.012,1.9596e+07,3.5275e+06,-1.1553e+05,1.1553e+05
0.48,0.432,-20.736,4.4646,6.5317e+06,1.5114e+06,-74377,74377
0.48,0.416,-16.439,4.0564,2.5149e+06,-14160,-30467,30467
0.48,0.4,-15.63,14.726,-7.3852e+05,-2.5597e+05,-16758,16758
0.48,0.384,-6.1485,3.4804,-6.2943e+05,-6624.2,-4427.7,4427.7
0.48,0.368,0.75086,-0.18934,-1.9535e+05,21011,-7666.2,7666.2
0.48,0.352,0.56542,-0.17963,41634,67862,-12542,12542
0.48,0.336,-0.82335,1.0975,-3.3661e+05,-1.3144e+06,-15450,15450
0.48,0.32,-11.701,-37.694,-3.6393e+05,-1.3813e+06,-11185,11185
0.48,0.304,-0.61297,-0.87793,-3.7955e+05,-1.4178e+06,-5342.9,5342.9
0.48,0.288,-0.052512,0.1234,12310,-18321,-1246.1,1246.1
0.48,0.272,-1.8047,-0.068356,-48930,-38551,-1133.9,1133.9
0.48,0.256,-3.3705,-1.1012,-83747,-1.2767e+05,-4500.7,4500.7
0.48,0.24,-1.1147,-1.7464,-45046,-5.0733e+05,-6412.7,6412.7
0.48,0.224,1.2345,1.6444,-41007,-5.4348e+05,-6174.9,6174.9
0.48,0.208,0.65827,3.0546,403.77,-5.5084e+05,-2311.2,2311.2
0.48,0.192,1.7899,1.172,-38482,-1.0443e+05,-202.76,202.76
0.48,0.176,2.7254,1.0921,18459,-1.4195e+05,-19328,19328
0.48,0.16,-4.5004,2.5136,3.5149e+06,-17391,-44602,44602
0.48,0.144,2.2518,-18.307,4.509e+06,-1.0757e+05,-67567,67567
0.48,0.128,87.223,-163.9,6.3036e+06,56544,-59452,59452
0.48,0.112,8.7049,-17.338,-1.9242e+05,6.5564e+05,-42440,42440
0.48,0.096,3.0357,-0.51851,-4.0516e+05,1.2384e+05,-22975,22975
0.48,0.08,2.0284,-0.81088,-4.0516e+05,1.2384e+05,-12793,12793
0.48,0.064,20.936,11.889,-9.2254e+05,-3.8397e+05,-3899.7,3899.7
0.48,0.048,-5.8692,16.835,-6.5483e+05,-39503,202.06,202.06
0.48,0.032,-0.0020846,-9.6043,-5.0931e+05,-30724,1857.4,1857.4
0.48,0.016,-4.2022,3.0903,0,0,776.36,776.36
0.496,0.496,-199.5,129.41,0,0,-3618.9,3618.9
0.496,0.48,-147.13,29.434,0,0,-14666,14666
0.496,0.464,-249.78,-114.39,-2.0338e+06,-8.1678e+05,-28258,28258
0.496,0.448,-106.5,-16.248,-2.2653e+06,-1.3755e+06,-27751,27751
0.496,0.432,-63.422,1.0261,-2.3945e+06,-1.4861e+06,-18151,18151
0.496,0.416,-33.182,15.101,-1.1569e+06,-8.3954e+05,-1383.8,1383.8
0.496,0.4,-142.65,208.14,-8.5341e+05,-2.6598e+05,3785.2,3785.2
0.496,0.384,-9.6689,4.2055,-4.8565e+05,-19167,5336.2,5336.2
0.496,0.368,2.3948,3.7747,-1.2246e+05,29309,-429.62,429.62
0.496,0.352,1.3898,2.464,9900.1,61853,-6613.7,6613.7
0.496,0.336,-12.752,-43.69,-2.1572e+05,-8.3541e+05,-10156,10156
0.496,0.32,-136.84,-526.24,-2.3133e+05,-9.0702e+05,-9136.1,9136.1
0.496,0.304,-13.739,-48.347,-2.2544e+05,-9.2386e+05,-5040.8,5040.8
0.496,0.288,-15.114,-48.562,-15498,-34713,-1648.9,1648.9
0.496,0.272,-6.169,-12.477,-1.0176e+05,-74868,-1156.1,1156.1
0.496,0.256,-36.802,-50.004,-1.3947e+05,-1.3236e+05,-3441.9,3441.9
0.496,0.24,-24.386,-55.897,-38959,-4.6675e+05,-5194.9,5194.9
0.496,0.224,0.55676,32.56,39923,-4.1177e+05,-4443.6,4443.6
0.496,0.208,1.7486,-9.9761,84301,-3.9126e+05,-1965.7,1965.7
0.496,0.192,2.7161,1.4168,5832,63676,-54.861,54.861
0.496,0.176,4.3019,-7.4643,-34146,-17104,-6818.3,6818.3
0.496,0.16,4.1752,-25.472,3.4334e+06,-52102,-17655,17655
0.496,0.144,-8.3878,-4.9074,3.8702e+06,-1.6637e+05,-26294,26294
0.496,0.128,-65.187,-107.79,4.4797e+06,-90149,-25687,25687
0.496,0.112,-0.75491,-0.29151,1.2359e+05,-12838,-16757,16757
0.496,0.096,-1.5791,0.3099,3.8188e+05,-4137.1,-9816.6,9816.6
0.496,0.08,-0.82123,-1.441,3.8188e+05,-4137.1,-4475.8,4475.8
0.496,0.064,-22.168,-6.6576,1.9514e+05,1.2062e+05,-2639.1,2639.1
0.496,0.048,-252.98,4.062,-78602,1.1352e+05,-564.75,564.75
0.496,0.032,-44.526,-36.381,-69868,1.0091e+05,573.64,573.64
0.496,0.016,-45.655,11.418,0,0,489.65,489.65
