0.016,0.496,-1.7695,1.9108,5253.3,-12348,-50.446,50.446
0.016,0.48,0.014026,0.84966,-517.75,-10997,-141.22,141.22
0.016,0.464,2.6904,1.438,3471.1,-8486.2,-347.91,347.91
0.016,0.448,-0.14584,1.0135,10749,-233.86,-711.95,711.95
0.016,0.432,0.5127,0.48051,37988,-2468.3,-943.19,943.19
0.016,0.416,1.7354,0.22702,-25850,-1060,-2550.2,2550.2
0.016,0.4,2.358,0.60368,-42139,1344.2,-9066.4,9066.4
0.016,0.384,3.4985,-0.064037,-60238,1006.8,-17402,17402
0.016,0.368,5.6409,-1.0048,6814.2,-3971.7,-20054,20054
0.016,0.352,3.5982,0.44054,-2731.6,-4485,-8958.9,8958.9
0.016,0.336,6.2783,2.4121,-7967.1,-3747.8,1606.8,1606.8
0.016,0.32,3.8156,0.072405,-13985,-3606.5,7771.4,7771.4
0.016,0.304,0.21514,0.68207,-5474.7,1153.6,1398.7,1398.7
0.016,0.288,0.70558,-0.68509,-8022.3,3562.5,-1704.1,1704.1
0.016,0.272,1.6079,-1.9642,-11448,5000.4,-5758.7,5758.7
0.016,0.256,0.75182,1.1189,-9688.4,1418.5,-3442.7,3442.7
0.016,0.24,3.4996,1.6826,-22631,-1894.8,-4313.6,4313.6
0.016,0.224,7.9083,0.8838,-26974,-3565.8,-1945.4,1945.4
0.016,0.208,6.9479,-0.45496,-20160,-3869.6,-831.24,831.24
0.016,0.192,1.2239,-0.082518,1631.9,-4891.5,5508.6,5508.6
0.016,0.176,-1.059,-0.5683,8741.4,-2743.3,7573.9,7573.9
0.016,0.16,-1.1367,-0.24793,7303.2,2039.3,6314.1,6314.1
0.016,0.144,-1.0036,0.75001,2430.9,4780.3,1695.9,1695.9
0.016,0.128,2.5296,-1.9805,-685.31,3564.8,-539.67,539.67
0.016,0.112,5.9699,0.57788,-13321,-9534,-627.59,627.59
0.016,0.096,1.547,2.0264,-21266,-8020.5,-400.25,400.25
0.016,0.08,4.9829,-1.0857,-17588,-8046.7,-290.66,290.66
0.016,0.064,11.477,0.10907,-3320.8,308.08,-196.64,196.64
0.016,0.048,3.5935,-0.39491,5060.9,-1536.5,-66.966,66.966
0.016,0.032,1.8265,0.1629,3973.5,-1291.8,-26.336,26.336
0.016,0.016,2.8848,-9.3606,0,0,21.231,21.231
0.032,0.496,-1.5587,2.8885,7619,-25435,-86.129,86.129
0.032,0.48,-0.97873,1.4833,-5015.8,-22512,-87.819,87.819
0.032,0.464,-0.64311,0.94539,-1426,-31417,-148.6,148.6
0.032,0.448,0.098617,1.3313,-1610.8,-11444,302.6,302.6
0.032,0.432,0.84744,0.7653,39820,-13108,592.35,592.35
0.032,0.416,1.8566,1.2494,85179,-58394,1236.5,1236.5
0.032,0.4,2.4244,1.0965,1.6489e+05,-1.3327e+05,1641.5,1641.5
0.032,0.384,0.46665,-0.06782,2.0007e+05,-1.4598e+05,2121.7,2121.7
0.032,0.368,0.46624,0.038704,1.4142e+05,-1.1293e+05,1518.9,1518.9
0.032,0.352,0.36386,-0.097251,34194,-28374,527.66,527.66
0.032,0.336,-0.39017,0.27137,-32930,-20793,-464.24,464.24
0.032,0.32,-0.087013,-0.14285,-26084,-1541.1,-587.51,587.51
0.032,0.304,-0.15617,-0.2117,-12632,-2022.3,-450.65,450.65
0.032,0.288,-0.50424,-0.16818,-11761,5296.4,-398.12,398.12
0.032,0.272,-0.3141,-0.39614,-20325,10505,-506.94,506.94
0.032,0.256,-0.24707,0.11861,-26878,-1898.6,-673.17,673.17
0.032,0.24,-0.37842,0.54729,-46418,-9872.1,-764.02,764.02
0.032,0.224,-0.31333,-0.12175,-45443,-16976,-703.24,703.24
0.032,0.208,-0.10302,-0.4472,-30676,-7423.6,-456.07,456.07
0.032,0.192,0.5518,-0.10573,-7543.7,2528.1,-236.92,236.92
0.032,0.176,0.45264,-0.27991,-3682.4,6230.9,-125.89,125.89
0.032,0.16,-0.027466,0.2308,-13136,783.95,-324.73,324.73
0.032,0.144,-0.50389,0.50162,-41748,107.68,-680.66,680.66
0.032,0.128,-0.021588,-0.24644,-74737,637.93,-1094.3,1094.3
0.032,0.112,-0.063361,-0.015601,-90993,-33177,-1131.2,1131.2
0.032,0.096,-0.63148,-0.23012,-1.0044e+05,-27472,-990.13,990.13
0.032,0.08,-0.22388,-0.16456,-71003,-18989,-417.18,417.18
0.032,0.064,0.057741,0.080307,-43733,19050,-108.25,108.25
0.032,0.048,0.29928,-0.47197,-6983.4,8602.6,172.58,172.58
0.032,0.032,-0.75907,0.045606,3146.1,-329.88,67.066,67.066
0.032,0.016,-0.75911,-4.9897,0,0,49.118,49.118
0.048,0.496,-0.082749,2.8699,-170.79,-26109,-129.76,129.76
0.048,0.48,0.70288,2.1903,-22599,-11019,-106.06,106.06
0.048,0.464,0.66164,2.4852,-37203,-37178,-145.72,145.72
0.048,0.448,0.83801,1.7981,-34726,-54193,314.22,314.22
0.048,0.432,-0.74385,1.1252,11344,-83533,912.03,912.03
0.048,0.416,0.51688,1.6706,69227,-1.1998e+05,2289.2,2289.2
0.048,0.4,6.9643,0.81082,1.3426e+05,-1.69e+05,3728.5,3728.5
0.048,0.384,6.0987,0.0087537,1.7726e+05,-1.7883e+05,4004.6,4004.6
0.048,0.368,4.0102,2.0552,1.2889e+05,-1.2161e+05,2494.7,2494.7
0.048,0.352,1.8595,1.7485,36623,-32120,268.46,268.46
0.048,0.336,0.57144,1.6111,-33032,-13808,-1127.6,1127.6
0.048,0.32,-0.52997,-0.24242,-29968,-10712,-1344.5,1344.5
0.048,0.304,-0.85025,-0.12802,-12527,-6890.1,-1062.8,1062.8
0.048,0.288,-0.58487,0.23689,-10390,1997.6,-787.3,787.3
0.048,0.272,-0.39429,-0.23545,-17440,8949.8,-639.69,639.69
0.048,0.256,-1.312,0.19202,-19853,-1837.4,-756.65,756.65
0.048,0.24,-1.3695,-0.19464,-38195,-9925.2,-842.18,842.18
0.048,0.224,-0.83952,-0.19994,-38592,-21946,-695.08,695.08
0.048,0.208,-0.56609,-0.25278,-26986,-11323,-242.11,242.11
0.048,0.192,-0.38735,0.092165,-6303.2,1080.6,-46.453,46.453
0.048,0.176,-0.45362,1.1035,-2637.3,9012.3,-168.02,168.02
0.048,0.16,-1.0404,-0.13181,-9493.6,1085.6,-844.35,844.35
0.048,0.144,-1.5519,-0.35269,-35298,-2535.7,-1477.7,1477.7
0.048,0.128,-1.9717,0.015415,-63838,-2230.2,-2086.7,2086.7
0.048,0.112,-2.3375,0.056216,-77340,-29142,-2043,2043
0.048,0.096,-1.8628,-1.272,-84405,-21359,-1473.3,1473.3
0.048,0.08,-2.1863,0.42999,-57781,-11115,-401.38,401.38
0.048,0.064,-1.2905,0.8636,-36315,22959,281.42,281.42
0.048,0.048,-0.51505,-0.17338,-4918.7,11356,498.44,498.44
0.048,0.032,-1.0276,1.2412,2806.1,234.29,203.15,203.15
0.048,0.016,-0.34878,-4.2937,0,0,89.146,89.146
0.064,0.496,1.3133,3.1062,-18200,-23464,-313.94,313.94
0.064,0.48,2.1633,2.4809,-38466,-3963,-154.44,154.44
0.064,0.464,2.8798,3.1382,-67044,-66512,238.48,238.48
0.064,0.448,2.5581,2.7258,-89800,-88784,1364,1364
0.064,0.432,2.5546,1.8037,-97658,-1.3917e+05,1678,1678
0.064,0.416,2.1834,2.7436,33161,-1.5671e+05,2808.4,2808.4
0.064,0.4,1.8371,3.076,1.4287e+05,-1.9511e+05,3354.1,3354.1
0.064,0.384,1.29,2.3764,1.9402e+05,-2.0837e+05,3202.8,3202.8
0.064,0.368,1.4973,2.2016,76897,-1.5663e+05,1041.7,1041.7
0.064,0.352,1.3849,3.281,61153,-1.0829e+05,-1334.8,1334.8
0.064,0.336,0.25446,0.83851,3152.7,-66095,-2561.3,2561.3
0.064,0.32,-0.24547,-0.097617,-26905,-82231,-2995.9,2995.9
0.064,0.304,-0.31084,-0.10924,-66617,-1.2451e+05,-1760.4,1760.4
0.064,0.288,-0.17866,-0.56455,-69249,-42877,-663.9,663.9
0.064,0.272,0.10047,-0.21417,-29085,3462.6,1494.7,1494.7
0.064,0.256,-0.24758,0.16798,-68502,60453,1468.9,1468.9
0.064,0.24,-0.5403,-0.10755,-27489,-48991,1244.3,1244.3
0.064,0.224,0.040606,0.27907,-34664,-52648,745.2,745.2
0.064,0.208,0.16914,0.044599,-16857,-34622,1223.1,1223.1
0.064,0.192,-0.47031,0.11177,-31617,25191,905.24,905.24
0.064,0.176,-0.33392,0.50007,-34416,43931,-51.75,51.75
0.064,0.16,-0.13341,-0.26327,-41357,51439,-1531.7,1531.7
0.064,0.144,-0.32823,-0.59977,-56346,34941,-2159.4,2159.4
0.064,0.128,-0.17238,-0.1516,-65774,8086.2,-2761.5,2761.5
0.064,0.112,-0.43789,0.2642,-5563.1,-77863,-2370,2370
0.064,0.096,-0.77028,-0.12024,43956,-84630,-1286,1286
0.064,0.08,-0.54162,0.19942,83309,-24011,251.73,251.73
0.064,0.064,-0.20873,0.45612,46300,56171,1028.7,1028.7
0.064,0.048,-0.3422,0.54417,23121,49385,984.5,984.5
0.064,0.032,-0.34772,0.76954,7945.5,-1325.8,393.67,393.67
0.064,0.016,-0.3809,0.6452,0,0,87.153,87.153
0.08,0.496,2.7358,1.9081,-22697,-1.0161e+05,-411.7,411.7
0.08,0.48,3.494,2.1816,-29446,-1.3292e+05,282.61,282.61
0.08,0.464,3.6938,3.4394,-33943,-2.3282e+05,1904.8,1904.8
0.08,0.448,3.4951,3.0355,-55209,-1.8201e+05,5353.6,5353.6
0.08,0.432,2.8102,4.4184,-1.35e+05,-2.1756e+05,6866.8,6866.8
0.08,0.416,2.2218,3.9524,-1.8566e+05,-1.4774e+05,5675.7,5675.7
0.08,0.4,2.0997,3.4244,-1.8576e+05,-98174,2937,2937
0.08,0.384,1.7982,3.828,-1.204e+05,-1.3064e+05,63.505,63.505
0.08,0.368,0.51034,2.6874,-1.1515e+05,-1.3908e+05,-1593.2,1593.2
0.08,0.352,1.6849,2.3008,-40669,-2.0256e+05,-3546.8,3546.8
0.08,0.336,3.8598,2.4251,-48300,-1.0933e+05,-4064.4,4064.4
0.08,0.32,-0.10385,2.0111,708.66,-1.0409e+05,-3726.7,3726.7
0.08,0.304,0.65511,-2.1667,26521,-1.4208e+05,-33.019,33.019
0.08,0.288,3.5884,-0.20021,8.1717e+05,-5.0639e+05,3516.9,3516.9
0.08,0.272,1.0503,3.1106,8.5499e+05,-5.2371e+05,8541.6,8541.6
0.08,0.256,-0.39762,0.86989,8.081e+05,-4.3292e+05,9399,9399
0.08,0.24,2.8414,1.8269,8694,-92833,7686.1,7686.1
0.08,0.224,1.8019,1.1784,-94552,-21265,5486.1,5486.1
0.08,0.208,0.42868,1.9937,-1.5966e+05,36950,4553,4553
0.08,0.192,-0.75263,1.0452,-1.6056e+05,1.3286e+05,2335.9,2335.9
0.08,0.176,-1.229,2.1725,-1.1125e+05,1.6585e+05,-512.55,512.55
0.08,0.16,-1.283,2.42,-49825,1.3814e+05,-3829.3,3829.3
0.08,0.144,-1.1387,1.6082,12413,61617,-3796.9,3796.9
0.08,0.128,-0.89646,0.58766,51432,-42029,-4029,4029
0.08,0.112,1.8656,-0.28631,1.0784e+05,-1.3421e+05,-3297.8,3297.8
0.08,0.096,3.6352,-2.1644,1.545e+05,-1.3843e+05,-1136.7,1136.7
0.08,0.08,3.4769,0.30927,1.7784e+05,-19557,1248.7,1248.7
0.08,0.064,2.8632,2.5476,1.1944e+05,55780,2375.8,2375.8
0.08,0.048,1.9333,1.7563,49013,70930,1828.2,1828.2
0.08,0.032,0.10943,-0.3051,3664.7,1758.6,639.1,639.1
0.08,0.016,-1.0566,1.7108,0,0,29.599,29.599
0.096,0.496,3.942,2.053,-16771,-1.1355e+05,-287.57,287.57
0.096,0.48,3.7299,2.6009,56676,-5.1868e+05,1841.2,1841.2
0.096,0.464,3.9738,4.6658,1.7683e+05,-1.0192e+06,6292.4,6292.4
0.096,0.448,4.6103,4.8749,2.2262e+05,-1.107e+06,14097,14097
0.096,0.432,4.0503,5.4277,1.5365e+05,-1.0437e+06,14000,14000
0.096,0.416,2.4316,4.1811,62866,-7.6874e+05,9691.5,9691.5
0.096,0.4,1.9462,3.6799,33639,-4.674e+05,297.86,297.86
0.096,0.384,3.4147,4.6539,46044,-2.3309e+05,-3342.4,3342.4
0.096,0.368,3.7121,4.1232,60454,-1.933e+05,-5541.4,5541.4
0.096,0.352,1.0513,4.0518,22197,-2.9936e+05,-6898.8,6898.8
0.096,0.336,0.67385,3.3908,-58911,-2.6368e+05,-7036.9,7036.9
0.096,0.32,0.93868,3.567,-13867,-1.5504e+05,-4941.3,4941.3
0.096,0.304,2.1694,4.4346,1.8963e+05,-1.3168e+05,3969.7,3969.7
0.096,0.288,3.0528,3.9975,1.1315e+06,-4.8522e+05,11794,11794
0.096,0.272,35.206,33.996,1.1378e+06,-5.5169e+05,21072,21072
0.096,0.256,5.9499,2.9638,9.2551e+05,-5.2459e+05,20276,20276
0.096,0.24,6.192,3.4372,-45161,-1.0967e+05,16845,16845
0.096,0.224,1.9812,2.6593,-3.0066e+05,1.2626e+05,11389,11389
0.096,0.208,0.72617,4.6348,-4.9512e+05,3.6016e+05,8897,8897
0.096,0.192,-1.2829,5.3059,-5.8862e+05,5.2091e+05,1431.3,1431.3
0.096,0.176,-1.7304,5.3877,-5.6112e+05,4.9171e+05,-5743.3,5743.3
0.096,0.16,-1.7002,5.091,-2.727e+05,3.5926e+05,-12681,12681
0.096,0.144,-0.98535,4.4871,66265,2.0364e+05,-9588.6,9588.6
0.096,0.128,0.22403,3.4813,2.7007e+05,-27843,-8532.5,8532.5
0.096,0.112,1.755,1.1837,2.3944e+05,-1.9574e+05,-4818.5,4818.5
0.096,0.096,1.2772,-0.15323,1.5386e+05,-2.6671e+05,-2528.6,2528.6
0.096,0.08,1.6645,0.22428,1.4194e+05,-84480,1884.1,1884.1
0.096,0.064,1.7829,2.0895,1.1146e+05,43687,3607.1,3607.1
0.096,0.048,0.769,2.0065,52758,75027,3278.8,3278.8
0.096,0.032,0.57586,1.1804,7143.3,5490.9,1278.9,1278.9
0.096,0.016,-1.4286,2.2044,0,0,80.38,80.38
0.112,0.496,4.3647,5.9413,-2740.5,-1.173e+05,57.315,57.315
0.112,0.48,4.2188,5.3756,1.0015e+05,-6.8566e+05,4627.5,4627.5
0.112,0.464,4.6844,4.7622,3.3198e+05,-1.8184e+06,13203,13203
0.112,0.448,5.3078,5.8519,3.6297e+05,-1.8962e+06,21177,21177
0.112,0.432,5.0841,6.2778,2.3681e+05,-1.6448e+06,19267,19267
0.112,0.416,5.1837,4.1714,23545,-1.0392e+06,11069,11069
0.112,0.4,5.0695,4.7931,-67469,-5.3507e+05,2656.3,2656.3
0.112,0.384,2.9757,7.4796,34546,-3.6275e+05,801.68,801.68
0.112,0.368,2.3959,8.2504,1.6067e+05,-3.4163e+05,349.33,349.33
0.112,0.352,4.3801,6.5911,-67828,-3.7232e+05,-2025.5,2025.5
0.112,0.336,0.39396,5.447,-3.535e+05,-2.1539e+05,-3781.6,3781.6
0.112,0.32,-0.072469,4.5538,-3.4587e+05,-70197,-501.97,501.97
0.112,0.304,1.7148,6.1291,1.2979e+05,3816.7,12006,12006
0.112,0.288,2.9873,5.6059,1.3755e+06,-5.4312e+05,24709,24709
0.112,0.272,4.1932,5.1413,1.4531e+06,-7.9104e+05,36150,36150
0.112,0.256,4.9641,4.035,1.2533e+06,-9.3525e+05,38809,38809
0.112,0.24,3.4668,1.6224,12411,-2.5748e+05,34896,34896
0.112,0.224,2.101,6.2781,-4.2897e+05,2.9538e+05,27483,27483
0.112,0.208,-0.69296,8.0181,-1.1017e+06,6.9876e+05,21273,21273
0.112,0.192,-3.161,8.9283,-1.2698e+06,1.0029e+06,3340.5,3340.5
0.112,0.176,-6.8616,7.5296,-1.1587e+06,8.4156e+05,-9541.5,9541.5
0.112,0.16,-6.8943,4.9798,-3.8022e+05,4.6236e+05,-24998,24998
0.112,0.144,-1.6389,7.1432,1.8401e+05,-51482,-18275,18275
0.112,0.128,-0.14688,6.6695,4.8413e+05,-4.8339e+05,-15436,15436
0.112,0.112,1.6384,4.845,3.5762e+05,-5.4087e+05,-8038,8038
0.112,0.096,1.3156,2.2222,1.7266e+05,-5.3511e+05,-4670.7,4670.7
0.112,0.08,0.49684,1.1765,49038,-2.4866e+05,1031.2,1031.2
0.112,0.064,0.65245,1.7383,-1562.8,-63836,4660.5,4660.5
0.112,0.048,0.38424,1.6224,-16970,5174.1,5485.3,5485.3
0.112,0.032,-0.27454,3.0249,-15867,-9736.7,2817.7,2817.7
0.112,0.016,-1.169,1.4036,0,0,597.43,597.43
0.128,0.496,3.1772,10.572,0,0,97.7,97.7
0.128,0.48,1.9615,11.873,1.4004e+05,-7.1243e+05,7679.8,7679.8
0.128,0.464,2.4323,10.453,5.7934e+05,-3.069e+06,17324,17324
0.128,0.448,3.394,9.9577,5.4074e+05,-2.8459e+06,24328,24328
0.128,0.432,2.1325,10.184,4.4277e+05,-2.5604e+06,19777,19777
0.128,0.416,0.52108,8.7453,2.676e+05,-2.0149e+06,17133,17133
0.128,0.4,-0.3078,8.7576,1.265e+05,-1.4718e+06,18458,18458
0.128,0.384,1.0857,10.054,68525,-9.5818e+05,24089,24089
0.128,0.368,3.6539,9.333,1.4674e+05,-5.8327e+05,19157,19157
0.128,0.352,1.2981,8.1108,-1.9664e+05,-4.6097e+05,8623.8,8623.8
0.128,0.336,-3.504,6.6844,-5.7992e+05,-2.4696e+05,658.35,658.35
0.128,0.32,-5.4355,6.2431,-6.7076e+05,-78884,3349.8,3349.8
0.128,0.304,-2.9634,4.8049,-57214,90995,19324,19324
0.128,0.288,0.2384,5.4041,5.6906e+05,-1.0568e+05,36156,36156
0.128,0.272,4.9918,7.0716,7.3106e+05,-4.9742e+05,53136,53136
0.128,0.256,4.6893,2.6324,5.3227e+05,-8.4812e+05,59571,59571
0.128,0.24,4.468,2.9439,1.4035e+05,-3.3202e+05,57871,57871
0.128,0.224,0.26193,9.1921,-2.6646e+05,5.6057e+05,49767,49767
0.128,0.208,-1.7435,13.008,-8.7445e+05,1.4133e+06,42775,42775
0.128,0.192,-4.7782,15.308,-1.1784e+06,1.9665e+06,11241,11241
0.128,0.176,-4.1013,14.374,-1.2467e+06,2.0081e+06,-10801,10801
0.128,0.16,-2.0572,12.493,-6.9943e+05,1.6876e+06,-40004,40004
0.128,0.144,-0.11281,8.4999,-92210,6.758e+05,-33325,33325
0.128,0.128,-0.33916,9.4538,3.9974e+05,-4.7682e+05,-28877,28877
0.128,0.112,1.7523,8.788,4.6513e+05,-1.0911e+06,-16201,16201
0.128,0.096,3.0515,5.429,2.937e+05,-1.0906e+06,-8282.8,8282.8
0.128,0.08,2.4408,4.5705,97288,-5.404e+05,-1013.6,1013.6
0.128,0.064,1.6011,3.6441,19118,-1.9671e+05,5699.3,5699.3
0.128,0.048,0.36591,2.0786,-12031,-58684,8780.4,8780.4
0.128,0.032,-0.26889,3.7622,-6153.5,-35842,5723.4,5723.4
0.128,0.016,-0.36462,0.15234,0,0,1718.1,1718.1
0.144,0.496,2.5669,24.292,0,0,32.06,32.06
0.144,0.48,1.3632,28.548,0,0,6960.5,6960.5
0.144,0.464,-0.012195,28.853,3.3988e+05,-3.0973e+06,16745,16745
0.144,0.448,-0.62254,28.591,2.5062e+05,-2.7601e+06,13426,13426
0.144,0.432,1.0613,22.614,1.8947e+05,-2.4635e+06,5553.4,5553.4
0.144,0.416,2.2967,15.309,9536,-1.9953e+06,4897.7,4897.7
0.144,0.4,0.74554,12.645,-2.3871e+05,-1.4292e+06,18792,18792
0.144,0.384,-0.31087,10.405,-4.7429e+05,-7.9511e+05,30046,30046
0.144,0.368,0.82494,9.2629,-5.1514e+05,-3.3286e+05,27870,27870
0.144,0.352,-1.056,8.0642,-6.9779e+05,-1.4935e+05,15088,15088
0.144,0.336,-3.7912,6.8864,-7.6759e+05,-69388,4156.3,4156.3
0.144,0.32,-4.1508,7.7922,-6.404e+05,-58716,4378.6,4378.6
0.144,0.304,-1.8829,9.2335,-35249,67451,20522,20522
0.144,0.288,-1.3023,9.1103,4.8537e+05,-1.5682e+05,40681,40681
0.144,0.272,1.3121,6.5203,6.5042e+05,-4.7396e+05,61558,61558
0.144,0.256,2.9259,5.261,5.217e+05,-8.1912e+05,73700,73700
0.144,0.24,2.3624,4.5795,2.8409e+05,-1.407e+05,76153,76153
0.144,0.224,0.30342,16.503,36498,8.8631e+05,71647,71647
0.144,0.208,-1.2513,17.112,-4.3742e+05,2.003e+06,61938,61938
0.144,0.192,-1.7446,23.32,-6.8126e+05,2.8194e+06,16878,16878
0.144,0.176,-4.2002,25.857,-7.5211e+05,3.1052e+06,-21118,21118
0.144,0.16,-3.9152,25.924,-4.8769e+05,2.9057e+06,-58783,58783
0.144,0.144,-2.4735,21.557,-1.5299e+05,1.4112e+06,-57828,57828
0.144,0.128,-0.76078,16.403,2.4442e+05,-4.9441e+05,-51975,51975
0.144,0.112,0.99842,11.018,4.4431e+05,-1.7086e+06,-40919,40919
0.144,0.096,2.5487,6.6503,3.6973e+05,-1.7113e+06,-25529,25529
0.144,0.08,2.9232,4.8122,1.284e+05,-8.942e+05,-11884,11884
0.144,0.064,2.0726,4.7206,22898,-3.9e+05,688.52,688.52
0.144,0.048,1.7237,3.4113,842.27,-1.6653e+05,7657.4,7657.4
0.144,0.032,1.0444,3.83,5639.3,-1.0055e+05,5152.5,5152.5
0.144,0.016,1.0579,-1.057,0,0,1626.8,1626.8
0.16,0.496,-1.0602,38.534,0,0,-127.22,127.22
0.16,0.48,-1.7555,39.131,0,0,4431.9,4431.9
0.16,0.464,-1.7942,38.166,NaN,NaN,10294,10294
0.16,0.448,-2.6874,34.894,NaN,NaN,4849.2,4849.2
0.16,0.432,-2.6343,28.797,6.485e+05,-3.9215e+06,-2442.4,2442.4
0.16,0.416,-2.1531,25.351,4.7941e+05,-3.6012e+06,-4918.4,4918.4
0.16,0.4,-1.2334,23.425,-1.1481e+05,-2.293e+06,3350.9,3350.9
0.16,0.384,-4.4394,18.726,-6.599e+05,-9.8743e+05,5264.3,5264.3
0.16,0.368,-6.6623,15.868,-8.5526e+05,-2.1831e+05,3200.3,3200.3
0.16,0.352,-5.7543,13.222,-7.8041e+05,-2.6046e+05,-5485.9,5485.9
0.16,0.336,-3.0904,11.08,-4.9514e+05,-4.7992e+05,-10298,10298
0.16,0.32,-2.1568,11.292,-1.799e+05,-5.5065e+05,-8628.3,8628.3
0.16,0.304,-1.492,13.491,2.5104e+05,-4.828e+05,5038.6,5038.6
0.16,0.288,-0.25115,14.078,5.1412e+05,-9.5844e+05,23301,23301
0.16,0.272,0.49645,13.195,5.7744e+05,-1.3808e+06,49356,49356
0.16,0.256,-0.44719,12.365,4.7165e+05,-1.4281e+06,64639,64639
0.16,0.24,0.47896,11.04,3.8854e+05,-2.4406e+05,71797,71797
0.16,0.224,-0.28098,19.853,3.175e+05,9.6358e+05,69333,69333
0.16,0.208,-1.2362,23.824,2.9637e+05,2.231e+06,61477,61477
0.16,0.192,-1.9653,25.803,1.5182e+05,3.1521e+06,16058,16058
0.16,0.176,-3.0746,31.172,-86385,3.8688e+06,-31854,31854
0.16,0.16,-1.9488,32.532,-4.54e+05,3.8541e+06,-77597,77597
0.16,0.144,-1.0593,29.839,-3.2612e+05,2.2218e+06,-90219,90219
0.16,0.128,0.064562,21.33,56830,-2.8627e+05,-86905,86905
0.16,0.112,0.9502,14.933,4.0865e+05,-2.0353e+06,-74343,74343
0.16,0.096,1.1931,8.2974,3.2778e+05,-2.1941e+06,-49724,49724
0.16,0.08,0.67896,5.6945,96931,-1.2507e+06,-26192,26192
0.16,0.064,1.2115,4.357,15499,-6.2116e+05,-6461.1,6461.1
0.16,0.048,1.6392,3.6377,9728.6,-2.703e+05,5179.2,5179.2
0.16,0.032,1.0672,3.7504,12417,-1.2206e+05,3372.2,3372.2
0.16,0.016,1.1402,0.5239,0,0,1046,1046
0.176,0.496,-1.9901,35.24,0,0,-42.407,42.407
0.176,0.48,-3.9001,35.296,0,0,-63.611,63.611
0.176,0.464,-3.4652,35.25,NaN,NaN,0,0
0.176,0.448,-3.4286,35.555,NaN,NaN,-46140,46140
0.176,0.432,-5.4107,33.063,NaN,NaN,-33288,33288
0.176,0.416,-5.1411,32.088,NaN,NaN,-30603,30603
0.176,0.4,-4.425,32.872,-1.1107e+06,-4.0217e+05,-24579,24579
0.176,0.384,-3.7144,33.451,-1.5591e+06,5.2254e+05,-24595,24595
0.176,0.368,-3.3573,32.249,-1.4964e+06,5.6255e+05,-53618,53618
0.176,0.352,-3.618,31.395,-9.2988e+05,9501.3,-76500,76500
0.176,0.336,-1.9902,27.718,-2.4712e+05,-6.0253e+05,-90444,90444
0.176,0.32,-2.2801,24.785,1.9422e+05,-7.8325e+05,-60139,60139
0.176,0.304,-1.4586,23.916,5.3868e+05,-5.2151e+05,-23184,23184
0.176,0.288,-0.42121,21.898,6.7331e+05,-8.5929e+05,18158,18158
0.176,0.272,2.57,21.444,6.8224e+05,-1.0639e+06,43350,43350
0.176,0.256,1.4216,23.322,6.014e+05,-1.3033e+06,57255,57255
0.176,0.24,-1.1121,22.66,4.4116e+05,-7.4924e+05,63206,63206
0.176,0.224,-2.4008,21.766,3.4364e+05,-53064,57184,57184
0.176,0.208,-1.5987,26.88,2.6217e+05,9.0023e+05,43290,43290
0.176,0.192,-1.8452,31.406,2.2639e+05,1.7935e+06,775.34,775.34
0.176,0.176,-2.6633,33.182,70355,2.5318e+06,-54096,54096
0.176,0.16,-3.0952,32.364,-1.8748e+05,2.3309e+06,-1.0101e+05,1.0101e+05
0.176,0.144,-1.478,27.69,-1.4517e+05,1.0076e+06,-1.2464e+05,1.2464e+05
0.176,0.128,-0.098046,21.437,1.4253e+05,-1.1709e+06,-1.2251e+05,1.2251e+05
0.176,0.112,0.50676,16.409,4.6831e+05,-2.4249e+06,-1.0892e+05,1.0892e+05
0.176,0.096,1.3944,9.8326,4.0439e+05,-2.5217e+06,-78283,78283
0.176,0.08,0.91256,7.7955,1.3767e+05,-1.6193e+06,-42339,42339
0.176,0.064,0.99768,8.4262,-73191,-9.541e+05,-14433,14433
0.176,0.048,1.2473,6.8817,-88018,-4.4504e+05,1045,1045
0.176,0.032,1.8204,4.8367,-53597,-1.8727e+05,-118.24,118.24
0.176,0.016,2.1634,2.5298,0,0,-237.69,237.69
0.192,0.496,-1.7416,33.61,0,0,0,0
0.192,0.48,-2.6624,34.347,0,0,0,0
0.192,0.464,-2.1283,35.936,NaN,NaN,0,0
0.192,0.448,-2.601,38.006,NaN,NaN,NaN,NaN
0.192,0.432,-3.9213,38.322,NaN,NaN,NaN,NaN
0.192,0.416,-3.5718,38.705,NaN,NaN,-57282,57282
0.192,0.4,-2.7941,41.717,NaN,NaN,-59658,59658
0.192,0.384,-1.6391,44.573,NaN,NaN,-62127,62127
0.192,0.368,-0.66883,45.445,NaN,NaN,-1.0661e+05,1.0661e+05
0.192,0.352,-0.29103,46.063,2.0316e+05,-1.8617e+06,-1.2752e+05,1.2752e+05
0.192,0.336,0.044488,44.806,2.7494e+05,-1.6423e+06,-1.3539e+05,1.3539e+05
0.192,0.32,-0.61205,43.388,3.5273e+05,-1.4467e+06,-1.0892e+05,1.0892e+05
0.192,0.304,0.12494,42.978,5.2605e+05,-8.7212e+05,-69244,69244
0.192,0.288,1.4658,42.079,6.5966e+05,-1.315e+06,-22935,22935
0.192,0.272,1.7005,40.387,6.6008e+05,-1.1927e+06,28502,28502
0.192,0.256,0.71319,37.723,7.0147e+05,-1.3288e+06,53965,53965
0.192,0.24,0.74063,33.123,6.0098e+05,-1.0913e+06,57207,57207
0.192,0.224,-0.079763,30.39,5.1863e+05,-9.8519e+05,40345,40345
0.192,0.208,-0.77352,33.507,3.5361e+05,-6.6652e+05,17778,17778
0.192,0.192,-1.6263,36.055,2.3684e+05,-2.4737e+05,-22007,22007
0.192,0.176,-1.6615,33.859,-15144,1.0927e+05,-78708,78708
0.192,0.16,-2.3451,30.63,-2.823e+05,-2.8705e+05,-1.3083e+05,1.3083e+05
0.192,0.144,-0.8088,25.467,-2.9096e+05,-1.1294e+06,-1.6025e+05,1.6025e+05
0.192,0.128,0.685,20.048,-1272.4,-2.5152e+06,-1.5223e+05,1.5223e+05
0.192,0.112,1.8805,17.204,4.1677e+05,-3.17e+06,-1.2826e+05,1.2826e+05
0.192,0.096,3.1375,14.011,5.2441e+05,-3.265e+06,-90994,90994
0.192,0.08,2.4237,13.168,3.6298e+05,-2.5555e+06,-47852,47852
0.192,0.064,0.99168,13.624,51371,-1.9164e+06,-15483,15483
0.192,0.048,0.70564,11.117,-79484,-9.8698e+05,1033.8,1033.8
0.192,0.032,2.9876,6.2257,-76799,-4.5902e+05,-514.61,514.61
0.192,0.016,3.2779,2.7036,0,0,-434.13,434.13
0.208,0.496,-0.5785,35.482,0,0,0,0
0.208,0.48,-1.1156,36.872,0,0,0,0
0.208,0.464,-1.4491,40.241,NaN,NaN,0,0
0.208,0.448,-2.551,43.326,NaN,NaN,NaN,NaN
0.208,0.432,-4.0064,45.324,NaN,NaN,NaN,NaN
0.208,0.416,-3.499,46.139,NaN,NaN,NaN,NaN
0.208,0.4,-2.8376,46.605,NaN,NaN,NaN,NaN
0.208,0.384,-2.6232,48.19,NaN,NaN,NaN,NaN
0.208,0.368,-2.348,49.373,NaN,NaN,-2.4947e+05,2.4947e+05
0.208,0.352,-2.0066,49.539,NaN,NaN,-2.4197e+05,2.4197e+05
0.208,0.336,-1.2719,50.395,NaN,NaN,-2.3257e+05,2.3257e+05
0.208,0.32,-1.3907,49.715,NaN,NaN,-1.6717e+05,1.6717e+05
0.208,0.304,-1.3732,48.44,6.0215e+05,1.2925e+06,-95890,95890
0.208,0.288,-0.047151,48.717,7.2287e+05,7.6627e+05,-18439,18439
0.208,0.272,0.20627,47.103,4.959e+05,5.8253e+05,40495,40495
0.208,0.256,0.41017,45.221,5.3386e+05,-1.7395e+05,61140,61140
0.208,0.24,2.2265,43.037,5.3183e+05,-8.711e+05,57268,57268
0.208,0.224,2.2157,40.216,5.6346e+05,-1.5973e+06,30265,30265
0.208,0.208,-0.25264,39.425,4.3881e+05,-1.8807e+06,-1585.4,1585.4
0.208,0.192,-0.99377,36.766,3.1169e+05,-1.9673e+06,-42120,42120
0.208,0.176,-0.82849,32.194,1.4153e+05,-2.1232e+06,-1.0213e+05,1.0213e+05
0.208,0.16,-2.3287,27.877,44503,-2.6322e+06,-1.5527e+05,1.5527e+05
0.208,0.144,-0.53008,25.337,41469,-2.9968e+06,-1.8358e+05,1.8358e+05
0.208,0.128,1.2741,22.524,2.3713e+05,-3.4758e+06,-1.6692e+05,1.6692e+05
0.208,0.112,2.5836,21.642,4.8705e+05,-3.5337e+06,-1.3555e+05,1.3555e+05
0.208,0.096,4.6004,20.358,5.6644e+05,-3.4691e+06,-93720,93720
0.208,0.08,5.1704,20.635,4.7728e+05,-3.1145e+06,-46766,46766
0.208,0.064,2.8425,21.415,2.3846e+05,-2.8927e+06,-13229,13229
0.208,0.048,2.4335,16.186,78892,-1.797e+06,1882.4,1882.4
0.208,0.032,3.4627,10.53,-3953.9,-9.4381e+05,-550.66,550.66
0.208,0.016,3.0004,5.6353,0,0,-596.21,596.21
0.224,0.496,1.405,40.505,0,0,0,0
0.224,0.48,0.70376,39.202,0,0,0,0
0.224,0.464,-0.45187,43.14,NaN,NaN,0,0
0.224,0.448,-2.0018,45.532,NaN,NaN,NaN,NaN
0.224,0.432,-2.6097,47.857,NaN,NaN,NaN,NaN
0.224,0.416,-2.6808,50.635,NaN,NaN,NaN,NaN
0.224,0.4,-2.5187,51.972,NaN,NaN,NaN,NaN
0.224,0.384,-2.7776,52.865,NaN,NaN,NaN,NaN
0.224,0.368,-2.5286,53.353,NaN,NaN,NaN,NaN
0.224,0.352,-1.6986,53.413,NaN,NaN,NaN,NaN
0.224,0.336,-1.298,53.239,NaN,NaN,NaN,NaN
0.224,0.32,-1.1468,52.929,NaN,NaN,-2.3003e+05,2.3003e+05
0.224,0.304,-1.3232,51.583,NaN,NaN,-1.5215e+05,1.5215e+05
0.224,0.288,-1.4832,50.543,NaN,NaN,-30649,30649
0.224,0.272,-1.3558,48.815,79092,1.0565e+06,45316,45316
0.224,0.256,0.068321,47.308,2.3399e+05,3.1733e+05,59648,59648
0.224,0.24,2.2608,46.073,3.5751e+05,-2.9849e+05,50677,50677
0.224,0.224,2.859,43.38,4.3367e+05,-9.6623e+05,17907,17907
0.224,0.208,1.3241,42.284,4.1206e+05,-1.5786e+06,-12691,12691
0.224,0.192,0.011222,40.5,3.3147e+05,-2.021e+06,-53143,53143
0.224,0.176,0.98224,37.787,2.5658e+05,-2.5118e+06,-1.0964e+05,1.0964e+05
0.224,0.16,1.4718,35.098,2.4976e+05,-2.9168e+06,-1.5859e+05,1.5859e+05
0.224,0.144,2.3474,34.089,2.6476e+05,-3.0873e+06,-1.8429e+05,1.8429e+05
0.224,0.128,3.0247,35.511,3.5292e+05,-3.1393e+06,-1.6508e+05,1.6508e+05
0.224,0.112,2.6278,35.754,4.4921e+05,-3.1579e+06,-1.3278e+05,1.3278e+05
0.224,0.096,2.6759,33.072,4.6329e+05,-3.1841e+06,-87950,87950
0.224,0.08,2.7442,31.796,3.9847e+05,-3.1098e+06,-43096,43096
0.224,0.064,3.7598,28.972,2.0777e+05,-3.0387e+06,-11732,11732
0.224,0.048,3.5789,24.155,71487,-1.9579e+06,1053.8,1053.8
0.224,0.032,3.5619,20.663,-10418,-1.0234e+06,-459.22,459.22
0.224,0.016,0.98128,18.431,0,0,-719.59,719.59
0.24,0.496,1.9637,44.941,0,0,0,0
0.24,0.48,1.4664,43.665,0,0,0,0
0.24,0.464,1.1758,46.043,NaN,NaN,0,0
0.24,0.448,0.16972,47.313,NaN,NaN,NaN,NaN
0.24,0.432,-0.20794,49.78,NaN,NaN,NaN,NaN
0.24,0.416,-0.50421,52.056,NaN,NaN,NaN,NaN
0.24,0.4,-1.3317,53.691,NaN,NaN,NaN,NaN
0.24,0.384,-1.2767,55.118,NaN,NaN,NaN,NaN
0.24,0.368,-1.4814,55.726,NaN,NaN,NaN,NaN
0.24,0.352,-2.0321,55.471,NaN,NaN,NaN,NaN
0.24,0.336,-2.3732,55.256,NaN,NaN,NaN,NaN
0.24,0.32,-1.4864,55.09,NaN,NaN,NaN,NaN
0.24,0.304,-1.5636,54.176,NaN,NaN,NaN,NaN
0.24,0.288,-1.4522,52.454,NaN,NaN,52519,52519
0.24,0.272,-0.82432,50.761,-1.6743e+05,9.414e+05,62429,62429
0.24,0.256,0.21315,50.02,-17985,3.5029e+05,47974,47974
0.24,0.24,1.0777,48.669,70377,-1.3256e+05,35724,35724
0.24,0.224,1.4446,47.075,1.2695e+05,-5.2693e+05,5619.6,5619.6
0.24,0.208,0.87302,46.962,1.5505e+05,-8.8091e+05,-15957,15957
0.24,0.192,0.63749,47.003,1.9685e+05,-1.2246e+06,-52188,52188
0.24,0.176,1.4332,47.574,2.5389e+05,-1.6032e+06,-96872,96872
0.24,0.16,1.0236,47.343,3.3495e+05,-1.932e+06,-1.3449e+05,1.3449e+05
0.24,0.144,0.86431,47.323,4.0236e+05,-2.1047e+06,-1.5225e+05,1.5225e+05
0.24,0.128,0.70848,46.725,4.598e+05,-2.1927e+06,-1.406e+05,1.406e+05
0.24,0.112,0.11628,45.498,4.3902e+05,-2.2483e+06,-1.1807e+05,1.1807e+05
0.24,0.096,0.629,43.322,3.223e+05,-2.2854e+06,-80449,80449
0.24,0.08,0.37072,41.256,1.8597e+05,-2.3087e+06,-40663,40663
0.24,0.064,0.024642,40.131,15845,-2.2915e+06,-11807,11807
0.24,0.048,-0.9773,39.203,-29548,-1.5329e+06,-1232.6,1232.6
0.24,0.032,-2.5057,39.134,-55026,-7.6753e+05,-888.29,888.29
0.24,0.016,-2.7102,39.144,0,0,-1043.8,1043.8
0.256,0.496,1.4083,48.945,0,0,0,0
0.256,0.48,2.0744,48.614,0,0,0,0
0.256,0.464,1.8476,49.376,NaN,NaN,0,0
0.256,0.448,2.1266,50.411,NaN,NaN,NaN,NaN
0.256,0.432,2.6201,51.549,NaN,NaN,NaN,NaN
0.256,0.416,2.1685,53.142,NaN,NaN,NaN,NaN
0.256,0.4,0.62694,54.313,NaN,NaN,NaN,NaN
0.256,0.384,0.31581,54.399,NaN,NaN,NaN,NaN
0.256,0.368,0.26903,54.59,NaN,NaN,NaN,NaN
0.256,0.352,-1.367,54.788,NaN,NaN,NaN,NaN
0.256,0.336,-2.8956,55.049,NaN,NaN,NaN,NaN
0.256,0.32,-2.7096,54.659,NaN,NaN,NaN,NaN
0.256,0.304,-1.7292,54.455,NaN,NaN,NaN,NaN
0.256,0.288,-1.2626,54.123,NaN,NaN,-1577.2,1577.2
0.256,0.272,-0.98253,53.459,NaN,NaN,46965,46965
0.256,0.256,-0.66578,53.605,-1.535e+05,2.4157e+05,35805,35805
0.256,0.24,0.59301,52.745,-1.3088e+05,-1.0739e+05,33462,33462
0.256,0.224,1.4507,52.109,-1.2203e+05,-1.9562e+05,-280.34,280.34
0.256,0.208,0.81894,52.174,-99620,-3.4528e+05,-19639,19639
0.256,0.192,1.3638,52.352,-59994,-4.8842e+05,-51500,51500
0.256,0.176,2.2232,51.691,-2170.1,-6.9182e+05,-85891,85891
0.256,0.16,0.75603,51.421,78750,-9.2959e+05,-1.0956e+05,1.0956e+05
0.256,0.144,0.10776,50.555,1.3902e+05,-1.1962e+06,-1.1527e+05,1.1527e+05
0.256,0.128,-0.73491,49.609,2.4183e+05,-1.4856e+06,-1.0583e+05,1.0583e+05
0.256,0.112,-1.6793,46.767,3.4144e+05,-1.7106e+06,-93909,93909
0.256,0.096,-1.0913,45.017,3.9224e+05,-1.8202e+06,-67698,67698
0.256,0.08,-1.2934,44.734,2.8429e+05,-1.6693e+06,-35033,35033
0.256,0.064,-2.3365,47.105,8624.8,-1.3659e+06,-9868.1,9868.1
0.256,0.048,-3.3309,48.434,-1.0095e+05,-7.7192e+05,-648.55,648.55
0.256,0.032,-4.4669,48.677,-1.169e+05,-3.2558e+05,-1064.3,1064.3
0.256,0.016,-4.4341,50.009,0,0,-853.73,853.73
0.272,0.496,0.19629,51.435,0,0,0,0
0.272,0.48,0.93575,52.679,0,0,0,0
0.272,0.464,1.1047,52.948,NaN,NaN,0,0
0.272,0.448,1.5414,53.696,NaN,NaN,NaN,NaN
0.272,0.432,2.3398,53.746,NaN,NaN,NaN,NaN
0.272,0.416,1.9697,54.257,NaN,NaN,NaN,NaN
0.272,0.4,1.3329,53.901,NaN,NaN,NaN,NaN
0.272,0.384,0.36454,52.499,NaN,NaN,NaN,NaN
0.272,0.368,-0.43682,51.96,NaN,NaN,NaN,NaN
0.272,0.352,-1.5449,51.626,NaN,NaN,NaN,NaN
0.272,0.336,-3.0372,52.48,NaN,NaN,-1.0967e+05,1.0967e+05
0.272,0.32,-4.2058,52.851,NaN,NaN,-60034,60034
0.272,0.304,-3.798,52.803,NaN,NaN,-85257,85257
0.272,0.288,-3.3581,52.551,NaN,NaN,-71513,71513
0.272,0.272,-2.9239,52.006,-9.7616e+05,-1.1954e+06,-9593.1,9593.1
0.272,0.256,-1.773,52.759,-8.497e+05,-1.1442e+06,21277,21277
0.272,0.24,-0.61581,52.321,-4.8755e+05,-7.1552e+05,35972,35972
0.272,0.224,0.66793,51.343,-2.6638e+05,-4.4014e+05,2055,2055
0.272,0.208,1.2531,50.392,-1.7271e+05,-2.7603e+05,-22155,22155
0.272,0.192,1.2346,50.139,-1.4119e+05,-2.0892e+05,-53389,53389
0.272,0.176,1.2372,50.254,-1.2665e+05,-2.6822e+05,-78308,78308
0.272,0.16,0.68632,49.093,-19240,-5.1631e+05,-93611,93611
0.272,0.144,-0.79336,47.003,1.0056e+05,-9.083e+05,-88685,88685
0.272,0.128,-2.3837,46.567,2.7742e+05,-1.3411e+06,-76504,76504
0.272,0.112,-2.5224,44.868,4.2287e+05,-1.5591e+06,-65650,65650
0.272,0.096,-1.2498,44.318,5.6717e+05,-1.4611e+06,-45854,45854
0.272,0.08,-0.73378,44.822,5.8349e+05,-1.1143e+06,-19236,19236
0.272,0.064,-1.2961,48.315,4.0308e+05,-7.7159e+05,699.16,699.16
0.272,0.048,-2.1231,49.561,1.895e+05,-4.0147e+05,5088.7,5088.7
0.272,0.032,-2.784,51.691,26567,-1.7857e+05,893.72,893.72
0.272,0.016,-4.4924,52.094,0,0,-613.12,613.12
0.288,0.496,0.6717,54.456,0,0,0,0
0.288,0.48,0.68101,52.677,0,0,0,0
0.288,0.464,0.47938,53,NaN,NaN,0,0
0.288,0.448,0.57115,53.445,NaN,NaN,NaN,NaN
0.288,0.432,1.6147,52.378,NaN,NaN,NaN,NaN
0.288,0.416,2.258,50.991,NaN,NaN,NaN,NaN
0.288,0.4,2.1775,49.48,NaN,NaN,NaN,NaN
0.288,0.384,1.335,48.167,NaN,NaN,NaN,NaN
0.288,0.368,0.17796,46.821,NaN,NaN,-66814,66814
0.288,0.352,-1.1708,46.329,NaN,NaN,-71118,71118
0.288,0.336,-2.8595,47.476,NaN,NaN,-84317,84317
0.288,0.32,-4.0513,48.224,-1.1593e+06,-2.9403e+06,-96613,96613
0.288,0.304,-4.7883,48.248,-1.1869e+06,-2.8726e+06,-1.2548e+05,1.2548e+05
0.288,0.288,-4.4506,47.675,-1.1522e+06,-2.7996e+06,-1.2302e+05,1.2302e+05
0.288,0.272,-3.8563,46.38,-1.0649e+06,-2.3272e+06,-60442,60442
0.288,0.256,-3.3103,46.687,-9.5251e+05,-1.963e+06,-377.57,377.57
0.288,0.24,-2.0198,47.168,-7.1421e+05,-1.4172e+06,38912,38912
0.288,0.224,-0.7148,46.872,-3.9296e+05,-8.8368e+05,13797,13797
0.288,0.208,1.2096,46.553,-1.4222e+05,-4.1259e+05,-14688,14688
0.288,0.192,1.4608,46.055,848.89,-88593,-45157,45157
0.288,0.176,0.93181,46.3,56635,-13964,-64545,64545
0.288,0.16,0.57787,45.052,1.9045e+05,-3.1177e+05,-73061,73061
0.288,0.144,-0.54609,42.225,3.5439e+05,-8.3101e+05,-63808,63808
0.288,0.128,-1.5575,41.213,4.9143e+05,-1.3565e+06,-47063,47063
0.288,0.112,-1.9024,41.265,5.7547e+05,-1.4823e+06,-31361,31361
0.288,0.096,-1.0939,42.432,7.2489e+05,-9.7233e+05,-11661,11661
0.288,0.08,0.21638,44.879,8.337e+05,-3.8817e+05,7754.3,7754.3
0.288,0.064,0.55357,46.951,7.3709e+05,-9294.8,18835,18835
0.288,0.048,-0.68391,47.352,4.2729e+05,-17431,15801,15801
0.288,0.032,-1.4103,50.128,1.3749e+05,-39733,5808,5808
0.288,0.016,-2.958,50.402,0,0,1039.2,1039.2
0.304,0.496,2.3899,52.478,0,0,0,0
0.304,0.48,1.9475,48.336,0,0,0,0
0.304,0.464,1.7426,47.339,NaN,NaN,0,0
0.304,0.448,2.1923,47.33,NaN,NaN,NaN,NaN
0.304,0.432,1.6354,46.224,NaN,NaN,NaN,NaN
0.304,0.416,1.6228,43.676,NaN,NaN,NaN,NaN
0.304,0.4,0.99476,41.705,NaN,NaN,NaN,NaN
0.304,0.384,0.13542,40.913,NaN,NaN,NaN,NaN
0.304,0.368,-0.087675,40.083,NaN,NaN,31967,31967
0.304,0.352,-0.65652,37.868,-9.6938e+05,-3.3893e+06,37773,37773
0.304,0.336,-2.2065,36.097,-9.6925e+05,-3.7314e+06,-10090,10090
0.304,0.32,-3.6498,36.485,-8.9467e+05,-3.4132e+06,-68538,68538
0.304,0.304,-4.7028,37.685,-8.3083e+05,-3.1793e+06,-1.254e+05,1.254e+05
0.304,0.288,-4.4689,38.43,-8.0198e+05,-2.8869e+06,-1.3756e+05,1.3756e+05
0.304,0.272,-3.9938,39.149,-9.2462e+05,-2.6599e+06,-85116,85116
0.304,0.256,-3.5835,39.057,-9.0285e+05,-2.2669e+06,-19889,19889
0.304,0.24,-3.1123,38.118,-7.3888e+05,-1.8143e+06,29977,29977
0.304,0.224,-2.0285,37.226,-3.1885e+05,-1.0509e+06,27589,27589
0.304,0.208,0.17792,37.957,54796,-3.06e+05,12545,12545
0.304,0.192,0.94074,39.545,2.6675e+05,2.0914e+05,-20018,20018
0.304,0.176,0.6118,38.214,3.9023e+05,1.7533e+05,-39703,39703
0.304,0.16,0.035478,36.584,4.5495e+05,-4.4108e+05,-46581,46581
0.304,0.144,-0.49947,33.807,5.58e+05,-1.0988e+06,-33167,33167
0.304,0.128,-0.24821,30.734,5.7265e+05,-1.4735e+06,-15934,15934
0.304,0.112,-1.4907,32.189,6.0003e+05,-1.2863e+06,2248.2,2248.2
0.304,0.096,-1.4712,34.406,7.3611e+05,-4.0717e+05,21982,21982
0.304,0.08,0.95152,38.857,8.6759e+05,4.0024e+05,33731,33731
0.304,0.064,0.36909,40.451,8.44e+05,9.3121e+05,34368,34368
0.304,0.048,-0.82056,42.383,5.1001e+05,6.0487e+05,22572,22572
0.304,0.032,-1.0006,43.96,1.8713e+05,2.7456e+05,9189.4,9189.4
0.304,0.016,-1.5332,43.223,0,0,1863.2,1863.2
0.32,0.496,3.902,49.462,0,0,0,0
0.32,0.48,3.7907,46.007,0,0,0,0
0.32,0.464,3.9405,45.306,NaN,NaN,0,0
0.32,0.448,3.1372,43.643,NaN,NaN,NaN,NaN
0.32,0.432,1.1334,40.948,NaN,NaN,NaN,NaN
0.32,0.416,-0.86544,37.009,NaN,NaN,-1.8762e+05,1.8762e+05
0.32,0.4,-1.6873,34.663,NaN,NaN,-1.4241e+05,1.4241e+05
0.32,0.384,-2.6279,32.939,NaN,NaN,-95865,95865
0.32,0.368,-1.2044,33.245,NaN,NaN,29005,29005
0.32,0.352,-1.5976,32.89,-1.0412e+06,-2.9961e+06,71100,71100
0.32,0.336,-2.7624,29.759,-9.9368e+05,-3.3767e+06,51150,51150
0.32,0.32,-3.0146,25.061,-8.6918e+05,-3.3239e+06,-19331,19331
0.32,0.304,-1.9193,22.826,-7.4978e+05,-3.3256e+06,-99768,99768
0.32,0.288,-1.8981,23.048,-6.4512e+05,-3.0622e+06,-1.311e+05,1.311e+05
0.32,0.272,-2.7456,24.377,-6.7901e+05,-2.9542e+06,-86884,86884
0.32,0.256,-5.5942,27.18,-6.1827e+05,-2.525e+06,-29941,29941
0.32,0.24,-3.1078,29.474,-4.5276e+05,-1.8687e+06,19491,19491
0.32,0.224,-1.8675,25.948,-79679,-9.104e+05,34710,34710
0.32,0.208,-0.94283,25.02,3.3444e+05,70595,38550,38550
0.32,0.192,0.54821,24.388,5.7128e+05,6.7365e+05,14258,14258
0.32,0.176,0.66079,22.124,7.1032e+05,6.4305e+05,-11076,11076
0.32,0.16,-0.032794,19.492,6.6681e+05,1104.4,-25435,25435
0.32,0.144,-1.6684,20.9,6.1634e+05,-7.8605e+05,-13182,13182
0.32,0.128,-1.8308,23.029,5.1029e+05,-1.0658e+06,5434.7,5434.7
0.32,0.112,-1.8275,26.661,4.4229e+05,-8.4751e+05,25864,25864
0.32,0.096,-2.1922,31.808,4.5549e+05,28219,40257,40257
0.32,0.08,-0.35503,34.103,4.3984e+05,7.7118e+05,46129,46129
0.32,0.064,0.69902,35.998,3.2593e+05,1.2716e+06,39133,39133
0.32,0.048,-0.11746,38.058,1.4976e+05,8.6479e+05,26010,26010
0.32,0.032,-1.2029,38.343,27612,4.5033e+05,10679,10679
0.32,0.016,-1.1836,36.498,0,0,2872.5,2872.5
0.336,0.496,2.7855,47.639,0,0,0,0
0.336,0.48,3.5468,42.215,0,0,0,0
0.336,0.464,1.6122,39.297,NaN,NaN,0,0
0.336,0.448,0.35851,37.701,NaN,NaN,NaN,NaN
0.336,0.432,-0.64798,34.625,NaN,NaN,-2.0833e+05,2.0833e+05
0.336,0.416,-1.6628,31.972,NaN,NaN,-1.3599e+05,1.3599e+05
0.336,0.4,-1.3161,29.099,-1.1162e+06,-3.625e+06,-78723,78723
0.336,0.384,-2.0026,25.035,-9.0937e+05,-3.5738e+06,-10504,10504
0.336,0.368,-3.681,26.697,-8.7065e+05,-3.4954e+06,72225,72225
0.336,0.352,-2.3497,30.118,-9.048e+05,-3.1789e+06,1.1932e+05,1.1932e+05
0.336,0.336,-2.1642,30.054,-9.2637e+05,-3.2425e+06,1.0406e+05,1.0406e+05
0.336,0.32,-4.4132,22.444,-8.0642e+05,-3.2938e+06,64595,64595
0.336,0.304,-3.8765,15.646,-6.2311e+05,-3.4019e+06,-9294.2,9294.2
0.336,0.288,-4.353,13.038,-4.4556e+05,-3.1976e+06,-41522,41522
0.336,0.272,-3.56,12.762,-4.0281e+05,-2.9436e+06,-38186,38186
0.336,0.256,-3.6248,15.175,-2.3273e+05,-2.2937e+06,-11891,11891
0.336,0.24,-1.9365,22.634,11667,-1.3476e+06,20230,20230
0.336,0.224,-0.94414,27.638,3.3073e+05,-85097,33388,33388
0.336,0.208,-0.92394,28.512,6.7146e+05,1.0066e+06,48166,48166
0.336,0.192,0.41298,25.623,8.6423e+05,1.5745e+06,29505,29505
0.336,0.176,0.62956,21.979,9.6276e+05,1.4325e+06,6815.2,6815.2
0.336,0.16,-0.29418,20.51,7.5021e+05,7.1413e+05,-14521,14521
0.336,0.144,-0.1669,22.437,4.9795e+05,-3.4564e+05,-540.79,540.79
0.336,0.128,0.54104,21.057,2.5105e+05,-1.0273e+06,16780,16780
0.336,0.112,-0.57539,24.6,1.5603e+05,-1.0521e+06,33210,33210
0.336,0.096,-1.467,29.634,1.3051e+05,-4.0308e+05,38772,38772
0.336,0.08,-1.9762,27.697,51359,1.8009e+05,41240,41240
0.336,0.064,-2.5355,26.489,-76377,4.3488e+05,33500,33500
0.336,0.048,-3.0707,28.963,-1.1743e+05,2.7459e+05,23426,23426
0.336,0.032,-5.2177,27.658,-77662,1.4142e+05,8305,8305
0.336,0.016,-3.9451,24.269,0,0,2284.9,2284.9
0.352,0.496,1.0479,39.393,0,0,-42.407,42.407
0.352,0.48,0.96011,35.972,0,0,-63.611,63.611
0.352,0.464,0.62054,32.791,NaN,NaN,0,0
0.352,0.448,-0.47897,30.471,NaN,NaN,-1.9017e+05,1.9017e+05
0.352,0.432,-1.5866,28.865,NaN,NaN,-1.5504e+05,1.5504e+05
0.352,0.416,-2.2723,26.165,-1.1703e+06,-4.0812e+06,-1.1643e+05,1.1643e+05
0.352,0.4,-2.7798,23.007,-1.0135e+06,-3.7829e+06,-55849,55849
0.352,0.384,-2.6371,20.31,-7.4747e+05,-3.4832e+06,-457.94,457.94
0.352,0.368,-2.9875,18.184,-5.4962e+05,-3.1158e+06,58263,58263
0.352,0.352,-3.4504,19.297,-5.9655e+05,-2.7812e+06,95771,95771
0.352,0.336,-4.3469,20.691,-7.5493e+05,-2.7196e+06,96870,96870
0.352,0.32,-5.5172,18.536,-7.7272e+05,-2.8381e+06,1.1075e+05,1.1075e+05
0.352,0.304,-5.4629,12.597,-6.8429e+05,-3.1104e+06,74556,74556
0.352,0.288,-6.1406,9.8011,-5.2798e+05,-3.0731e+06,56277,56277
0.352,0.272,-6.285,9.8337,-3.0515e+05,-2.6343e+06,16118,16118
0.352,0.256,-3.3799,12.113,1.2564e+05,-1.6784e+06,12827,12827
0.352,0.24,-1.5424,16.814,5.3832e+05,-4.4517e+05,18916,18916
0.352,0.224,-0.75561,24.391,7.9613e+05,7.8834e+05,22262,22262
0.352,0.208,1.1405,32.093,9.7331e+05,1.7153e+06,32045,32045
0.352,0.192,2.0819,30.74,9.7179e+05,2.1075e+06,22375,22375
0.352,0.176,0.59099,29.027,8.4667e+05,1.8669e+06,11526,11526
0.352,0.16,-0.29788,25.618,5.2781e+05,1.3423e+06,-2637.4,2637.4
0.352,0.144,0.25211,22.224,2.1073e+05,1.2736e+05,5219,5219
0.352,0.128,0.36223,19.867,89067,-7.6562e+05,17189,17189
0.352,0.112,-0.022968,18.156,75442,-1.1273e+06,22876,22876
0.352,0.096,-0.87515,19.129,70577,-7.4849e+05,24597,24597
0.352,0.08,-2.0978,16.955,-1.4401e+05,-5.4023e+05,27484,27484
0.352,0.064,-2.6617,13.588,-3.6809e+05,-7.2338e+05,25824,25824
0.352,0.048,-3.445,13.974,-3.2912e+05,-6.2156e+05,19490,19490
0.352,0.032,-3.5629,13.199,-1.6553e+05,-3.5233e+05,5641.8,5641.8
0.352,0.016,-3.7721,7.1927,0,0,1075.9,1075.9
0.368,0.496,-0.809,25.325,0,0,-133.8,133.8
0.368,0.48,-1.8055,25.123,0,0,-388.86,388.86
0.368,0.464,-0.62775,24.647,NaN,NaN,2863.3,2863.3
0.368,0.448,-2.0349,23.791,NaN,NaN,-30301,30301
0.368,0.432,-1.4408,21.302,-3.1947e+05,-1.6242e+06,-58143,58143
0.368,0.416,-2.0639,17.808,-6.0316e+05,-2.4264e+06,-42252,42252
0.368,0.4,-4.4179,14.052,-6.2889e+05,-2.7632e+06,-3207.6,3207.6
0.368,0.384,-4.3566,12.841,-5.5532e+05,-2.8834e+06,47469,47469
0.368,0.368,-2.1336,12.946,-4.18e+05,-2.7066e+06,70962,70962
0.368,0.352,-2.036,14.632,-3.9676e+05,-2.3926e+06,91341,91341
0.368,0.336,-5.3107,15.608,-5.2046e+05,-2.1978e+06,87350,87350
0.368,0.32,-6.0642,13.845,-6.0604e+05,-2.1258e+06,1.2835e+05,1.2835e+05
0.368,0.304,-6.0596,13.02,-6.453e+05,-2.1606e+06,1.3169e+05,1.3169e+05
0.368,0.288,-7.4925,12.259,-5.8614e+05,-1.9102e+06,1.4906e+05,1.4906e+05
0.368,0.272,-6.6454,14.665,-4.0551e+05,-1.4069e+06,1.0144e+05,1.0144e+05
0.368,0.256,-4.0779,14.871,99704,-6.4206e+05,64918,64918
0.368,0.24,-0.10909,15.501,6.0242e+05,-39031,35931,35931
0.368,0.224,2.18,19.036,9.2379e+05,5.851e+05,21776,21776
0.368,0.208,2.1882,22.942,9.0188e+05,9.6538e+05,23236,23236
0.368,0.192,-0.34784,22.228,6.8546e+05,1.2501e+06,12566,12566
0.368,0.176,-3.1186,20.695,4.5953e+05,1.2349e+06,14317,14317
0.368,0.16,-1.2748,19.074,2.1181e+05,1.0902e+06,17131,17131
0.368,0.144,0.17111,18.587,30915,3.6129e+05,28731,28731
0.368,0.128,-0.90609,17.232,24478,-3.8831e+05,29089,29089
0.368,0.112,-0.18961,14.491,1.2321e+05,-8.9827e+05,20832,20832
0.368,0.096,2.663,12.025,2.293e+05,-9.1195e+05,19544,19544
0.368,0.08,0.46966,9.8671,-27091,-1.0413e+06,24845,24845
0.368,0.064,-2.8441,8.0866,-2.7162e+05,-1.3473e+06,27040,27040
0.368,0.048,-4.1015,8.5599,-3.0873e+05,-1.0363e+06,19099,19099
0.368,0.032,-4.1535,8.483,-1.4645e+05,-5.6966e+05,6001.1,6001.1
0.368,0.016,-5.0325,5.3879,0,0,1169.3,1169.3
0.384,0.496,-0.33411,11.999,0,0,-382.91,382.91
0.384,0.48,1.3162,12.221,0,0,-1201.9,1201.9
0.384,0.464,0.41368,14.582,-5.2521e+05,-5.9698e+05,1622.2,1622.2
0.384,0.448,-2.5217,14.762,-5.8871e+05,-1.3929e+06,-12509,12509
0.384,0.432,-3.6343,14.341,-5.2558e+05,-1.4223e+06,-5765.9,5765.9
0.384,0.416,-2.989,13.929,-5.2966e+05,-2.0325e+06,3470.7,3470.7
0.384,0.4,-2.622,13.476,-4.3977e+05,-2.1539e+06,21628,21628
0.384,0.384,-2.7546,10.839,-3.483e+05,-2.2609e+06,32214,32214
0.384,0.368,-3.6604,10.381,-1.6838e+05,-2.0017e+06,49315,49315
0.384,0.352,-4.0268,11.159,-1.3486e+05,-1.7141e+06,82365,82365
0.384,0.336,-4.3882,10.173,-1.9604e+05,-1.5934e+06,91393,91393
0.384,0.32,-5.3262,8.3256,-2.6742e+05,-1.4298e+06,1.2699e+05,1.2699e+05
0.384,0.304,-4.8498,11.134,-3.7006e+05,-1.3005e+06,1.3928e+05,1.3928e+05
0.384,0.288,-6.178,15.825,-3.6959e+05,-9.2854e+05,1.8137e+05,1.8137e+05
0.384,0.272,-5.2825,18.649,-2.7873e+05,-3.9174e+05,1.5469e+05,1.5469e+05
0.384,0.256,-4.746,19.645,1.3653e+05,2.896e+05,1.2238e+05,1.2238e+05
0.384,0.24,-2.6122,15.456,4.4462e+05,3.4881e+05,66200,66200
0.384,0.224,0.038429,10.178,7.2901e+05,76664,35538,35538
0.384,0.208,0.1692,9.5014,6.0308e+05,-2.1184e+05,20244,20244
0.384,0.192,-2.2448,11.325,3.7452e+05,7815.6,15229,15229
0.384,0.176,-2.0775,11.375,84551,2.9115e+05,20819,20819
0.384,0.16,-0.27625,13.724,-39879,5.8821e+05,33564,33564
0.384,0.144,0.3112,15.732,-34370,5.972e+05,46469,46469
0.384,0.128,-0.30393,15.462,1.4213e+05,5.9294e+05,44848,44848
0.384,0.112,1.4486,13.551,3.3059e+05,2.4635e+05,29221,29221
0.384,0.096,2.4298,11.822,4.6075e+05,-1.8218e+05,23167,23167
0.384,0.08,2.1942,9.0171,78169,-7.4555e+05,24801,24801
0.384,0.064,-1.0939,6.2466,-2.9866e+05,-1.0627e+06,28097,28097
0.384,0.048,-3.363,7.3574,-3.93e+05,-7.4585e+05,18721,18721
0.384,0.032,-2.7644,6.724,-2.0287e+05,-3.5975e+05,7036.8,7036.8
0.384,0.016,-2.9905,5.3679,0,0,1696.8,1696.8
0.4,0.496,2.9095,14.331,0,0,-910.63,910.63
0.4,0.48,3.2781,11.063,92417,3701.7,-2416.1,2416.1
0.4,0.464,2.2074,10.009,-1.8712e+05,-3.0319e+05,242.21,242.21
0.4,0.448,-1.1694,8.8792,-2.5463e+05,-7.9906e+05,11975,11975
0.4,0.432,-4.3242,7.5719,-3.9336e+05,-1.0966e+06,28473,28473
0.4,0.416,-3.4356,9.1007,-2.76e+05,-1.3119e+06,46667,46667
0.4,0.4,-3.8496,9.2288,-1.6913e+05,-1.3051e+06,45303,45303
0.4,0.384,-3.954,8.6113,-15890,-1.2927e+06,40424,40424
0.4,0.368,-3.7821,7.29,59024,-1.188e+06,44108,44108
0.4,0.352,-2.9716,4.947,70086,-9.77e+05,69872,69872
0.4,0.336,-3.3842,4.9267,22855,-9.1423e+05,84519,84519
0.4,0.32,-3.6753,2.9472,-17546,-7.1511e+05,1.14e+05,1.14e+05
0.4,0.304,-2.4122,4.7351,-1.2919e+05,-4.461e+05,1.2791e+05,1.2791e+05
0.4,0.288,-4.5564,10.412,-1.8488e+05,-2.9476e+05,1.7731e+05,1.7731e+05
0.4,0.272,-5.346,11.15,-1.9645e+05,-1.5111e+05,1.7312e+05,1.7312e+05
0.4,0.256,-2.0794,13.251,-3.85e+05,-6.1652e+05,1.6124e+05,1.6124e+05
0.4,0.24,-1.6175,14.834,-6.5656e+05,-1.199e+06,1.1006e+05,1.1006e+05
0.4,0.224,-7.1736,8.9907,-7.2691e+05,-1.9055e+06,64881,64881
0.4,0.208,-1.5991,4.9596,-3.3034e+05,-1.6467e+06,41466,41466
0.4,0.192,-0.76655,2.8614,4.4448e+05,-1.0632e+06,34525,34525
0.4,0.176,-1.2982,5.6877,1.1762e+06,-2.8496e+05,54627,54627
0.4,0.16,-0.96525,10.237,1.348e+06,4.1296e+05,64027,64027
0.4,0.144,-0.52176,12.076,1.0671e+06,1.0828e+06,69862,69862
0.4,0.128,0.011215,14.632,7.0455e+05,1.3522e+06,63171,63171
0.4,0.112,1.909,15.269,5.5967e+05,1.0307e+06,47974,47974
0.4,0.096,2.1447,13.668,4.6254e+05,3.2717e+05,37417,37417
0.4,0.08,0.84367,10.807,-29143,-3.8225e+05,29432,29432
0.4,0.064,-1.7297,7.714,-4.098e+05,-7.2575e+05,26939,26939
0.4,0.048,-3.1876,6.6525,-4.6192e+05,-5.1219e+05,18939,18939
0.4,0.032,-4.0695,4.9481,-2.4922e+05,-1.7551e+05,9124,9124
0.4,0.016,-1.2547,5.3089,0,0,3069,3069
0.416,0.496,5.2931,13.171,0,0,-1282,1282
0.416,0.48,4.8405,9.5482,2.4192e+05,42589,-3225.8,3225.8
0.416,0.464,3.6027,5.6384,2.7462e+05,-1.0237e+05,-2093.3,2093.3
0.416,0.448,0.54155,3.0621,97142,-4.6807e+05,5024.3,5024.3
0.416,0.432,-2.1889,2.6403,-1.6583e+05,-6.688e+05,18966,18966
0.416,0.416,-3.5759,5.3876,-1.9935e+05,-8.8193e+05,35653,35653
0.416,0.4,-4.3573,7.0542,-1.4155e+05,-8.8179e+05,45498,45498
0.416,0.384,-2.5492,5.2509,-15349,-9.1107e+05,45885,45885
0.416,0.368,-0.14292,6.5534,1.7771e+05,-6.1425e+05,39073,39073
0.416,0.352,0.008646,5.5411,3.7696e+05,-2.8556e+05,46030,46030
0.416,0.336,-0.2007,5.0437,3.7508e+05,-2.178e+05,51862,51862
0.416,0.32,-1.9787,3.903,1.8046e+05,-2.0006e+05,82944,82944
0.416,0.304,-3.1228,4.6087,-74194,-2.2515e+05,94862,94862
0.416,0.288,-3.9007,5.3865,-75460,-3.7022e+05,1.3446e+05,1.3446e+05
0.416,0.272,-5.9305,3.1246,-1.5101e+05,-7.9011e+05,1.4014e+05,1.4014e+05
0.416,0.256,-5.4363,4.1013,-5.039e+05,-1.4238e+06,1.6053e+05,1.6053e+05
0.416,0.24,-21.877,5.1887,-2.2421e+06,-2.1147e+06,1.479e+05,1.479e+05
0.416,0.224,-21.086,15.319,-3.2527e+06,-3.1441e+06,1.1367e+05,1.1367e+05
0.416,0.208,-8.8627,1.5903,-2.5099e+06,-1.7909e+06,83226,83226
0.416,0.192,-2.1507,4.9122,2.2583e+06,-8.6331e+05,75444,75444
0.416,0.176,-0.09955,9.5408,5.4431e+06,2.6997e+05,1.0347e+05,1.0347e+05
0.416,0.16,1.2375,11.781,6.4699e+06,1.0731e+05,1.0719e+05,1.0719e+05
0.416,0.144,0.63599,12.802,3.7695e+06,4.5007e+05,89660,89660
0.416,0.128,0.73975,13.936,1.9739e+06,9.8076e+05,71458,71458
0.416,0.112,2.0456,16.388,9.6979e+05,8.946e+05,49294,49294
0.416,0.096,1.1091,16.37,4.0218e+05,4.2847e+05,36832,36832
0.416,0.08,-1.0992,12.69,-1.5799e+05,-2.9916e+05,21020,21020
0.416,0.064,-1.6282,8.3555,-3.9236e+05,-7.3932e+05,20255,20255
0.416,0.048,-3.0579,6.7913,-3.5282e+05,-5.9373e+05,16082,16082
0.416,0.032,-3.9213,6.1918,-1.9104e+05,-2.1603e+05,8755.4,8755.4
0.416,0.016,-1.7314,4.929,0,0,3013.2,3013.2
0.432,0.496,1.829,6.1462,27366,13889,-1140.1,1140.1
0.432,0.48,1.4358,5.0742,1.9581e+05,26986,-2841.8,2841.8
0.432,0.464,4.2337,3.0882,2.4398e+05,-19014,-1584.7,1584.7
0.432,0.448,4.8072,2.2761,1.5072e+05,-1.629e+05,2866.5,2866.5
0.432,0.432,-0.26085,0.33915,-58134,-4.4596e+05,13458,13458
0.432,0.416,-3.4284,3.7021,-96356,-5.8826e+05,30085,30085
0.432,0.4,-3.8247,4.1916,-1.2305e+05,-7.4219e+05,56613,56613
0.432,0.384,-3.8606,1.9652,-2.1836e+05,-8.5855e+05,76542,76542
0.432,0.368,-4.6069,2.4353,67038,-4.5761e+05,79496,79496
0.432,0.352,1.4148,7.0212,1.4462e+06,5.0568e+05,67046,67046
0.432,0.336,1.1465,6.9641,1.6422e+06,8.6999e+05,52066,52066
0.432,0.32,-0.1231,5.7481,1.2811e+06,7.639e+05,69183,69183
0.432,0.304,-3.5606,7.0139,-5.8774e+05,-3.8411e+05,85010,85010
0.432,0.288,-4.0612,2.6025,-6.0187e+05,-6.7188e+05,1.265e+05,1.265e+05
0.432,0.272,-3.1902,1.3443,-1.1428e+06,-2.1369e+06,1.3599e+05,1.3599e+05
0.432,0.256,-8.7703,2.3744,-1.2905e+06,-3.0545e+06,1.6916e+05,1.6916e+05
0.432,0.24,-123.99,8.465,-3.7247e+06,-4.3246e+06,1.8784e+05,1.8784e+05
0.432,0.224,-50.199,17.58,-6.5793e+06,-3.5194e+06,1.7556e+05,1.7556e+05
0.432,0.208,-37.727,13.488,-5.4576e+06,-2.1995e+06,1.4296e+05,1.4296e+05
0.432,0.192,-8.0294,29.543,-2.9806e+05,-1.3222e+06,1.2327e+05,1.2327e+05
0.432,0.176,-0.16435,11.98,5.3892e+06,-9.3128e+05,1.4483e+05,1.4483e+05
0.432,0.16,1.7287,12.74,7.7833e+06,-4.316e+05,1.458e+05,1.458e+05
0.432,0.144,1.7935,11.386,5.4796e+06,-79102,1.1027e+05,1.1027e+05
0.432,0.128,2.1707,11.768,2.7355e+06,5.8729e+05,74204,74204
0.432,0.112,2.7553,13.661,1.2366e+06,6.4819e+05,51879,51879
0.432,0.096,0.75715,13.483,2.9767e+05,3.5807e+05,44289,44289
0.432,0.08,-1.3352,10.418,-2.3873e+05,-2.5248e+05,32086,32086
0.432,0.064,-0.57773,7.9468,-5.0577e+05,-4.5125e+05,26632,26632
0.432,0.048,-1.907,6.0333,-3.4568e+05,-3.2654e+05,18449,18449
0.432,0.032,-10.182,31.016,-2.3195e+05,38182,10175,10175
0.432,0.016,-14.237,33.152,0,0,2842.7,2842.7
0.448,0.496,-0.082002,3.0987,18799,5316.9,-567.8,567.8
0.448,0.48,0.77136,2.932,89413,-9497.1,-1404.5,1404.5
0.448,0.464,0.16627,1.9057,1.9445e+05,4953.2,108.85,108.85
0.448,0.448,-1.063,0.43034,-49594,-5.3129e+05,3634.2,3634.2
0.448,0.432,-2.6096,-0.75675,-3.698e+05,-1.2241e+06,11980,11980
0.448,0.416,-4.942,-2.8044,-4.6887e+05,-1.3639e+06,27585,27585
0.448,0.4,-3.2992,1.9666,-6.072e+05,-1.7721e+06,56513,56513
0.448,0.384,-4.8781,-0.18752,-1.7878e+06,-3.0081e+06,99555,99555
0.448,0.368,-13.478,-2.0081,-3.477e+06,-3.4035e+06,1.2078e+05,1.2078e+05
0.448,0.352,-2.5823,4.4768,-1.1506e+06,-1.4165e+06,1.1549e+05,1.1549e+05
0.448,0.336,1.5681,5.2297,3.7036e+05,5.2594e+05,75559,75559
0.448,0.32,1.5607,4.2017,1.2449e+06,54383,72323,72323
0.448,0.304,0.38098,5.9159,-1.4029e+06,-1.6709e+06,75285,75285
0.448,0.288,-24.332,-0.5203,-1.6697e+06,-1.9663e+06,1.1797e+05,1.1797e+05
0.448,0.272,-1.6439,0.52082,-3.8803e+06,-1.406e+06,1.2978e+05,1.2978e+05
0.448,0.256,-26.725,11.406,-4.515e+06,-1.083e+06,1.6611e+05,1.6611e+05
0.448,0.24,-98.434,26.849,-8.1948e+06,-2.1047e+06,1.9312e+05,1.9312e+05
0.448,0.224,-91.945,31.911,-1.0179e+07,-2.665e+06,2.0349e+05,2.0349e+05
0.448,0.208,-68.296,22.112,-8.3893e+06,-2.939e+06,1.7538e+05,1.7538e+05
0.448,0.192,-39.939,13.452,-3.0205e+06,-2.5972e+06,1.5575e+05,1.5575e+05
0.448,0.176,-7.725,-0.34094,2.8366e+06,-2.2145e+06,1.4961e+05,1.4961e+05
0.448,0.16,0.5811,7.7229,6.294e+06,-1.1984e+06,1.4764e+05,1.4764e+05
0.448,0.144,1.2125,7.1878,5.1533e+06,-4.5485e+05,1.0364e+05,1.0364e+05
0.448,0.128,2.7611,7.656,2.1948e+06,1.3759e+05,63287,63287
0.448,0.112,4.5481,7.725,9.2839e+05,3.4413e+05,39293,39293
0.448,0.096,2.8489,7.3767,1.2294e+05,2.6241e+05,39394,39394
0.448,0.08,-0.81252,7.3572,-3.0782e+05,47924,41825,41825
0.448,0.064,-1.2,6.0936,-5.815e+05,1.4104e+06,40560,40560
0.448,0.048,-6.3013,21.195,-4.4088e+05,1.4753e+06,27989,27989
0.448,0.032,-1.1209,48.274,-2.8268e+05,1.514e+06,14858,14858
0.448,0.016,-17.1,26.257,0,0,4115.5,4115.5
0.464,0.496,-1.5289,0.23346,14132,4778.1,-50.997,50.997
0.464,0.48,-0.73407,0.76766,-16080,-10367,-325.91,325.91
0.464,0.464,-1.8629,0.86971,-32087,-19657,574.6,574.6
0.464,0.448,-1.7388,-0.62872,-2.3071e+05,-4.8178e+05,2714.6,2714.6
0.464,0.432,-8.4642,-15.666,-3.1524e+05,-1.0061e+06,9645.4,9645.4
0.464,0.416,-11.843,-19.621,-5.9422e+05,-1.917e+06,23984,23984
0.464,0.4,-3.0382,-0.087869,-1.2293e+06,-3.3383e+06,52801,52801
0.464,0.384,-17.871,-17.946,-4.1152e+06,-5.8756e+06,91226,91226
0.464,0.368,-55.925,-37.324,-7.2392e+06,-6.5706e+06,1.258e+05,1.258e+05
0.464,0.352,-88.511,-34.163,-5.1803e+06,-4.2409e+06,1.313e+05,1.313e+05
0.464,0.336,-3.0012,4.6504,-3.4868e+06,-1.1673e+06,98828,98828
0.464,0.32,0.073494,1.8193,-5.7504e+05,-6.0261e+05,76899,76899
0.464,0.304,-38.656,0.38364,-4.113e+06,-2.7452e+06,63342,63342
0.464,0.288,-127.55,1.1915,-2.7888e+06,-3.3283e+06,96560,96560
0.464,0.272,-89.828,18.052,-6.5132e+06,-1.4935e+06,1.0921e+05,1.0921e+05
0.464,0.256,-87.037,25.083,-7.2447e+06,-6.7406e+05,1.3438e+05,1.3438e+05
0.464,0.24,-116.37,20.905,-1.1002e+07,-3.0836e+06,1.4345e+05,1.4345e+05
0.464,0.224,-221.59,208.28,-1.2189e+07,-1.9833e+06,1.5192e+05,1.5192e+05
0.464,0.208,-141.56,-89.501,-1.2234e+07,-3.6793e+06,1.3318e+05,1.3318e+05
0.464,0.192,-52.174,9.2024,-9.7561e+06,-4.0844e+06,1.2753e+05,1.2753e+05
0.464,0.176,-33.697,2.093,-4.6494e+06,-3.6357e+06,1.1401e+05,1.1401e+05
0.464,0.16,0.016008,3.7255,77953,-2.1029e+06,1.1463e+05,1.1463e+05
0.464,0.144,-0.65073,2.8615,2.4325e+06,-80549,80149,80149
0.464,0.128,0.72674,3.3841,1.0314e+06,1.1971e+05,49947,49947
0.464,0.112,0.76014,1.5641,4.1622e+05,3.1269e+05,36238,36238
0.464,0.096,0.14662,4.5445,-1916.7,2.3792e+05,43577,43577
0.464,0.08,0.75794,4.674,-2.0777e+05,2.021e+05,54008,54008
0.464,0.064,-3.4734,17.059,-5.7174e+05,1.9076e+06,47956,47956
0.464,0.048,-7.9117,68.023,-4.5876e+05,1.8873e+06,29292,29292
0.464,0.032,-147.65,406.74,-3.1053e+05,1.818e+06,13627,13627
0.464,0.016,-63.963,292.42,0,0,3411.9,3411.9
0.48,0.496,-1.0232,0.052721,-7152.8,-6024.9,64.495,64.495
0.48,0.48,-1.0008,0.12212,-33977,-7696.1,2.5092,2.5092
0.48,0.464,-1.0833,1.8862,-10928,4591.9,127.66,127.66
0.48,0.448,-0.82539,0.36324,-1.6425e+05,-4.254e+05,260.36,260.36
0.48,0.432,-0.699,-0.16969,-2.2484e+05,-7.7722e+05,3470.2,3470.2
0.48,0.416,-0.9551,-0.30912,-5.4516e+05,-1.6645e+06,10065,10065
0.48,0.4,-18.132,-23.544,-1.1521e+06,-3.0026e+06,19481,19481
0.48,0.384,-23.287,-28.992,-3.8554e+06,-5.436e+06,32861,32861
0.48,0.368,-71.312,-52.666,-7.0879e+06,-6.267e+06,53819,53819
0.48,0.352,-72.675,-38.688,-6.3726e+06,-4.6565e+06,75125,75125
0.48,0.336,-108.72,-33.715,-4.9635e+06,-1.9223e+06,68717,68717
0.48,0.32,-69.499,-10.746,-2.0923e+06,-1.4056e+06,56432,56432
0.48,0.304,-127.85,71.367,-3.425e+06,-2.1706e+06,31940,31940
0.48,0.288,-116.39,44.245,-1.6764e+06,-2.4538e+06,44972,44972
0.48,0.272,-245.25,-96.524,-4.3674e+06,1.2575e+06,47833,47833
0.48,0.256,-187.45,57.605,-4.3674e+06,1.2575e+06,61892,61892
0.48,0.24,-437.3,415.8,-5.7354e+06,-4.2845e+05,59391,59391
0.48,0.224,-54.476,4.6832,-2.8018e+06,-1.793e+06,65802,65802
0.48,0.208,-292.05,-56.131,-6.6954e+06,-2.3128e+06,63941,63941
0.48,0.192,-89.534,0.8825,-6.5595e+06,-3.2038e+06,76117,76117
0.48,0.176,-49.535,-2.4403,-4.6138e+06,-2.4461e+06,69480,69480
0.48,0.16,-13.417,8.378,-1.2597e+06,-1.7861e+06,68362,68362
0.48,0.144,1.3455,0.40124,6.6092e+05,-25267,40888,40888
0.48,0.128,1.6238,0.55777,1.6014e+05,-87189,24376,24376
0.48,0.112,0.029792,1.1727,12941,52597,15305,15305
0.48,0.096,1.1197,0.50609,-32060,1.0846e+05,24181,24181
0.48,0.08,0.13659,1.9243,-1.1525e+05,2.7056e+05,34145,34145
0.48,0.064,0.29453,-0.087841,-2.6472e+05,1.8157e+06,32383,32383
0.48,0.048,-15.066,115.67,-2.5587e+05,1.7371e+06,20660,20660
0.48,0.032,119.98,254.58,-1.479e+05,1.573e+06,9173.4,9173.4
0.48,0.016,-38.546,86.785,0,0,2514,2514
0.496,0.496,-1.8195,-0.61437,-2578.1,51.891,5.0317,5.0317
0.496,0.48,-1.8679,-0.32097,-2232,20090,-134.58,134.58
0.496,0.464,-1.3241,3.3206,10008,20133,-636.96,636.96
0.496,0.448,7.9497,-1.3019,46692,77374,-1076.8,1076.8
0.496,0.432,-2.2682,-0.70724,1.5919e+05,2.2172e+05,-128.19,128.19
0.496,0.416,-2.4318,-0.1728,-1.5038e+05,-6.2435e+05,1590.8,1590.8
0.496,0.4,-141.73,-351.74,-6.7591e+05,-1.724e+06,1633.9,1633.9
0.496,0.384,-36.41,-41.295,-2.4052e+06,-3.1137e+06,-5028,5028
0.496,0.368,-0.9006,2.7319,-3.6951e+06,-3.2228e+06,1063.3,1063.3
0.496,0.352,-0.051214,3.5735,-3.6041e+06,-2.453e+06,16861,16861
0.496,0.336,-784.4,-440.72,-3.5923e+06,-1.484e+06,29619,29619
0.496,0.32,-299.12,79.592,-2.0648e+06,-4.6799e+05,27343,27343
0.496,0.304,-343.16,84.192,-2.0648e+06,-4.6799e+05,10899,10899
0.496,0.288,6.7068,3.8028,0,0,9510.4,9510.4
0.496,0.272,28.665,15.152,0,0,8938.5,8938.5
0.496,0.256,-44.856,-299.02,0,0,13023,13023
0.496,0.24,-20.926,25.727,-1.6011e+06,-1.0246e+06,7142.4,7142.4
0.496,0.224,-38.238,57.015,-1.6011e+06,-1.0246e+06,6801.2,6801.2
0.496,0.208,-28.968,10.64,-3.6395e+06,-8.7648e+05,8972.3,8972.3
0.496,0.192,-79.144,10.769,-3.4928e+06,-1.2547e+06,23802,23802
0.496,0.176,-59.811,-8.8659,-3.3161e+06,-1.0352e+06,28276,28276
0.496,0.16,-27.565,2.6223,-1.1725e+06,-1.1041e+06,29182,29182
0.496,0.144,-10.371,4.2844,-25683,20733,16063,16063
0.496,0.128,-1.0799,1.11,1.7492e+05,-54325,8168.2,8168.2
0.496,0.112,-0.40584,1.8466,34462,7892.3,6245.4,6245.4
0.496,0.096,0.42346,-1.618,-6321.4,36446,11719,11719
0.496,0.08,0.69499,1.4194,10872,96.972,15431,15431
0.496,0.064,0.010675,-0.49846,-2660.6,-12411,12913,12913
0.496,0.048,-15.455,145.68,7215.9,-35245,6363.3,6363.3
0.496,0.032,-43.63,563.44,0,0,1943.1,1943.1
0.496,0.016,-7.6417,228.82,0,0,279.41,279.41
