0.016,0.496,-1.3233,3.4673,16224,-24255,72.172,72.172
0.016,0.48,-1.0053,2.8021,22763,-24853,232.23,232.23
0.016,0.464,-0.024994,1.9282,26159,-29151,469.88,469.88
0.016,0.448,-0.35011,0.0050165,10024,-6821.5,544.89,544.89
0.016,0.432,3.1196,-0.39373,-22561,1745.8,489.61,489.61
0.016,0.416,2.9057,-1.0698,-28395,13033,1172.2,1172.2
0.016,0.4,2.0921,3.2001,13314,-41505,2802.9,2802.9
0.016,0.384,2.2513,1.2151,95092,-85725,4503.5,4503.5
0.016,0.368,3.9908,-0.27387,1.4851e+05,-1.0053e+05,4236.4,4236.4
0.016,0.352,2.5489,-0.22378,1.301e+05,-21400,3377.5,3377.5
0.016,0.336,5.9098,0.32043,70380,11310,3472.9,3472.9
0.016,0.32,4.2946,0.86248,19425,17410,3518.2,3518.2
0.016,0.304,0.95721,0.85424,-10980,-5586.9,2567.5,2567.5
0.016,0.288,1.0268,-0.22204,-15055,-313.01,-306.99,306.99
0.016,0.272,1.7625,-1.2032,-19699,1577.4,-1884,1884
0.016,0.256,0.56608,0.56258,-22544,1907.2,-5059.9,5059.9
0.016,0.24,3.0864,0.77152,-41646,-1611.3,-7503.6,7503.6
0.016,0.224,8.2061,0.51808,-47943,-2790.9,-7610.7,7610.7
0.016,0.208,7.5065,-0.92787,-36252,-5971.2,-3595.9,3595.9
0.016,0.192,1.2646,-0.16177,-5083.5,-3223,828.13,828.13
0.016,0.176,-0.94837,-0.7209,6697.5,-240.73,2185.7,2185.7
0.016,0.16,-1.6887,-0.4042,8964.9,3677.9,1481,1481
0.016,0.144,-1.8879,0.67585,1240.3,3350.2,294.66,294.66
0.016,0.128,2.0458,-2.8574,-5683.1,1166.1,-246.78,246.78
0.016,0.112,5.9093,-0.13762,-20287,-7205.7,-466,466
0.016,0.096,1.4545,1.8143,-28006,-5496.8,-496.28,496.28
0.016,0.08,6.0287,-1.2862,-22295,-4513.5,-484.22,484.22
0.016,0.064,8.6884,-0.11089,-8569.3,-983.26,-370.52,370.52
0.016,0.048,3.9978,-0.083998,2867.7,-3327.4,-149.93,149.93
0.016,0.032,1.7654,-1.4376,3214.5,-4109,-21.657,21.657
0.016,0.016,2.514,-9.0606,0,0,40.101,40.101
0.032,0.496,-0.99372,4.1617,24959,-71589,290.99,290.99
0.032,0.48,-0.58394,2.3049,40540,-65524,786.98,786.98
0.032,0.464,-0.6034,2.2435,34491,-71867,842.63,842.63
0.032,0.448,-0.26685,0.989,-7402.5,-7060,1301.9,1301.9
0.032,0.432,0.12085,0.56931,-62305,-48742,1427.3,1427.3
0.032,0.416,-0.94834,1.0955,-56299,-89804,2413.4,2413.4
0.032,0.4,0.91493,1.5178,13041,-1.623e+05,3214.9,3214.9
0.032,0.384,4.2914,-0.2728,82445,-1.6983e+05,4028.7,4028.7
0.032,0.368,4.0251,0.70193,1.2753e+05,-1.3549e+05,3993.5,3993.5
0.032,0.352,3.2913,1.3474,1.1315e+05,-5219.3,3065.1,3065.1
0.032,0.336,2.7063,2.7904,70387,19908,1600.2,1600.2
0.032,0.32,0.47317,0.83441,16109,31677,163.15,163.15
0.032,0.304,-0.068598,-0.27277,-28694,-18470,-638.84,638.84
0.032,0.288,-0.60974,-0.06555,-25753,892.15,-999.72,999.72
0.032,0.272,-0.49188,-0.23808,-44910,7578.9,-1135.6,1135.6
0.032,0.256,-0.44216,0.1161,-76895,-9542.9,-1479.2,1479.2
0.032,0.24,-0.65995,0.45295,-1.1525e+05,-16074,-1562.8,1562.8
0.032,0.224,-0.43444,-0.17949,-1.0617e+05,-32021,-1264.9,1264.9
0.032,0.208,-0.162,-0.48923,-63025,-13350,-651.28,651.28
0.032,0.192,0.39814,-0.16875,-20952,8295.2,-265.09,265.09
0.032,0.176,0.27398,-0.26383,-17106,17439,-217.94,217.94
0.032,0.16,-0.15339,0.099731,-31862,-10031,-445.92,445.92
0.032,0.144,-0.65445,0.23442,-51501,-23002,-746.56,746.56
0.032,0.128,-0.20095,-0.53206,-77583,-21101,-1048,1048
0.032,0.112,-0.14308,-0.022692,-93234,-27154,-1289.3,1289.3
0.032,0.096,-0.67086,0.04254,-1.198e+05,-10916,-1386.7,1386.7
0.032,0.08,-0.26742,-0.071102,-1.0799e+05,111.67,-1355.5,1355.5
0.032,0.064,0.016472,-0.00030315,-83304,11808,-1030.6,1030.6
0.032,0.048,0.1988,-0.67744,-31068,-7918.6,-589.38,589.38
0.032,0.032,-0.24078,-0.096252,-1331,-19439,-190.55,190.55
0.032,0.016,-0.40938,-3.7404,0,0,47.925,47.925
0.048,0.496,-0.63578,5.7749,26602,-1.2616e+05,607.8,607.8
0.048,0.48,-0.20918,2.1329,32098,-1.2496e+05,1445.1,1445.1
0.048,0.464,0.86033,2.1625,-2244.2,-1.3975e+05,1904.5,1904.5
0.048,0.448,1.4461,1.8006,-76401,-31748,1638.6,1638.6
0.048,0.432,1.7358,1.6647,-1.3204e+05,-55274,3747.9,3747.9
0.048,0.416,2.4323,0.95264,-1.3167e+05,-1.0832e+05,4950.8,4950.8
0.048,0.4,3.219,0.92763,-72910,-1.8204e+05,7003.8,7003.8
0.048,0.384,2.9262,2.0131,-7593.3,-1.9404e+05,6094.5,6094.5
0.048,0.368,1.0209,1.9856,65552,-1.6097e+05,5963.2,5963.2
0.048,0.352,0.77334,1.516,80829,-4415.3,3855.4,3855.4
0.048,0.336,1.7065,3.0451,46005,-99.044,1358.5,1358.5
0.048,0.32,0.66208,1.6199,-219.21,31924,-1163,1163
0.048,0.304,-1.1514,-0.20251,-32269,-31727,-1781.3,1781.3
0.048,0.288,-0.704,0.023409,-20572,-1412.7,-2019.2,2019.2
0.048,0.272,-0.89662,-0.116,-38664,5919.8,-2133,2133
0.048,0.256,-2.0702,0.43016,-66560,-9105.5,-2114.5,2114.5
0.048,0.24,-2.3228,-0.60121,-1.0149e+05,-13943,-1923.4,1923.4
0.048,0.224,-1.8179,-0.53066,-91953,-30060,-1102.7,1102.7
0.048,0.208,-0.83642,-0.76667,-54236,-13501,-617.06,617.06
0.048,0.192,-0.034623,0.62217,-15972,8542.4,-327.81,327.81
0.048,0.176,-0.73277,1.6441,-14270,18778,-711.36,711.36
0.048,0.16,-1.6329,-0.38065,-27885,-8886.5,-1199.6,1199.6
0.048,0.144,-1.8201,-1.2097,-49082,-21612,-1846.9,1846.9
0.048,0.128,-1.9029,-0.23843,-72779,-18852,-2345.7,2345.7
0.048,0.112,-2.3255,0.03784,-83895,-20743,-2607.2,2607.2
0.048,0.096,-2.044,-0.88392,-1.0123e+05,-8208.7,-2344.9,2344.9
0.048,0.08,-2.6537,0.90862,-82150,-18903,-2013.7,2013.7
0.048,0.064,-2.0867,0.67209,-53132,-29301,-1422.1,1422.1
0.048,0.048,-0.71488,-1.4444,-9983.3,-46620,-913.99,913.99
0.048,0.032,-0.95591,-0.64135,8543.2,-37397,-321.35,321.35
0.048,0.016,-0.74775,-6.5175,0,0,147.91,147.91
0.064,0.496,-0.10273,6.4957,11676,-1.1465e+05,832.71,832.71
0.064,0.48,0.38553,1.9152,-14360,-1.8428e+05,2192.3,2192.3
0.064,0.464,1.8855,1.48,-48930,-3.0054e+05,3352.5,3352.5
0.064,0.448,2.9013,1.7207,-1.0162e+05,-2.4982e+05,4967.2,4967.2
0.064,0.432,3.1328,2.1909,-63795,-2.8248e+05,4532.3,4532.3
0.064,0.416,3.3854,3.3296,-38165,-2.9732e+05,7545.9,7545.9
0.064,0.4,3.0719,3.3701,-74454,-2.5946e+05,9761.9,9761.9
0.064,0.384,1.7313,3.1544,-1.7404e+05,-1.5598e+05,12977,12977
0.064,0.368,1.256,3.5714,-1.9954e+05,-92619,11700,11700
0.064,0.352,1.4013,2.1717,-1.5601e+05,-10003,8620.3,8620.3
0.064,0.336,0.9204,2.768,-1.2936e+05,-52959,2982.8,2982.8
0.064,0.32,0.79567,2.4932,-1.0728e+05,-52413,-1948.1,1948.1
0.064,0.304,-0.012881,0.4374,-74912,-84979,-4477.1,4477.1
0.064,0.288,-0.11977,-0.17548,-30113,-49549,-4187,4187
0.064,0.272,-0.18707,-0.32638,-50310,4787.7,-3658.1,3658.1
0.064,0.256,-0.49922,0.054421,-82137,7782.7,-2991.3,2991.3
0.064,0.24,-0.65774,-0.2566,-47735,6341.7,-1956,1956
0.064,0.224,-0.075253,-0.051263,-8968.3,16700,-884.88,884.88
0.064,0.208,0.067003,-0.22786,12343,23944,-458.72,458.72
0.064,0.192,-0.43476,0.19058,-18241,42330,-707.65,707.65
0.064,0.176,-0.166,0.65795,-41268,29849,-1188.5,1188.5
0.064,0.16,-0.043689,-0.17733,-39967,-33668,-1975.4,1975.4
0.064,0.144,-0.21756,-0.52774,-64547,-49114,-2526.9,2526.9
0.064,0.128,0.0077367,0.00049807,-99555,-57771,-3581.1,3581.1
0.064,0.112,-0.38552,0.32561,-1.0068e+05,-72471,-3799.5,3799.5
0.064,0.096,-1.0881,-0.17579,-93695,-66651,-3723.2,3723.2
0.064,0.08,-0.29644,0.022124,-60318,-30538,-2563.4,2563.4
0.064,0.064,2.2503,0.18375,-54715,-68.869,-1571.3,1571.3
0.064,0.048,1.2941,-0.37869,-27478,-8779,-784.46,784.46
0.064,0.032,0.2089,-0.29779,-12872,-34186,-321.84,321.84
0.064,0.016,-0.13542,-4.6222,0,0,236,236
0.08,0.496,0.033999,6.8567,2111.9,-70167,823.78,823.78
0.08,0.48,1.7871,3.5719,16301,-4.3686e+05,2960.9,2960.9
0.08,0.464,3.6745,1.6402,15105,-8.271e+05,6336,6336
0.08,0.448,4.8214,2.4345,10589,-9.2295e+05,7086,7086
0.08,0.432,3.8804,2.6532,1.0334e+05,-9.8399e+05,5681.8,5681.8
0.08,0.416,4.553,4.0954,1.9316e+05,-1.1081e+06,4985.6,4985.6
0.08,0.4,4.2777,3.9339,1.4283e+05,-1.0804e+06,13551,13551
0.08,0.384,2.2737,3.2955,-9761.5,-8.773e+05,21680,21680
0.08,0.368,2.061,3.8984,-64704,-6.2874e+05,26136,26136
0.08,0.352,2.9948,2.9359,11337,-4.1492e+05,20880,20880
0.08,0.336,1.6504,3.2994,-9063.8,-3.3048e+05,12865,12865
0.08,0.32,1.5619,3.7999,-85393,-2.3397e+05,2166.8,2166.8
0.08,0.304,1.6463,1.7104,-1.3544e+05,-1.6954e+05,-4567.5,4567.5
0.08,0.288,-0.26884,1.0432,49507,-2.0558e+05,-6806.8,6806.8
0.08,0.272,0.10849,-0.35693,2.1374e+05,-2.6787e+05,-4570.6,4570.6
0.08,0.256,0.089643,-0.54217,2.3621e+05,-2.7829e+05,-2740.1,2740.1
0.08,0.24,0.75984,1.0778,1.4107e+05,-1.8972e+05,-1554,1554
0.08,0.224,3.5715,0.61968,21613,-8567.7,-124.5,124.5
0.08,0.208,2.6091,2.0266,-12166,12650,-336.97,336.97
0.08,0.192,-0.068338,1.7432,-38711,20865,-418.25,418.25
0.08,0.176,-0.77797,0.35326,-59472,-1132.7,-847.44,847.44
0.08,0.16,-0.58938,-1.1291,-34600,24193,-557.01,557.01
0.08,0.144,-0.96548,-1.6922,-15042,26067,-1185.5,1185.5
0.08,0.128,-1.0813,-0.25397,1.1988e+05,-1.4758e+05,-3059.9,3059.9
0.08,0.112,0.81122,0.019302,1.1662e+05,-2.292e+05,-4526.4,4526.4
0.08,0.096,1.3235,-2.7594,1.0932e+05,-2.517e+05,-4910.3,4910.3
0.08,0.08,1.918,-0.47596,8071,-73068,-3500.4,3500.4
0.08,0.064,1.9532,1.7658,10104,-5235.6,-1891.9,1891.9
0.08,0.048,1.0937,1.9358,3787.6,13386,-696.81,696.81
0.08,0.032,0.38737,0.65138,-11521,-5925.9,-172.18,172.18
0.08,0.016,0.34137,-5.571,0,0,160.72,160.72
0.096,0.496,1.3301,6.6336,0,0,711.32,711.32
0.096,0.48,3.9361,4.6513,38019,-5.0462e+05,4163.5,4163.5
0.096,0.464,4.903,4.4449,1.0909e+05,-1.2947e+06,6976.8,6976.8
0.096,0.448,4.4979,4.6422,20454,-1.122e+06,7867.8,7867.8
0.096,0.432,3.8537,2.7213,28603,-1.0313e+06,3138.1,3138.1
0.096,0.416,4.1878,3.4188,1.5832e+05,-1.3515e+06,3462.7,3462.7
0.096,0.4,4.9888,3.5796,3.0237e+05,-1.9196e+06,11411,11411
0.096,0.384,5.0021,3.4698,2.5763e+05,-2.1261e+06,28949,28949
0.096,0.368,4.2121,3.8038,1.5297e+05,-1.7561e+06,40729,40729
0.096,0.352,4.7498,3.9776,95534,-1.0911e+06,43646,43646
0.096,0.336,5.1631,5.0057,1.0543e+05,-7.0234e+05,33538,33538
0.096,0.32,2.2496,4.8812,-30983,-4.8451e+05,17762,17762
0.096,0.304,1.7698,4.5391,-1.4705e+05,-3.3497e+05,3022.9,3022.9
0.096,0.288,0.83745,3.8332,-57564,-3.019e+05,-4074.6,4074.6
0.096,0.272,5.2763,6.0736,1.3889e+05,-3.2944e+05,-3333.8,3333.8
0.096,0.256,5.5966,-1.1446,2.2323e+05,-3.6531e+05,-14.204,14.204
0.096,0.24,2.7191,-0.40411,1.5261e+05,-2.64e+05,2709.2,2709.2
0.096,0.224,1.2184,0.53915,65497,-56062,5183.9,5183.9
0.096,0.208,1.4208,2.0194,35744,-34250,6465.8,6465.8
0.096,0.192,2.0012,1.0228,-39813,28230,7082.5,7082.5
0.096,0.176,1.3525,2.344,-1.6404e+05,91534,6844.4,6844.4
0.096,0.16,-0.52076,2.7881,-2.2645e+05,2.5007e+05,7190.2,7190.2
0.096,0.144,-1.1363,3.2407,-1.942e+05,2.7857e+05,7337.1,7337.1
0.096,0.128,-0.047093,3.5924,11530,62350,3257.4,3257.4
0.096,0.112,3.4924,1.9313,94777,-1.3623e+05,-2892.8,2892.8
0.096,0.096,1.2563,-1.9033,1.7089e+05,-3.5374e+05,-7557.4,7557.4
0.096,0.08,1.4657,-0.18002,57253,-2.4495e+05,-6940.3,6940.3
0.096,0.064,1.5606,0.93044,9730.8,-1.3798e+05,-3586,3586
0.096,0.048,1.4867,1.8953,-37724,-3704.5,-1565.7,1565.7
0.096,0.032,2.4747,0.66854,-34126,2092,-348.03,348.03
0.096,0.016,0.99702,-2.766,0,0,22.167,22.167
0.112,0.496,2.4894,9.004,0,0,413.53,413.53
0.112,0.48,3.5819,8.166,97245,-4.8746e+05,3640.1,3640.1
0.112,0.464,4.6268,8.696,2.8608e+05,-1.8849e+06,-5438.3,5438.3
0.112,0.448,2.9477,10.889,69982,-1.4575e+06,-18188,18188
0.112,0.432,0.47004,11.633,-36463,-1.2442e+06,-28293,28293
0.112,0.416,0.22646,12.035,1.3981e+05,-1.7633e+06,-26583,26583
0.112,0.4,3.1276,11.394,3.9936e+05,-2.5552e+06,-15164,15164
0.112,0.384,5.0036,8.8638,3.9381e+05,-2.892e+06,9278.2,9278.2
0.112,0.368,3.5201,6.259,2.7744e+05,-2.5414e+06,30045,30045
0.112,0.352,2.8132,6.6742,2.4404e+05,-2.1512e+06,42236,42236
0.112,0.336,2.5318,8.2167,3.2772e+05,-1.8063e+06,40568,40568
0.112,0.32,3.1839,6.7645,95716,-1.2172e+06,35708,35708
0.112,0.304,0.99134,5.8544,-2.033e+05,-6.1625e+05,24140,24140
0.112,0.288,0.31757,5.6319,-2.6417e+05,-2.1553e+05,9686.7,9686.7
0.112,0.272,-0.49805,5.3066,27150,-3.1413e+05,1061.9,1061.9
0.112,0.256,-0.1277,4.5818,3.0039e+05,-4.7053e+05,2955.7,2955.7
0.112,0.24,1.2106,3.1196,2.2681e+05,-3.9722e+05,8381.8,8381.8
0.112,0.224,1.5688,2.6584,1.9094e+05,-2.7181e+05,12904,12904
0.112,0.208,2.8777,2.5901,1.0907e+05,-1.2194e+05,14151,14151
0.112,0.192,3.4983,1.9293,15838,34647,14994,14994
0.112,0.176,0.53875,5.1314,-2.5992e+05,3.0443e+05,18548,18548
0.112,0.16,-0.64388,5.9513,-5.2818e+05,7.5258e+05,23264,23264
0.112,0.144,-1.7247,7.2572,-6.0719e+05,9.7425e+05,24686,24686
0.112,0.128,-1.9919,7.8037,-4.0453e+05,7.9284e+05,14651,14651
0.112,0.112,-1.6135,7.7059,-1.4336e+05,3.7635e+05,-287.25,287.25
0.112,0.096,-0.5456,6.6222,1.882e+05,-2.2216e+05,-13181,13181
0.112,0.08,2.3293,0.95537,2.3216e+05,-5.0165e+05,-15345,15345
0.112,0.064,1.3889,0.94275,1.9884e+05,-5.8509e+05,-11706,11706
0.112,0.048,1.2008,1.7438,58973,-3.4044e+05,-5928.3,5928.3
0.112,0.032,2.3407,1.5466,3487.3,-1.0796e+05,-2729.2,2729.2
0.112,0.016,1.3216,-2.1367,0,0,-408.02,408.02
0.128,0.496,3.3561,14.261,0,0,172.88,172.88
0.128,0.48,1.9987,19.595,0,0,2411.8,2411.8
0.128,0.464,2.2439,23.207,NaN,NaN,-12296,12296
0.128,0.448,0.79684,27.579,-5.7311e+05,2.3043e+05,-34246,34246
0.128,0.432,-0.69578,29.811,-6.6443e+05,2.7353e+05,-45307,45307
0.128,0.416,-0.40368,30.027,-3.3065e+05,-7.8583e+05,-35496,35496
0.128,0.4,2.2987,26.306,2.1061e+05,-2.3528e+06,-26165,26165
0.128,0.384,2.1929,20.088,3.5715e+05,-3.1774e+06,-3227.3,3227.3
0.128,0.368,0.094672,14.117,2.333e+05,-2.8814e+06,18923,18923
0.128,0.352,0.14918,12.748,1.804e+05,-2.8372e+06,44955,44955
0.128,0.336,3.4302,12.046,2.4051e+05,-2.5649e+06,61823,61823
0.128,0.32,4.6102,8.7757,-1.3812e+05,-1.6389e+06,75562,75562
0.128,0.304,-1.407,9.1578,-6.3608e+05,-4.8214e+05,65355,65355
0.128,0.288,-1.465,8.0449,-9.9019e+05,3.2429e+05,38308,38308
0.128,0.272,-1.7334,8.2034,-7.6138e+05,2.5236e+05,10471,10471
0.128,0.256,-1.2549,7.0012,-2.6099e+05,-37401,5452.9,5452.9
0.128,0.24,1.2067,3.759,89706,-2.208e+05,13621,13621
0.128,0.224,0.74744,3.2972,3.8182e+05,-4.1199e+05,22974,22974
0.128,0.208,3.2832,2.3882,3.6683e+05,-2.7457e+05,27315,27315
0.128,0.192,2.181,4.6968,1.933e+05,14339,27189,27189
0.128,0.176,0.22004,6.4295,-2.0186e+05,5.1207e+05,29206,29206
0.128,0.16,-1.2685,8.464,-6.3865e+05,1.2057e+06,34447,34447
0.128,0.144,-5.314,13.618,-9.4598e+05,1.7905e+06,37621,37621
0.128,0.128,-6.1328,13.67,-1.0927e+06,2.148e+06,28082,28082
0.128,0.112,-5.4366,10.915,-8.8931e+05,2.0167e+06,12438,12438
0.128,0.096,-2.4186,11.365,-3.4606e+05,1.1328e+06,-6197.8,6197.8
0.128,0.08,-0.3463,5.8756,2.6901e+05,-1.8299e+05,-15733,15733
0.128,0.064,1.2146,5.2559,4.715e+05,-1.138e+06,-18222,18222
0.128,0.048,2.1364,3.4589,3.1154e+05,-1.0235e+06,-12691,12691
0.128,0.032,2.0497,2.6562,75557,-4.2726e+05,-5561.7,5561.7
0.128,0.016,1.2567,-2.0345,0,0,-1515.1,1515.1
0.144,0.496,3.3584,23.411,0,0,0,0
0.144,0.48,1.5957,30.027,0,0,0,0
0.144,0.464,0.4457,34.754,NaN,NaN,-22368,22368
0.144,0.448,-0.64252,39.663,NaN,NaN,-91201,91201
0.144,0.432,-1.0187,41.501,NaN,NaN,-90492,90492
0.144,0.416,-0.57018,40.571,NaN,NaN,-65218,65218
0.144,0.4,0.92807,37.67,1.8012e+05,-1.6804e+06,-45685,45685
0.144,0.384,1.7076,32.677,94767,-2.2147e+06,-20452,20452
0.144,0.368,1.3268,27.995,57948,-2.4485e+06,-2053.8,2053.8
0.144,0.352,2.0047,25.41,1.235e+05,-3.2157e+06,19572,19572
0.144,0.336,1.8664,20.175,47941,-3.1623e+06,50067,50067
0.144,0.32,0.071381,13.785,-4.267e+05,-1.9975e+06,82191,82191
0.144,0.304,-6.8739,13.36,-1.0771e+06,-5.874e+05,90571,90571
0.144,0.288,-7.6465,12.313,-1.4658e+06,4.8787e+05,66479,66479
0.144,0.272,-5.4535,11.479,-1.25e+06,3.506e+05,29278,29278
0.144,0.256,-5.3812,10.955,-5.4198e+05,1.2988e+05,10566,10566
0.144,0.24,-2.3437,7.6328,1.1249e+05,-55457,15401,15401
0.144,0.224,0.22818,5.4353,5.5319e+05,-4.105e+05,29508,29508
0.144,0.208,1.2388,4.6252,5.2203e+05,-4.4787e+05,38596,38596
0.144,0.192,1.0484,7.1357,3.0124e+05,-3.4515e+05,39902,39902
0.144,0.176,1.126,8.2112,-28315,2.263e+05,40860,40860
0.144,0.16,-1.5076,10.101,-4.6542e+05,1.1055e+06,40499,40499
0.144,0.144,-3.6494,16.057,-9.5633e+05,2.1515e+06,40246,40246
0.144,0.128,-5.6722,21.841,-1.3345e+06,3.036e+06,35450,35450
0.144,0.112,-8.7188,24.205,-1.2907e+06,3.4075e+06,29440,29440
0.144,0.096,-5.6705,25.591,-8.0807e+05,2.9383e+06,15296,15296
0.144,0.08,-1.9889,16.859,-1.1106e+05,1.5224e+06,-3035.3,3035.3
0.144,0.064,0.74162,11.14,3.976e+05,-4.7718e+05,-16518,16518
0.144,0.048,1.278,6.8959,3.9962e+05,-1.0741e+06,-16331,16331
0.144,0.032,0.94264,5.0245,2.1848e+05,-8.393e+05,-8510.2,8510.2
0.144,0.016,1.5198,-0.37411,0,0,-2089,2089
0.16,0.496,4.261,29.929,0,0,0,0
0.16,0.48,2.2474,37.663,0,0,0,0
0.16,0.464,1.4055,39.12,NaN,NaN,0,0
0.16,0.448,0.90987,41.028,NaN,NaN,NaN,NaN
0.16,0.432,0.70975,43.109,NaN,NaN,NaN,NaN
0.16,0.416,0.10227,43.722,NaN,NaN,-19887,19887
0.16,0.4,-0.090123,41.709,NaN,NaN,-13264,13264
0.16,0.384,0.4537,38.813,NaN,NaN,-10551,10551
0.16,0.368,1.0784,36.114,1.6081e+05,-2.4373e+06,-24565,24565
0.16,0.352,0.44692,33.519,-1.496e+05,-2.8782e+06,-12261,12261
0.16,0.336,-0.57453,26.13,-3.7141e+05,-2.9319e+06,10005,10005
0.16,0.32,-3.1142,18.894,-8.7934e+05,-2.0363e+06,44914,44914
0.16,0.304,-6.3892,13.429,-1.4652e+06,-1.0047e+06,55892,55892
0.16,0.288,-7.3938,11.227,-1.7981e+06,-91108,40099,40099
0.16,0.272,-6.0006,12.715,-1.5528e+06,-2.317e+05,16701,16701
0.16,0.256,-3.8628,17.378,-7.8107e+05,-4.1549e+05,4626,4626
0.16,0.24,-1.6618,15.832,1.5212e+05,-6.6453e+05,10643,10643
0.16,0.224,-0.77947,12.48,7.4941e+05,-1.0247e+06,27517,27517
0.16,0.208,-0.32422,8.58,7.613e+05,-1.3637e+06,38926,38926
0.16,0.192,-0.19714,9.3059,4.3265e+05,-1.4078e+06,43856,43856
0.16,0.176,1.2556,9.5123,1.1054e+05,-9.9456e+05,44919,44919
0.16,0.16,0.018095,10.696,-1.5071e+05,-1.0136e+05,40858,40858
0.16,0.144,-3.0566,14.924,-5.1928e+05,1.1567e+06,34411,34411
0.16,0.128,-5.7988,20.887,-8.6933e+05,2.555e+06,33243,33243
0.16,0.112,-7.2504,29.873,-1.0493e+06,3.7163e+06,34642,34642
0.16,0.096,-7.0994,34.967,-8.9938e+05,4.0041e+06,29162,29162
0.16,0.08,-4.7948,31.336,-4.5855e+05,3.0346e+06,10054,10054
0.16,0.064,-2.4305,24.128,1.0802e+05,5.8281e+05,-7930.4,7930.4
0.16,0.048,-1.1346,12.511,2.7743e+05,-5.8233e+05,-13123,13123
0.16,0.032,0.33046,6.9856,2.3877e+05,-8.9682e+05,-8396.8,8396.8
0.16,0.016,1.5402,2.2733,0,0,-2802,2802
0.176,0.496,2.4954,37.71,0,0,0,0
0.176,0.48,3.037,38.572,0,0,0,0
0.176,0.464,2.5339,38.793,NaN,NaN,0,0
0.176,0.448,2.4589,37.321,NaN,NaN,NaN,NaN
0.176,0.432,2.9906,38.136,NaN,NaN,NaN,NaN
0.176,0.416,2.7142,39.448,NaN,NaN,NaN,NaN
0.176,0.4,1.4701,37.552,NaN,NaN,NaN,NaN
0.176,0.384,1.6723,36.645,NaN,NaN,-24425,24425
0.176,0.368,1.5777,36.278,NaN,NaN,-89366,89366
0.176,0.352,-1.5113,33.272,-5.9944e+05,-2.3388e+06,-80200,80200
0.176,0.336,-3.4409,28.084,-7.2441e+05,-2.8189e+06,-68931,68931
0.176,0.32,-5.5099,23.469,-1.0401e+06,-2.0021e+06,-39738,39738
0.176,0.304,-7.2467,17.865,-1.3961e+06,-1.4528e+06,-20011,20011
0.176,0.288,-7.3318,15.512,-1.5404e+06,-7.5166e+05,-12387,12387
0.176,0.272,-6.3454,19.25,-1.2978e+06,-6.1205e+05,-6322,6322
0.176,0.256,-3.1067,24.271,-6.0716e+05,-4.395e+05,1087.4,1087.4
0.176,0.24,0.29813,23.342,2.3091e+05,-5.4645e+05,11684,11684
0.176,0.224,2.1137,21.283,8.0856e+05,-1.0357e+06,25144,25144
0.176,0.208,2.7608,16.017,8.7335e+05,-1.7404e+06,34326,34326
0.176,0.192,1.6879,12.842,6.0101e+05,-2.2342e+06,38428,38428
0.176,0.176,1.1053,12.023,3.0438e+05,-2.1508e+06,39871,39871
0.176,0.16,1.3758,14.58,1.1346e+05,-1.5202e+06,33644,33644
0.176,0.144,0.41966,20.03,-1.2482e+05,-5.6233e+05,20654,20654
0.176,0.128,-1.9762,22.035,-3.6138e+05,6.2481e+05,16337,16337
0.176,0.112,-3.654,27.154,-5.9819e+05,1.7054e+06,13237,13237
0.176,0.096,-5.4191,32.823,-7.0533e+05,2.64e+06,14603,14603
0.176,0.08,-4.3922,31.837,-7.2745e+05,2.9113e+06,3590.1,3590.1
0.176,0.064,-3.6167,26.48,-3.6784e+05,1.4016e+06,-6035.4,6035.4
0.176,0.048,-0.5335,17.617,-99972,3.0332e+05,-10158,10158
0.176,0.032,0.35742,12.738,1.2207e+05,-5.8457e+05,-7986.2,7986.2
0.176,0.016,-0.20208,6.0554,0,0,-2692,2692
0.192,0.496,-0.12953,38.126,0,0,0,0
0.192,0.48,1.1917,34.465,0,0,0,0
0.192,0.464,2.5842,35.041,NaN,NaN,0,0
0.192,0.448,3.1351,33.453,NaN,NaN,NaN,NaN
0.192,0.432,3.3263,31.387,NaN,NaN,NaN,NaN
0.192,0.416,3.2419,31.862,NaN,NaN,NaN,NaN
0.192,0.4,3.2387,32.534,NaN,NaN,NaN,NaN
0.192,0.384,3.2224,33.284,NaN,NaN,NaN,NaN
0.192,0.368,1.3686,34.315,NaN,NaN,-1.6291e+05,1.6291e+05
0.192,0.352,-1.9132,33.871,-9.6353e+05,-2.0028e+06,-1.3765e+05,1.3765e+05
0.192,0.336,-4.534,34.632,-9.6378e+05,-2.7674e+06,-1.1546e+05,1.1546e+05
0.192,0.32,-5.5566,35.963,-1.2566e+06,-2.1338e+06,-96729,96729
0.192,0.304,-3.9975,33.475,-1.4128e+06,-1.8133e+06,-87648,87648
0.192,0.288,-4.4258,31.862,-1.4444e+06,-1.2249e+06,-64095,64095
0.192,0.272,-2.5688,34.313,-9.5916e+05,-5.6157e+05,-29454,29454
0.192,0.256,1.1076,36.367,-3.7255e+05,-1.4004e+05,6878.9,6878.9
0.192,0.24,3.6124,35.897,1.6878e+05,-48120,22464,22464
0.192,0.224,3.7347,33.195,5.167e+05,-3.6621e+05,31532,31532
0.192,0.208,3.2148,28.633,5.1074e+05,-8.8026e+05,30094,30094
0.192,0.192,0.72434,25.632,2.4377e+05,-1.3034e+06,27216,27216
0.192,0.176,0.70851,20.821,8939.4,-1.5416e+06,31247,31247
0.192,0.16,-0.1787,21.975,17896,-1.3624e+06,31273,31273
0.192,0.144,0.035936,25.251,87377,-1.1287e+06,17350,17350
0.192,0.128,0.60264,25.583,38275,-8.2658e+05,-4236.3,4236.3
0.192,0.112,-1.0269,26.284,-1.4964e+05,-6.0888e+05,-23932,23932
0.192,0.096,-0.6348,27.706,-3.1332e+05,-1.9453e+05,-29068,29068
0.192,0.08,-1.6563,27.325,-4.0512e+05,2.3913e+05,-29602,29602
0.192,0.064,-2.7097,24.17,-2.4079e+05,-1.7609e+05,-23921,23921
0.192,0.048,-1.6465,21.82,-94392,-2.7569e+05,-15718,15718
0.192,0.032,0.37735,21.444,60838,-5.0165e+05,-8959.9,8959.9
0.192,0.016,2.2275,15.758,0,0,-3223.5,3223.5
0.208,0.496,-0.20782,38.047,0,0,0,0
0.208,0.48,1.0494,33.867,0,0,0,0
0.208,0.464,2.2171,34.085,NaN,NaN,0,0
0.208,0.448,3.1925,32.978,NaN,NaN,NaN,NaN
0.208,0.432,2.9702,31.975,NaN,NaN,NaN,NaN
0.208,0.416,2.3454,32.08,NaN,NaN,NaN,NaN
0.208,0.4,1.6661,34.21,NaN,NaN,NaN,NaN
0.208,0.384,1.3082,33.776,NaN,NaN,NaN,NaN
0.208,0.368,0.07121,34.955,NaN,NaN,-1.6407e+05,1.6407e+05
0.208,0.352,-1.8021,35.791,NaN,NaN,-1.5766e+05,1.5766e+05
0.208,0.336,-3.475,39.815,NaN,NaN,-1.3294e+05,1.3294e+05
0.208,0.32,-4.7308,43.138,-1.3044e+06,-9.8886e+05,-1.1887e+05,1.1887e+05
0.208,0.304,-2.8785,44.977,-1.2909e+06,-1.1249e+06,-1.0691e+05,1.0691e+05
0.208,0.288,-1.0275,45.295,-1.1984e+06,-8.2667e+05,-47650,47650
0.208,0.272,-0.19966,45.45,-6.7542e+05,2.9199e+05,1319.9,1319.9
0.208,0.256,1.2856,45.838,-2.0401e+05,1.0518e+06,43795,43795
0.208,0.24,2.6368,45.048,-39526,1.3017e+06,50486,50486
0.208,0.224,2.1539,44.868,-24431,1.2148e+06,53860,53860
0.208,0.208,0.098243,43.373,-1.2769e+05,1.0321e+06,44190,44190
0.208,0.192,-1.8863,42.345,-2.685e+05,7.116e+05,33112,33112
0.208,0.176,-2.7763,40.819,-3.5673e+05,3.9143e+05,22748,22748
0.208,0.16,-3.3167,39.188,-2.5984e+05,1.0296e+05,16786,16786
0.208,0.144,-3.2612,39.291,-50861,-4.6179e+05,-1020.9,1020.9
0.208,0.128,-1.5497,36.617,78137,-1.2058e+06,-24832,24832
0.208,0.112,0.16129,32.019,49970,-2.0137e+06,-53910,53910
0.208,0.096,1.3396,29.198,540.07,-2.2239e+06,-61618,61618
0.208,0.08,0.80949,28.66,7576.4,-1.9513e+06,-56514,56514
0.208,0.064,0.035265,29.697,1.3585e+05,-1.7482e+06,-41019,41019
0.208,0.048,0.72475,29.577,1.2886e+05,-1.0832e+06,-24850,24850
0.208,0.032,2.6827,28.724,1.16e+05,-6.4474e+05,-12199,12199
0.208,0.016,2.691,23.704,0,0,-3571.8,3571.8
0.224,0.496,-1.634,42.529,0,0,0,0
0.224,0.48,1.125,37.901,0,0,0,0
0.224,0.464,2.6384,37.387,NaN,NaN,0,0
0.224,0.448,2.0383,37.764,NaN,NaN,NaN,NaN
0.224,0.432,1.4442,37.757,NaN,NaN,NaN,NaN
0.224,0.416,2.5223,36.907,NaN,NaN,NaN,NaN
0.224,0.4,0.90959,37.561,NaN,NaN,NaN,NaN
0.224,0.384,0.98758,37.175,NaN,NaN,NaN,NaN
0.224,0.368,-0.58248,38.482,NaN,NaN,NaN,NaN
0.224,0.352,-1.7792,39.712,NaN,NaN,NaN,NaN
0.224,0.336,-2.3298,43.171,NaN,NaN,-1.065e+05,1.065e+05
0.224,0.32,-3.3065,46.634,NaN,NaN,-1.1364e+05,1.1364e+05
0.224,0.304,-3.0264,48.312,NaN,NaN,-1.0808e+05,1.0808e+05
0.224,0.288,-1.8561,48.858,NaN,NaN,-22367,22367
0.224,0.272,-0.3891,49.415,-49257,1.8927e+06,55529,55529
0.224,0.256,0.69434,49.307,-37608,1.7689e+06,97492,97492
0.224,0.24,1.0253,48.674,-2.5882e+05,2.0565e+06,1.0257e+05,1.0257e+05
0.224,0.224,-0.8044,48.791,-5.1938e+05,2.3636e+06,97718,97718
0.224,0.208,-2.005,48.459,-7.927e+05,2.6012e+06,80548,80548
0.224,0.192,-2.4802,48.115,-9.5778e+05,2.606e+06,62851,62851
0.224,0.176,-3.0473,47.932,-9.2345e+05,2.281e+06,39916,39916
0.224,0.16,-4.1327,46.18,-6.5354e+05,1.775e+06,16730,16730
0.224,0.144,-3.6021,43.917,-2.6732e+05,8.7321e+05,-11513,11513
0.224,0.128,-1.9045,41.875,1.1309e+05,-3.4649e+05,-39409,39409
0.224,0.112,0.32261,39.035,3.2726e+05,-1.5639e+06,-64587,64587
0.224,0.096,1.3418,36.539,4.5249e+05,-2.3094e+06,-69894,69894
0.224,0.08,2.1029,38.07,5.4956e+05,-2.4917e+06,-59767,59767
0.224,0.064,2.3541,38.915,6.9367e+05,-2.4282e+06,-40108,40108
0.224,0.048,2.175,39.032,5.0732e+05,-1.5672e+06,-22375,22375
0.224,0.032,2.9215,39.359,2.9009e+05,-7.8049e+05,-10360,10360
0.224,0.016,2.3205,37.507,0,0,-3350.2,3350.2
0.24,0.496,-1.152,47.332,0,0,0,0
0.24,0.48,1.2013,43.33,0,0,0,0
0.24,0.464,3.3314,41.972,NaN,NaN,0,0
0.24,0.448,2.8985,41.561,NaN,NaN,NaN,NaN
0.24,0.432,1.7513,40.488,NaN,NaN,NaN,NaN
0.24,0.416,1.838,38.065,NaN,NaN,NaN,NaN
0.24,0.4,1.4483,40.319,NaN,NaN,NaN,NaN
0.24,0.384,1.5601,41.565,NaN,NaN,NaN,NaN
0.24,0.368,1.4271,44.276,NaN,NaN,NaN,NaN
0.24,0.352,-0.27698,45.111,NaN,NaN,NaN,NaN
0.24,0.336,-1.9561,47.207,NaN,NaN,NaN,NaN
0.24,0.32,-2.6024,49.645,NaN,NaN,NaN,NaN
0.24,0.304,-2.9773,51.018,NaN,NaN,NaN,NaN
0.24,0.288,-3.1505,51.561,NaN,NaN,1.0769e+05,1.0769e+05
0.24,0.272,-2.0208,52.541,NaN,NaN,1.2355e+05,1.2355e+05
0.24,0.256,-1.7524,53.223,-44051,1.7453e+06,1.3675e+05,1.3675e+05
0.24,0.24,-2.3666,53.787,-4.7554e+05,2.3385e+06,1.3768e+05,1.3768e+05
0.24,0.224,-3.4704,53.977,-7.3251e+05,2.5931e+06,1.3683e+05,1.3683e+05
0.24,0.208,-3.7662,53.522,-9.7573e+05,2.866e+06,1.2428e+05,1.2428e+05
0.24,0.192,-3.5121,52.736,-1.0821e+06,2.9486e+06,1.0316e+05,1.0316e+05
0.24,0.176,-3.5159,51.857,-1.0573e+06,2.835e+06,60340,60340
0.24,0.16,-2.8488,50.554,-7.9598e+05,2.4204e+06,15217,15217
0.24,0.144,-1.0879,49.147,-3.9791e+05,1.6361e+06,-25544,25544
0.24,0.128,0.28697,48.369,82705,5.9354e+05,-46275,46275
0.24,0.112,1.5996,47.329,4.1592e+05,-4.0739e+05,-58257,58257
0.24,0.096,2.0262,46.26,6.4668e+05,-1.0578e+06,-51740,51740
0.24,0.08,3.226,46.205,7.8659e+05,-1.3017e+06,-36731,36731
0.24,0.064,4.367,46.977,8.8725e+05,-1.3582e+06,-20286,20286
0.24,0.048,3.8462,47.45,6.2684e+05,-9.1007e+05,-10098,10098
0.24,0.032,2.1527,47.855,3.113e+05,-4.5927e+05,-5218.7,5218.7
0.24,0.016,-0.23995,48.427,0,0,-1987.3,1987.3
0.256,0.496,0.065024,48.218,0,0,0,0
0.256,0.48,1.5891,45.772,0,0,0,0
0.256,0.464,2.6517,44.872,NaN,NaN,0,0
0.256,0.448,2.4431,44.2,NaN,NaN,NaN,NaN
0.256,0.432,1.7875,42.651,NaN,NaN,NaN,NaN
0.256,0.416,0.87756,41.425,NaN,NaN,NaN,NaN
0.256,0.4,-0.46314,43.21,NaN,NaN,NaN,NaN
0.256,0.384,-1.2545,45.849,NaN,NaN,NaN,NaN
0.256,0.368,-1.4401,47.294,NaN,NaN,NaN,NaN
0.256,0.352,-0.8623,48.674,NaN,NaN,NaN,NaN
0.256,0.336,-0.87292,50.224,NaN,NaN,NaN,NaN
0.256,0.32,-0.59784,51.213,NaN,NaN,NaN,NaN
0.256,0.304,-1.0262,52.139,NaN,NaN,NaN,NaN
0.256,0.288,-1.6557,52.618,NaN,NaN,NaN,NaN
0.256,0.272,-1.8679,53.253,NaN,NaN,1.7424e+05,1.7424e+05
0.256,0.256,-2.4831,54.406,NaN,NaN,1.6194e+05,1.6194e+05
0.256,0.24,-2.927,55.508,-5.5279e+05,1.7985e+06,1.5893e+05,1.5893e+05
0.256,0.224,-3.0971,55.85,-7.3657e+05,2.1689e+06,1.5372e+05,1.5372e+05
0.256,0.208,-3.5695,56.571,-8.7613e+05,2.3707e+06,1.4893e+05,1.4893e+05
0.256,0.192,-3.7538,56.525,-1.0109e+06,2.6175e+06,1.2545e+05,1.2545e+05
0.256,0.176,-3.4154,56.496,-9.4675e+05,2.6349e+06,82040,82040
0.256,0.16,-1.5433,55.714,-6.7582e+05,2.4518e+06,24560,24560
0.256,0.144,-0.51654,55.05,-3.3403e+05,2.0627e+06,-21119,21119
0.256,0.128,-0.27231,54.304,4964.5,1.4016e+06,-46722,46722
0.256,0.112,1.5681,53.709,2.5984e+05,6.7144e+05,-46281,46281
0.256,0.096,2.4341,53.371,4.7299e+05,60327,-32859,32859
0.256,0.08,3.1454,53.005,6.1315e+05,-2.6333e+05,-15942,15942
0.256,0.064,3.5901,53.078,6.8711e+05,-4.1563e+05,-5031.6,5031.6
0.256,0.048,2.6288,52.368,4.8719e+05,-3.2516e+05,-1394.3,1394.3
0.256,0.032,2.0552,51.279,2.302e+05,-1.6313e+05,-465.46,465.46
0.256,0.016,-1.0385,51.813,0,0,-792.32,792.32
0.272,0.496,0.29042,50.938,0,0,0,0
0.272,0.48,0.73686,48.359,0,0,0,0
0.272,0.464,1.3057,47.717,NaN,NaN,0,0
0.272,0.448,1.4646,47.573,NaN,NaN,NaN,NaN
0.272,0.432,0.46677,46.492,NaN,NaN,NaN,NaN
0.272,0.416,-0.605,46.156,NaN,NaN,NaN,NaN
0.272,0.4,-1.7302,47.933,NaN,NaN,NaN,NaN
0.272,0.384,-1.5014,49.959,NaN,NaN,NaN,NaN
0.272,0.368,-0.99518,51.137,NaN,NaN,NaN,NaN
0.272,0.352,-0.51809,51.373,NaN,NaN,NaN,NaN
0.272,0.336,-0.52587,52.44,NaN,NaN,NaN,NaN
0.272,0.32,-0.94228,53.443,NaN,NaN,NaN,NaN
0.272,0.304,-1.5446,53.383,NaN,NaN,NaN,NaN
0.272,0.288,-1.5727,52.884,NaN,NaN,81410,81410
0.272,0.272,-1.1162,52.382,NaN,NaN,88359,88359
0.272,0.256,-1.3547,51.646,-3.9971e+05,-3.6289e+05,96746,96746
0.272,0.24,-1.3103,51.783,-3.5615e+05,77485,1.0729e+05,1.0729e+05
0.272,0.224,-1.119,52.33,-4.2181e+05,6.1991e+05,1.1645e+05,1.1645e+05
0.272,0.208,-1.5993,54.043,-5.4572e+05,1.1525e+06,1.2449e+05,1.2449e+05
0.272,0.192,-2.7269,55.504,-6.541e+05,1.5881e+06,1.0861e+05,1.0861e+05
0.272,0.176,-2.4798,56.953,-6.0793e+05,1.8314e+06,69117,69117
0.272,0.16,-0.71903,58.199,-4.3792e+05,1.9249e+06,13152,13152
0.272,0.144,-0.64016,58.605,-2.3962e+05,1.8e+06,-28768,28768
0.272,0.128,-1.1341,57.701,-1.0871e+05,1.3373e+06,-47699,47699
0.272,0.112,-0.50133,55.737,-9721.4,7.4578e+05,-44466,44466
0.272,0.096,0.10782,55.349,94490,1.9681e+05,-32138,32138
0.272,0.08,0.49749,54.552,1.9712e+05,-1.0084e+05,-16835,16835
0.272,0.064,0.22648,52.871,2.6238e+05,-2.8191e+05,-7390.2,7390.2
0.272,0.048,-0.79693,52.466,2.0318e+05,-2.3785e+05,-1791.7,1791.7
0.272,0.032,-1.155,51.125,85971,-1.083e+05,-157.93,157.93
0.272,0.016,-2.1701,50.955,0,0,44.557,44.557
0.288,0.496,-0.039739,53.13,0,0,0,0
0.288,0.48,1.0133,51.881,0,0,0,0
0.288,0.464,0.82072,51.854,NaN,NaN,0,0
0.288,0.448,0.33536,51.031,NaN,NaN,NaN,NaN
0.288,0.432,-0.02262,50.83,NaN,NaN,NaN,NaN
0.288,0.416,0.023703,51.08,NaN,NaN,NaN,NaN
0.288,0.4,0.43365,52.064,NaN,NaN,NaN,NaN
0.288,0.384,0.90327,53.063,NaN,NaN,NaN,NaN
0.288,0.368,1.0981,53.748,NaN,NaN,NaN,NaN
0.288,0.352,0.56099,53.821,NaN,NaN,NaN,NaN
0.288,0.336,-0.39135,53.834,NaN,NaN,NaN,NaN
0.288,0.32,-1.2336,53.487,NaN,NaN,NaN,NaN
0.288,0.304,-1.2186,52.48,NaN,NaN,NaN,NaN
0.288,0.288,-1.305,52.191,NaN,NaN,14492,14492
0.288,0.272,-0.98935,51.787,-2.5999e+05,-1.0491e+06,54182,54182
0.288,0.256,-0.97437,49.847,-3.1023e+05,-7.8756e+05,54120,54120
0.288,0.24,-1.0231,49.121,-3.0277e+05,-4.6445e+05,64758,64758
0.288,0.224,-0.73794,49.137,-2.9061e+05,-2.0723e+05,58256,58256
0.288,0.208,-0.18277,49.816,-3.2108e+05,85143,65724,65724
0.288,0.192,-0.61822,51.079,-3.6187e+05,3.0918e+05,66322,66322
0.288,0.176,-0.37912,52.555,-3.6489e+05,5.1743e+05,49692,49692
0.288,0.16,-0.53948,54.32,-3.488e+05,5.9633e+05,8734.1,8734.1
0.288,0.144,-1.6631,54.455,-2.9835e+05,5.3616e+05,-31639,31639
0.288,0.128,-1.699,53.127,-2.926e+05,2.0112e+05,-55195,55195
0.288,0.112,-2.3918,51.65,-3.1005e+05,-2.3671e+05,-56801,56801
0.288,0.096,-3.3088,51.377,-3.5696e+05,-6.9608e+05,-52104,52104
0.288,0.08,-3.3083,49.421,-3.6794e+05,-9.7972e+05,-40331,40331
0.288,0.064,-2.3056,48.692,-3.4906e+05,-1.1244e+06,-26033,26033
0.288,0.048,-2.3495,49.565,-2.1338e+05,-7.8182e+05,-11250,11250
0.288,0.032,-3.4613,50.008,-1.1977e+05,-3.8025e+05,-3214.8,3214.8
0.288,0.016,-3.0866,49.068,0,0,-422.43,422.43
0.304,0.496,-1.2056,53.371,0,0,0,0
0.304,0.48,-0.27749,52.694,0,0,0,0
0.304,0.464,0.06869,53.16,NaN,NaN,0,0
0.304,0.448,0.26105,53.165,NaN,NaN,NaN,NaN
0.304,0.432,0.782,53.859,NaN,NaN,NaN,NaN
0.304,0.416,1.3285,54.55,NaN,NaN,NaN,NaN
0.304,0.4,1.6871,53.647,NaN,NaN,NaN,NaN
0.304,0.384,2.0441,53.511,NaN,NaN,NaN,NaN
0.304,0.368,2.3346,53.891,NaN,NaN,NaN,NaN
0.304,0.352,1.4788,52.775,NaN,NaN,NaN,NaN
0.304,0.336,-0.17487,51.084,NaN,NaN,NaN,NaN
0.304,0.32,-0.22493,49.474,NaN,NaN,NaN,NaN
0.304,0.304,0.36216,48.788,NaN,NaN,17326,17326
0.304,0.288,-0.39536,48.996,NaN,NaN,13548,13548
0.304,0.272,-1.2059,48.262,-1.836e+05,-1.354e+06,14564,14564
0.304,0.256,-1.3461,47.646,-2.5712e+05,-1.1517e+06,7898.3,7898.3
0.304,0.24,-0.88784,47.754,-2.6029e+05,-1.1253e+06,3997.4,3997.4
0.304,0.224,-0.59198,47.953,-2.3963e+05,-1.0948e+06,832.31,832.31
0.304,0.208,0.41333,47.699,-2.2468e+05,-1.1361e+06,10308,10308
0.304,0.192,0.23401,48.634,-2.1618e+05,-1.1379e+06,19204,19204
0.304,0.176,-0.16933,48.726,-2.4821e+05,-1.0065e+06,20334,20334
0.304,0.16,-0.36173,47.831,-2.8115e+05,-8.9259e+05,-1357.5,1357.5
0.304,0.144,-1.5669,45.997,-3.0359e+05,-8.5306e+05,-30264,30264
0.304,0.128,-1.8224,44.16,-3.5287e+05,-1.0659e+06,-55056,55056
0.304,0.112,-3.1813,43.565,-4.5602e+05,-1.4388e+06,-67469,67469
0.304,0.096,-5.682,40.77,-6.1077e+05,-1.9643e+06,-74238,74238
0.304,0.08,-6.0102,39.278,-7.2064e+05,-2.4352e+06,-69266,69266
0.304,0.064,-5.9401,38.576,-7.3691e+05,-2.8242e+06,-50067,50067
0.304,0.048,-6.2781,38.386,-4.7969e+05,-1.976e+06,-25058,25058
0.304,0.032,-6.2522,41.127,-2.3946e+05,-1.0283e+06,-8509.4,8509.4
0.304,0.016,-2.7137,40.95,0,0,-1576,1576
0.32,0.496,-1.1279,52.145,0,0,0,0
0.32,0.48,-0.27089,52.029,0,0,0,0
0.32,0.464,0.67843,52.974,NaN,NaN,0,0
0.32,0.448,1.5631,52.938,NaN,NaN,NaN,NaN
0.32,0.432,1.997,53.929,NaN,NaN,NaN,NaN
0.32,0.416,2.5065,54.601,NaN,NaN,NaN,NaN
0.32,0.4,2.3025,54.559,NaN,NaN,NaN,NaN
0.32,0.384,2.5948,53.915,NaN,NaN,NaN,NaN
0.32,0.368,2.3302,52.45,NaN,NaN,NaN,NaN
0.32,0.352,0.9335,50.685,NaN,NaN,NaN,NaN
0.32,0.336,0.12196,49.3,NaN,NaN,NaN,NaN
0.32,0.32,0.5078,47.576,NaN,NaN,-43355,43355
0.32,0.304,0.38866,46.914,NaN,NaN,-26962,26962
0.32,0.288,-0.25221,46.868,-2.5045e+05,-1.9154e+06,-37424,37424
0.32,0.272,-0.30627,45.451,-2.6791e+05,-1.9225e+06,-40096,40096
0.32,0.256,0.23239,44.465,-2.9367e+05,-2.0374e+06,-46933,46933
0.32,0.24,0.73901,44.3,-3.0763e+05,-2.1368e+06,-42158,42158
0.32,0.224,1.1274,43.64,-2.9122e+05,-2.2766e+06,-33641,33641
0.32,0.208,1.5826,42.647,-3.193e+05,-2.3641e+06,-24846,24846
0.32,0.192,0.13214,40.744,-3.5075e+05,-2.4768e+06,-13156,13156
0.32,0.176,-0.38367,37.697,-3.8424e+05,-2.3953e+06,-1616,1616
0.32,0.16,-0.68655,38.568,-3.7224e+05,-2.3043e+06,-4092.4,4092.4
0.32,0.144,-0.53536,37.171,-2.9137e+05,-1.9945e+06,-21775,21775
0.32,0.128,-1.106,38.035,-2.0301e+05,-1.7204e+06,-48207,48207
0.32,0.112,-2.2211,36.299,-1.9732e+05,-1.4819e+06,-64196,64196
0.32,0.096,-3.8325,31.981,-3.2719e+05,-1.6822e+06,-74376,74376
0.32,0.08,-4.1548,27.437,-5.4551e+05,-2.2883e+06,-72508,72508
0.32,0.064,-5.5707,25.351,-6.9684e+05,-3.0875e+06,-57346,57346
0.32,0.048,-5.799,21.386,-5.0935e+05,-2.3193e+06,-32985,32985
0.32,0.032,-4.3658,23.377,-2.7106e+05,-1.2873e+06,-12969,12969
0.32,0.016,-2.0233,34.287,0,0,-2998.3,2998.3
0.336,0.496,-1.2872,47.585,0,0,0,0
0.336,0.48,-0.32778,48.319,0,0,0,0
0.336,0.464,0.79261,49.88,NaN,NaN,0,0
0.336,0.448,2.1651,50.449,NaN,NaN,NaN,NaN
0.336,0.432,2.5051,51.803,NaN,NaN,NaN,NaN
0.336,0.416,2.7405,52.041,NaN,NaN,NaN,NaN
0.336,0.4,2.7145,52.235,NaN,NaN,NaN,NaN
0.336,0.384,1.9559,51.608,NaN,NaN,-2.9724e+05,2.9724e+05
0.336,0.368,1.1839,50.217,NaN,NaN,-2.9663e+05,2.9663e+05
0.336,0.352,0.64844,48.854,NaN,NaN,-3.1012e+05,3.1012e+05
0.336,0.336,0.75194,48.683,NaN,NaN,-2.4361e+05,2.4361e+05
0.336,0.32,0.67771,47.059,NaN,NaN,-1.4722e+05,1.4722e+05
0.336,0.304,0.059929,45.142,-5.0969e+05,-1.7506e+06,-75661,75661
0.336,0.288,-0.26732,44.919,-6.2882e+05,-2.5672e+06,-81047,81047
0.336,0.272,0.040506,41.062,-5.2547e+05,-2.8807e+06,-98269,98269
0.336,0.256,0.56204,35.626,-5.1888e+05,-3.3377e+06,-1.0312e+05,1.0312e+05
0.336,0.24,-0.47788,31.614,-4.6966e+05,-3.6244e+06,-88106,88106
0.336,0.224,-1.18,30.185,-4.8396e+05,-3.7917e+06,-57676,57676
0.336,0.208,-1.2627,28.673,-5.1385e+05,-3.8332e+06,-39685,39685
0.336,0.192,-2.222,25.961,-5.0636e+05,-3.7476e+06,-26177,26177
0.336,0.176,-2.7442,23.768,-4.3031e+05,-3.4129e+06,-8752.5,8752.5
0.336,0.16,-1.3076,28.034,-3.0574e+05,-2.8707e+06,1425.1,1425.1
0.336,0.144,-1.7615,28.021,-1.031e+05,-2.0677e+06,6006.2,6006.2
0.336,0.128,-0.11789,31.558,1.9098e+05,-1.1141e+06,-4070.1,4070.1
0.336,0.112,1.0876,31.049,4.4901e+05,-2.0153e+05,-18864,18864
0.336,0.096,0.76763,30.653,5.3228e+05,2.4501e+05,-36363,36363
0.336,0.08,-0.38028,28.311,3.1356e+05,-1.0784e+05,-48035,48035
0.336,0.064,-2.0866,24.792,49897,-1.0687e+06,-45064,45064
0.336,0.048,-2.7754,19.932,-82109,-1.0852e+06,-32533,32533
0.336,0.032,-1.9141,18.382,-78512,-7.8857e+05,-15293,15293
0.336,0.016,-2.2729,24.694,0,0,-4328.2,4328.2
0.352,0.496,-0.5262,31.511,0,0,0,0
0.352,0.48,-0.5527,37.124,0,0,0,0
0.352,0.464,0.33899,41.901,NaN,NaN,-77092,77092
0.352,0.448,1.3429,43.26,NaN,NaN,-2.9642e+05,2.9642e+05
0.352,0.432,1.4265,43.947,NaN,NaN,-2.8548e+05,2.8548e+05
0.352,0.416,1.9488,45.089,NaN,NaN,-2.6211e+05,2.6211e+05
0.352,0.4,2.4075,45.539,NaN,NaN,-2.4118e+05,2.4118e+05
0.352,0.384,1.9175,45.838,NaN,NaN,-1.9514e+05,1.9514e+05
0.352,0.368,0.48438,43.46,-6.371e+05,-2.6523e+06,-1.7107e+05,1.7107e+05
0.352,0.352,-2.1807,41.352,-6.1495e+05,-2.462e+06,-1.832e+05,1.832e+05
0.352,0.336,-1.7852,42.818,-8.0519e+05,-3.0019e+06,-1.6903e+05,1.6903e+05
0.352,0.32,0.18622,42.813,-9.4194e+05,-3.3771e+06,-1.4348e+05,1.4348e+05
0.352,0.304,0.15732,40.632,-9.1047e+05,-3.2829e+06,-1.1248e+05,1.1248e+05
0.352,0.288,-1.4959,38.902,-7.7249e+05,-3.2923e+06,-1.2464e+05,1.2464e+05
0.352,0.272,-2.7383,31.862,-7.6575e+05,-3.7155e+06,-1.4531e+05,1.4531e+05
0.352,0.256,-3.1419,24.455,-8.2947e+05,-4.4668e+06,-1.3249e+05,1.3249e+05
0.352,0.24,-3.4083,16.882,-8.1811e+05,-4.8634e+06,-95575,95575
0.352,0.224,-3.7441,13.587,-7.0019e+05,-4.6056e+06,-48326,48326
0.352,0.208,-3.9168,11.963,-5.1271e+05,-3.9954e+06,-23274,23274
0.352,0.192,-4.3024,7.5148,-3.7328e+05,-3.4693e+06,-6585.5,6585.5
0.352,0.176,-3.6526,8.9101,-2.3578e+05,-2.9009e+06,5962.8,5962.8
0.352,0.16,-2.8112,11.218,-1.3919e+05,-2.2502e+06,14870,14870
0.352,0.144,-2.7117,15.174,1.8837e+05,-1.1831e+06,24819,24819
0.352,0.128,-0.17037,29.265,5.8475e+05,1.5387e+05,33975,33975
0.352,0.112,2.4397,29.716,9.5432e+05,1.5309e+06,31172,31172
0.352,0.096,2.5709,30.352,1.0457e+06,2.2804e+06,15905,15905
0.352,0.08,3.6301,29.387,8.8116e+05,2.1671e+06,-4132.6,4132.6
0.352,0.064,3.1107,25.737,6.3316e+05,1.3592e+06,-13843,13843
0.352,0.048,1.433,22.771,3.0548e+05,6.0234e+05,-14681,14681
0.352,0.032,-0.38278,21.406,1.003e+05,80057,-9239.5,9239.5
0.352,0.016,-1.0933,21.239,0,0,-3387.1,3387.1
0.368,0.496,0.99792,22.045,0,0,0,0
0.368,0.48,1.5734,24.186,0,0,0,0
0.368,0.464,1.179,26.412,NaN,NaN,-66343,66343
0.368,0.448,-0.91135,28.746,-3.7132e+05,-1.9712e+06,-1.5371e+05,1.5371e+05
0.368,0.432,-1.1034,27.821,-3.7949e+05,-1.6345e+06,-1.5227e+05,1.5227e+05
0.368,0.416,0.046676,26.215,-3.4846e+05,-1.2862e+06,-1.3505e+05,1.3505e+05
0.368,0.4,0.83985,28.853,-4.3321e+05,-1.543e+06,-1.349e+05,1.349e+05
0.368,0.384,-0.43493,30.312,-5.1288e+05,-2.2265e+06,-1.2272e+05,1.2272e+05
0.368,0.368,-1.1138,27.44,-7.0467e+05,-3.2445e+06,-1.2702e+05,1.2702e+05
0.368,0.352,-1.9735,24.536,-5.7911e+05,-2.9564e+06,-1.4613e+05,1.4613e+05
0.368,0.336,-1.7715,25.938,-5.149e+05,-2.6815e+06,-1.4343e+05,1.4343e+05
0.368,0.32,-3.6376,25.614,-4.0908e+05,-2.4557e+06,-1.3952e+05,1.3952e+05
0.368,0.304,-3.0504,25.488,-4.742e+05,-2.5811e+06,-1.1834e+05,1.1834e+05
0.368,0.288,-2.2799,24.294,-6.0658e+05,-3.3232e+06,-1.2713e+05,1.2713e+05
0.368,0.272,-3.7744,21.029,-7.2387e+05,-3.945e+06,-1.2358e+05,1.2358e+05
0.368,0.256,-6.4015,17.551,-8.8222e+05,-4.908e+06,-98253,98253
0.368,0.24,-7.4528,12.367,-8.8337e+05,-4.9678e+06,-56780,56780
0.368,0.224,-5.5769,8.3008,-6.5791e+05,-4.2866e+06,-19014,19014
0.368,0.208,-4.4266,5.4504,-3.4108e+05,-3.1879e+06,6432.7,6432.7
0.368,0.192,-2.8454,4.5589,-89466,-2.2298e+06,20724,20724
0.368,0.176,-2.7393,5.3703,-34593,-1.6339e+06,33084,33084
0.368,0.16,-2.6866,7.0135,-12880,-9.5894e+05,41126,41126
0.368,0.144,-1.5994,9.2627,2.5544e+05,-35691,58617,58617
0.368,0.128,-0.24864,21.309,6.1891e+05,1.127e+06,78574,78574
0.368,0.112,0.24421,21.656,9.7681e+05,2.2526e+06,83847,83847
0.368,0.096,0.60895,21.379,1.1196e+06,2.9235e+06,62618,62618
0.368,0.08,2.1265,18.829,1.0974e+06,3.0493e+06,32218,32218
0.368,0.064,1.7985,19.518,1.0414e+06,2.5755e+06,10903,10903
0.368,0.048,1.7951,20.263,6.4126e+05,1.5468e+06,2133.3,2133.3
0.368,0.032,0.2833,17.516,3.0785e+05,5.8691e+05,-2187.3,2187.3
0.368,0.016,-1.9662,14.714,0,0,-1560,1560
0.384,0.496,1.6131,22.919,0,0,0,0
0.384,0.48,-0.039358,16.931,0,0,0,0
0.384,0.464,-0.44332,13.043,NaN,NaN,-67230,67230
0.384,0.448,0.098938,12.152,-2.0035e+05,-1.2967e+06,-1.1434e+05,1.1434e+05
0.384,0.432,-0.88242,11.267,-3.3674e+05,-1.2225e+06,-1.0761e+05,1.0761e+05
0.384,0.416,-1.2825,13.824,-3.5199e+05,-1.0447e+06,-90272,90272
0.384,0.4,-0.46624,17.856,-4.9413e+05,-1.0927e+06,-88278,88278
0.384,0.384,-3.0025,14.761,-5.4207e+05,-1.5745e+06,-68630,68630
0.384,0.368,-3.2496,10.928,-5.5379e+05,-2.3181e+06,-52647,52647
0.384,0.352,-3.8088,9.5989,-4.0018e+05,-2.3224e+06,-53864,53864
0.384,0.336,-1.9344,10.594,-2.9127e+05,-2.0388e+06,-62967,62967
0.384,0.32,-0.29653,14.086,-2.0239e+05,-1.7171e+06,-74692,74692
0.384,0.304,-1.6698,11.527,-2.5643e+05,-1.8279e+06,-69749,69749
0.384,0.288,-3.2454,13.088,-3.4402e+05,-2.4718e+06,-75113,75113
0.384,0.272,-4.5268,11.453,-4.8417e+05,-3.0801e+06,-55274,55274
0.384,0.256,-4.2055,12.475,-5.9003e+05,-3.6879e+06,-31285,31285
0.384,0.24,-5.5533,10.689,-6.1689e+05,-3.4853e+06,5847.2,5847.2
0.384,0.224,-6.8499,8.6502,-3.3461e+05,-2.7183e+06,23403,23403
0.384,0.208,-4.0913,6.5759,-8174.8,-1.6547e+06,40903,40903
0.384,0.192,-2.5495,5.093,2.4873e+05,-7.7243e+05,42897,42897
0.384,0.176,-2.5526,5.3701,1.7216e+05,-3.3393e+05,44545,44545
0.384,0.16,-3.054,5.6963,94923,-17971,51108,51108
0.384,0.144,-2.6584,8.2773,2.3382e+05,5.0886e+05,70821,70821
0.384,0.128,-0.37126,11.543,4.1006e+05,1.2331e+06,90496,90496
0.384,0.112,1.4283,13.648,5.8626e+05,2.0508e+06,94110,94110
0.384,0.096,2.4013,16.248,6.9168e+05,2.4979e+06,75861,75861
0.384,0.08,3.2,16.467,8.5421e+05,2.5386e+06,51755,51755
0.384,0.064,4.1729,16.595,1.0008e+06,2.2069e+06,29752,29752
0.384,0.048,5.7458,17.225,6.8664e+05,1.3426e+06,15754,15754
0.384,0.032,3.5507,14.056,3.4777e+05,5.6534e+05,4366.7,4366.7
0.384,0.016,-0.75246,10.005,0,0,385.12,385.12
0.4,0.496,1.2383,14.411,0,0,57.243,57.243
0.4,0.48,1.3398,15.689,0,0,-378.98,378.98
0.4,0.464,2.0411,15.092,NaN,NaN,-15522,15522
0.4,0.448,1.8533,12.503,1.3133e+05,-6.9503e+05,-16335,16335
0.4,0.432,1.8435,9.4066,-2.4042e+05,-8.6068e+05,-13609,13609
0.4,0.416,-1.4136,6.8914,-2.6503e+05,-8.0426e+05,1220.7,1220.7
0.4,0.4,-1.3985,6.5299,-6.5636e+05,-1.3697e+06,573.28,573.28
0.4,0.384,-2.7398,10.923,-8.1141e+05,-2.0361e+06,-3544.5,3544.5
0.4,0.368,-3.8716,8.6582,-8.1151e+05,-2.5272e+06,-13448,13448
0.4,0.352,-1.3045,7.1635,-4.6179e+05,-2.1149e+06,-26412,26412
0.4,0.336,-2.029,5.5928,-16175,-1.1935e+06,-22817,22817
0.4,0.32,-1.6996,6.9072,2.0573e+05,-5.6279e+05,-16934,16934
0.4,0.304,-0.81134,8.4668,2.3134e+05,-4.2069e+05,-10823,10823
0.4,0.288,-1.7307,8.8362,62341,-1.0194e+06,-7866.4,7866.4
0.4,0.272,-3.9212,8.468,-1.5644e+05,-1.5337e+06,15175,15175
0.4,0.256,-3.56,8.3567,-3.024e+05,-2.0684e+06,37533,37533
0.4,0.24,-3.4868,9.4698,-1.9929e+05,-1.9128e+06,58971,58971
0.4,0.224,-5.0889,9.8625,29721,-1.523e+06,60903,60903
0.4,0.208,-4.8902,6.5743,2.9076e+05,-9.2289e+05,69942,69942
0.4,0.192,-2.1122,2.7059,3.0912e+05,-4.3974e+05,61416,61416
0.4,0.176,0.40193,1.1884,1.6426e+05,-1.0491e+05,59244,59244
0.4,0.16,-1.3308,4.8289,-6582.8,2.2396e+05,66554,66554
0.4,0.144,-1.7574,3.9174,-45460,6.1073e+05,87966,87966
0.4,0.128,-0.41801,6.2291,33350,1.1181e+06,97213,97213
0.4,0.112,0.44596,11.018,2.5226e+05,1.6835e+06,89963,89963
0.4,0.096,2.093,13.684,6.3877e+05,2.2541e+06,73674,73674
0.4,0.08,4.372,17.415,9.7817e+05,2.5132e+06,57890,57890
0.4,0.064,5.1249,18.22,1.1473e+06,2.4148e+06,39950,39950
0.4,0.048,4.1039,17.828,7.607e+05,1.5044e+06,21712,21712
0.4,0.032,1.7002,14.809,3.6005e+05,6.1852e+05,6336.6,6336.6
0.4,0.016,0.50682,8.514,0,0,1055.8,1055.8
0.416,0.496,0.43789,10.152,0,0,88.744,88.744
0.416,0.48,0.88294,10.243,17399,83930,-898.8,898.8
0.416,0.464,2.9132,10.837,1.9379e+05,3.3352e+05,-12547,12547
0.416,0.448,5.2992,9.9566,4.5288e+05,2.2399e+05,-14318,14318
0.416,0.432,4.4971,7.6617,1.5532e+05,-1.5739e+05,-8879.8,8879.8
0.416,0.416,-1.4516,3.8226,-95795,-5.7059e+05,5425.1,5425.1
0.416,0.4,-2.994,2.4962,-5.7442e+05,-8.7391e+05,15568,15568
0.416,0.384,-9.1395,4.0902,-7.1855e+05,-9.6452e+05,8564.6,8564.6
0.416,0.368,-9.6455,6.9324,-6.6109e+05,-8.3037e+05,6930.8,6930.8
0.416,0.352,-3.4895,6.4333,-3.3377e+05,-8.0026e+05,-12906,12906
0.416,0.336,-3.2756,6.1053,1.1344e+05,-5.6891e+05,-2801.3,2801.3
0.416,0.32,-2.0454,8.1565,1.2907e+06,2.2224e+05,3268.3,3268.3
0.416,0.304,-0.065076,9.4899,1.3618e+06,4.1613e+05,30139,30139
0.416,0.288,-0.37339,9.0502,1.0948e+06,2.2477e+05,41299,41299
0.416,0.272,-1.6685,7.2432,-27580,-5.2967e+05,68573,68573
0.416,0.256,-5.2067,8.4527,-2.5634e+05,-7.8998e+05,74299,74299
0.416,0.24,-6.9557,7.7202,-1.691e+05,-8.6329e+05,84058,84058
0.416,0.224,-0.52744,7.3606,-2.684e+05,-9.6329e+05,79432,79432
0.416,0.208,-4.4133,7.0312,-88846,-9.1387e+05,88090,88090
0.416,0.192,-0.7933,1.7238,-1.032e+05,-6.5295e+05,80946,80946
0.416,0.176,-0.72243,-0.848,66790,-1.6861e+05,83104,83104
0.416,0.16,-0.74157,4.3458,-7666.3,2.2792e+05,88818,88818
0.416,0.144,-1.1778,5.9263,51907,6.4441e+05,99451,99451
0.416,0.128,-2.2242,8.9486,1.2579e+05,1.0263e+06,91374,91374
0.416,0.112,-0.60154,11.456,3.5019e+05,1.4673e+06,74387,74387
0.416,0.096,2.2965,13.109,7.2763e+05,2.0473e+06,68123,68123
0.416,0.08,4.8345,17.556,1.0272e+06,2.4084e+06,59377,59377
0.416,0.064,5.1688,20.139,1.0245e+06,2.373e+06,46742,46742
0.416,0.048,3.3803,19.367,6.0163e+05,1.449e+06,23852,23852
0.416,0.032,0.74349,15.386,2.2644e+05,5.622e+05,7343.9,7343.9
0.416,0.016,-1.4384,8.2319,0,0,1454.6,1454.6
0.432,0.496,0.40665,4.8024,-32694,-45485,157.43,157.43
0.432,0.48,0.41463,6.2762,6144.9,30684,-980.82,980.82
0.432,0.464,0.55388,6.4997,80626,1.0774e+05,-4019,4019
0.432,0.448,1.4259,5.8518,3.3119e+05,2.5033e+05,-6069.8,6069.8
0.432,0.432,4.7202,4.6045,1.415e+05,16948,-5321.7,5321.7
0.432,0.416,1.9636,0.24822,-77104,-5.307e+05,2932.2,2932.2
0.432,0.4,-6.681,-1.7733,-5.2289e+05,-9.7613e+05,13724,13724
0.432,0.384,0.78369,15.43,-7.2286e+05,-1.0796e+06,16588,16588
0.432,0.368,1.2918,19.382,-8.1533e+05,-7.0404e+05,11705,11705
0.432,0.352,-7.1397,9.3331,-4.4967e+05,-5.6749e+05,-11549,11549
0.432,0.336,-2.3329,7.1658,8.1937e+05,-4.2881e+05,-20030,20030
0.432,0.32,-0.1101,9.7951,6.0915e+05,-2.1757e+06,-8318.9,8318.9
0.432,0.304,2.4291,11.223,6.5909e+05,-2.6983e+06,34946,34946
0.432,0.288,0.97552,9.8972,-2.8224e+05,-2.5392e+06,74085,74085
0.432,0.272,-1.2639,7.2501,-3.5034e+05,-7.8674e+05,98851,98851
0.432,0.256,-1.7584,6.3728,-1.3269e+06,-3.5882e+05,86829,86829
0.432,0.24,-6.1529,8.7758,-1.6644e+06,-1.2043e+06,74647,74647
0.432,0.224,-10.069,7.9525,-1.9594e+06,-1.885e+06,65431,65431
0.432,0.208,-12.791,18.194,-1.1649e+06,-1.6264e+06,76491,76491
0.432,0.192,-6.1608,4.1818,-7.7758e+05,-9.1045e+05,78008,78008
0.432,0.176,-2.7492,1.8865,-1.1334e+05,-1.2004e+05,85751,85751
0.432,0.16,-1.992,4.9309,-60143,2.7994e+05,89271,89271
0.432,0.144,-1.0582,5.7528,1.458e+05,6.5751e+05,86703,86703
0.432,0.128,0.19834,9.255,1.2792e+05,8.6565e+05,72172,72172
0.432,0.112,1.1792,9.5926,3.0047e+05,1.1379e+06,58545,58545
0.432,0.096,3.6258,10.973,6.3998e+05,1.5127e+06,59678,59678
0.432,0.08,5.5045,13.891,8.9488e+05,1.8809e+06,54400,54400
0.432,0.064,4.3478,14.58,7.4089e+05,1.7833e+06,41996,41996
0.432,0.048,1.8319,13.121,3.4968e+05,1.0522e+06,22434,22434
0.432,0.032,-0.34695,9.1908,50919,3.5022e+05,6728.7,6728.7
0.432,0.016,-1.7165,7.1787,0,0,1650.3,1650.3
0.448,0.496,-1.6152,2.5789,-29616,-48413,105.72,105.72
0.448,0.48,-1.5887,2.1407,24034,18077,-751.27,751.27
0.448,0.464,-0.25148,3.1106,56452,44855,-2682.8,2682.8
0.448,0.448,0.15487,3.0641,1.5882e+05,86975,-3994.7,3994.7
0.448,0.432,-0.68852,2.2758,1.4599e+05,7825.8,-4187.9,4187.9
0.448,0.416,-1.0134,1.1877,-1.9836e+05,-9.013e+05,-2238.1,2238.1
0.448,0.4,-7.7071,-2.6932,-2.306e+05,-6.92e+05,3790.9,3790.9
0.448,0.384,-6.5616,23.022,-3.2632e+05,-3.8816e+05,3995.5,3995.5
0.448,0.368,-131.15,-96.532,-54524,1.3507e+06,410.76,410.76
0.448,0.352,-11.393,34.287,-1.7117e+05,6.5798e+05,-30477,30477
0.448,0.336,-8.6654,32.213,1.4188e+06,-4.0093e+05,-29144,29144
0.448,0.32,-0.87583,7.4815,8.0519e+05,-3.5327e+06,-11843,11843
0.448,0.304,1.8384,8.6692,7.7901e+05,-4.2616e+06,54435,54435
0.448,0.288,1.6793,8.9995,-5.7483e+05,-3.9788e+06,87246,87246
0.448,0.272,-9.6888,18.505,-2.2655e+06,-1.1753e+06,1.0968e+05,1.0968e+05
0.448,0.256,-13.231,17.365,-3.3854e+06,-3.1959e+05,73101,73101
0.448,0.24,-31.749,36.33,-4.0912e+06,-1.9377e+06,44550,44550
0.448,0.224,-24.203,24.018,-3.5425e+06,-3.6391e+06,20808,20808
0.448,0.208,-17.637,19.975,-2.5904e+06,-3.2685e+06,40390,40390
0.448,0.192,-8.1822,4.7356,-1.7316e+06,-1.9629e+06,57175,57175
0.448,0.176,-6.1495,3.1531,-4.7964e+05,-3.3322e+05,72705,72705
0.448,0.16,-2.1524,3.0248,-2.366e+05,59964,71007,71007
0.448,0.144,0.01309,2.0814,2.0363e+05,2.961e+05,60103,60103
0.448,0.128,0.46776,4.5034,1.8616e+05,3.2902e+05,46768,46768
0.448,0.112,-0.68358,4.422,2.9036e+05,5.584e+05,41778,41778
0.448,0.096,1.4231,6.7119,4.4864e+05,8.0561e+05,48572,48572
0.448,0.08,3.5883,7.7974,5.4656e+05,1.0871e+06,45395,45395
0.448,0.064,2.4313,7.3492,3.6818e+05,8.0021e+05,33559,33559
0.448,0.048,0.73314,6.2272,1.0701e+05,3.578e+05,17780,17780
0.448,0.032,-1.0631,6.2746,-28794,-1746.4,6244,6244
0.448,0.016,-10.012,21.906,0,0,1736.4,1736.4
0.464,0.496,-2.4909,1.0824,-22164,-52391,81.981,81.981
0.464,0.48,-1.6499,1.853,25035,-19824,-263.73,263.73
0.464,0.464,-0.34777,2.0515,25370,-37149,-1084,1084
0.464,0.448,-1.3623,1.018,14271,-32234,-1737,1737
0.464,0.432,-1.8545,-1.5409,-20661,-81398,-2831.2,2831.2
0.464,0.416,-1.5192,-0.24136,-1.5125e+05,-6.2644e+05,-3661.3,3661.3
0.464,0.4,-6.9653,-4.576,-2.2632e+05,-1.0467e+06,-2474.2,2474.2
0.464,0.384,-0.95,1.6708,-1.622e+05,-1.1842e+06,-607.99,607.99
0.464,0.368,13.674,13.841,66363,-6.8123e+05,-4652.5,4652.5
0.464,0.352,255.65,313.08,9.4778e+05,1.1195e+06,-21458,21458
0.464,0.336,0.3356,62.263,5.1826e+06,-1.4123e+05,-16251,16251
0.464,0.32,-1.7453,72.525,-6.3833e+06,-4.5162e+06,3917.4,3917.4
0.464,0.304,-15.326,66.324,-4.7157e+06,-5.3967e+06,41527,41527
0.464,0.288,-28.909,68.056,-6.3283e+06,-4.9363e+06,56738,56738
0.464,0.272,-48.085,55.173,-3.9812e+06,-1.6251e+06,63480,63480
0.464,0.256,-63.808,33.435,-5.6169e+06,-2.266e+05,34470,34470
0.464,0.24,-106.81,237.54,-5.0914e+06,-2.4233e+06,615.2,615.2
0.464,0.224,-24.259,18.351,-4.05e+06,-4.4714e+06,-16876,16876
0.464,0.208,-27.577,-0.58746,-2.7875e+06,-3.387e+06,5550.6,5550.6
0.464,0.192,-4.5673,-5.6959,-2.1726e+06,-2.1325e+06,32481,32481
0.464,0.176,-9.2089,-0.54333,-9.9935e+05,-5.6195e+05,41447,41447
0.464,0.16,0.54837,-0.42641,-4.8034e+05,-2.4376e+05,37280,37280
0.464,0.144,0.049565,0.82843,50099,22652,27922,27922
0.464,0.128,0.17848,2.3068,59557,27995,22480,22480
0.464,0.112,-0.89479,1.1913,68649,1.1697e+05,23107,23107
0.464,0.096,0.12261,2.5268,1.8009e+05,2.6365e+05,29054,29054
0.464,0.08,2.2614,3.1091,2.9724e+05,4.9579e+05,29422,29422
0.464,0.064,2.2954,2.7803,1.5057e+05,6.619e+05,21244,21244
0.464,0.048,0.59846,2.3066,-14134,3.8444e+05,12074,12074
0.464,0.032,5.5584,-6.8966,-58765,2.3499e+05,4423.5,4423.5
0.464,0.016,-12.818,77.365,0,0,1374.7,1374.7
0.48,0.496,-1.5336,-0.50958,3264.2,-17014,44.061,44.061
0.48,0.48,-1.6106,0.68097,28671,-2978.4,-45.356,45.356
0.48,0.464,-1.2233,2.1142,23641,-22886,-248.06,248.06
0.48,0.448,-0.37107,1.4983,11547,-33363,-502.07,502.07
0.48,0.432,-0.34777,-0.66146,39702,-38758,-469.58,469.58
0.48,0.416,-1.3203,-1.6148,-51433,-3.9856e+05,-795.47,795.47
0.48,0.4,-2.6709,-0.37201,-1.2579e+05,-7.2253e+05,-1338.8,1338.8
0.48,0.384,-1.7281,-1.784,-83300,-6.8263e+05,-120.13,120.13
0.48,0.368,2.9186,3.6368,33182,-3.4061e+05,-1724.9,1724.9
0.48,0.352,-231.07,220.98,2.3694e+05,2.7987e+05,-9925.7,9925.7
0.48,0.336,-0.44236,66.436,0,0,4137.4,4137.4
0.48,0.32,-105.48,24.704,-3.2601e+06,1.6443e+06,14542,14542
0.48,0.304,-61.607,41.089,-3.2601e+06,1.6443e+06,32323,32323
0.48,0.288,-145.17,167.65,-3.2601e+06,1.6443e+06,24908,24908
0.48,0.272,-168.5,237.2,-3.2091e+06,-3.3186e+05,25431,25431
0.48,0.256,-119.83,31.379,-3.2091e+06,-3.3186e+05,5688.6,5688.6
0.48,0.24,-87.939,90.234,-2.8805e+06,-1.401e+06,-19048,19048
0.48,0.224,-7.4024,2.18,-1.61e+06,-2.6522e+06,-27456,27456
0.48,0.208,7.4632,-0.30622,-1.6636e+06,-2.2603e+06,-4444,4444
0.48,0.192,-13.609,0.20608,-1.5321e+06,-1.6508e+06,20377,20377
0.48,0.176,-9.8079,-2.3726,-8.6549e+05,-5.504e+05,25514,25514
0.48,0.16,-3.2075,-1.766,-4.3862e+05,-2.72e+05,18098,18098
0.48,0.144,0.69099,1.6026,-46219,-9356.4,11268,11268
0.48,0.128,0.87257,1.2622,32293,23530,8208.1,8208.1
0.48,0.112,0.44955,1.1866,39608,18016,9269.8,9269.8
0.48,0.096,0.46696,0.48566,71248,41564,14011,14011
0.48,0.08,3.5082,1.9299,75139,1.1564e+05,15604,15604
0.48,0.064,3.9645,-0.033297,37985,4.0841e+05,12007,12007
0.48,0.048,-6.5047,20.116,-10612,3.159e+05,7031.8,7031.8
0.48,0.032,-18.656,20.855,-132.05,2.5959e+05,2963.3,2963.3
0.48,0.016,-128.51,125.25,0,0,840.57,840.57
0.496,0.496,-1.9156,-0.62702,4161,-9356.8,7.0487,7.0487
0.496,0.48,-1.5887,0.23389,11405,1409.3,34.877,34.877
0.496,0.464,-1.4874,1.4058,18254,-2903.6,-27.445,27.445
0.496,0.448,-1.0223,-0.34415,22014,17886,-101.28,101.28
0.496,0.432,-0.96927,-0.6619,30111,-1083,-262.17,262.17
0.496,0.416,-1.6652,-0.43972,1.0019e+05,79800,615.54,615.54
0.496,0.4,-0.60518,-36.702,-58662,-3.3387e+05,612.24,612.24
0.496,0.384,-0.14062,-0.3722,31307,-2.0128e+05,1723.5,1723.5
0.496,0.368,-1.8714,0.45046,-51327,-3.1258e+05,163.3,163.3
0.496,0.352,-11.56,22.877,1.354e+05,1.5993e+05,938.5,938.5
0.496,0.336,45.772,132.56,0,0,4947.4,4947.4
0.496,0.32,365.59,477.93,-1.8629e+06,9.3961e+05,6565.3,6565.3
0.496,0.304,-0.32772,17.178,-1.8629e+06,9.3961e+05,1467.5,1467.5
0.496,0.288,-0.25931,0.052776,-1.8629e+06,9.3961e+05,-5782,5782
0.496,0.272,-206.18,102.91,0,0,-8216.5,8216.5
0.496,0.256,-66.357,81.129,0,0,-11303,11303
0.496,0.24,-18.137,20.883,70181,-2.0623e+05,-21181,21181
0.496,0.224,2.0131,-2.2125,70181,-2.0623e+05,-17029,17029
0.496,0.208,1.6784,-0.50741,-2.7306e+05,-2.4233e+05,-5021.3,5021.3
0.496,0.192,-6.4323,-3.9408,-5.463e+05,-2.6658e+05,10696,10696
0.496,0.176,-82.885,-59.045,-5.7002e+05,-2.9007e+05,10154,10154
0.496,0.16,-9.5921,-4.9519,-2.4715e+05,-1.9685e+05,7277.9,7277.9
0.496,0.144,-5.6663,-2.5599,-46487,-15524,3995.7,3995.7
0.496,0.128,-1.3463,0.99648,38483,33714,2155.2,2155.2
0.496,0.112,-0.91852,1.9465,14615,-2078.7,2583,2583
0.496,0.096,-0.24444,-0.45176,2521,-1628.8,4348,4348
0.496,0.08,2.3212,0.11282,2180.5,3121.2,5906.5,5906.5
0.496,0.064,2.6699,-0.38354,-7182.4,4.5407e+05,4896.4,4896.4
0.496,0.048,-36.318,46.12,-6284.6,3.9731e+05,3313.5,3313.5
0.496,0.032,-31.019,107.28,-5586.3,3.5317e+05,1537.9,1537.9
0.496,0.016,-334.59,291.72,0,0,486.38,486.38
