0.016,0.496,0.48163,2.6572,25699,-16933,-5700.8,5700.8
0.016,0.48,-0.56165,2.8905,36485,-34706,-7501.2,7501.2
0.016,0.464,-0.26359,1.4156,22324,-3547.6,-9729.9,9729.9
0.016,0.448,0.12834,2.7944,-3296.3,9101.2,-8385.1,8385.1
0.016,0.432,1.4222,1.0893,-29195,23005,-8890.5,8890.5
0.016,0.416,5.1622,0.047421,-22886,-7029.4,-5523.5,5523.5
0.016,0.4,2.9916,-1.9727,-21663,-2608.8,-360.52,360.52
0.016,0.384,4.0666,-0.61346,-7216,2216.5,8008.3,8008.3
0.016,0.368,5.4666,-0.86233,-3300.7,1525.2,11803,11803
0.016,0.352,3.8865,0.28524,-6098.6,1735.3,11505,11505
0.016,0.336,5.5415,0.67434,-4607.4,12.919,5660.3,5660.3
0.016,0.32,3.8376,0.79908,-164.89,-1070.8,2091.8,2091.8
0.016,0.304,0.52037,0.50677,-1772.7,-210.46,256.03,256.03
0.016,0.288,0.72608,-0.45592,-6098.1,2422.5,552.03,552.03
0.016,0.272,1.3137,-1.7865,-7638.6,1547.9,1529.8,1529.8
0.016,0.256,0.17779,1.7326,-7354,-1956.8,2587.4,2587.4
0.016,0.24,2.7383,1.2472,-24523,-6013.4,3406.2,3406.2
0.016,0.224,7.3843,0.86952,-25047,-5830.6,3036.9,3036.9
0.016,0.208,6.4699,0.28425,-18530,-3512.6,2136.5,2136.5
0.016,0.192,0.73689,-0.41877,6559.4,-5312.8,642.07,642.07
0.016,0.176,-0.89569,-0.93502,9176.6,-3159.1,-18.545,18.545
0.016,0.16,-0.72578,-0.58853,6607.2,-2817.9,-164.63,164.63
0.016,0.144,-0.8732,0.31363,3901.6,-1088.6,64.814,64.814
0.016,0.128,2.6474,-2.338,2397.7,-1553.9,284.54,284.54
0.016,0.112,6.3386,0.35499,-10683,-14348,-107.92,107.92
0.016,0.096,1.5129,2.7314,-18407,-11444,-305.09,305.09
0.016,0.08,5.7454,-0.9586,8845.5,-1.0566e+05,14.232,14.232
0.016,0.064,3.8004,-1.406,-184.29,19874,752.86,752.86
0.016,0.048,0.88408,0.32884,5826,19231,1239.2,1239.2
0.016,0.032,-0.19862,0.48464,-20981,1.131e+05,772.6,772.6
0.016,0.016,-0.82567,1.0297,0,0,-1027.1,1027.1
0.032,0.496,0.89171,3.4613,27704,-27855,639.65,639.65
0.032,0.48,1.8227,2.7587,26702,-51713,1003.4,1003.4
0.032,0.464,1.4265,1.713,18299,-3248.3,1154.4,1154.4
0.032,0.448,0.43836,3.2416,-9837.1,12909,690.81,690.81
0.032,0.432,-0.0012402,0.29489,-20714,29953,178.62,178.62
0.032,0.416,-0.38826,-0.64083,-21929,-20435,-261.12,261.12
0.032,0.4,-0.31659,-0.33842,-39794,-29251,-148.94,148.94
0.032,0.384,0.052616,0.10614,-16733,-930.29,17.115,17.115
0.032,0.368,-0.031343,0.14751,-16921,9753.2,74.617,74.617
0.032,0.352,-0.1459,0.023858,-4122.7,29700,-132.14,132.14
0.032,0.336,-0.07226,0.31913,-18112,5284.5,-240.11,240.11
0.032,0.32,0.036552,-0.028001,-13157,-4554.8,-314,314
0.032,0.304,-0.028243,-0.19399,-11919,-2957.4,-279.86,279.86
0.032,0.288,-0.39011,-0.06914,-5522.1,-7043,-102.81,102.81
0.032,0.272,-0.30474,-0.42063,-12583,-8094.8,93.452,93.452
0.032,0.256,-0.21343,0.029862,-18721,-8316.5,180.87,180.87
0.032,0.24,-0.51074,0.66125,-45552,-3264.1,-130.04,130.04
0.032,0.224,-0.37611,-0.059163,-36224,-8920.5,-165.7,165.7
0.032,0.208,0.075931,-0.49093,-18867,-16942,81.072,81.072
0.032,0.192,0.61053,-0.1389,4108.9,11756,470.05,470.05
0.032,0.176,0.46526,-0.30755,41.539,22438,400.42,400.42
0.032,0.16,-0.023235,0.096397,-10192,19825,60.652,60.652
0.032,0.144,-0.38142,0.20455,-27447,-7447.8,-244.75,244.75
0.032,0.128,0.14673,-0.39426,-45568,-10749,-302.16,302.16
0.032,0.112,0.016177,0.069602,-58169,-41511,-132.41,132.41
0.032,0.096,-0.6727,0.041806,-45544,-28691,1253.7,1253.7
0.032,0.08,-0.15883,0.009518,15259,-1.3707e+05,2952.5,2952.5
0.032,0.064,1.0515,-2.186,-21991,1.1253e+05,4142.7,4142.7
0.032,0.048,0.18204,3.1255,-17096,1.0023e+05,3399.2,3399.2
0.032,0.032,-1.5556,3.6736,-53128,2.0901e+05,1751,1751
0.032,0.016,-1.2097,-3.8308,0,0,723.01,723.01
0.048,0.496,0.38834,3.94,31167,-31337,693.86,693.86
0.048,0.48,0.56319,3.1745,22589,-72944,1156.8,1156.8
0.048,0.464,-0.11457,2.7087,17917,-24390,1453.9,1453.9
0.048,0.448,0.2447,3.2578,-12507,-7630.2,1014.8,1014.8
0.048,0.432,0.018025,0.56634,-18301,22285,379.71,379.71
0.048,0.416,0.58877,-0.0055993,-23022,-19655,-240.16,240.16
0.048,0.4,-0.9107,-0.59133,-43312,-26746,-254.22,254.22
0.048,0.384,-1.2605,-0.84896,-23417,26146,-163.69,163.69
0.048,0.368,0.24929,1.3964,-30203,29823,-166.94,166.94
0.048,0.352,-0.08398,1.5901,-14828,46546,-504.69,504.69
0.048,0.336,-0.97542,0.25409,-22606,-3667.8,-631.57,631.57
0.048,0.32,-0.70054,-0.030094,-11461,-9956.7,-698.02,698.02
0.048,0.304,-0.75563,-0.11818,-12837,-6466.8,-994.4,994.4
0.048,0.288,-0.42185,0.065171,-71121,-54009,163.51,163.51
0.048,0.272,-0.40749,-1.1855,-76696,-51841,1488.5,1488.5
0.048,0.256,-1.3472,-0.16443,-77221,-50167,3603.9,3603.9
0.048,0.24,-1.2667,0.52926,-39345,377.55,2789.6,2789.6
0.048,0.224,-0.82171,-0.15804,-32440,-6916.8,1756.4,1756.4
0.048,0.208,-0.34149,-1.2211,-17730,-14645,359.94,359.94
0.048,0.192,-0.091847,-0.51853,3155.4,16184,318.76,318.76
0.048,0.176,-0.43469,1.8485,-598.45,23069,119.36,119.36
0.048,0.16,-0.86841,0.56997,-12530,19977,-304.99,304.99
0.048,0.144,-1.0936,-0.68525,-29492,-9480.3,-783.38,783.38
0.048,0.128,-1.5598,-0.073012,-49983,-8752.2,-886.09,886.09
0.048,0.112,-1.8431,0.05147,-56895,-44812,119.27,119.27
0.048,0.096,0.54254,-1.5512,-45258,-27699,2542.8,2542.8
0.048,0.08,0.74488,0.86433,3744.2,-1.2262e+05,4942.2,4942.2
0.048,0.064,0.82649,0.16967,-29508,1.4654e+05,5710.5,5710.5
0.048,0.048,-1.1592,4.6851,-23359,1.2945e+05,4335.3,4335.3
0.048,0.032,-1.9128,4.5749,-44933,2.2327e+05,2138.4,2138.4
0.048,0.016,-1.6637,-4.7554,0,0,864.12,864.12
0.064,0.496,1.1779,3.5091,2577.5,-14043,478.34,478.34
0.064,0.48,0.61111,3.642,-25903,-80268,748.23,748.23
0.064,0.464,-0.078832,2.0083,-37359,-52499,1023.2,1023.2
0.064,0.448,-0.011734,1.1634,-24100,-37363,913.73,913.73
0.064,0.432,-0.43529,0.26793,-2217.5,14417,771.54,771.54
0.064,0.416,-0.39644,0.23299,31613,-62870,113.19,113.19
0.064,0.4,-0.68083,-0.063558,27750,-1.1917e+05,-351.33,351.33
0.064,0.384,0.57909,-0.40691,50403,-85818,-998.4,998.4
0.064,0.368,0.25877,1.5233,6755.8,-24837,-1151.2,1151.2
0.064,0.352,-0.51213,1.1433,-1193.8,35392,-1407,1407
0.064,0.336,-0.97007,0.17599,-22817,-1783.5,-1245.4,1245.4
0.064,0.32,-0.48916,0.22997,-1006.5,-2198.6,-1386.4,1386.4
0.064,0.304,-0.22198,0.26646,51236,40818,-1628.5,1628.5
0.064,0.288,0.12912,-0.26169,19850,-9877.2,815.44,815.44
0.064,0.272,0.17365,-0.36853,1.0459e+06,-3.5398e+05,4376.4,4376.4
0.064,0.256,-0.41019,0.14541,1.0195e+06,-4.0113e+05,8282.3,8282.3
0.064,0.24,-0.62863,0.12327,1.0937e+06,-3.1561e+05,6986.7,6986.7
0.064,0.224,-0.0082469,0.29495,21876,13592,4465.6,4465.6
0.064,0.208,0.38939,-0.20339,-10235,10684,1160.3,1160.3
0.064,0.192,-0.00041809,-0.08762,-65279,21182,208.97,208.97
0.064,0.176,0.28331,0.61057,-36359,27991,-452.39,452.39
0.064,0.16,0.29628,-0.071035,-31591,24001,-647.65,647.65
0.064,0.144,-0.081631,-0.30924,-46120,-14339,-966.88,966.88
0.064,0.128,0.14251,-0.025786,-64358,-7297.3,-367.03,367.03
0.064,0.112,-0.10251,0.27682,-55494,-29482,1397.7,1397.7
0.064,0.096,1.0448,-0.137,-37734,14944,4303.2,4303.2
0.064,0.08,0.57064,1.1091,-22257,18214,6114.5,6114.5
0.064,0.064,-0.38038,2.0533,-90821,1.81e+05,5909.4,5909.4
0.064,0.048,0.15517,2.6038,-82624,1.3315e+05,4044.9,4044.9
0.064,0.032,0.066336,3.1757,-66106,1.2606e+05,1827.2,1827.2
0.064,0.016,-0.40321,-2.0645,0,0,666.26,666.26
0.08,0.496,2.0311,3.6602,0,0,329.48,329.48
0.08,0.48,1.8658,4.2546,-56587,-74483,298.51,298.51
0.08,0.464,1.1532,2.5665,-1.0927e+05,-73361,396.92,396.92
0.08,0.448,-1.0977,2.4723,-56226,-71981,525.68,525.68
0.08,0.432,-0.36668,1.3477,1496.6,-31255,579.45,579.45
0.08,0.416,-0.55016,0.35738,40867,-14811,-49.573,49.573
0.08,0.4,1.1992,-1.5955,41183,9240.9,-1828.1,1828.1
0.08,0.384,1.1915,-0.37375,-2554.5,96278,-3821.5,3821.5
0.08,0.368,0.89502,0.88891,-42572,1.0522e+05,-4576,4576
0.08,0.352,-0.38484,1.3058,-45587,81001,-4198.4,4198.4
0.08,0.336,-0.6961,1.4768,-14281,-2762.7,-3359.4,3359.4
0.08,0.32,-0.43273,0.98166,7003.6,-34187,-2687,2687
0.08,0.304,0.5547,0.43056,46339,26529,-2387.6,2387.6
0.08,0.288,2.1617,1.8619,62696,32258,1874.2,1874.2
0.08,0.272,2.8745,1.7207,1.1717e+06,-2.7806e+05,6804.7,6804.7
0.08,0.256,46.565,31.733,1.1804e+06,-3.5642e+05,11878,11878
0.08,0.24,3.8815,1.6754,1.2197e+06,-3.3655e+05,9745.6,9745.6
0.08,0.224,3.9779,1.6355,1.2701e+05,-12435,5934.3,5934.3
0.08,0.208,1.2485,0.71856,93298,36463,865.04,865.04
0.08,0.192,1.1568,-0.42534,21018,12402,-958.66,958.66
0.08,0.176,1.1535,0.70067,29561,-14759,-2180.3,2180.3
0.08,0.16,0.37638,0.5312,-331.73,-23366,-1904.5,1904.5
0.08,0.144,-0.49475,-0.81654,1037,-15673,-1474.7,1474.7
0.08,0.128,-0.78317,0.021514,-16694,5317.4,-380.87,380.87
0.08,0.112,-0.17672,-0.48709,-5405.8,-3077,1261.7,1261.7
0.08,0.096,0.29416,0.070272,7616.4,60880,4477.2,4477.2
0.08,0.08,-0.19254,2.2365,73.024,70363,6439.3,6439.3
0.08,0.064,-0.82625,2.0807,-62720,1.5352e+05,6568,6568
0.08,0.048,-2.479,2.6689,-68022,85985,4350.5,4350.5
0.08,0.032,-2.2518,3.7142,-53102,74170,1984.7,1984.7
0.08,0.016,-1.8411,-0.39278,0,0,626.71,626.71
0.096,0.496,1.3161,4.7075,0,0,154.7,154.7
0.096,0.48,1.5863,4.4538,-55982,-65754,-43.802,43.802
0.096,0.464,0.097039,4.0978,-1.5376e+05,-12297,21.54,21.54
0.096,0.448,-0.85779,3.6617,-1.359e+05,51236,-641.56,641.56
0.096,0.432,-1.2959,1.8517,-93729,1.3645e+05,-1402.1,1402.1
0.096,0.416,-0.33196,1.8882,-79458,2.3337e+05,-3246.3,3246.3
0.096,0.4,-1.7312,4.7894,-86872,3.291e+05,-5468.6,5468.6
0.096,0.384,-1.4455,4.4049,-1.4572e+05,4.2216e+05,-10230,10230
0.096,0.368,-1.6731,4.182,-1.45e+05,3.5377e+05,-12150,12150
0.096,0.352,-1.5447,3.7236,-49016,1.1946e+05,-11895,11895
0.096,0.336,0.051796,1.2512,15909,-29307,-8146.6,8146.6
0.096,0.32,-0.77302,-0.3879,46115,-91782,-5259.6,5259.6
0.096,0.304,-1.222,-0.55856,46938,18759,-3206.4,3206.4
0.096,0.288,0.2375,0.17808,1.1966e+05,57830,1680.6,1680.6
0.096,0.272,3.1453,3.1797,1.2182e+06,-3.2711e+05,6192.8,6192.8
0.096,0.256,3.5401,3.132,1.1684e+06,-3.9557e+05,9358.2,9358.2
0.096,0.24,2.5237,0.11944,1.1506e+06,-4.1497e+05,6724.4,6724.4
0.096,0.224,1.963,0.21375,53917,-28216,3262,3262
0.096,0.208,3.5054,0.56754,79852,13641,-842.75,842.75
0.096,0.192,3.9076,1.0394,10642,1692.8,-2693.7,2693.7
0.096,0.176,2.2279,0.77656,42857,-30362,-3898.8,3898.8
0.096,0.16,1.8871,-0.31104,-6272,-3209.4,-3007.4,3007.4
0.096,0.144,-0.24641,0.23086,-8286,-23278,-1482.8,1482.8
0.096,0.128,-0.15181,0.19368,-40386,5007.8,121.64,121.64
0.096,0.112,-0.12051,-0.11466,-12151,-40061,889.24,889.24
0.096,0.096,-0.053803,0.43534,11140,74190,4451.3,4451.3
0.096,0.08,0.5362,2.4883,3831.6,1.5202e+05,6863.2,6863.2
0.096,0.064,0.82057,2.65,-82406,3.3364e+05,8222.5,8222.5
0.096,0.048,-0.27757,4.5869,-91349,2.3307e+05,5277.6,5277.6
0.096,0.032,-1.3808,4.6699,-76963,1.6144e+05,2228.5,2228.5
0.096,0.016,-1.9316,1.5957,0,0,571.31,571.31
0.112,0.496,0.669,7.1268,0,0,150.76,150.76
0.112,0.48,1.1066,6.6039,-61561,-9523,-78.502,78.502
0.112,0.464,-0.67597,8.4279,-1.8829e+05,47606,-1153.5,1153.5
0.112,0.448,-0.23597,7.7495,-1.9063e+05,1.1911e+05,-3832.4,3832.4
0.112,0.432,-1.5677,8.7177,-3.1737e+05,4.5825e+05,-7322.4,7322.4
0.112,0.416,-2.2195,7.3453,-5.1369e+05,8.4838e+05,-11259,11259
0.112,0.4,-3.6107,8.2211,-6.2918e+05,1.1331e+06,-14907,14907
0.112,0.384,-4.078,8.8176,-6.5284e+05,1.2183e+06,-19668,19668
0.112,0.368,-3.5677,7.9959,-4.7279e+05,9.0373e+05,-25013,25013
0.112,0.352,-2.7888,6.8564,-1.1192e+05,2.6508e+05,-25417,25417
0.112,0.336,-0.22016,2.5779,1.5648e+05,-1.7918e+05,-21779,21779
0.112,0.32,-1.3738,-0.16937,2.3426e+05,-2.6584e+05,-13327,13327
0.112,0.304,-0.19473,0.72192,1.1061e+05,-1.0836e+05,-8497.9,8497.9
0.112,0.288,0.22572,0.86423,94194,-1.6709e+05,-3602.1,3602.1
0.112,0.272,0.4144,1.5875,1.254e+05,-3.6282e+05,-2104.8,2104.8
0.112,0.256,3.5013,2.1415,34299,-4.1005e+05,-685.25,685.25
0.112,0.24,0.68085,2.1491,-50939,-3.1094e+05,-2185.1,2185.1
0.112,0.224,0.75046,1.2695,-75877,-1.4587e+05,-2698.4,2698.4
0.112,0.208,1.4612,-0.42395,24772,-52705,-4762,4762
0.112,0.192,1.9408,0.54342,48278,-38645,-5440.9,5440.9
0.112,0.176,1.9466,1.9691,32987,-63020,-5687.4,5687.4
0.112,0.16,1.6431,0.39587,-5826.8,-44785,-4009.7,4009.7
0.112,0.144,-0.43729,2.0187,-31077,-58160,-2303.5,2303.5
0.112,0.128,1.1932,-1.2526,-51351,-37159,-615.31,615.31
0.112,0.112,1.2744,-0.13262,-47204,-73913,-560.57,560.57
0.112,0.096,0.74611,0.072731,-20987,73945,4228,4228
0.112,0.08,0.55319,2.7518,-20648,2.3893e+05,7255.5,7255.5
0.112,0.064,-0.30622,5.0363,-27842,4.4445e+05,9709,9709
0.112,0.048,-0.54754,7.2195,-27109,3.2858e+05,5796.9,5796.9
0.112,0.032,-1.1521,5.6686,-10802,1.8105e+05,2248.3,2248.3
0.112,0.016,-0.95211,-0.72991,0,0,457.46,457.46
0.128,0.496,-0.14724,11.27,0,0,49.502,49.502
0.128,0.48,-0.78892,11.606,0,0,-90.656,90.656
0.128,0.464,-0.2045,10.607,-1.3455e+05,2.128e+05,-1528.7,1528.7
0.128,0.448,-2.3067,12.249,-3.0258e+05,4.3643e+05,-4485.1,4485.1
0.128,0.432,-4.0408,13.365,-5.8283e+05,8.8907e+05,-9816,9816
0.128,0.416,-6.1512,14.82,-8.4029e+05,1.295e+06,-16757,16757
0.128,0.4,-7.1573,14.768,-1.1926e+06,1.8263e+06,-26150,26150
0.128,0.384,-7.3723,14.034,-1.2579e+06,1.9684e+06,-35961,35961
0.128,0.368,-6.746,12.254,-9.9925e+05,1.58e+06,-43853,43853
0.128,0.352,-4.9338,9.4279,-1.9134e+05,5.1661e+05,-43276,43276
0.128,0.336,-0.80607,4.7163,5.2962e+05,-3.5471e+05,-30722,30722
0.128,0.32,0.13613,5.3866,9.7996e+05,-7.1213e+05,-15654,15654
0.128,0.304,-0.62548,7.8447,8.9176e+05,-5.8116e+05,-7922.3,7922.3
0.128,0.288,0.87005,7.1068,6.6616e+05,-5.6752e+05,-10881,10881
0.128,0.272,2.936,5.2884,3.0847e+05,-6.9095e+05,-15602,15602
0.128,0.256,4.1638,4.8581,-37575,-6.8592e+05,-18042,18042
0.128,0.24,3.3162,3.5348,-1.8812e+05,-5.4997e+05,-16764,16764
0.128,0.224,1.9611,1.2398,-2.0885e+05,-3.2326e+05,-12942,12942
0.128,0.208,1.9025,0.35439,-89564,-2.0845e+05,-10465,10465
0.128,0.192,1.5595,1.2854,-71082,-93249,-8762.5,8762.5
0.128,0.176,1.9944,2.0994,-44709,-79189,-7591.5,7591.5
0.128,0.16,0.4455,1.9473,-18626,-51886,-5793.2,5793.2
0.128,0.144,2.4106,1.9224,-22161,-1.3117e+05,-4260,4260
0.128,0.128,1.9378,0.20137,-27750,-1.267e+05,-2177.5,2177.5
0.128,0.112,1.9781,0.55377,-59372,-1.3746e+05,-304.97,304.97
0.128,0.096,0.51597,1.0042,-1.1224e+05,82589,5018.7,5018.7
0.128,0.08,-0.41451,3.4154,-1.7092e+05,3.7049e+05,7733.3,7733.3
0.128,0.064,-0.51203,5.6881,-1.176e+05,5.1194e+05,8746.4,8746.4
0.128,0.048,0.36293,6.031,-42100,3.5033e+05,4768.7,4768.7
0.128,0.032,0.39807,4.0617,27722,1.1974e+05,1649.2,1649.2
0.128,0.016,0.20272,-1.7385,0,0,292.53,292.53
0.144,0.496,-0.76989,15.047,0,0,32.572,32.572
0.144,0.48,-1.4268,14.438,0,0,-101.96,101.96
0.144,0.464,-2.039,15.063,NaN,NaN,-2248.4,2248.4
0.144,0.448,-3.7401,16.807,NaN,NaN,-6026.1,6026.1
0.144,0.432,-5.4082,18.122,-1.496e+06,2.116e+06,-12397,12397
0.144,0.416,-10.252,21.628,-1.5543e+06,2.1173e+06,-32854,32854
0.144,0.4,-11.353,21.458,-1.7909e+06,2.4708e+06,-55427,55427
0.144,0.384,-11.907,21.031,-1.7429e+06,2.5141e+06,-72991,72991
0.144,0.368,-10.708,18.016,-1.3888e+06,1.9746e+06,-78769,78769
0.144,0.352,-6.5242,14.929,-2.6046e+05,6.3575e+05,-67642,67642
0.144,0.336,-2.3578,13.726,8.2728e+05,-5.8159e+05,-42470,42470
0.144,0.32,-0.35902,13.669,1.7798e+06,-1.4509e+06,-22048,22048
0.144,0.304,0.86213,13.651,1.804e+06,-1.3843e+06,-18402,18402
0.144,0.288,2.2121,11.685,1.3228e+06,-1.0791e+06,-30516,30516
0.144,0.272,5.1192,9.6837,6.2303e+05,-9.7028e+05,-41187,41187
0.144,0.256,5.8101,6.7361,57709,-9.3315e+05,-43538,43538
0.144,0.24,4.6218,4.8505,-2.6731e+05,-7.7694e+05,-37562,37562
0.144,0.224,4.2909,2.1634,-2.6371e+05,-5.0124e+05,-27257,27257
0.144,0.208,3.0591,1.734,-1.7627e+05,-3.0754e+05,-21590,21590
0.144,0.192,2.4481,2.2666,-1.517e+05,-1.4056e+05,-18792,18792
0.144,0.176,1.4291,4.1972,-1.5726e+05,-1.6157e+05,-19111,19111
0.144,0.16,1.9322,3.439,-80317,-2.4544e+05,-17380,17380
0.144,0.144,2.7722,2.9972,-21422,-4.2872e+05,-15229,15229
0.144,0.128,3.5991,1.6659,-173.18,-3.9867e+05,-10987,10987
0.144,0.112,3.3431,1.0004,-75389,-2.6323e+05,-6186.7,6186.7
0.144,0.096,1.9602,2.559,-1.7977e+05,49840,1029.2,1029.2
0.144,0.08,-0.1414,5.2428,-2.4324e+05,3.1601e+05,4322.2,4322.2
0.144,0.064,-0.85234,6.1618,-1.6203e+05,3.2664e+05,5127.9,5127.9
0.144,0.048,0.35275,5.1567,-55115,1.8145e+05,1810.4,1810.4
0.144,0.032,-1.132,3.493,27357,16572,137.1,137.1
0.144,0.016,-0.65933,2.6904,0,0,-145.04,145.04
0.16,0.496,0.40376,18.842,0,0,15.642,15.642
0.16,0.48,0.037932,17.173,0,0,23.463,23.463
0.16,0.464,-2.3645,19.232,NaN,NaN,0,0
0.16,0.448,-5.2816,22.836,NaN,NaN,4295.8,4295.8
0.16,0.432,-9.7187,26.852,NaN,NaN,-5865.2,5865.2
0.16,0.416,-13.216,30.42,NaN,NaN,-39750,39750
0.16,0.4,-19.026,33.478,-2.7276e+06,3.5025e+06,-71309,71309
0.16,0.384,-20.681,32.364,-2.375e+06,3.1966e+06,-97250,97250
0.16,0.368,-17.664,27.909,-1.9464e+06,2.5195e+06,-1.0415e+05,1.0415e+05
0.16,0.352,-10.833,19.207,-4.0496e+05,7.055e+05,-89728,89728
0.16,0.336,-4.9872,15.709,9.1129e+05,-7.6616e+05,-54143,54143
0.16,0.32,-1.3624,14.05,2.4308e+06,-2.3963e+06,-35294,35294
0.16,0.304,0.49898,11.321,2.5424e+06,-2.5118e+06,-39646,39646
0.16,0.288,2.9289,10.426,1.8453e+06,-2.0008e+06,-66115,66115
0.16,0.272,5.788,8.8998,8.6482e+05,-1.5855e+06,-79083,79083
0.16,0.256,6.4033,7.011,1.3441e+05,-1.3402e+06,-78268,78268
0.16,0.24,4.9538,5.5622,-2.8356e+05,-1.0932e+06,-65100,65100
0.16,0.224,3.5623,4.7299,-3.1686e+05,-7.4415e+05,-48127,48127
0.16,0.208,2.9579,3.7273,-2.1381e+05,-5.0171e+05,-40117,40117
0.16,0.192,1.9731,4.0164,-1.9352e+05,-2.1615e+05,-38406,38406
0.16,0.176,1.5297,5.3629,-1.6141e+05,-2.9602e+05,-41387,41387
0.16,0.16,1.9677,3.8629,-66021,-5.0623e+05,-39146,39146
0.16,0.144,2.9108,2.6375,53386,-8.5544e+05,-34537,34537
0.16,0.128,4.1027,2.3603,40218,-8.2163e+05,-27495,27495
0.16,0.112,2.9748,2.817,-56186,-7.0431e+05,-19040,19040
0.16,0.096,1.8739,4.3746,-1.754e+05,-4.613e+05,-9627,9627
0.16,0.08,1.4709,5.0495,-2.6022e+05,-1.6682e+05,-3243.8,3243.8
0.16,0.064,0.31922,5.4199,-2.4446e+05,-23276,-485.91,485.91
0.16,0.048,-0.1405,5.1894,-1.5144e+05,33042,-1624.4,1624.4
0.16,0.032,0.74965,4.4261,-37671,-38896,-1624.6,1624.6
0.16,0.016,0.055022,2.8094,0,0,-909.75,909.75
0.176,0.496,-0.42471,25.767,0,0,0,0
0.176,0.48,-1.3211,21.827,0,0,0,0
0.176,0.464,-5.6907,27.064,NaN,NaN,0,0
0.176,0.448,-7.174,31.185,NaN,NaN,NaN,NaN
0.176,0.432,-11.31,33.953,NaN,NaN,NaN,NaN
0.176,0.416,-14.677,36.614,NaN,NaN,-1.0829e+05,1.0829e+05
0.176,0.4,-19.578,38.482,NaN,NaN,-1.2114e+05,1.2114e+05
0.176,0.384,-20.698,37.245,NaN,NaN,-1.7687e+05,1.7687e+05
0.176,0.368,-19.702,34.365,-2.2136e+06,2.633e+06,-1.516e+05,1.516e+05
0.176,0.352,-14.409,25.393,-2.3536e+05,1.1765e+05,-1.304e+05,1.304e+05
0.176,0.336,-7.3025,14.418,1.0406e+06,-1.4088e+06,-71214,71214
0.176,0.32,-2.3655,12.376,2.3828e+06,-3.0396e+06,-55569,55569
0.176,0.304,1.7859,11.935,2.684e+06,-3.5927e+06,-70449,70449
0.176,0.288,5.947,10.288,1.9833e+06,-3.389e+06,-1.0393e+05,1.0393e+05
0.176,0.272,7.4641,7.5671,1.0696e+06,-3.0981e+06,-1.2988e+05,1.2988e+05
0.176,0.256,7.3626,7.6388,2.5518e+05,-2.5879e+06,-1.2151e+05,1.2151e+05
0.176,0.24,5.3435,6.2017,-2.6645e+05,-1.842e+06,-1.017e+05,1.017e+05
0.176,0.224,3.3561,5.2728,-4.0024e+05,-1.2001e+06,-79580,79580
0.176,0.208,3.3692,5.0097,-4.0508e+05,-6.7531e+05,-69824,69824
0.176,0.192,3.8491,7.3847,-3.9675e+05,-2.1656e+05,-67653,67653
0.176,0.176,3.072,9.1149,-3.737e+05,-2.2912e+05,-69451,69451
0.176,0.16,2.8977,7.1916,-2.0954e+05,-5.8966e+05,-64264,64264
0.176,0.144,3.2991,5.9777,-46606,-1.0741e+06,-56014,56014
0.176,0.128,3.1698,5.4142,-27905,-1.1155e+06,-46313,46313
0.176,0.112,2.2936,5.3069,-81213,-1.0602e+06,-35816,35816
0.176,0.096,3.0787,4.9736,-1.5432e+05,-9.2117e+05,-23509,23509
0.176,0.08,2.8214,5.6164,-2.3667e+05,-7.1113e+05,-14508,14508
0.176,0.064,0.75523,6.1595,-2.7512e+05,-4.6753e+05,-8250,8250
0.176,0.048,-0.37638,4.9514,-2.0674e+05,-2.1298e+05,-6616.2,6616.2
0.176,0.032,-0.54915,5.8252,-84542,-99521,-3654.5,3654.5
0.176,0.016,-0.20704,3.8354,0,0,-1465.5,1465.5
0.192,0.496,-1.7468,32.804,0,0,0,0
0.192,0.48,-2.6197,32.047,0,0,0,0
0.192,0.464,-6.2033,31.776,NaN,NaN,0,0
0.192,0.448,-11.02,38.82,NaN,NaN,NaN,NaN
0.192,0.432,-14.463,40.439,NaN,NaN,NaN,NaN
0.192,0.416,-18.657,42.242,NaN,NaN,NaN,NaN
0.192,0.4,-18.652,42.213,NaN,NaN,NaN,NaN
0.192,0.384,-18.163,39.697,NaN,NaN,-2.4579e+05,2.4579e+05
0.192,0.368,-17.806,36.497,-2.6575e+06,3.2467e+06,-1.5239e+05,1.5239e+05
0.192,0.352,-14.387,31.287,1.03e+05,-5.4705e+05,-1.3552e+05,1.3552e+05
0.192,0.336,-8.2571,21.877,1.3743e+06,-2.1472e+06,-91624,91624
0.192,0.32,-3.1008,14.928,2.3439e+06,-3.564e+06,-82751,82751
0.192,0.304,2.4312,14.793,2.7326e+06,-4.6523e+06,-85063,85063
0.192,0.288,7.3743,14.042,2.1356e+06,-4.9418e+06,-1.1963e+05,1.1963e+05
0.192,0.272,9.3173,10.595,1.3173e+06,-4.7835e+06,-1.532e+05,1.532e+05
0.192,0.256,7.32,10.206,4.974e+05,-4.0542e+06,-1.6157e+05,1.6157e+05
0.192,0.24,5.1881,8.6354,-71394,-3.04e+06,-1.4001e+05,1.4001e+05
0.192,0.224,4.1239,7.8987,-3.1427e+05,-2.2558e+06,-1.191e+05,1.191e+05
0.192,0.208,4.031,10.328,-3.3625e+05,-1.7269e+06,-1.0624e+05,1.0624e+05
0.192,0.192,2.2521,14.663,-3.2341e+05,-1.1979e+06,-1.0105e+05,1.0105e+05
0.192,0.176,1.5204,13.635,-3.0646e+05,-9.4433e+05,-97458,97458
0.192,0.16,2.5119,10.906,-2.2866e+05,-8.628e+05,-89719,89719
0.192,0.144,3.4534,11.588,-1.6841e+05,-1.0078e+06,-77527,77527
0.192,0.128,3.8877,12.706,-2.0014e+05,-9.568e+05,-64150,64150
0.192,0.112,3.6809,13.044,-2.5211e+05,-8.6261e+05,-51259,51259
0.192,0.096,2.369,10.67,-2.9172e+05,-7.6211e+05,-36580,36580
0.192,0.08,1.4259,10.766,-3.6038e+05,-6.0136e+05,-26320,26320
0.192,0.064,1.0258,11.406,-3.9687e+05,-6.444e+05,-17405,17405
0.192,0.048,0.57425,9.6405,-2.8768e+05,-4.2656e+05,-12738,12738
0.192,0.032,0.60594,7.7612,-1.2275e+05,-3.0131e+05,-6136.7,6136.7
0.192,0.016,0.45399,4.4842,0,0,-2054.2,2054.2
0.208,0.496,-4.9471,40.999,0,0,0,0
0.208,0.48,-5.2838,39.394,0,0,0,0
0.208,0.464,-7.2102,37.966,NaN,NaN,0,0
0.208,0.448,-10.775,38.899,NaN,NaN,NaN,NaN
0.208,0.432,-15.91,42.515,NaN,NaN,NaN,NaN
0.208,0.416,-17.563,44.694,NaN,NaN,NaN,NaN
0.208,0.4,-18.244,43.467,NaN,NaN,NaN,NaN
0.208,0.384,-16.317,40.152,NaN,NaN,-3.7555e+05,3.7555e+05
0.208,0.368,-13.825,37.196,NaN,NaN,-2.3243e+05,2.3243e+05
0.208,0.352,-9.7755,32.568,8.3066e+05,-1.6333e+06,-1.8853e+05,1.8853e+05
0.208,0.336,-3.7199,27.699,1.7706e+06,-2.5238e+06,-1.5047e+05,1.5047e+05
0.208,0.32,-0.52641,23.662,2.0158e+06,-3.1562e+06,-1.1348e+05,1.1348e+05
0.208,0.304,3.0802,19.723,2.3894e+06,-4.3177e+06,-99857,99857
0.208,0.288,6.1025,16.834,2.1894e+06,-5.2661e+06,-1.0139e+05,1.0139e+05
0.208,0.272,6.3719,14.483,1.7593e+06,-5.6218e+06,-1.3052e+05,1.3052e+05
0.208,0.256,5.8599,13.074,1.1046e+06,-5.227e+06,-1.5695e+05,1.5695e+05
0.208,0.24,4.7109,10.976,5.9841e+05,-4.5367e+06,-1.6004e+05,1.6004e+05
0.208,0.224,4.1935,11.924,3.0143e+05,-3.8847e+06,-1.5197e+05,1.5197e+05
0.208,0.208,4.5019,15.18,1.6676e+05,-3.3138e+06,-1.3543e+05,1.3543e+05
0.208,0.192,5.0969,14.058,13200,-2.5305e+06,-1.2551e+05,1.2551e+05
0.208,0.176,4.0296,16.096,-68034,-2.0446e+06,-1.1659e+05,1.1659e+05
0.208,0.16,3.4767,17.786,-93728,-1.6925e+06,-1.0893e+05,1.0893e+05
0.208,0.144,3.2417,18.843,-1.1653e+05,-1.5208e+06,-94039,94039
0.208,0.128,3.2598,19,-1.8951e+05,-1.1916e+06,-77464,77464
0.208,0.112,3.2902,21.264,-2.6439e+05,-8.3516e+05,-63392,63392
0.208,0.096,2.1609,23.442,-3.9128e+05,-5.3588e+05,-47518,47518
0.208,0.08,1.581,23.588,-4.8718e+05,-5.5673e+05,-36384,36384
0.208,0.064,0.7472,21.247,-5.2463e+05,-8.2742e+05,-23750,23750
0.208,0.048,0.25718,14.925,-3.1416e+05,-7.8435e+05,-16024,16024
0.208,0.032,1.9073,13.33,-1.4524e+05,-4.7168e+05,-7005,7005
0.208,0.016,1.1094,14.805,0,0,-1775.8,1775.8
0.224,0.496,-5.1242,40.315,0,0,0,0
0.224,0.48,-5.8931,37.827,0,0,0,0
0.224,0.464,-6.2053,38.639,NaN,NaN,0,0
0.224,0.448,-6.9172,39.699,NaN,NaN,NaN,NaN
0.224,0.432,-11.14,44.605,NaN,NaN,NaN,NaN
0.224,0.416,-14.108,46.382,NaN,NaN,NaN,NaN
0.224,0.4,-15.643,47.942,NaN,NaN,NaN,NaN
0.224,0.384,-14.626,44.96,NaN,NaN,NaN,NaN
0.224,0.368,-11.06,41.184,NaN,NaN,-2.5055e+05,2.5055e+05
0.224,0.352,-7.024,39.052,1.1e+06,-1.8422e+06,-1.9803e+05,1.9803e+05
0.224,0.336,-2.4701,37.019,1.8054e+06,-2.2343e+06,-1.8683e+05,1.8683e+05
0.224,0.32,0.63278,34.223,1.9783e+06,-3.0248e+06,-1.5438e+05,1.5438e+05
0.224,0.304,2.7178,30.482,2.0585e+06,-3.4468e+06,-1.1997e+05,1.1997e+05
0.224,0.288,4.3143,27.693,1.9053e+06,-3.9801e+06,-90964,90964
0.224,0.272,4.617,26.257,1.6614e+06,-4.0718e+06,-83421,83421
0.224,0.256,4.2807,22.387,1.389e+06,-4.3026e+06,-1.048e+05,1.048e+05
0.224,0.24,5.2172,19.879,1.1458e+06,-4.3039e+06,-1.2708e+05,1.2708e+05
0.224,0.224,6.4747,22.105,9.9748e+05,-4.0893e+06,-1.3928e+05,1.3928e+05
0.224,0.208,5.712,24.353,9.6754e+05,-3.9492e+06,-1.3809e+05,1.3809e+05
0.224,0.192,5.0872,25.661,8.9195e+05,-3.5139e+06,-1.3088e+05,1.3088e+05
0.224,0.176,3.6567,29.135,8.4009e+05,-3.2572e+06,-1.2148e+05,1.2148e+05
0.224,0.16,5.0148,28.441,7.216e+05,-2.7882e+06,-1.1635e+05,1.1635e+05
0.224,0.144,4.9871,27.772,5.8646e+05,-2.31e+06,-1.0358e+05,1.0358e+05
0.224,0.128,3.204,31.221,3.9392e+05,-1.6548e+06,-89149,89149
0.224,0.112,3.4112,33.639,1.6799e+05,-1.0249e+06,-77188,77188
0.224,0.096,2.8386,30.052,-92410,-6.1267e+05,-60265,60265
0.224,0.08,0.92665,28.066,-2.6813e+05,-5.8073e+05,-45680,45680
0.224,0.064,2.171,27.962,-3.9052e+05,-7.0704e+05,-27771,27771
0.224,0.048,1.8179,26.12,-2.4834e+05,-6.3445e+05,-16746,16746
0.224,0.032,1.1528,28.856,-1.4489e+05,-3.2309e+05,-6516.3,6516.3
0.224,0.016,-0.4457,28.267,0,0,-1390,1390
0.24,0.496,-4.8728,33.62,0,0,0,0
0.24,0.48,-4.9572,31.622,0,0,0,0
0.24,0.464,-4.2264,35.833,NaN,NaN,0,0
0.24,0.448,-4.568,40.146,NaN,NaN,NaN,NaN
0.24,0.432,-5.606,45.359,NaN,NaN,NaN,NaN
0.24,0.416,-7.4614,48.382,NaN,NaN,NaN,NaN
0.24,0.4,-9.0524,51.81,NaN,NaN,NaN,NaN
0.24,0.384,-10.142,52.133,NaN,NaN,NaN,NaN
0.24,0.368,-9.1166,50.299,NaN,NaN,-4.1554e+05,4.1554e+05
0.24,0.352,-6.7859,47.378,NaN,NaN,-2.6246e+05,2.6246e+05
0.24,0.336,-2.2838,45.014,1.2103e+06,-5.8125e+05,-2.3167e+05,2.3167e+05
0.24,0.32,-0.14636,43.936,1.3381e+06,-1.5947e+06,-1.4578e+05,1.4578e+05
0.24,0.304,0.6428,41.631,1.4411e+06,-1.8157e+06,-98422,98422
0.24,0.288,2.2012,39.34,1.608e+06,-2.6136e+06,-49265,49265
0.24,0.272,3.0925,38.135,1.6749e+06,-3.0215e+06,-30652,30652
0.24,0.256,3.52,38.222,1.6022e+06,-2.8761e+06,-35220,35220
0.24,0.24,4.1684,38.768,1.5248e+06,-2.5953e+06,-58633,58633
0.24,0.224,3.2889,39.38,1.4429e+06,-2.2074e+06,-80500,80500
0.24,0.208,3.4167,41.75,1.4518e+06,-2.3445e+06,-93613,93613
0.24,0.192,4.6408,42.7,1.4395e+06,-2.273e+06,-1.0179e+05,1.0179e+05
0.24,0.176,4.2827,42.452,1.4818e+06,-2.5036e+06,-99603,99603
0.24,0.16,5.0778,42.572,1.4613e+06,-2.6425e+06,-96849,96849
0.24,0.144,4.4848,43.296,1.3623e+06,-2.5344e+06,-96343,96343
0.24,0.128,3.8632,45.406,1.1878e+06,-2.0394e+06,-95460,95460
0.24,0.112,3.4877,46.422,9.9962e+05,-1.5737e+06,-94810,94810
0.24,0.096,3.0507,45.978,7.742e+05,-1.3366e+06,-77696,77696
0.24,0.08,3.244,44.736,5.9869e+05,-1.3497e+06,-54942,54942
0.24,0.064,3.3219,45.775,3.7304e+05,-9.485e+05,-29479,29479
0.24,0.048,1.9584,48.811,2.1318e+05,-5.8561e+05,-13485,13485
0.24,0.032,0.68424,52.407,47215,-84340,-5199.8,5199.8
0.24,0.016,0.26748,48.795,0,0,-974.35,974.35
0.256,0.496,-3.2462,32.316,0,0,0,0
0.256,0.48,-2.3387,31.934,0,0,0,0
0.256,0.464,-2.5826,36.888,NaN,NaN,0,0
0.256,0.448,-2.4167,41.587,NaN,NaN,NaN,NaN
0.256,0.432,-3.6544,46.254,NaN,NaN,NaN,NaN
0.256,0.416,-4.849,51.274,NaN,NaN,NaN,NaN
0.256,0.4,-5.3866,55.09,NaN,NaN,NaN,NaN
0.256,0.384,-7.2629,57.207,NaN,NaN,NaN,NaN
0.256,0.368,-7.5742,57.78,NaN,NaN,NaN,NaN
0.256,0.352,-6.0213,55.708,NaN,NaN,-2.237e+05,2.237e+05
0.256,0.336,-3.828,55.401,NaN,NaN,-1.9756e+05,1.9756e+05
0.256,0.32,-2.1997,56.331,NaN,NaN,-1.363e+05,1.363e+05
0.256,0.304,0.29238,54.481,1.0741e+06,5.9478e+05,-81934,81934
0.256,0.288,2.3258,54.108,1.1591e+06,-1.2432e+05,-40981,40981
0.256,0.272,2.0957,53.404,1.2319e+06,-6.736e+05,5757.6,5757.6
0.256,0.256,2.3213,52.881,1.3658e+06,-6.519e+05,28030,28030
0.256,0.24,2.8951,51.402,1.4306e+06,-4.9696e+05,22765,22765
0.256,0.224,3.9513,51.91,1.4713e+06,-3.4894e+05,-1144.1,1144.1
0.256,0.208,3.9971,51.844,1.5786e+06,-7.7835e+05,-24179,24179
0.256,0.192,4.7458,52.396,1.7705e+06,-3.4448e+05,-39904,39904
0.256,0.176,6.2399,53.078,1.8815e+06,-2.7982e+05,-48172,48172
0.256,0.16,6.2147,53.028,1.8874e+06,-1.7132e+05,-61598,61598
0.256,0.144,5.5916,54.181,1.8261e+06,-6.1201e+05,-77848,77848
0.256,0.128,5.2288,55.825,1.7325e+06,-8.6455e+05,-94358,94358
0.256,0.112,4.5734,57.13,1.6575e+06,-1.1667e+06,-1.0019e+05,1.0019e+05
0.256,0.096,5.1038,57.81,1.5327e+06,-1.7361e+06,-76230,76230
0.256,0.08,5.3505,58.203,1.3856e+06,-2.1195e+06,-47066,47066
0.256,0.064,4.3828,58.99,1.1113e+06,-1.8438e+06,-17714,17714
0.256,0.048,2.1164,60.72,6.4678e+05,-1.0046e+06,-7517.3,7517.3
0.256,0.032,-0.12873,60.654,2.5297e+05,-2.345e+05,-3118.3,3118.3
0.256,0.016,-0.48488,56.274,0,0,-819.23,819.23
0.272,0.496,-2.8354,34.254,0,0,0,0
0.272,0.48,-2.2529,36.656,0,0,0,0
0.272,0.464,-2.1328,40.539,NaN,NaN,0,0
0.272,0.448,-2.6015,44.479,NaN,NaN,NaN,NaN
0.272,0.432,-3.3045,48.866,NaN,NaN,NaN,NaN
0.272,0.416,-3.8862,55.074,NaN,NaN,NaN,NaN
0.272,0.4,-4.3837,59.205,NaN,NaN,NaN,NaN
0.272,0.384,-6.1757,61.771,NaN,NaN,NaN,NaN
0.272,0.368,-5.4381,64.523,NaN,NaN,NaN,NaN
0.272,0.352,-6.266,67.939,NaN,NaN,NaN,NaN
0.272,0.336,-5.4111,69.334,NaN,NaN,NaN,NaN
0.272,0.32,-3.536,69.021,NaN,NaN,39918,39918
0.272,0.304,-0.92102,68.891,NaN,NaN,26267,26267
0.272,0.288,0.26088,69.687,NaN,NaN,19239,19239
0.272,0.272,0.88244,69.032,NaN,NaN,43160,43160
0.272,0.256,1.9626,69.618,1.1182e+06,2.4402e+06,53035,53035
0.272,0.24,3.5517,67.427,1.1811e+06,2.237e+06,57155,57155
0.272,0.224,4.5934,65.714,1.2216e+06,1.9032e+06,39614,39614
0.272,0.208,4.1902,65.789,1.3622e+06,1.3005e+06,35462,35462
0.272,0.192,6.61,64.494,1.6584e+06,1.7148e+06,25250,25250
0.272,0.176,7.1983,62.749,1.8098e+06,2.4067e+06,6850.1,6850.1
0.272,0.16,6.7565,62.281,1.7919e+06,2.5345e+06,-26061,26061
0.272,0.144,7.0968,62.425,1.7461e+06,1.9176e+06,-61734,61734
0.272,0.128,6.7677,61.235,1.7091e+06,7.4048e+05,-81701,81701
0.272,0.112,7.1355,60.338,1.7687e+06,-5.4693e+05,-90708,90708
0.272,0.096,8.6103,59.111,1.7827e+06,-1.9243e+06,-59840,59840
0.272,0.08,7.4702,56.486,1.7169e+06,-2.9438e+06,-27649,27649
0.272,0.064,5.4198,56.541,1.4639e+06,-3.2392e+06,1670.7,1670.7
0.272,0.048,2.831,58.003,8.7542e+05,-2.0813e+06,1900.3,1900.3
0.272,0.032,0.60356,58.834,3.6387e+05,-8.6422e+05,-239.24,239.24
0.272,0.016,-0.25,57.552,0,0,-497.39,497.39
0.288,0.496,-2.6063,33.851,0,0,0,0
0.288,0.48,-1.8418,36.19,0,0,0,0
0.288,0.464,-1.8958,41.449,NaN,NaN,0,0
0.288,0.448,-2.2737,45.49,NaN,NaN,NaN,NaN
0.288,0.432,-3.2043,50.328,NaN,NaN,NaN,NaN
0.288,0.416,-3.5705,57.947,NaN,NaN,NaN,NaN
0.288,0.4,-3.6253,63.245,NaN,NaN,NaN,NaN
0.288,0.384,-4.5638,67.344,NaN,NaN,NaN,NaN
0.288,0.368,-4.5382,71.152,NaN,NaN,NaN,NaN
0.288,0.352,-4.0613,74.505,NaN,NaN,NaN,NaN
0.288,0.336,-3.3451,75.589,NaN,NaN,NaN,NaN
0.288,0.32,-3.5355,76.991,NaN,NaN,NaN,NaN
0.288,0.304,-1.7078,77.236,NaN,NaN,NaN,NaN
0.288,0.288,0.34279,77.492,NaN,NaN,NaN,NaN
0.288,0.272,1.1796,77.892,NaN,NaN,1.3105e+05,1.3105e+05
0.288,0.256,2.1965,77.697,NaN,NaN,1.1058e+05,1.1058e+05
0.288,0.24,4.3149,75.692,NaN,NaN,86737,86737
0.288,0.224,5.1178,73.572,NaN,NaN,1.0131e+05,1.0131e+05
0.288,0.208,5.1194,74.408,NaN,NaN,1.0239e+05,1.0239e+05
0.288,0.192,6.4112,71.476,1.7339e+06,5.6601e+06,93014,93014
0.288,0.176,7.2234,66.938,1.7112e+06,5.4695e+06,54624,54624
0.288,0.16,7.0556,66.051,1.6432e+06,5.0385e+06,5098.5,5098.5
0.288,0.144,6.836,64.141,1.5531e+06,3.8539e+06,-36496,36496
0.288,0.128,7.1528,59.202,1.4845e+06,2.0357e+06,-60466,60466
0.288,0.112,7.6072,56.525,1.4702e+06,-83594,-65107,65107
0.288,0.096,7.5084,54.882,1.4527e+06,-2.0583e+06,-28431,28431
0.288,0.08,6.3914,53.319,1.3597e+06,-3.5328e+06,736.88,736.88
0.288,0.064,5.0375,52.982,1.1027e+06,-4.3477e+06,25237,25237
0.288,0.048,2.5807,53.015,6.424e+05,-3.006e+06,11711,11711
0.288,0.032,1.0464,53.178,2.3867e+05,-1.4942e+06,3889.5,3889.5
0.288,0.016,0.87386,53.081,0,0,311.95,311.95
0.304,0.496,-2.4846,32.783,0,0,0,0
0.304,0.48,-2.3919,35.083,0,0,0,0
0.304,0.464,-1.3013,39.03,NaN,NaN,0,0
0.304,0.448,-0.55522,41.714,NaN,NaN,NaN,NaN
0.304,0.432,-1.7451,45.905,NaN,NaN,NaN,NaN
0.304,0.416,-1.8704,53.183,NaN,NaN,NaN,NaN
0.304,0.4,-1.5035,61.009,NaN,NaN,NaN,NaN
0.304,0.384,-1.809,68.138,NaN,NaN,NaN,NaN
0.304,0.368,-1.3482,73.434,NaN,NaN,NaN,NaN
0.304,0.352,-1.28,76.231,NaN,NaN,NaN,NaN
0.304,0.336,-1.2584,78.45,NaN,NaN,NaN,NaN
0.304,0.32,-0.55695,80.408,NaN,NaN,NaN,NaN
0.304,0.304,-0.66203,79.755,NaN,NaN,NaN,NaN
0.304,0.288,0.73075,78.586,NaN,NaN,NaN,NaN
0.304,0.272,1.4487,77.875,NaN,NaN,NaN,NaN
0.304,0.256,2.8864,76.573,NaN,NaN,NaN,NaN
0.304,0.24,3.5923,74.812,NaN,NaN,NaN,NaN
0.304,0.224,3.7469,72.771,NaN,NaN,1.5684e+05,1.5684e+05
0.304,0.208,4.0436,70.797,9.3769e+05,6.0425e+06,1.2628e+05,1.2628e+05
0.304,0.192,4.8565,67.188,1.1405e+06,5.9277e+06,1.0794e+05,1.0794e+05
0.304,0.176,6.0907,63.974,1.3071e+06,5.8686e+06,68004,68004
0.304,0.16,6.5797,62.605,1.309e+06,5.2811e+06,24508,24508
0.304,0.144,6.4843,59.738,1.25e+06,4.0069e+06,-16423,16423
0.304,0.128,5.4234,56.259,1.1376e+06,1.949e+06,-37010,37010
0.304,0.112,5.202,53.995,1.0746e+06,-3.7636e+05,-42223,42223
0.304,0.096,4.2991,52.326,9.9239e+05,-2.3907e+06,-7888.4,7888.4
0.304,0.08,4.0274,51.561,8.3879e+05,-3.8589e+06,17098,17098
0.304,0.064,4.1808,50.734,6.2948e+05,-4.6721e+06,36137,36137
0.304,0.048,2.9565,47.504,3.4934e+05,-3.2747e+06,18062,18062
0.304,0.032,2.027,46.08,1.2406e+05,-1.6852e+06,6752.8,6752.8
0.304,0.016,-0.67609,45.722,0,0,1120.7,1120.7
0.32,0.496,-2.8025,34.473,0,0,0,0
0.32,0.48,-3.0661,33.978,0,0,0,0
0.32,0.464,-1.8847,35.148,NaN,NaN,0,0
0.32,0.448,-0.24481,37.78,NaN,NaN,NaN,NaN
0.32,0.432,-0.41442,41.562,NaN,NaN,NaN,NaN
0.32,0.416,-0.84781,44.725,NaN,NaN,NaN,NaN
0.32,0.4,0.78197,54.297,NaN,NaN,NaN,NaN
0.32,0.384,-0.5932,57.97,NaN,NaN,NaN,NaN
0.32,0.368,0.75226,65.744,NaN,NaN,NaN,NaN
0.32,0.352,-0.012495,70.838,NaN,NaN,NaN,NaN
0.32,0.336,-0.52748,72.586,NaN,NaN,NaN,NaN
0.32,0.32,-0.50037,75.332,NaN,NaN,NaN,NaN
0.32,0.304,-0.369,74.931,NaN,NaN,NaN,NaN
0.32,0.288,1.4792,74.933,NaN,NaN,NaN,NaN
0.32,0.272,2.4071,75.319,NaN,NaN,-24701,24701
0.32,0.256,2.5668,73.764,NaN,NaN,-42993,42993
0.32,0.24,2.6559,71.404,NaN,NaN,-12485,12485
0.32,0.224,2.7292,69.485,NaN,NaN,68945,68945
0.32,0.208,3.1596,66.361,5.2419e+05,5.1554e+06,94473,94473
0.32,0.192,2.8168,62.33,7.1095e+05,5.032e+06,88652,88652
0.32,0.176,2.8639,60.226,7.3015e+05,4.7966e+06,63046,63046
0.32,0.16,3.7068,57.952,7.5987e+05,4.0151e+06,34375,34375
0.32,0.144,3.5383,55.104,6.8826e+05,2.4431e+06,4403.3,4403.3
0.32,0.128,3.2977,52.242,6.0174e+05,3.2612e+05,-17990,17990
0.32,0.112,2.8814,49.914,4.9196e+05,-1.8022e+06,-26123,26123
0.32,0.096,2.2427,47.765,3.5046e+05,-3.4154e+06,4577.4,4577.4
0.32,0.08,1.3745,46.484,2.5471e+05,-4.3569e+06,25666,25666
0.32,0.064,2.2009,43.817,2.2935e+05,-4.6814e+06,40746,40746
0.32,0.048,2.3015,40.656,1.6397e+05,-3.1461e+06,18514,18514
0.32,0.032,0.89413,38.05,92185,-1.5557e+06,5705.4,5705.4
0.32,0.016,0.073031,36.478,0,0,-938.48,938.48
0.336,0.496,-2.0336,31.5,0,0,0,0
0.336,0.48,-2.2243,31.567,0,0,0,0
0.336,0.464,-1.6968,32.36,NaN,NaN,14827,14827
0.336,0.448,-0.98074,31.027,NaN,NaN,19674,19674
0.336,0.432,-1.3384,33.816,NaN,NaN,-10881,10881
0.336,0.416,0.53331,37.1,NaN,NaN,-45976,45976
0.336,0.4,0.85336,39.343,NaN,NaN,-71991,71991
0.336,0.384,-0.23393,43.513,NaN,NaN,NaN,NaN
0.336,0.368,1.0714,48.766,NaN,NaN,NaN,NaN
0.336,0.352,-0.25521,52.447,NaN,NaN,NaN,NaN
0.336,0.336,-0.25515,54.999,NaN,NaN,NaN,NaN
0.336,0.32,0.11958,58.857,NaN,NaN,-59767,59767
0.336,0.304,1.6288,62.131,NaN,NaN,-74855,74855
0.336,0.288,2.5591,64.505,NaN,NaN,-89461,89461
0.336,0.272,2.085,66.103,NaN,NaN,-58296,58296
0.336,0.256,0.89302,65.951,1.5789e+05,5.1995e+06,-38197,38197
0.336,0.24,0.060046,64.161,-1.4631e+05,4.1672e+06,184.18,184.18
0.336,0.224,-0.21621,62.636,-3.7978e+05,3.4026e+06,31200,31200
0.336,0.208,-0.46351,59.683,-2.1365e+05,3.1504e+06,52399,52399
0.336,0.192,-0.78012,55.589,-60888,2.6991e+06,52069,52069
0.336,0.176,-0.65674,53.231,17120,1.9742e+06,39100,39100
0.336,0.16,-0.66734,51.901,-63062,4.0613e+05,26599,26599
0.336,0.144,-0.41642,48.485,-1.099e+05,-1.2489e+06,7268.6,7268.6
0.336,0.128,-0.29517,43.619,-1.1383e+05,-2.6794e+06,-6829,6829
0.336,0.112,-0.57438,40.318,-89226,-3.7888e+06,-17622,17622
0.336,0.096,-0.22903,39.25,-1.345e+05,-4.46e+06,9308.3,9308.3
0.336,0.08,-0.79634,39.597,-1.1735e+05,-4.6733e+06,24914,24914
0.336,0.064,-0.26733,38.87,-15026,-4.598e+06,32594,32594
0.336,0.048,0.82845,37.771,55801,-2.9691e+06,8687.2,8687.2
0.336,0.032,-0.22593,34.835,72189,-1.4084e+06,-1265.6,1265.6
0.336,0.016,-1.3311,30.661,0,0,-2656.8,2656.8
0.352,0.496,-2.9622,19.988,0,0,0,0
0.352,0.48,-1.6672,19.31,0,0,574.35,574.35
0.352,0.464,-0.47686,20.901,NaN,NaN,9653.7,9653.7
0.352,0.448,-1.7394,20.509,2.9084e+05,-4.3415e+05,4675,4675
0.352,0.432,-2.018,22.206,2.9084e+05,-4.3415e+05,-11282,11282
0.352,0.416,-0.63865,26.72,2.9084e+05,-4.3415e+05,-30948,30948
0.352,0.4,0.2892,28.92,NaN,NaN,-38568,38568
0.352,0.384,1.1564,29.517,NaN,NaN,-39230,39230
0.352,0.368,1.3852,33.496,NaN,NaN,-53000,53000
0.352,0.352,1.481,36.32,NaN,NaN,-77652,77652
0.352,0.336,1.692,38.731,NaN,NaN,-1.079e+05,1.079e+05
0.352,0.32,2.4994,44.088,NaN,NaN,-83501,83501
0.352,0.304,2.8163,47.331,8.6312e+05,5.9253e+06,-61879,61879
0.352,0.288,2.4007,50.267,6.7794e+05,5.209e+06,-43113,43113
0.352,0.272,0.71634,50.866,4.1366e+05,4.1028e+06,-25757,25757
0.352,0.256,-0.51693,51.921,52906,3.4106e+06,-18166,18166
0.352,0.24,-1.4264,52.098,-2.9499e+05,2.5717e+06,663.71,663.71
0.352,0.224,-3.9762,50.34,-5.4353e+05,1.5704e+06,5598.4,5598.4
0.352,0.208,-4.6162,48.676,-6.8089e+05,4.6723e+05,17156,17156
0.352,0.192,-3.6947,45.95,-6.4172e+05,-1.1707e+05,12036,12036
0.352,0.176,-3.9929,42.341,-6.2182e+05,-7.0131e+05,7090.3,7090.3
0.352,0.16,-5.6528,37.691,-6.4105e+05,-1.8639e+06,5395.2,5395.2
0.352,0.144,-4.2896,34.183,-5.925e+05,-3.2665e+06,5287,5287
0.352,0.128,-3.7064,30.504,-4.119e+05,-3.89e+06,6520.2,6520.2
0.352,0.112,-2.8416,30.524,-2.6223e+05,-4.068e+06,-1248.7,1248.7
0.352,0.096,-1.691,32.659,-2.2868e+05,-3.8161e+06,12779,12779
0.352,0.08,-1.6911,34.812,-1.6196e+05,-3.6069e+06,18677,18677
0.352,0.064,-1.7301,34.584,-12721,-3.5231e+06,21187,21187
0.352,0.048,-2.2331,33.602,78660,-2.317e+06,3395.3,3395.3
0.352,0.032,-1.9767,31.049,93969,-1.1338e+06,-3017.1,3017.1
0.352,0.016,-1.592,27.01,0,0,-2237.7,2237.7
0.368,0.496,-4.8598,11.568,0,0,-23.283,23.283
0.368,0.48,-2.864,7.8723,0,0,508.65,508.65
0.368,0.464,-2.0585,9.6669,6.0395e+05,1.6245e+05,7098.5,7098.5
0.368,0.448,-1.8869,11.087,4.2855e+05,1.7548e+05,2246.2,2246.2
0.368,0.432,-1.7796,12.203,4.0107e+05,2.9552e+05,-9741.3,9741.3
0.368,0.416,-0.92438,17.491,3.7637e+05,3.0752e+05,-24831,24831
0.368,0.4,0.25796,19.419,5.0186e+05,5.545e+05,-26958,26958
0.368,0.384,1.6505,23.796,5.8684e+05,6.3466e+05,-17054,17054
0.368,0.368,1.9396,27.089,5.999e+05,1.0238e+06,-16086,16086
0.368,0.352,2.1577,29.896,6.5239e+05,1.4995e+06,-30094,30094
0.368,0.336,3.4804,32.93,8.1545e+05,2.0989e+06,-55075,55075
0.368,0.32,5.5047,36.041,7.1494e+05,2.0741e+06,-54636,54636
0.368,0.304,4.8004,38.235,3.2919e+05,1.6435e+06,-43895,43895
0.368,0.288,2.7536,36.646,-81407,8.7644e+05,-29988,29988
0.368,0.272,0.97374,33.937,-1.3277e+05,6.1575e+05,-15763,15763
0.368,0.256,-0.75578,32.572,-93834,1.2061e+06,-6627.9,6627.9
0.368,0.24,-1.705,35.973,-3.0263e+05,1.0343e+06,-5229.3,5229.3
0.368,0.224,-3.2389,36.714,-5.8033e+05,10901,-15984,15984
0.368,0.208,-5.0615,32.043,-9.1691e+05,-2.0543e+06,-15616,15616
0.368,0.192,-4.9175,32.111,-9.2982e+05,-3.0505e+06,-9230,9230
0.368,0.176,-3.1088,34.369,-9.2286e+05,-3.3476e+06,2098.9,2098.9
0.368,0.16,-2.3507,32.46,-8.3112e+05,-3.0193e+06,11676,11676
0.368,0.144,-1.923,29.694,-7.0739e+05,-2.949e+06,20011,20011
0.368,0.128,-2.0624,25.643,-3.2886e+05,-2.2616e+06,23272,23272
0.368,0.112,-0.65901,26.763,27496,-1.427e+06,13719,13719
0.368,0.096,-0.45176,29.599,2.6673e+05,-4.6433e+05,19583,19583
0.368,0.08,-1.3123,35.391,2.5844e+05,-28791,14023,14023
0.368,0.064,-1.7451,37.135,1.8709e+05,-7.8002e+05,9414.6,9414.6
0.368,0.048,-2.96,34.41,1.0652e+05,-8.539e+05,-3230.3,3230.3
0.368,0.032,-4.0276,27.023,56944,-8.3976e+05,-4124.5,4124.5
0.368,0.016,-4.4061,20.055,0,0,48.795,48.795
0.384,0.496,-4.593,9.4861,0,0,257.56,257.56
0.384,0.48,-3.9123,5.0061,1.0116e+05,-71140,1291.1,1291.1
0.384,0.464,-1.4497,6.8257,5.0429e+05,-61056,1971.3,1971.3
0.384,0.448,-1.159,8.8381,4.8196e+05,2.412e+05,-8.5698,8.5698
0.384,0.432,-0.87808,9.3087,5.2282e+05,6.1468e+05,-4660.5,4660.5
0.384,0.416,0.12286,10.046,4.8905e+05,6.7681e+05,-13403,13403
0.384,0.4,1.8594,10.168,4.882e+05,7.8451e+05,-14249,14249
0.384,0.384,2.5898,12.959,4.1867e+05,6.0317e+05,-10755,10755
0.384,0.368,2.3872,13.976,4.0806e+05,6.511e+05,-5639.2,5639.2
0.384,0.352,2.345,16.278,4.52e+05,7.5881e+05,-15143,15143
0.384,0.336,3.9123,20.247,5.9895e+05,1.0558e+06,-35020,35020
0.384,0.32,5.4184,21.437,5.3077e+05,1.0044e+06,-38808,38808
0.384,0.304,2.8007,18.232,2.3633e+05,8.8496e+05,-25620,25620
0.384,0.288,-0.87333,11.245,-68704,3.9055e+05,-1140.5,1140.5
0.384,0.272,-1.2289,8.9758,-1.2912e+05,1.9366e+05,8381.5,8381.5
0.384,0.256,0.79647,9.1627,-1.4185e+05,27258,3005.5,3005.5
0.384,0.24,1.9203,11.126,-3.1086e+05,-2.1643e+05,-12880,12880
0.384,0.224,-2.1281,17.269,-5.8716e+05,-1.6118e+06,-27472,27472
0.384,0.208,-5.1018,14.022,-7.7053e+05,-3.2602e+06,-18889,18889
0.384,0.192,-6.8799,11.115,-7.3591e+05,-3.7699e+06,367.49,367.49
0.384,0.176,-5.388,17.248,-5.6095e+05,-2.6055e+06,20068,20068
0.384,0.16,-2.7704,23.607,-3.4859e+05,-1.0098e+06,23720,23720
0.384,0.144,-1.5595,23.936,-1.153e+05,-1.2546e+05,26345,26345
0.384,0.128,-0.33202,22.356,2.8692e+05,7.7021e+05,32172,32172
0.384,0.112,1.9391,25.405,6.2378e+05,1.599e+06,30242,30242
0.384,0.096,3.0023,30.261,7.4634e+05,2.2404e+06,24709,24709
0.384,0.08,2.6112,36.03,4.7332e+05,1.8414e+06,10786,10786
0.384,0.064,1.3075,36.756,-97829,-9417,4998.8,4998.8
0.384,0.048,-4.3129,29.486,-2.5175e+05,-7.6185e+05,786.62,786.62
0.384,0.032,-2.2878,25.105,-2.5797e+05,-1.0065e+06,985.35,985.35
0.384,0.016,-3.2452,17.698,0,0,727.19,727.19
0.4,0.496,-5.3054,7.3555,0,0,713.61,713.61
0.4,0.48,-4.6776,4.5678,1.7107e+05,-83230,3796.4,3796.4
0.4,0.464,-2.3997,5.7583,5.1774e+05,70797,8595.4,8595.4
0.4,0.448,-0.73755,9.8902,5.0219e+05,3.3489e+05,8288.9,8288.9
0.4,0.432,-0.25337,9.3946,5.054e+05,6.7827e+05,2367.3,2367.3
0.4,0.416,0.30166,12.268,4.3063e+05,6.9413e+05,-8173.6,8173.6
0.4,0.4,0.23029,11.971,4.0219e+05,6.6824e+05,-6366.9,6366.9
0.4,0.384,0.84082,11.445,3.5731e+05,5.1473e+05,2180.8,2180.8
0.4,0.368,0.90015,10.817,3.3718e+05,4.9371e+05,14076,14076
0.4,0.352,2.2577,10.494,3.4385e+05,4.9617e+05,13243,13243
0.4,0.336,3.1299,7.6598,4.4736e+05,7.0177e+05,2309.7,2309.7
0.4,0.32,3.9193,8.8321,4.3242e+05,6.8993e+05,-7099.2,7099.2
0.4,0.304,2.9324,7.3271,1.4136e+05,35279,-7379.9,7379.9
0.4,0.288,0.70703,4.147,-2.5983e+05,-8.2481e+05,-359.09,359.09
0.4,0.272,-0.89414,2.7266,-3.3048e+05,-1.203e+06,969.4,969.4
0.4,0.256,-2.1519,3.9127,-1.7832e+05,-9.2655e+05,-6574.9,6574.9
0.4,0.24,-3.5573,6.0225,-1.3618e+05,-7.3405e+05,-20314,20314
0.4,0.224,-2.6161,10.179,-2.9734e+05,-1.5638e+06,-26247,26247
0.4,0.208,-4.7754,5.0929,-3.9833e+05,-2.592e+06,-13364,13364
0.4,0.192,-4.0634,4.5992,-3.1847e+05,-2.8399e+06,10942,10942
0.4,0.176,-1.8407,8.4272,-1.0964e+05,-1.6302e+06,31190,31190
0.4,0.16,0.22356,13.674,96326,27997,32638,32638
0.4,0.144,0.3886,16.251,2.6895e+05,1.225e+06,24567,24567
0.4,0.128,0.18788,18.441,5.4418e+05,2.0156e+06,22233,22233
0.4,0.112,5.8903,23.814,6.9974e+05,2.4753e+06,15071,15071
0.4,0.096,6.9277,23.468,7.0232e+05,2.6014e+06,9668.7,9668.7
0.4,0.08,0.4486,20.285,3.8294e+05,1.9532e+06,-2879,2879
0.4,0.064,-3.2303,17.607,-8.5858e+05,-2.2853e+05,-214.41,214.41
0.4,0.048,-12.937,28.442,-9.6694e+05,-9.845e+05,1312.7,1312.7
0.4,0.032,-14.758,28.503,-9.8117e+05,-1.2647e+06,3652.1,3652.1
0.4,0.016,-8.2981,26.57,0,0,573.56,573.56
0.416,0.496,-5.0168,7.2315,0,0,5487,5487
0.416,0.48,-3.2664,4.5537,2.5701e+05,-98754,19110,19110
0.416,0.464,-1.8308,4.9851,5.634e+05,86673,36523,36523
0.416,0.448,-0.35847,8.0181,6.2383e+05,2.3138e+05,43216,43216
0.416,0.432,-0.12496,7.0008,5.4779e+05,5.618e+05,34442,34442
0.416,0.416,0.098811,8.5778,3.8054e+05,5.5335e+05,17261,17261
0.416,0.4,0.79377,8.7524,2.0014e+05,4.9608e+05,9576.3,9576.3
0.416,0.384,1.6374,9.1152,1.6364e+05,3.0171e+05,12016,12016
0.416,0.368,1.3158,8.8619,1.4348e+05,83476,18954,18954
0.416,0.352,1.0349,7.2563,1.1936e+05,-83795,18592,18592
0.416,0.336,1.6695,6.8502,1.5871e+05,-43102,16268,16268
0.416,0.32,2.1986,6.0209,1.9798e+05,8585.9,12809,12809
0.416,0.304,2.5963,4.3189,98649,2285.6,13886,13886
0.416,0.288,1.0925,2.7297,-94269,-1.4842e+05,11677,11677
0.416,0.272,-1.7345,4.947,-1.4647e+05,-2.0587e+05,5608.4,5608.4
0.416,0.256,-0.96392,3.4856,-98628,-2.6165e+05,-4654.5,4654.5
0.416,0.24,-1.1426,3.2293,-3864,-1.0147e+05,-10975,10975
0.416,0.224,-2.5292,4.8652,-24380,-4.4105e+05,-10620,10620
0.416,0.208,-1.8398,4.2885,15231,-5.8817e+05,-287.08,287.08
0.416,0.192,-1.3176,5.8062,36682,-6.4716e+05,14434,14434
0.416,0.176,-0.71587,8.4359,2.1733e+05,65047,23356,23356
0.416,0.16,0.53232,11.247,3.5532e+05,7.1069e+05,20910,20910
0.416,0.144,1.2569,12.047,5.1321e+05,1.1284e+06,12372,12372
0.416,0.128,3.143,14.151,6.499e+05,1.4221e+06,9013.9,9013.9
0.416,0.112,4.3146,12.445,5.6128e+05,1.3565e+06,4322.5,4322.5
0.416,0.096,2.711,8.6929,7.1453e+05,5.3424e+05,2370.4,2370.4
0.416,0.08,1.0745,5.4521,-2.567e+05,-1.4644e+06,5130.5,5130.5
0.416,0.064,-0.27512,2.5191,-2.3985e+06,-1.8207e+06,18738,18738
0.416,0.048,-26.38,39.442,-2.7395e+06,-1.4407e+06,22759,22759
0.416,0.032,-32.685,44.028,-2.0673e+06,-52336,15672,15672
0.416,0.016,-40.637,50.969,0,0,5452.3,5452.3
0.432,0.496,-5.5835,8.6168,-3.4316e+05,-5.1603e+05,15043,15043
0.432,0.48,-2.7081,5.5361,-1.4577e+06,-1.8447e+06,45131,45131
0.432,0.464,-1.1291,6.214,-2.1234e+06,-3.599e+06,76094,76094
0.432,0.448,0.1195,6.7164,81911,-2.7358e+06,95514,95514
0.432,0.432,0.54776,5.4882,2.425e+06,-2.619e+06,87753,87753
0.432,0.416,-0.54319,6.7574,2.9763e+06,-1.1999e+06,69668,69668
0.432,0.4,-0.72275,7.0878,1.5166e+06,-8.4115e+05,49455,49455
0.432,0.384,-0.24826,6.293,75409,82765,38421,38421
0.432,0.368,0.83972,5.9019,12816,-65727,30983,30983
0.432,0.352,-0.027101,3.8736,-1049.5,-1.1907e+05,31185,31185
0.432,0.336,-0.16982,2.2654,14406,-74164,31114,31114
0.432,0.32,0.63194,3.0052,1.311e+05,85031,30827,30827
0.432,0.304,0.58876,3.3,2.5916e+05,1.2425e+05,24760,24760
0.432,0.288,0.28097,3.5132,26634,89778,16547,16547
0.432,0.272,-1.3898,2.5091,-1.1435e+05,1.1655e+05,6906.7,6906.7
0.432,0.256,-1.1553,4.7705,-1.7112e+05,2.0641e+05,-623.16,623.16
0.432,0.24,-0.84703,5.8532,64941,2.4736e+05,-6924,6924
0.432,0.224,-0.61559,6.5437,1.7417e+05,1.5171e+05,-8567.9,8567.9
0.432,0.208,-0.10176,6.3103,1.4896e+05,88108,-7522.8,7522.8
0.432,0.192,-0.15002,7.5124,1.4529e+05,1.0871e+05,-2826.2,2826.2
0.432,0.176,-0.25383,8.1099,1.5629e+05,2.2364e+05,1966.3,1966.3
0.432,0.16,1.2553,7.6103,1.8999e+05,3.1718e+05,6099.7,6099.7
0.432,0.144,2.6699,6.1165,2.6736e+05,4.9782e+05,4703.1,4703.1
0.432,0.128,3.811,7.4969,3.1141e+05,5.9542e+05,1019.6,1019.6
0.432,0.112,3.2297,6.3291,38199,3.0015e+05,-5788.4,5788.4
0.432,0.096,-0.17252,2.753,-78269,-6.6702e+05,-1065,1065
0.432,0.08,2.7404,0.71471,-1.3066e+06,-2.6851e+06,10686,10686
0.432,0.064,-22.091,15.427,-3.2077e+06,-2.1989e+06,30794,30794
0.432,0.048,-55.968,63.165,-3.2202e+06,-1.4033e+06,33857,33857
0.432,0.032,-43.63,56.011,-1.9632e+06,6.3189e+05,23445,23445
0.432,0.016,-83.56,23.953,0,0,11481,11481
0.448,0.496,-6.0106,7.0561,-1.1262e+06,-1.7155e+06,17871,17871
0.448,0.48,-13.26,-6.9455,-2.4661e+06,-3.2704e+06,56459,56459
0.448,0.464,-59.935,-9.7431,-3.7556e+06,-5.9517e+06,94508,94508
0.448,0.448,-32.394,-7.2266,-1.2585e+06,-5.2639e+06,1.3128e+05,1.3128e+05
0.448,0.432,0.51054,4.5862,1.2803e+06,-4.577e+06,1.3382e+05,1.3382e+05
0.448,0.416,2.0538,5.7076,2.5807e+06,-2.4729e+06,1.2318e+05,1.2318e+05
0.448,0.4,0.82341,5.3974,2.0015e+06,-8.9493e+05,95243,95243
0.448,0.384,0.11969,4.4166,7.7626e+05,69100,73926,73926
0.448,0.368,-0.14048,4.6285,-1.0477e+05,-1.6983e+05,59063,59063
0.448,0.352,-0.40779,3.1478,-58487,-1.2892e+05,51698,51698
0.448,0.336,-0.25939,-0.066754,-17761,-70572,46118,46118
0.448,0.32,-0.096529,0.73819,53088,60571,36857,36857
0.448,0.304,2.7389,3.4651,1.8427e+05,1.0896e+05,26303,26303
0.448,0.288,5.923,1.8067,37508,92600,15479,15479
0.448,0.272,-1.7013,3.4077,-61998,1.7401e+05,10852,10852
0.448,0.256,-1.6851,5.6034,69490,3.3843e+05,7853.7,7853.7
0.448,0.24,-0.58852,6.2137,3.9236e+05,3.506e+05,4422,4422
0.448,0.224,-0.38248,6.6561,5.1212e+05,2.7085e+05,-111.92,111.92
0.448,0.208,-0.28921,7.1507,2.5586e+05,1.6832e+05,-1720.8,1720.8
0.448,0.192,0.22314,7.5249,76596,1.7318e+05,-1094.3,1094.3
0.448,0.176,0.9952,5.9326,31468,1.0009e+05,2227.7,2227.7
0.448,0.16,0.61978,4.4793,54660,-1921.2,5732.7,5732.7
0.448,0.144,0.16143,2.1022,1.1527e+05,62876,6777.9,6777.9
0.448,0.128,0.41202,3.5786,1.6451e+05,1.7931e+05,3719.2,3719.2
0.448,0.112,-0.82346,4.4092,-1.8711e+05,6655.2,2363.3,2363.3
0.448,0.096,-4.4845,0.2608,-2.4684e+05,-3.5988e+05,9917,9917
0.448,0.08,-13.954,37.063,-1.626e+06,-2.415e+06,22133,22133
0.448,0.064,-20.473,43.584,-3.2782e+06,-1.3096e+06,34426,34426
0.448,0.048,-158.01,208.19,-3.298e+06,-9.0205e+05,32357,32357
0.448,0.032,-33.567,73.335,-1.3774e+06,1.3845e+06,21159,21159
0.448,0.016,-88.968,49.548,0,0,11726,11726
0.464,0.496,-6.0029,4.3661,-1.8761e+06,-2.8779e+06,12761,12761
0.464,0.48,-50.684,-6.6499,-3.6892e+06,-4.9849e+06,44435,44435
0.464,0.464,-114.02,30.386,-6.3518e+06,-9.6401e+06,72232,72232
0.464,0.448,-108.94,159.37,-2.82e+06,-9.3288e+06,1.1207e+05,1.1207e+05
0.464,0.432,-50.547,-7.0108,-1.1761e+05,-7.727e+06,1.2986e+05,1.2986e+05
0.464,0.416,-11.308,6.5029,9.8092e+05,-5.2616e+06,1.3977e+05,1.3977e+05
0.464,0.4,1.2565,4.3911,1.5731e+05,-3.2922e+06,1.1973e+05,1.1973e+05
0.464,0.384,-0.64838,2.5593,-4.4471e+05,-1.5848e+06,96981,96981
0.464,0.368,-1.7817,2.6655,-1.0614e+06,-8.2801e+05,77134,77134
0.464,0.352,-0.69517,3.1271,-7.7295e+05,-5.6669e+05,64083,64083
0.464,0.336,0.64944,0.17442,-3.0026e+05,-3.0547e+05,43882,43882
0.464,0.32,0.80833,1.4594,76683,543.16,24850,24850
0.464,0.304,-0.96465,1.1438,2.2888e+05,29119,9408.6,9408.6
0.464,0.288,-0.70088,0.55784,68623,99408,5290.9,5290.9
0.464,0.272,-0.43438,1.2225,-2.911e+05,67545,6584.1,6584.1
0.464,0.256,0.62291,3.2257,-4.5774e+05,2.0323e+05,9587,9587
0.464,0.24,2.3917,3.8282,-4.2278e+05,86126,9444.2,9444.2
0.464,0.224,1.916,3.7921,-2.6156e+05,60160,6528.2,6528.2
0.464,0.208,1.1533,5.1157,28262,14504,3850.4,3850.4
0.464,0.192,0.27964,5.3789,1.6919e+05,1.2734e+05,1383.6,1383.6
0.464,0.176,1.2482,4.5262,3.1238e+05,1.0834e+05,1044,1044
0.464,0.16,1.8008,3.5213,71293,-42678,977.04,977.04
0.464,0.144,0.81216,1.7373,-48021,-22826,945.76,945.76
0.464,0.128,0.24787,0.91609,-54783,40905,1404.3,1404.3
0.464,0.112,1.227,3.1638,-3.2587e+05,-1.461e+05,3844.4,3844.4
0.464,0.096,-5.4678,2.6027,-5.9871e+05,-1525.5,6013.3,6013.3
0.464,0.08,-1.1231,21.761,-1.7402e+06,-1.2925e+06,6430.5,6430.5
0.464,0.064,-248.4,48.551,-2.3097e+06,-1.6328e+06,9203.1,9203.1
0.464,0.048,-322.87,240.48,-1.7262e+06,-1.9832e+06,9741.7,9741.7
0.464,0.032,-15.655,-14.903,0,0,8470.4,8470.4
0.464,0.016,-15.056,24.741,0,0,5993,5993
0.48,0.496,-0.87785,6.2141,-1.6092e+06,-2.4766e+06,-3150.8,3150.8
0.48,0.48,-46.455,-8.2694,-2.069e+06,-3.1842e+06,9537.3,9537.3
0.48,0.464,-183.72,-152.06,-2.8966e+06,-4.4578e+06,20187,20187
0.48,0.448,-241.95,-128.89,-2.0376e+06,-2.8802e+06,48851,48851
0.48,0.432,-682.05,-401.59,-3.2801e+06,-3.4671e+06,66320,66320
0.48,0.416,-60.913,-10.192,-2.179e+06,-3.7277e+06,83674,83674
0.48,0.4,-25.792,-9.7298,-1.3174e+06,-2.2931e+06,80947,80947
0.48,0.384,-10.231,-2.9342,-4.3997e+05,-1.5564e+06,77963,77963
0.48,0.368,-14.703,-3.0791,-1.0028e+06,-7.7161e+05,71722,71722
0.48,0.352,-12.75,-3.4744,-7.364e+05,-5.3746e+05,58053,58053
0.48,0.336,-1.6793,0.77023,-2.8344e+05,-2.7863e+05,33066,33066
0.48,0.32,1.5706,2.7796,28035,-54102,11980,11980
0.48,0.304,-0.1433,0.36735,30859,-50723,2049.5,2049.5
0.48,0.288,-0.37382,0.21883,-36435,971.06,1929.4,1929.4
0.48,0.272,-0.43865,1.6946,-2.8262e+05,-38037,5806.9,5806.9
0.48,0.256,-13.54,1.137,-3.3393e+05,68312,10299,10299
0.48,0.24,-14.334,5.3105,-4.1721e+05,-52924,12407,12407
0.48,0.224,-11.821,2.3965,-3.2669e+05,-44133,10398,10398
0.48,0.208,-9.2658,3.8746,-16671,-60470,7127.9,7127.9
0.48,0.192,2.4949,2.7915,1.3177e+05,85513,1921.3,1921.3
0.48,0.176,1.8121,2.323,2.9024e+05,1.2189e+05,-35.711,35.711
0.48,0.16,0.85522,2.2076,58624,25241,-1000.3,1000.3
0.48,0.144,1.7122,0.98154,-46543,5295.2,-49.644,49.644
0.48,0.128,-1.5024,2.776,-13012,42188,1332,1332
0.48,0.112,-1.4165,4.1641,-1.5865e+05,-75076,2092.3,2092.3
0.48,0.096,-0.52424,-3.009,-1.3611e+05,2.5698e+05,258.48,258.48
0.48,0.08,-0.14058,0.41693,-7.2624e+05,-3.098e+05,-3289.5,3289.5
0.48,0.064,-24.617,14.742,-7.652e+05,-1.9393e+05,-4563.4,4563.4
0.48,0.048,520.44,192.5,-7.119e+05,-7.2319e+05,-2648,2648
0.48,0.032,11.455,11.967,0,0,-157.08,157.08
0.48,0.016,-2.9805,14.434,0,0,-913.41,913.41
0.496,0.496,3.0193,-4.0576,-8.7502e+05,-1.353e+06,-6297.2,6297.2
0.496,0.48,-63.838,-33.343,-9.844e+05,-1.5222e+06,-4555.1,4555.1
0.496,0.464,-106.61,-35.051,-1.125e+06,-1.7396e+06,-4561.4,4561.4
0.496,0.448,1.6556,1.5312,0,0,6593.7,6593.7
0.496,0.432,0.5736,0.95529,-1.3279e+06,-1.2946e+06,17062,17062
0.496,0.416,-20.328,-7.5989,-1.8268e+06,-2.4299e+06,31852,31852
0.496,0.4,-4.2245,-7.4799,-1.8789e+06,-2.3846e+06,36363,36363
0.496,0.384,-12.04,13.29,-1.219e+06,-1.6553e+06,42578,42578
0.496,0.368,-81.739,9.7604,-9.5033e+05,-7.2715e+05,41570,41570
0.496,0.352,-105.36,-100.14,-7.2149e+05,-5.179e+05,35011,35011
0.496,0.336,-4.2801,-0.78317,-2.9933e+05,-2.8015e+05,16674,16674
0.496,0.32,6.9404,23.184,27470,-49986,4692.2,4692.2
0.496,0.304,-0.78224,4.0935,52299,-40772,-10.383,10.383
0.496,0.288,-3.5191,2.6744,798.27,12564,1115.2,1115.2
0.496,0.272,-10.823,4.6351,-2.715e+05,-66405,3371.7,3371.7
0.496,0.256,-15.735,2.6814,-5.4403e+05,-47991,6289.2,6289.2
0.496,0.24,-99.49,41.417,-7.8795e+05,-1.4122e+05,7910.6,7910.6
0.496,0.224,-99.834,-75.254,-7.1869e+05,-1.2398e+05,7290.7,7290.7
0.496,0.208,-16.327,1.0456,-1.8907e+05,-93396,4662.6,4662.6
0.496,0.192,-7.9042,-5.2959,1.0314e+05,20140,1215,1215
0.496,0.176,-1.716,0.23001,2.9349e+05,82503,-573.13,573.13
0.496,0.16,0.1348,1.2043,60713,20521,-667.77,667.77
0.496,0.144,-0.12517,2.439,-47992,12584,41.993,41.993
0.496,0.128,1.4459,3.6428,-51172,35527,871.54,871.54
0.496,0.112,-4.4661,0.96089,-61227,-46368,508.63,508.63
0.496,0.096,-1.3772,-0.56399,10700,-69127,-1462.8,1462.8
0.496,0.08,-1.2069,0.64423,-4.5248e+05,-5.8011e+05,-3774.3,3774.3
0.496,0.064,-0.49261,2.8759,-5.2352e+05,-5.3893e+05,-5034.5,5034.5
0.496,0.048,-22.826,28.81,-5.3392e+05,-5.424e+05,-3099.5,3099.5
0.496,0.032,-295.07,-249.96,0,0,-1324.6,1324.6
0.496,0.016,-11.369,25.601,0,0,-1873,1873
