0.016,0.496,-0.55695,-0.57457,-4452.1,-5683.9,624.49,624.49
0.016,0.48,0.5293,1.0825,-4759.2,-9039.3,1336.7,1336.7
0.016,0.464,3.0861,0.077747,-7350.1,-8392.4,417.24,417.24
0.016,0.448,-0.67242,1.1147,-2455.2,-4355.3,-893.52,893.52
0.016,0.432,1.2825,0.81281,-19423,-5549.6,-2033.9,2033.9
0.016,0.416,4.2402,-0.11334,-27209,-6950.9,-784.64,784.64
0.016,0.4,2.6152,-0.79861,-30037,-3787.9,-297.6,297.6
0.016,0.384,5.1961,-0.2323,-17510,859.98,-206.16,206.16
0.016,0.368,6.5522,-0.80103,-11716,1830.8,-612.76,612.76
0.016,0.352,3.5585,-0.33424,-23780,1689.2,-598.45,598.45
0.016,0.336,5.821,0.05168,-28677,1256.4,-285.18,285.18
0.016,0.32,3.4704,0.51874,-25021,144.67,5.6847,5.6847
0.016,0.304,0.011934,0.78327,-15054,272.77,-713.75,713.75
0.016,0.288,0.93407,-0.63587,-10688,2012.2,-2599.3,2599.3
0.016,0.272,1.7618,-1.7274,-11986,318.53,-6281.8,6281.8
0.016,0.256,0.50867,1.9311,-10628,-6123.2,-8624.8,8624.8
0.016,0.24,3.1583,0.70635,-19373,-10506,-15436,15436
0.016,0.224,7.3765,1.3114,-17073,-9554.9,-19528,19528
0.016,0.208,5.4151,0.018417,-11888,-7388.3,-19887,19887
0.016,0.192,1.2281,-0.12328,5597.5,-8372.8,-10857,10857
0.016,0.176,-0.64013,-0.65393,5093.1,-5954.1,-779.77,779.77
0.016,0.16,-0.6343,-0.71168,3236,-2213.6,7946.5,7946.5
0.016,0.144,-0.87489,0.41445,-1642.3,2497.9,10214,10214
0.016,0.128,2.5862,-2.4807,-5954.5,3266.7,9011.4,9011.4
0.016,0.112,6.0369,0.34732,-6272.9,1814.3,3114,3114
0.016,0.096,1.1354,0.21446,-6411.9,785.58,2920.1,2920.1
0.016,0.08,-0.60868,0.66308,-6320.7,25954,1833.9,1833.9
0.016,0.064,-1.9593,2.1439,-2691.4,20345,4634.7,4634.7
0.016,0.048,-2.319,1.2558,-1135.9,20625,3598.2,3598.2
0.016,0.032,-3.0819,0.87333,3514,-6092.5,3441.1,3441.1
0.016,0.016,-1.4947,-0.2757,0,0,1276.1,1276.1
0.032,0.496,0.928,1.6723,-8814.9,-7212.3,-269.76,269.76
0.032,0.48,0.06099,0.37466,-26140,-4218.9,-382.99,382.99
0.032,0.464,0.068898,-0.58588,-26243,-12904,-633.55,633.55
0.032,0.448,-0.11682,0.24788,-45992,29163,-740.05,740.05
0.032,0.432,-0.24865,0.17151,-41964,22611,-1812.2,1812.2
0.032,0.416,-0.51183,-0.66713,-52910,27389,-2383.5,2383.5
0.032,0.4,-0.45868,-0.36649,-35664,-15365,-2520.8,2520.8
0.032,0.384,-0.15501,0.28614,-26347,-12547,-1713.1,1713.1
0.032,0.368,-0.12815,0.15106,-18259,-10679,181.52,181.52
0.032,0.352,-0.18125,-0.13933,-18858,-10835,645.38,645.38
0.032,0.336,-0.38317,0.16768,-31467,-7655,794.62,794.62
0.032,0.32,-0.31043,0.078261,-39094,-5156.2,-494.41,494.41
0.032,0.304,-0.19264,-0.062464,-31695,2810,-605.66,605.66
0.032,0.288,-0.45433,-0.22844,-20853,3145.5,-553.18,553.18
0.032,0.272,-0.38394,-0.37172,-26480,12006,-517.02,517.02
0.032,0.256,-0.32313,0.082395,-37596,-4018.5,-500.28,500.28
0.032,0.24,-0.44929,0.52256,-57660,-18045,-242.11,242.11
0.032,0.224,-0.26118,-0.041386,-46386,-28471,67.137,67.137
0.032,0.208,0.063278,-0.3087,-21725,-9868,392.03,392.03
0.032,0.192,0.37843,0.13879,7262.3,1477.8,502.24,502.24
0.032,0.176,0.46341,-0.14606,-1465.2,2411.3,651.18,651.18
0.032,0.16,-0.14118,0.084756,-30174,-13041,713.26,713.26
0.032,0.144,-0.6308,0.24265,-62925,-8203.9,739.76,739.76
0.032,0.128,-0.082467,-0.38316,-78612,229.73,681.05,681.05
0.032,0.112,-0.14447,0.074672,-59888,-8706.4,729.74,729.74
0.032,0.096,-0.0081143,0.27937,-35170,-13818,784.51,784.51
0.032,0.08,-0.45365,0.21734,-11952,5683.2,961.08,961.08
0.032,0.064,-0.86525,2.1639,-9126.8,18434,879.86,879.86
0.032,0.048,-1.7436,1.4134,-4270.4,18614,585.21,585.21
0.032,0.032,-1.4401,1.6574,1868.5,-9149.5,192.65,192.65
0.032,0.016,-1.2376,-6.558,0,0,-24.172,24.172
0.048,0.496,0.4759,2.3726,661.36,-40102,-311.91,311.91
0.048,0.48,2.3643,0.20108,-2123.7,-60277,-158.02,158.02
0.048,0.464,2.1633,-0.066723,-19214,-87061,-556.05,556.05
0.048,0.448,2.3952,0.031586,-83896,1.2204e+05,-1382.7,1382.7
0.048,0.432,0.82832,2.5727,-98863,1.371e+05,-4319.4,4319.4
0.048,0.416,0.10913,-0.47689,-94598,1.6379e+05,-5697.1,5697.1
0.048,0.4,-0.82504,-0.53275,-2.2054e+05,-8.9104e+05,-5582.8,5582.8
0.048,0.384,-1.1786,-0.3226,-1.7523e+05,-1.0507e+06,-4457.9,4457.9
0.048,0.368,-0.50344,0.71029,-1.9282e+05,-1.0622e+06,-1634.5,1634.5
0.048,0.352,-0.36067,-0.19786,-16595,-1.7884e+05,590.19,590.19
0.048,0.336,-0.69148,-0.67004,-63643,-11403,2307.3,2307.3
0.048,0.32,-1.204,0.39963,-50096,-4303.8,1164.1,1164.1
0.048,0.304,-1.2629,0.11841,-58677,-10004,35.145,35.145
0.048,0.288,-0.48032,-0.2964,-50845,-11725,70.225,70.225
0.048,0.272,-0.55596,-0.077744,-49486,1520.4,224.47,224.47
0.048,0.256,-1.5809,0.97461,-41601,-10706,340.16,340.16
0.048,0.24,-1.5318,-0.39253,-58017,-27222,934.07,934.07
0.048,0.224,-1.3246,-0.61188,-47752,-46283,1790.3,1790.3
0.048,0.208,-0.83099,-0.068625,-21215,-28081,2647.8,2647.8
0.048,0.192,0.035786,0.95092,13422,-14176,2897.4,2897.4
0.048,0.176,-0.17575,1.3505,10928,-9962.6,2752.3,2752.3
0.048,0.16,-1.412,0.11982,-11234,-19490,2516.6,2516.6
0.048,0.144,-2.0254,-0.53179,-34635,-9135.3,2304.7,2304.7
0.048,0.128,-2.0629,-0.0084224,-45644,4520.3,2119.8,2119.8
0.048,0.112,-1.9597,0.41223,-50014,865.45,1942.1,1942.1
0.048,0.096,-0.45279,-1.276,-18848,-77208,1853.3,1853.3
0.048,0.08,-0.51796,0.45601,-26060,51909,1970.6,1970.6
0.048,0.064,-0.38735,1.0315,-13464,44536,1788.3,1788.3
0.048,0.048,-0.88105,1.3327,-27788,1.1389e+05,1085.5,1085.5
0.048,0.032,-0.50964,1.8702,-1832.2,-22718,354.49,354.49
0.048,0.016,-0.2266,-3.6409,0,0,-36.784,36.784
0.064,0.496,1.3635,1.0557,1166.9,-22252,-119.99,119.99
0.064,0.48,2.3648,0.098438,4570.8,-77550,42.98,42.98
0.064,0.464,2.8473,-0.51511,-9920.8,-81602,-786.93,786.93
0.064,0.448,1.7532,0.72513,-69094,2.2517e+05,-2719.4,2719.4
0.064,0.432,1.5188,6.5406,-1.3528e+05,3.9188e+05,-6442.9,6442.9
0.064,0.416,-0.59268,0.23076,-1.3864e+05,4.4617e+05,-9092,9092
0.064,0.4,-0.64426,0.23471,-2.086e+05,-9.4954e+05,-9388.5,9388.5
0.064,0.384,3.3147,4.5093,-58783,-1.312e+06,-7867.6,7867.6
0.064,0.368,5.5847,5.6345,-80375,-1.157e+06,-2582.2,2582.2
0.064,0.352,0.29122,0.89156,40067,-2.0065e+05,1819.3,1819.3
0.064,0.336,-0.21099,0.53958,-41356,12618,5879.4,5879.4
0.064,0.32,-0.10175,0.10134,-26250,-8341.8,4991.9,4991.9
0.064,0.304,0.41856,-0.20586,-43781,-16665,4024.6,4024.6
0.064,0.288,0.64204,-0.59625,6062.8,-20296,3283.6,3283.6
0.064,0.272,0.22452,-0.27733,48396,6268.3,3637.9,3637.9
0.064,0.256,-0.26367,0.064708,57439,-15522,3922.7,3922.7
0.064,0.24,-0.45596,-0.3961,25702,-60798,5561.9,5561.9
0.064,0.224,0.16897,0.0018834,8411.7,-90979,7433.5,7433.5
0.064,0.208,0.30443,-0.13809,14857,-11827,9148.8,9148.8
0.064,0.192,-0.62729,0.41188,-9858.9,49067,8788.2,8788.2
0.064,0.176,-0.44181,1.1361,-45546,68699,7693.8,7693.8
0.064,0.16,-0.73091,0.85254,-72581,32605,6497.5,6497.5
0.064,0.144,-1.2141,0.52123,-84777,47740,5491.2,5491.2
0.064,0.128,-1.1153,0.62521,-81148,58437,4569.5,4569.5
0.064,0.112,-0.73978,0.45213,-68438,35665,3708.8,3708.8
0.064,0.096,-0.93967,-0.68639,-9838.2,-1.2477e+05,3133.2,3133.2
0.064,0.08,1.4269,-1.9269,-26481,79951,2987.3,2987.3
0.064,0.064,0.28465,3.3467,-9396.1,63573,2703.7,2703.7
0.064,0.048,-0.075619,1.2382,-38160,1.9439e+05,1697.9,1697.9
0.064,0.032,-0.017147,1.863,964.34,-25928,663.08,663.08
0.064,0.016,-0.64718,-2.4244,0,0,22.419,22.419
0.08,0.496,1.5467,1.0804,6220.9,-23315,137.88,137.88
0.08,0.48,1.4119,2.0709,29696,-46432,378.27,378.27
0.08,0.464,1.9022,0.87556,7917.3,-51895,-75.798,75.798
0.08,0.448,1.7704,3.3877,1.1895e+05,-1.5862e+05,-1878.7,1878.7
0.08,0.432,2.0765,7.4908,35535,13172,-3604.3,3604.3
0.08,0.416,0.99432,6.9317,91246,-24311,-6135.4,6135.4
0.08,0.4,21.239,92.183,-1.6328e+05,-9.7695e+05,-6614.9,6614.9
0.08,0.384,3.4968,-1.7505,-25442,-1.2895e+06,-6652.9,6652.9
0.08,0.368,1.9905,-0.82789,-1.4602e+05,-1.0716e+06,-2627.3,2627.3
0.08,0.352,0.38247,1.5454,-69075,-85597,1778.1,1778.1
0.08,0.336,0.13939,1.3617,-1.0659e+05,42945,5836.5,5836.5
0.08,0.32,0.022075,0.91237,-9543.6,-7561.5,7325.7,7325.7
0.08,0.304,0.59345,0.81129,-1680.7,-34124,7240.3,7240.3
0.08,0.288,0.84403,0.76092,-1574.2,-46677,7200.8,7200.8
0.08,0.272,3.8593,0.43859,49633,-35804,7059.5,7059.5
0.08,0.256,3.6565,1.4507,70231,-42053,7627.9,7627.9
0.08,0.24,0.9525,0.087523,58555,-93296,10357,10357
0.08,0.224,1.3027,-0.22247,-5601.3,-36250,13945,13945
0.08,0.208,0.98603,1.781,-48881,1.3186e+05,17409,17409
0.08,0.192,-0.016449,4.0193,-1.0382e+05,2.323e+05,17412,17412
0.08,0.176,-1.7049,2.7738,-1.3172e+05,1.977e+05,15424,15424
0.08,0.16,-2.0664,2.1748,-1.6926e+05,1.3615e+05,12558,12558
0.08,0.144,-2.395,2.5163,-1.9735e+05,1.2178e+05,9832.2,9832.2
0.08,0.128,-2.4385,2.1335,-1.5449e+05,1.4583e+05,7289.6,7289.6
0.08,0.112,-2.004,1.5368,-73754,93324,5153.4,5153.4
0.08,0.096,-1.2951,1.4101,35883,-77582,3586,3586
0.08,0.08,0.80974,-1.9991,-4143.5,96559,2955.1,2955.1
0.08,0.064,-0.29722,3.3608,18226,46791,2605.3,2605.3
0.08,0.048,0.91619,1.0243,-19278,1.9346e+05,1642.2,1642.2
0.08,0.032,0.88957,2.647,18875,-22575,707.73,707.73
0.08,0.016,-0.19618,-4.3003,0,0,91.145,91.145
0.096,0.496,-2.2445,-2.4011,-11560,-3777.8,196.02,196.02
0.096,0.48,1.5628,3.615,-5077.3,-950.29,116.42,116.42
0.096,0.464,1.2376,3.9458,8896.1,1.1032e+05,678.06,678.06
0.096,0.448,1.5446,5.3059,1.9946e+05,-3.4475e+05,1015.6,1015.6
0.096,0.432,5.7365,-0.25805,1.5241e+05,-1.0982e+05,3144.8,3144.8
0.096,0.416,2.6343,8.8633,2.2584e+05,-2.1502e+05,2226.2,2226.2
0.096,0.4,3.393,5.7455,1.1684e+05,1.3398e+05,2062.3,2062.3
0.096,0.384,0.8388,-0.24366,1.6185e+05,-1.0877e+05,531.07,531.07
0.096,0.368,0.80146,4.849,-5663.4,-51318,3141.8,3141.8
0.096,0.352,-2.5178,1.5527,-95815,24445,5393.2,5393.2
0.096,0.336,-1.9009,0.9982,-89445,49055,9786.5,9786.5
0.096,0.32,0.4868,1.5528,49890,33659,12073,12073
0.096,0.304,1.0111,2.2366,1.0594e+05,-8910.9,15478,15478
0.096,0.288,1.5556,0.060418,1.2226e+05,-1.0194e+05,17875,17875
0.096,0.272,1.8408,0.1276,91027,-1.6176e+05,20376,20376
0.096,0.256,2.1885,1.1038,26498,-86205,22169,22169
0.096,0.24,1.3337,2.25,-43049,36433,26368,26368
0.096,0.224,-0.18382,1.2723,-1.4036e+05,2.6013e+05,30010,30010
0.096,0.208,-1.0123,4.5952,-2.5244e+05,5.3353e+05,33801,33801
0.096,0.192,-1.4987,5.9111,-3.5118e+05,6.7769e+05,32692,32692
0.096,0.176,-1.7535,5.4086,-3.9278e+05,6.1099e+05,30588,30588
0.096,0.16,-2.3114,5.2955,-4.5571e+05,5.0044e+05,26211,26211
0.096,0.144,-5.0505,3.9337,-4.7717e+05,3.8035e+05,22009,22009
0.096,0.128,-5.0698,1.2987,-3.21e+05,3.2283e+05,16976,16976
0.096,0.112,-2.8985,3.9154,-20159,2.0816e+05,12064,12064
0.096,0.096,-2.0559,3.3872,2.0635e+05,-8503.8,6697.6,6697.6
0.096,0.08,-0.35819,1.0507,1.5242e+05,45273,4171.3,4171.3
0.096,0.064,0.077295,1.1487,81766,-32835,2833.4,2833.4
0.096,0.048,0.83995,1.1245,860.84,1.2209e+05,2110.7,2110.7
0.096,0.032,2.4257,0.51936,19758,-6560.6,973.51,973.51
0.096,0.016,1.0208,-3.318,0,0,222.59,222.59
0.112,0.496,0.76444,-0.64688,-8137,-19959,94.692,94.692
0.112,0.48,1.1043,2.319,-10592,46031,255.02,255.02
0.112,0.464,0.7644,8.3316,-2547.8,-11926,2649.8,2649.8
0.112,0.448,2.0756,8.8112,2.0465e+05,-7.4306e+05,5575,5575
0.112,0.432,1.5714,1.5768,1.8683e+05,-4.3113e+05,10229,10229
0.112,0.416,2.2448,12.217,3.388e+05,-7.1046e+05,11435,11435
0.112,0.4,2.3809,9.5289,2.4647e+05,-3.8679e+05,14153,14153
0.112,0.384,1.3749,8.8842,2.6404e+05,-7.5158e+05,14285,14285
0.112,0.368,0.71348,2.1288,60847,-5.8908e+05,14959,14959
0.112,0.352,-0.7159,2.4148,-71083,-3.4511e+05,13469,13469
0.112,0.336,-0.83894,1.3013,-1.1655e+05,-1.2995e+05,14530,14530
0.112,0.32,-0.47263,1.8888,-1812.4,85433,17953,17953
0.112,0.304,1.036,4.2157,1.2365e+05,-21646,22637,22637
0.112,0.288,3.2523,1.4353,1.625e+05,-2.3165e+05,28089,28089
0.112,0.272,3.7681,0.32304,88208,-3.7681e+05,35532,35532
0.112,0.256,1.7151,1.4829,-18837,-1.7992e+05,43056,43056
0.112,0.24,1.3889,4.2792,-1.7275e+05,1.7393e+05,53979,53979
0.112,0.224,-0.35051,6.2599,-3.7265e+05,7.1301e+05,56897,56897
0.112,0.208,-1.3538,8.5362,-5.9089e+05,1.2467e+06,59979,59979
0.112,0.192,-3.2547,9.5063,-7.3522e+05,1.6647e+06,56243,56243
0.112,0.176,-3.7952,8.8582,-8.1901e+05,1.6444e+06,54717,54717
0.112,0.16,-4.0982,9.3066,-9.1873e+05,1.5303e+06,49949,49949
0.112,0.144,-6.3481,8.5531,-9.7107e+05,1.2369e+06,44649,44649
0.112,0.128,-5.947,4.6367,-7.0385e+05,9.5596e+05,37816,37816
0.112,0.112,-3.3341,2.4892,-1.9461e+05,5.8677e+05,30314,30314
0.112,0.096,-1.0324,4.8827,1.654e+05,2.7223e+05,17529,17529
0.112,0.08,1.1649,1.6599,87679,2.0481e+05,10176,10176
0.112,0.064,0.1551,3.0966,-1.6781e+05,1.3847e+05,3986.9,3986.9
0.112,0.048,-0.86234,1.8554,-2.1628e+05,1.4619e+05,3419.6,3419.6
0.112,0.032,-0.47489,-0.57913,-1.1578e+05,54621,939.36,939.36
0.112,0.016,-0.78577,-1.7431,0,0,127.42,127.42
0.128,0.496,2.6314,6.4242,-8137,-19959,9.8217,9.8217
0.128,0.48,1.0466,6.5215,-14240,-34929,1057.7,1057.7
0.128,0.464,-0.61737,12.454,1557.8,-1.1276e+05,6214.1,6214.1
0.128,0.448,0.86816,9.7554,32995,-5.1224e+05,12419,12419
0.128,0.432,0.18747,8.2459,57845,-1.2087e+05,20510,20510
0.128,0.416,0.16918,13.523,2.3562e+05,-6.966e+05,23495,23495
0.128,0.4,3.0628,5.2636,2.7637e+05,-8.8159e+05,30037,30037
0.128,0.384,2.7729,4.0495,3.3768e+05,-1.4723e+06,33012,33012
0.128,0.368,3.0505,3.4811,2.4473e+05,-1.3853e+06,35557,35557
0.128,0.352,3.174,2.9144,1.3736e+05,-1.0487e+06,31680,31680
0.128,0.336,-0.62158,2.5774,-24556,-5.6061e+05,30169,30169
0.128,0.32,-1.9561,3.4102,20811,-2.2034e+05,31298,31298
0.128,0.304,-0.68352,3.9419,1.5939e+05,-3.2361e+05,36965,36965
0.128,0.288,2.7865,2.7899,2.945e+05,-5.4195e+05,41920,41920
0.128,0.272,3.842,2.9265,1.6968e+05,-6.0179e+05,50781,50781
0.128,0.256,3.6117,3.6571,15504,-2.8733e+05,65465,65465
0.128,0.24,2.578,6.23,-2.1231e+05,3.2541e+05,95418,95418
0.128,0.224,0.02593,8.3406,-4.0193e+05,1.1186e+06,1.1464e+05,1.1464e+05
0.128,0.208,-1.8694,13.346,-6.3117e+05,1.9234e+06,1.2099e+05,1.2099e+05
0.128,0.192,-3.2645,16.965,-7.9927e+05,2.676e+06,1.0458e+05,1.0458e+05
0.128,0.176,-5.3863,19.698,-1.0606e+06,2.9425e+06,92427,92427
0.128,0.16,-6.7499,16.776,-1.2767e+06,2.9755e+06,82794,82794
0.128,0.144,-7.7529,16.136,-1.4009e+06,2.7081e+06,77522,77522
0.128,0.128,-8.2789,15.436,-1.1092e+06,2.3167e+06,69136,69136
0.128,0.112,-5.6939,10.641,-5.7797e+05,1.7132e+06,58175,58175
0.128,0.096,-4.2156,7.9575,-1.2808e+05,1.0124e+06,34040,34040
0.128,0.08,-4.5064,6.7041,-91779,7.7719e+05,19835,19835
0.128,0.064,-6.4827,6.643,-3.6822e+05,6.6538e+05,6655.6,6655.6
0.128,0.048,-5.8745,4.0001,-3.8716e+05,5.4006e+05,6651.5,6651.5
0.128,0.032,-1.6406,0.77369,-2.4327e+05,2.229e+05,1425.6,1425.6
0.128,0.016,1.3123,0.29961,0,0,-239.99,239.99
0.144,0.496,-0.7634,22.543,0,0,-0.016561,0.016561
0.144,0.48,-1.715,24.768,0,0,1241.5,1241.5
0.144,0.464,-1.8736,28.006,-57521,-8.5828e+05,6893.5,6893.5
0.144,0.448,-0.58286,23.743,-25976,-7.7723e+05,15169,15169
0.144,0.432,-1.6037,21.236,-64239,-2.1623e+05,33825,33825
0.144,0.416,-1.1436,20.814,2.3695e+05,-1.1445e+06,44812,44812
0.144,0.4,-0.47434,15.891,3.2678e+05,-1.6118e+06,47954,47954
0.144,0.384,-0.50966,14.429,4.8012e+05,-2.2256e+06,43086,43086
0.144,0.368,1.0455,12.757,4.3731e+05,-2.2707e+06,35627,35627
0.144,0.352,1.0987,10.834,2.61e+05,-1.8387e+06,29666,29666
0.144,0.336,0.1414,10.104,45039,-1.5042e+06,25509,25509
0.144,0.32,0.45964,8.8537,-37214,-1.089e+06,25926,25926
0.144,0.304,1.5535,7.1638,54568,-1.1517e+06,31106,31106
0.144,0.288,1.9611,6.5947,1.6276e+05,-1.1465e+06,34216,34216
0.144,0.272,3.6005,4.9324,88442,-9.1415e+05,42348,42348
0.144,0.256,2.2826,5.6425,-19034,-4.7072e+05,61518,61518
0.144,0.24,1.9962,8.5376,-1.8175e+05,2.07e+05,1.0461e+05,1.0461e+05
0.144,0.224,0.52009,12.799,-3.3195e+05,1.0658e+06,1.4018e+05,1.4018e+05
0.144,0.208,-0.50346,18.342,-5.317e+05,2.0319e+06,1.5857e+05,1.5857e+05
0.144,0.192,-2.415,21.605,-7.6427e+05,3.0743e+06,1.5343e+05,1.5343e+05
0.144,0.176,-3.806,26.299,-1.1483e+06,3.6892e+06,1.5156e+05,1.5156e+05
0.144,0.16,-6.3925,24.217,-1.4568e+06,3.9736e+06,1.5067e+05,1.5067e+05
0.144,0.144,-7.3317,23.837,-1.6333e+06,3.7977e+06,1.4393e+05,1.4393e+05
0.144,0.128,-7.0268,25.475,-1.453e+06,3.3858e+06,1.2412e+05,1.2412e+05
0.144,0.112,-6.9509,24.49,-1.0927e+06,2.7304e+06,98646,98646
0.144,0.096,-7.5748,19.684,-7.0378e+05,1.9863e+06,58858,58858
0.144,0.08,-6.3133,15.648,-4.8448e+05,1.3946e+06,36722,36722
0.144,0.064,-7.9306,14.021,-4.6534e+05,9.4325e+05,17068,17068
0.144,0.048,-7.2452,11.654,-3.2667e+05,4.9521e+05,14407,14407
0.144,0.032,-2.3154,7.1469,-1.7577e+05,1.9209e+05,3742,3742
0.144,0.016,0.56704,0.59879,0,0,176.63,176.63
0.16,0.496,-0.47572,35.122,0,0,-14.466,14.466
0.16,0.48,-0.65048,36.483,0,0,1156.9,1156.9
0.16,0.464,-0.14936,37.583,NaN,NaN,6853.3,6853.3
0.16,0.448,-0.90281,38.354,NaN,NaN,21342,21342
0.16,0.432,-0.90036,37.011,NaN,NaN,48722,48722
0.16,0.416,-1.7296,33.883,2.0789e+05,-1.9368e+06,62040,62040
0.16,0.4,-1.4564,31.296,1.523e+05,-1.9476e+06,60268,60268
0.16,0.384,0.69857,30.212,2.8331e+05,-2.1424e+06,33669,33669
0.16,0.368,1.8095,27.168,3.45e+05,-2.5104e+06,21876,21876
0.16,0.352,2.0133,21.675,3.3995e+05,-2.4517e+06,15367,15367
0.16,0.336,-1.2478,17.811,2.8344e+05,-2.5687e+06,20400,20400
0.16,0.32,-0.52605,14.493,3.0695e+05,-2.6042e+06,19987,19987
0.16,0.304,1.5719,11.008,3.0347e+05,-2.521e+06,25584,25584
0.16,0.288,2.4831,8.2368,2.6275e+05,-2.1668e+06,26365,26365
0.16,0.272,2.7528,6.1361,70113,-1.5082e+06,30192,30192
0.16,0.256,1.5191,8.4384,-1.0721e+05,-9.1976e+05,48455,48455
0.16,0.24,2.2113,12.027,-2.796e+05,-74151,92301,92301
0.16,0.224,1.2574,14.394,-3.4958e+05,7.191e+05,1.405e+05,1.405e+05
0.16,0.208,1.1081,17.294,-4.3713e+05,1.5571e+06,1.7167e+05,1.7167e+05
0.16,0.192,-0.41869,19.429,-6.1431e+05,2.5136e+06,1.8624e+05,1.8624e+05
0.16,0.176,-4.4523,23.696,-1.0279e+06,3.391e+06,1.9891e+05,1.9891e+05
0.16,0.16,-4.764,25.832,-1.4053e+06,4.117e+06,2.1194e+05,2.1194e+05
0.16,0.144,-4.6427,25.615,-1.6634e+06,4.3435e+06,2.0653e+05,2.0653e+05
0.16,0.128,-4.6278,24.661,-1.5881e+06,4.1991e+06,1.762e+05,1.762e+05
0.16,0.112,-4.5576,25.52,-1.4044e+06,3.7945e+06,1.322e+05,1.322e+05
0.16,0.096,-5.8841,26.564,-1.1353e+06,3.2934e+06,79583,79583
0.16,0.08,-6.6032,26.008,-8.6978e+05,2.6678e+06,56928,56928
0.16,0.064,-4.6966,24.33,-6.0799e+05,1.8773e+06,34866,34866
0.16,0.048,-4.5354,21.812,-3.0844e+05,9.387e+05,28373,28373
0.16,0.032,-3.7483,20.361,-1.1684e+05,3.1074e+05,8106,8106
0.16,0.016,-2.716,15.766,0,0,1182.6,1182.6
0.176,0.496,0.90436,37.566,0,0,0,0
0.176,0.48,0.40752,37.792,0,0,0,0
0.176,0.464,-0.68828,38.593,NaN,NaN,0,0
0.176,0.448,-0.81228,39.498,NaN,NaN,NaN,NaN
0.176,0.432,-0.27243,39.647,NaN,NaN,91152,91152
0.176,0.416,0.043864,38.727,NaN,NaN,96650,96650
0.176,0.4,0.35531,38.879,NaN,NaN,70960,70960
0.176,0.384,0.45776,37.023,NaN,NaN,36909,36909
0.176,0.368,-0.24391,34.194,3.5984e+05,-3.0213e+06,1077.7,1077.7
0.176,0.352,1.3492,27.47,3.2096e+05,-2.9378e+06,93.373,93.373
0.176,0.336,2.376,22.623,4.0014e+05,-3.2803e+06,-2987.5,2987.5
0.176,0.32,4.2716,17.257,4.7758e+05,-3.5155e+06,11528,11528
0.176,0.304,4.6537,14.978,4.8498e+05,-3.498e+06,17523,17523
0.176,0.288,3.2518,13.318,3.6323e+05,-3.0852e+06,17603,17603
0.176,0.272,4.9111,14.305,1.3376e+05,-2.3227e+06,19891,19891
0.176,0.256,2.0248,16.161,-79706,-1.6743e+06,33576,33576
0.176,0.24,1.6512,15.968,-2.9581e+05,-8.2645e+05,68526,68526
0.176,0.224,0.13093,15.001,-4.4194e+05,-1.7501e+05,1.0717e+05,1.0717e+05
0.176,0.208,0.066293,15.729,-5.7125e+05,5.1552e+05,1.4247e+05,1.4247e+05
0.176,0.192,0.16156,17.573,-7.8927e+05,1.4391e+06,1.8061e+05,1.8061e+05
0.176,0.176,-2.4902,19.583,-1.162e+06,2.5823e+06,2.2282e+05,2.2282e+05
0.176,0.16,-5.6478,25.239,-1.5139e+06,3.7959e+06,2.5888e+05,2.5888e+05
0.176,0.144,-6.6999,30.266,-1.6997e+06,4.4393e+06,2.5623e+05,2.5623e+05
0.176,0.128,-7.0012,28.559,-1.602e+06,4.6052e+06,2.1704e+05,2.1704e+05
0.176,0.112,-4.6134,28.281,-1.4396e+06,4.5353e+06,1.5779e+05,1.5779e+05
0.176,0.096,-4.0494,31.357,-1.3581e+06,4.5986e+06,84203,84203
0.176,0.08,-6.0233,33.609,-1.305e+06,4.3514e+06,60800,60800
0.176,0.064,-6.161,32.152,-1.1024e+06,3.7177e+06,36117,36117
0.176,0.048,-5.0922,29.969,-6.1959e+05,2.1105e+06,39348,39348
0.176,0.032,-5.8455,31.599,-2.2388e+05,9.0566e+05,12601,12601
0.176,0.016,-3.8446,26.379,0,0,4071.1,4071.1
0.192,0.496,2.8692,39.07,0,0,0,0
0.192,0.48,2.0753,37.97,0,0,0,0
0.192,0.464,0.8483,38.122,NaN,NaN,0,0
0.192,0.448,-0.32194,39.198,NaN,NaN,NaN,NaN
0.192,0.432,-0.15045,38.677,NaN,NaN,NaN,NaN
0.192,0.416,-0.097048,39.435,NaN,NaN,NaN,NaN
0.192,0.4,-1.3924,40.928,NaN,NaN,NaN,NaN
0.192,0.384,-2.1536,38.998,NaN,NaN,26345,26345
0.192,0.368,-1.22,36.794,1.6901e+05,-2.3334e+06,-970.57,970.57
0.192,0.352,0.46997,30.253,3.8868e+05,-3.1107e+06,-9606.5,9606.5
0.192,0.336,2.391,26.393,5.2585e+05,-3.5098e+06,-7604,7604
0.192,0.32,4.0629,24.646,6.7217e+05,-3.8237e+06,8234.7,8234.7
0.192,0.304,4.8002,23.967,7.2834e+05,-3.7982e+06,26657,26657
0.192,0.288,2.5333,25.362,6.7e+05,-3.6114e+06,25825,25825
0.192,0.272,2.1861,23.919,4.1801e+05,-3.0958e+06,24753,24753
0.192,0.256,1.6545,22.553,1.131e+05,-2.5765e+06,34309,34309
0.192,0.24,3.305,21.234,-2.2608e+05,-1.7406e+06,67772,67772
0.192,0.224,1.5052,18.04,-4.5459e+05,-1.0321e+06,1.0237e+05,1.0237e+05
0.192,0.208,0.030636,16.943,-6.0597e+05,-3.0768e+05,1.3144e+05,1.3144e+05
0.192,0.192,-0.95972,18.996,-7.8911e+05,5.9375e+05,1.5816e+05,1.5816e+05
0.192,0.176,-3.5876,20.317,-1.145e+06,1.7428e+06,1.9689e+05,1.9689e+05
0.192,0.16,-7.9466,25.272,-1.5256e+06,3.0778e+06,2.4228e+05,2.4228e+05
0.192,0.144,-9.9153,34.546,-1.8377e+06,4.1201e+06,2.5249e+05,2.5249e+05
0.192,0.128,-8.2746,38.701,-1.8402e+06,4.7576e+06,2.2238e+05,2.2238e+05
0.192,0.112,-6.8484,40.898,-1.693e+06,5.0434e+06,1.5184e+05,1.5184e+05
0.192,0.096,-5.7955,42.985,-1.6279e+06,5.4864e+06,62174,62174
0.192,0.08,-7.3935,43.297,-1.6697e+06,5.8498e+06,37591,37591
0.192,0.064,-8.3467,42.056,-1.7309e+06,5.8854e+06,20570,20570
0.192,0.048,-7.6253,42.368,-1.1395e+06,3.8232e+06,39182,39182
0.192,0.032,-5.9155,41.601,-5.4078e+05,1.8023e+06,12183,12183
0.192,0.016,-6.8774,38.32,0,0,5296.2,5296.2
0.208,0.496,4.6193,41.639,0,0,0,0
0.208,0.48,3.5264,39.17,0,0,0,0
0.208,0.464,2.6061,40.149,NaN,NaN,0,0
0.208,0.448,1.4299,40.839,NaN,NaN,NaN,NaN
0.208,0.432,1.0382,41.477,NaN,NaN,NaN,NaN
0.208,0.416,-0.048795,42.467,NaN,NaN,NaN,NaN
0.208,0.4,-0.82053,43.095,NaN,NaN,NaN,NaN
0.208,0.384,0.2968,42.733,NaN,NaN,1.1524e+05,1.1524e+05
0.208,0.368,1.5413,39.751,NaN,NaN,28759,28759
0.208,0.352,2.7036,35.476,3.723e+05,-3.2418e+06,19201,19201
0.208,0.336,5.2188,32.064,4.5919e+05,-3.4012e+06,2573.4,2573.4
0.208,0.32,3.766,30.296,4.7625e+05,-3.3462e+06,15391,15391
0.208,0.304,3.6016,29.721,6.1274e+05,-3.3229e+06,26860,26860
0.208,0.288,4.332,29.568,6.5246e+05,-3.2642e+06,34647,34647
0.208,0.272,5.4075,24.913,5.6099e+05,-3.0767e+06,30988,30988
0.208,0.256,2.3819,25.734,2.5569e+05,-2.7033e+06,37309,37309
0.208,0.24,-0.4663,28.329,-80057,-2.1039e+06,75470,75470
0.208,0.224,-0.49594,29.789,-3.3298e+05,-1.475e+06,1.1236e+05,1.1236e+05
0.208,0.208,-1.4474,30.203,-5.0083e+05,-7.8257e+05,1.3885e+05,1.3885e+05
0.208,0.192,-2.22,30.83,-6.7725e+05,47046,1.4593e+05,1.4593e+05
0.208,0.176,-3.1801,33.867,-9.7923e+05,1.022e+06,1.6479e+05,1.6479e+05
0.208,0.16,-6.3533,38.229,-1.3446e+06,2.1727e+06,1.9872e+05,1.9872e+05
0.208,0.144,-8.2346,42.723,-1.7226e+06,3.255e+06,2.1908e+05,2.1908e+05
0.208,0.128,-9.4401,45.675,-1.8549e+06,4.1407e+06,1.9574e+05,1.9574e+05
0.208,0.112,-9.6583,48.733,-1.7839e+06,4.7171e+06,1.256e+05,1.256e+05
0.208,0.096,-7.3656,51.107,-1.7221e+06,5.3651e+06,19488,19488
0.208,0.08,-7.7975,51.029,-1.8035e+06,6.0826e+06,-3727.2,3727.2
0.208,0.064,-8.9804,51.72,-2.0441e+06,6.7592e+06,-12760,12760
0.208,0.048,-8.5049,50.747,-1.4449e+06,4.7017e+06,24304,24304
0.208,0.032,-9.4969,52.074,-7.5119e+05,2.3982e+06,5975.5,5975.5
0.208,0.016,-9.0769,50.35,0,0,4784.6,4784.6
0.224,0.496,4.0137,45.886,0,0,0,0
0.224,0.48,4.1336,44.797,0,0,0,0
0.224,0.464,2.2937,45.305,NaN,NaN,0,0
0.224,0.448,0.53279,46.314,NaN,NaN,NaN,NaN
0.224,0.432,-0.10649,46.162,NaN,NaN,NaN,NaN
0.224,0.416,-0.075196,45.539,NaN,NaN,NaN,NaN
0.224,0.4,0.32972,45.081,NaN,NaN,NaN,NaN
0.224,0.384,1.2362,44.625,NaN,NaN,NaN,NaN
0.224,0.368,1.9218,41.782,NaN,NaN,47627,47627
0.224,0.352,2.8569,39.857,5.8144e+05,-3.5471e+06,25647,25647
0.224,0.336,3.1458,39.186,4.8544e+05,-3.3986e+06,17255,17255
0.224,0.32,2.2499,37.694,3.9269e+05,-3.1073e+06,20644,20644
0.224,0.304,1.7024,37.559,5.435e+05,-2.9876e+06,33267,33267
0.224,0.288,3.8979,36.029,4.7714e+05,-2.7541e+06,40848,40848
0.224,0.272,2.8997,36.759,2.9905e+05,-2.5055e+06,36094,36094
0.224,0.256,1.1888,36.563,1435.7,-2.174e+06,42219,42219
0.224,0.24,-0.48431,36.962,-1.8638e+05,-1.8303e+06,82120,82120
0.224,0.224,-0.82837,39.165,-2.6785e+05,-1.3976e+06,1.2403e+05,1.2403e+05
0.224,0.208,-1.5007,42.044,-3.5581e+05,-8.7296e+05,1.5013e+05,1.5013e+05
0.224,0.192,-1.7194,43.125,-5.0079e+05,-3.1312e+05,1.4779e+05,1.4779e+05
0.224,0.176,-2.9127,44.628,-7.5843e+05,2.7724e+05,1.4441e+05,1.4441e+05
0.224,0.16,-5.0672,45.972,-1.1259e+06,1.0457e+06,1.5454e+05,1.5454e+05
0.224,0.144,-7.2792,47.73,-1.5807e+06,2.001e+06,1.6249e+05,1.6249e+05
0.224,0.128,-9.756,49.37,-1.8694e+06,2.9519e+06,1.4083e+05,1.4083e+05
0.224,0.112,-9.373,51.379,-1.8822e+06,3.6616e+06,74887,74887
0.224,0.096,-7.306,52.781,-1.7914e+06,4.3227e+06,-21447,21447
0.224,0.08,-6.3837,52.4,-1.7929e+06,5.028e+06,-41066,41066
0.224,0.064,-7.896,54.15,-2.0298e+06,5.8505e+06,-32496,32496
0.224,0.048,-8.6023,54.908,-1.4454e+06,4.174e+06,11594,11594
0.224,0.032,-9.2118,56.184,-7.7738e+05,2.2056e+06,3584.7,3584.7
0.224,0.016,-5.8786,57.714,0,0,2866.6,2866.6
0.24,0.496,3.0881,51.14,0,0,0,0
0.24,0.48,1.626,49.699,0,0,0,0
0.24,0.464,-0.46415,49.797,NaN,NaN,0,0
0.24,0.448,-1.1841,49.37,NaN,NaN,NaN,NaN
0.24,0.432,-0.57948,47.346,NaN,NaN,NaN,NaN
0.24,0.416,-0.15634,46.102,NaN,NaN,NaN,NaN
0.24,0.4,0.82444,45.063,NaN,NaN,NaN,NaN
0.24,0.384,1.7151,44.776,NaN,NaN,NaN,NaN
0.24,0.368,2.8697,43.941,NaN,NaN,70212,70212
0.24,0.352,2.6467,45.048,NaN,NaN,82602,82602
0.24,0.336,1.3291,46.155,NaN,NaN,38591,38591
0.24,0.32,0.096547,45.938,-94221,-2.2166e+06,37003,37003
0.24,0.304,-0.97663,44.749,3.7246e+05,-2.4478e+06,17005,17005
0.24,0.288,-0.93131,42.991,57629,-2.0336e+06,24076,24076
0.24,0.272,-1.2784,42.844,-87892,-1.7725e+06,16782,16782
0.24,0.256,-2.8798,42.881,-2.8184e+05,-1.5915e+06,33611,33611
0.24,0.24,-2.0608,40.406,-3.3958e+05,-1.4829e+06,70082,70082
0.24,0.224,-0.98958,39.234,-3.6742e+05,-1.3789e+06,1.0853e+05,1.0853e+05
0.24,0.208,-0.81649,41.091,-3.8849e+05,-1.2284e+06,1.3095e+05,1.3095e+05
0.24,0.192,-0.99484,41.59,-4.5841e+05,-1.0431e+06,1.2926e+05,1.2926e+05
0.24,0.176,-2.236,41.994,-5.8229e+05,-7.7673e+05,1.235e+05,1.235e+05
0.24,0.16,-4.3159,43.661,-8.2947e+05,-2.3169e+05,1.2182e+05,1.2182e+05
0.24,0.144,-6.7505,45.522,-1.1462e+06,5.1769e+05,1.087e+05,1.087e+05
0.24,0.128,-7.0473,46.981,-1.3964e+06,1.34e+06,79079,79079
0.24,0.112,-6.686,49.033,-1.4476e+06,2.0481e+06,21696,21696
0.24,0.096,-5.4295,51.727,-1.4072e+06,2.707e+06,-40986,40986
0.24,0.08,-5.9017,52.97,-1.4343e+06,3.3504e+06,-47297,47297
0.24,0.064,-5.6942,53.933,-1.5969e+06,4.0513e+06,-30101,30101
0.24,0.048,-6.3893,56.491,-1.1422e+06,2.9349e+06,5092,5092
0.24,0.032,-7.2074,58.586,-6.0231e+05,1.5941e+06,1749.3,1749.3
0.24,0.016,-6.1531,59.57,0,0,1152.2,1152.2
0.256,0.496,1.9039,56.45,0,0,0,0
0.256,0.48,2.6142,52.914,0,0,0,0
0.256,0.464,1.2489,51.015,NaN,NaN,0,0
0.256,0.448,1.302,49.933,NaN,NaN,NaN,NaN
0.256,0.432,2.1213,48.205,NaN,NaN,NaN,NaN
0.256,0.416,1.9311,47.346,NaN,NaN,NaN,NaN
0.256,0.4,2.2229,46.883,NaN,NaN,NaN,NaN
0.256,0.384,3.7842,47.246,NaN,NaN,NaN,NaN
0.256,0.368,3.664,48.347,NaN,NaN,NaN,NaN
0.256,0.352,2.0757,48.497,NaN,NaN,NaN,NaN
0.256,0.336,0.74056,48.796,NaN,NaN,35623,35623
0.256,0.32,-0.19595,47.57,NaN,NaN,44517,44517
0.256,0.304,-1.307,46.432,NaN,NaN,-17609,17609
0.256,0.288,-1.8474,44.496,-6.1596e+05,-1.4417e+06,-30962,30962
0.256,0.272,-1.7937,42.499,-6.5123e+05,-1.3561e+06,-29272,29272
0.256,0.256,-1.2179,40.886,-6.1344e+05,-1.3759e+06,894.81,894.81
0.256,0.24,-0.46193,38.873,-5.778e+05,-1.4058e+06,44813,44813
0.256,0.224,-0.78075,37.537,-5.0688e+05,-1.5447e+06,80951,80951
0.256,0.208,-0.66689,36.474,-4.644e+05,-1.6936e+06,1.0403e+05,1.0403e+05
0.256,0.192,-0.42561,36.13,-4.1616e+05,-1.8187e+06,1.0576e+05,1.0576e+05
0.256,0.176,-1.1437,34.998,-4.0491e+05,-1.7523e+06,93203,93203
0.256,0.16,-1.6408,35.931,-4.5362e+05,-1.429e+06,75494,75494
0.256,0.144,-2.6121,39.127,-5.4502e+05,-8.7752e+05,39087,39087
0.256,0.128,-2.509,42.518,-6.6581e+05,-2.2352e+05,14521,14521
0.256,0.112,-3.7199,45.641,-6.951e+05,3.8968e+05,-20918,20918
0.256,0.096,-3.5602,49.441,-7.0551e+05,1.0021e+06,-41364,41364
0.256,0.08,-2.8161,52.026,-7.1274e+05,1.5743e+06,-42206,42206
0.256,0.064,-3.4333,54.315,-8.0494e+05,2.2262e+06,-21193,21193
0.256,0.048,-3.3782,56.935,-5.8197e+05,1.6905e+06,645.44,645.44
0.256,0.032,-4.0174,59.243,-3.1122e+05,9.6989e+05,1729.8,1729.8
0.256,0.016,-4.0553,59.685,0,0,292.65,292.65
0.272,0.496,1.7434,58.881,0,0,0,0
0.272,0.48,2.1621,54.453,0,0,0,0
0.272,0.464,1.9111,51.885,NaN,NaN,0,0
0.272,0.448,2.1905,51.059,NaN,NaN,NaN,NaN
0.272,0.432,2.889,50.017,NaN,NaN,NaN,NaN
0.272,0.416,3.5451,49.849,NaN,NaN,NaN,NaN
0.272,0.4,3.1496,50.86,NaN,NaN,NaN,NaN
0.272,0.384,3.2726,50.595,NaN,NaN,NaN,NaN
0.272,0.368,2.0727,50.29,NaN,NaN,NaN,NaN
0.272,0.352,-0.052366,49.6,NaN,NaN,NaN,NaN
0.272,0.336,-1.4253,49.595,NaN,NaN,NaN,NaN
0.272,0.32,-2.3106,49.36,NaN,NaN,NaN,NaN
0.272,0.304,-2.6963,49.181,NaN,NaN,-1.1372e+05,1.1372e+05
0.272,0.288,-3.1444,47.477,-6.3183e+05,-1.6963e+06,-1.0686e+05,1.0686e+05
0.272,0.272,-3.4891,45.434,-5.9547e+05,-1.5995e+06,-88242,88242
0.272,0.256,-2.2075,44.731,-6.4227e+05,-1.469e+06,-58288,58288
0.272,0.24,-1.6875,42.518,-6.7052e+05,-1.3857e+06,-4208.8,4208.8
0.272,0.224,-1.2013,41.194,-6.7939e+05,-1.4504e+06,41884,41884
0.272,0.208,0.0079281,39.427,-6.4592e+05,-1.6642e+06,76066,76066
0.272,0.192,-0.49384,37.158,-4.9765e+05,-1.9792e+06,82563,82563
0.272,0.176,-0.8388,35.327,-3.1164e+05,-2.1563e+06,70478,70478
0.272,0.16,-0.7987,36.218,-51348,-2.2277e+06,47860,47860
0.272,0.144,-0.38948,36.88,1.2458e+05,-2.1619e+06,8840.8,8840.8
0.272,0.128,-0.48907,38.961,1.8514e+05,-1.9709e+06,-10641,10641
0.272,0.112,-0.86589,41.424,1.7592e+05,-1.573e+06,-40142,40142
0.272,0.096,-0.52129,44.235,1.5364e+05,-9.9814e+05,-39942,39942
0.272,0.08,-0.67082,48.602,1.4292e+05,-3.2217e+05,-39489,39489
0.272,0.064,-0.9474,51.604,69463,3.5615e+05,-18987,18987
0.272,0.048,-1.5773,54.764,5596.3,4.7142e+05,-7730.9,7730.9
0.272,0.032,-1.8694,57.291,-18605,3.449e+05,-3639.4,3639.4
0.272,0.016,-1.4822,58.354,0,0,-1083.3,1083.3
0.288,0.496,1.3264,59.093,0,0,0,0
0.288,0.48,1.2689,54.609,0,0,0,0
0.288,0.464,1.1922,53.127,NaN,NaN,0,0
0.288,0.448,1.8776,52.694,NaN,NaN,NaN,NaN
0.288,0.432,2.684,51.255,NaN,NaN,NaN,NaN
0.288,0.416,3.0821,50.01,NaN,NaN,NaN,NaN
0.288,0.4,2.6307,50.838,NaN,NaN,NaN,NaN
0.288,0.384,1.9604,50.251,NaN,NaN,NaN,NaN
0.288,0.368,0.92307,49.702,NaN,NaN,NaN,NaN
0.288,0.352,-1.641,49.865,NaN,NaN,NaN,NaN
0.288,0.336,-2.6016,50.339,NaN,NaN,NaN,NaN
0.288,0.32,-3.5758,50.884,NaN,NaN,NaN,NaN
0.288,0.304,-4.1329,52.12,NaN,NaN,-1.5666e+05,1.5666e+05
0.288,0.288,-4.4608,51.992,NaN,NaN,-1.5531e+05,1.5531e+05
0.288,0.272,-4.089,50.794,-7.7141e+05,-1.437e+06,-1.2466e+05,1.2466e+05
0.288,0.256,-2.38,50.171,-7.663e+05,-1.276e+06,-1.0724e+05,1.0724e+05
0.288,0.24,-2.6623,49.007,-7.9407e+05,-1.2008e+06,-53342,53342
0.288,0.224,-2.2856,47.157,-7.4648e+05,-1.0671e+06,2582.3,2582.3
0.288,0.208,-1.3231,46.121,-7.6143e+05,-1.007e+06,63030,63030
0.288,0.192,-1.4746,44.267,-6.6419e+05,-1.1013e+06,86913,86913
0.288,0.176,-0.68921,42.235,-5.5719e+05,-1.2763e+06,76356,76356
0.288,0.16,-0.72728,40.731,-2.4381e+05,-1.5931e+06,45552,45552
0.288,0.144,-0.64984,37.762,61347,-1.9152e+06,4336.3,4336.3
0.288,0.128,0.51395,36.105,3.2731e+05,-2.2512e+06,-13861,13861
0.288,0.112,0.57294,35.364,4.8476e+05,-2.3848e+06,-33241,33241
0.288,0.096,0.56832,38.475,5.5163e+05,-2.2479e+06,-39079,39079
0.288,0.08,0.085371,41.144,5.8218e+05,-1.883e+06,-46084,46084
0.288,0.064,-0.75385,45.813,4.9526e+05,-1.3198e+06,-32635,32635
0.288,0.048,-1.4013,48.208,2.9632e+05,-6.8658e+05,-19162,19162
0.288,0.032,-0.68975,51.424,1.1797e+05,-2.1804e+05,-7989.1,7989.1
0.288,0.016,0.1756,54.232,0,0,-2075.3,2075.3
0.304,0.496,-0.45857,53.529,0,0,0,0
0.304,0.48,-0.78106,51.292,0,0,0,0
0.304,0.464,-0.48851,49.957,NaN,NaN,0,0
0.304,0.448,0.49098,48.542,NaN,NaN,NaN,NaN
0.304,0.432,1.6285,47.555,NaN,NaN,NaN,NaN
0.304,0.416,2.8236,46.262,NaN,NaN,NaN,NaN
0.304,0.4,3.332,46.605,NaN,NaN,NaN,NaN
0.304,0.384,3.1559,46.772,NaN,NaN,NaN,NaN
0.304,0.368,3.5508,46.833,NaN,NaN,NaN,NaN
0.304,0.352,2.3603,47.968,NaN,NaN,NaN,NaN
0.304,0.336,1.5772,49.357,NaN,NaN,NaN,NaN
0.304,0.32,0.78843,50.97,NaN,NaN,NaN,NaN
0.304,0.304,-1.0088,53.869,NaN,NaN,NaN,NaN
0.304,0.288,-1.2493,54.802,NaN,NaN,-1.8433e+05,1.8433e+05
0.304,0.272,-2.3752,56.304,NaN,NaN,-1.4846e+05,1.4846e+05
0.304,0.256,-3.5239,57.491,-8.0536e+05,-1.0205e+06,-1.3818e+05,1.3818e+05
0.304,0.24,-3.9949,58.286,-8.3589e+05,-8.6932e+05,-57935,57935
0.304,0.224,-2.996,58.405,-7.9183e+05,-6.1435e+05,9175.6,9175.6
0.304,0.208,-2.9943,57.071,-8.7542e+05,-3.6408e+05,66000,66000
0.304,0.192,-3.7954,55.044,-8.4202e+05,-57151,88875,88875
0.304,0.176,-3.2045,52.644,-8.1498e+05,1.0636e+05,88323,88323
0.304,0.16,-3.5039,50.501,-6.4346e+05,18790,66028,66028
0.304,0.144,-3.08,47.343,-4.5028e+05,-3.9404e+05,39321,39321
0.304,0.128,-1.2284,44.136,-2.2346e+05,-9.5319e+05,15356,15356
0.304,0.112,0.72396,41.503,-29428,-1.385e+06,-9652.2,9652.2
0.304,0.096,0.51258,40.667,1.4705e+05,-1.6504e+06,-32805,32805
0.304,0.08,1.5732,40.504,2.9866e+05,-1.7333e+06,-44810,44810
0.304,0.064,1.4056,41.323,3.6202e+05,-1.7075e+06,-35296,35296
0.304,0.048,0.45156,43.868,2.5718e+05,-1.1073e+06,-22172,22172
0.304,0.032,1.4363,45.978,1.1445e+05,-5.2435e+05,-9861.2,9861.2
0.304,0.016,2.3365,48.912,0,0,-2635.5,2635.5
0.32,0.496,-0.60433,51.246,0,0,0,0
0.32,0.48,-1.0204,47.951,0,0,0,0
0.32,0.464,-1.0927,46.574,NaN,NaN,0,0
0.32,0.448,-1.9339,45.433,NaN,NaN,NaN,NaN
0.32,0.432,-0.95791,44.817,NaN,NaN,NaN,NaN
0.32,0.416,1.3594,44.232,NaN,NaN,NaN,NaN
0.32,0.4,2.1721,43.953,NaN,NaN,NaN,NaN
0.32,0.384,2.2513,44.335,NaN,NaN,NaN,NaN
0.32,0.368,3.8052,44.721,NaN,NaN,NaN,NaN
0.32,0.352,4.9197,45.393,NaN,NaN,NaN,NaN
0.32,0.336,4.4532,47.072,NaN,NaN,NaN,NaN
0.32,0.32,3.2756,49.337,NaN,NaN,NaN,NaN
0.32,0.304,2.3621,52.115,NaN,NaN,1.4238e+05,1.4238e+05
0.32,0.288,1.1566,54.976,NaN,NaN,1.5278e+05,1.5278e+05
0.32,0.272,-0.68025,59.443,NaN,NaN,92283,92283
0.32,0.256,-1.9466,61.763,NaN,NaN,36608,36608
0.32,0.24,-3.3982,65.707,NaN,NaN,15647,15647
0.32,0.224,-2.8604,67.525,-7.1621e+05,71859,24132,24132
0.32,0.208,-4.6067,66.026,-7.1415e+05,1.0078e+06,57750,57750
0.32,0.192,-4.6467,65.771,-7.2177e+05,1.385e+06,81979,81979
0.32,0.176,-4.3141,63.638,-7.484e+05,1.7142e+06,93115,93115
0.32,0.16,-3.5882,60.989,-8.3819e+05,1.66e+06,84428,84428
0.32,0.144,-3.6002,58.723,-9.0806e+05,1.3775e+06,75137,75137
0.32,0.128,-3.1624,55.823,-8.8934e+05,9.016e+05,57242,57242
0.32,0.112,-1.5222,53.512,-7.6052e+05,4.1452e+05,33735,33735
0.32,0.096,0.18628,51.697,-5.7089e+05,-1.1791e+05,5211.5,5211.5
0.32,0.08,1.0035,49.766,-3.3762e+05,-5.9035e+05,-10556,10556
0.32,0.064,1.599,48.724,-1.0766e+05,-9.1086e+05,-13641,13641
0.32,0.048,1.0459,48.656,15708,-6.8326e+05,-12399,12399
0.32,0.032,1.9183,48.824,27366,-3.4334e+05,-6215.4,6215.4
0.32,0.016,2.533,49.269,0,0,-2379.4,2379.4
0.336,0.496,1.2117,48.726,0,0,0,0
0.336,0.48,1.5082,45.3,0,0,0,0
0.336,0.464,0.16327,45.18,NaN,NaN,0,0
0.336,0.448,-0.84383,45.262,NaN,NaN,NaN,NaN
0.336,0.432,-0.56091,44.657,NaN,NaN,NaN,NaN
0.336,0.416,0.8992,44.039,NaN,NaN,NaN,NaN
0.336,0.4,2.1687,43.767,NaN,NaN,NaN,NaN
0.336,0.384,3.3477,43.341,NaN,NaN,NaN,NaN
0.336,0.368,4.304,43.885,NaN,NaN,1.8818e+05,1.8818e+05
0.336,0.352,5.2545,43.476,NaN,NaN,1.7631e+05,1.7631e+05
0.336,0.336,5.6431,44.074,NaN,NaN,1.6308e+05,1.6308e+05
0.336,0.32,4.135,45.361,NaN,NaN,1.3907e+05,1.3907e+05
0.336,0.304,2.8015,46.265,NaN,NaN,1.0313e+05,1.0313e+05
0.336,0.288,2.5352,49.033,3.4523e+05,6.6621e+05,91518,91518
0.336,0.272,1.4611,53.547,1.5441e+05,7.0441e+05,94910,94910
0.336,0.256,0.19871,56.575,78729,8.9322e+05,1.0902e+05,1.0902e+05
0.336,0.24,-0.85957,60.05,-22643,1.272e+06,91384,91384
0.336,0.224,-0.35612,60.844,-42939,1.6014e+06,65041,65041
0.336,0.208,-2.0315,61.375,-1.9668e+05,1.8844e+06,47765,47765
0.336,0.192,-2.3077,61.545,-4.2253e+05,2.0701e+06,50480,50480
0.336,0.176,-2.6273,61.637,-5.8655e+05,2.1614e+06,62911,62911
0.336,0.16,-2.7235,60.124,-8.3428e+05,2.0819e+06,74508,74508
0.336,0.144,-3.6093,57.512,-1.0924e+06,1.8597e+06,88408,88408
0.336,0.128,-3.3933,55.888,-1.2827e+06,1.5241e+06,81618,81618
0.336,0.112,-3.1495,55.372,-1.3183e+06,1.3116e+06,63646,63646
0.336,0.096,-2.4132,54.2,-1.1909e+06,1.0741e+06,37792,37792
0.336,0.08,-1.5315,52.102,-9.2959e+05,9.911e+05,24331,24331
0.336,0.064,-0.41388,52.174,-5.8096e+05,8.7013e+05,15418,15418
0.336,0.048,0.71564,52.055,-2.6051e+05,5.8703e+05,5760.7,5760.7
0.336,0.032,1.0317,51.41,-80993,2.7213e+05,1508.1,1508.1
0.336,0.016,0.75185,49.962,0,0,-315.16,315.16
0.352,0.496,1.9896,45.696,0,0,0,0
0.352,0.48,1.5042,41.948,0,0,0,0
0.352,0.464,0.96094,42.262,NaN,NaN,0,0
0.352,0.448,1.3504,41.94,NaN,NaN,NaN,NaN
0.352,0.432,1.4755,39.986,NaN,NaN,NaN,NaN
0.352,0.416,2.4851,38.928,NaN,NaN,NaN,NaN
0.352,0.4,3.7264,39.388,NaN,NaN,1.1957e+05,1.1957e+05
0.352,0.384,3.5907,40.425,NaN,NaN,1.1858e+05,1.1858e+05
0.352,0.368,3.546,41.36,NaN,NaN,1.0987e+05,1.0987e+05
0.352,0.352,3.9315,40.08,1.2642e+06,2.055e+06,1.0136e+05,1.0136e+05
0.352,0.336,5.0282,38.896,1.3292e+06,1.723e+06,90977,90977
0.352,0.32,5.7895,37.363,1.2201e+06,1.4912e+06,82326,82326
0.352,0.304,4.8745,37.332,1.0526e+06,1.22e+06,71661,71661
0.352,0.288,4.4153,41.301,6.305e+05,1.0873e+06,77000,77000
0.352,0.272,3.6807,43.182,3.4525e+05,1.1067e+06,82098,82098
0.352,0.256,1.373,45.723,1.1961e+05,1.1261e+06,96458,96458
0.352,0.24,0.87019,47.242,-1.4538e+05,1.2219e+06,73388,73388
0.352,0.224,1.3678,48.678,-3.9018e+05,1.1834e+06,44498,44498
0.352,0.208,0.98524,49.029,-5.7824e+05,1.2348e+06,15062,15062
0.352,0.192,-0.048677,49.377,-6.2918e+05,1.4327e+06,17857,17857
0.352,0.176,-0.66287,49.845,-7.0043e+05,1.6077e+06,38250,38250
0.352,0.16,-1.7273,48.632,-8.8914e+05,1.5898e+06,63927,63927
0.352,0.144,-2.3508,46.976,-1.0806e+06,1.2704e+06,85037,85037
0.352,0.128,-2.4597,46.062,-1.1963e+06,8.0827e+05,86774,86774
0.352,0.112,-3.4995,45.157,-1.2204e+06,5.1321e+05,72962,72962
0.352,0.096,-3.177,47.426,-1.1694e+06,4.1502e+05,56614,56614
0.352,0.08,-1.7722,48.276,-1.0265e+06,6.7411e+05,44131,44131
0.352,0.064,0.13848,49.647,-7.1422e+05,1.1786e+06,32570,32570
0.352,0.048,1.5289,50.513,-3.718e+05,9.8794e+05,19688,19688
0.352,0.032,1.0669,51.209,-1.1745e+05,6.3679e+05,8566.2,8566.2
0.352,0.016,0.85335,49.632,0,0,1719.7,1719.7
0.368,0.496,1.9182,40.344,0,0,0,0
0.368,0.48,1.5459,35.973,0,0,0,0
0.368,0.464,0.9881,34.91,NaN,NaN,0,0
0.368,0.448,0.56483,34.933,NaN,NaN,-14117,14117
0.368,0.432,1.7258,33.909,NaN,NaN,-5219.1,5219.1
0.368,0.416,3.0094,31.925,NaN,NaN,6844.2,6844.2
0.368,0.4,4.4644,32.74,NaN,NaN,40654,40654
0.368,0.384,3.3768,34.442,5.9307e+05,2.1826e+05,55485,55485
0.368,0.368,3.5951,35.968,6.5432e+05,5.6314e+05,64541,64541
0.368,0.352,5.6054,34.604,7.3152e+05,8.3857e+05,64241,64241
0.368,0.336,7.1897,31.025,8.0584e+05,1.0395e+06,63341,63341
0.368,0.32,6.0878,27.419,7.3301e+05,9.959e+05,59287,59287
0.368,0.304,4.6615,29.464,6.6504e+05,1.1932e+06,48300,48300
0.368,0.288,3.6427,33.434,5.4275e+05,1.5387e+06,41202,41202
0.368,0.272,2.3814,37.098,4.4131e+05,1.9374e+06,37738,37738
0.368,0.256,2.0692,38.741,2.3854e+05,1.7815e+06,51430,51430
0.368,0.24,1.6268,37.438,-1.2573e+05,1.4227e+06,36736,36736
0.368,0.224,0.34225,38.131,-5.5301e+05,6.4959e+05,13714,13714
0.368,0.208,-0.84026,38.106,-8.4898e+05,1.8174e+05,-25653,25653
0.368,0.192,-1.822,39.149,-9.5049e+05,-57561,-33875,33875
0.368,0.176,-0.48615,41.185,-9.7098e+05,-1.335e+05,-21965,21965
0.368,0.16,-0.5621,40.099,-1.0301e+06,-2.5206e+05,11679,11679
0.368,0.144,-1.5791,37.628,-1.0298e+06,-3.9153e+05,43717,43717
0.368,0.128,-0.57816,34.119,-9.2835e+05,-4.632e+05,55261,55261
0.368,0.112,-0.63169,33.071,-8.0382e+05,-3.1062e+05,53996,53996
0.368,0.096,-1.8456,35.617,-6.126e+05,80640,47185,47185
0.368,0.08,-1.0563,37.488,-4.4203e+05,7.0827e+05,45180,45180
0.368,0.064,-1.3669,40.146,-1.4826e+05,1.5043e+06,35078,35078
0.368,0.048,1.2089,43.834,-41255,1.2203e+06,23207,23207
0.368,0.032,1.0992,46.453,43902,8.0075e+05,9484.1,9484.1
0.368,0.016,1.8771,47.149,0,0,2745.4,2745.4
0.384,0.496,1.4945,32.256,0,0,0,0
0.384,0.48,1.1731,30.108,0,0,0,0
0.384,0.464,-0.36297,27.452,NaN,NaN,8650.4,8650.4
0.384,0.448,-0.32632,27.155,NaN,NaN,-21.704,21.704
0.384,0.432,1.0112,27.234,-40435,-2.0098e+06,-440.81,440.81
0.384,0.416,0.60043,24.124,15772,-1.6897e+06,1343.4,1343.4
0.384,0.4,2.3029,22.147,45416,-1.3188e+06,25516,25516
0.384,0.384,2.1422,22.23,2.037e+05,-4.9691e+05,38458,38458
0.384,0.368,3.3347,22.205,1.1443e+05,-2.9218e+05,32469,32469
0.384,0.352,3.6043,24.695,1.6967e+05,14175,21700,21700
0.384,0.336,1.8944,19.724,2.9102e+05,3.5048e+05,11371,11371
0.384,0.32,1.9624,19.486,4.5964e+05,8.9022e+05,17466,17466
0.384,0.304,1.671,19.379,5.5112e+05,1.5912e+06,27738,27738
0.384,0.288,2.7078,23.208,5.2877e+05,2.3947e+06,42870,42870
0.384,0.272,3.443,29.036,5.721e+05,2.944e+06,50030,50030
0.384,0.256,4.0793,28.541,3.3266e+05,2.4068e+06,47617,47617
0.384,0.24,1.8455,25.808,-1.1797e+05,1.066e+06,18605,18605
0.384,0.224,-0.55162,26.252,-7.356e+05,-4.5169e+05,-9716.4,9716.4
0.384,0.208,-4.1138,22.518,-9.5074e+05,-1.3173e+06,-36615,36615
0.384,0.192,-2.4341,21.93,-8.7487e+05,-1.6264e+06,-39931,39931
0.384,0.176,-2.5153,22.991,-7.3996e+05,-1.8488e+06,-34146,34146
0.384,0.16,-2.8239,22.024,-6.6826e+05,-1.6771e+06,-8816.2,8816.2
0.384,0.144,-2.3009,21.366,-5.978e+05,-1.4763e+06,22465,22465
0.384,0.128,-1.2994,22.191,-3.5677e+05,-6.7698e+05,45097,45097
0.384,0.112,-0.5613,22.88,-1.7549e+05,-2.7521e+05,58061,58061
0.384,0.096,0.35759,25.059,67020,2.5076e+05,65866,65866
0.384,0.08,1.1827,24.883,2.3349e+05,42821,61460,61460
0.384,0.064,0.69195,23.678,7.4974e+05,9.7458e+05,42115,42115
0.384,0.048,0.40436,29.395,6.3625e+05,7.9825e+05,18446,18446
0.384,0.032,3.1393,31.368,4.8616e+05,9.1252e+05,6233,6233
0.384,0.016,3.8706,27.283,0,0,1994.6,1994.6
0.4,0.496,1.136,22.54,0,0,0,0
0.4,0.48,0.18945,21.682,0,0,0,0
0.4,0.464,-1.2053,18.577,NaN,NaN,3796.4,3796.4
0.4,0.448,-0.84273,17.717,3.7175e+05,3.0281e+05,-7589.5,7589.5
0.4,0.432,-0.58293,15.19,-18861,-8.2612e+05,-6523.8,6523.8
0.4,0.416,-0.80393,11.458,-76086,-8.4837e+05,-2546.5,2546.5
0.4,0.4,0.47294,9.5839,-1.0355e+05,-9.0083e+05,7439.4,7439.4
0.4,0.384,1.0384,6.8729,2102.3,-3.6391e+05,11305,11305
0.4,0.368,0.70565,7.3369,-28586,-2.6202e+05,9944.9,9944.9
0.4,0.352,-2.1043,8.9028,-81444,-2.5062e+05,9574.4,9574.4
0.4,0.336,-2.0128,10.423,6642.9,49784,7278.7,7278.7
0.4,0.32,0.83739,10.204,2.4571e+05,9.1793e+05,6752.1,6752.1
0.4,0.304,3.6476,15.186,4.3591e+05,2.1625e+06,15655,15655
0.4,0.288,4.6306,22.673,5.279e+05,3.2192e+06,27719,27719
0.4,0.272,6.0508,27.674,5.2066e+05,3.5417e+06,40084,40084
0.4,0.256,4.8876,23.175,2.1178e+05,2.2882e+06,37115,37115
0.4,0.24,2.8146,15.077,-2.1951e+05,3.975e+05,21243,21243
0.4,0.224,1.2898,10.683,-6.8328e+05,-1.2537e+06,-1262.3,1262.3
0.4,0.208,-1.0188,8.1419,-6.7374e+05,-1.7793e+06,-22310,22310
0.4,0.192,-2.8795,5.9806,-5.2101e+05,-1.9084e+06,-28402,28402
0.4,0.176,-3.828,6.494,-3.7753e+05,-2.271e+06,-27393,27393
0.4,0.16,-3.9551,4.4384,-3.1563e+05,-2.2243e+06,-293.25,293.25
0.4,0.144,-2.7749,7.999,-2.7308e+05,-1.8747e+06,28860,28860
0.4,0.128,-3.3347,12.027,-8579.7,-5.3954e+05,61293,61293
0.4,0.112,0.48742,18.938,3.2272e+05,5.6031e+05,88210,88210
0.4,0.096,-1.2944,12.374,6.5847e+05,1.428e+06,99700,99700
0.4,0.08,1.578,10.535,1.4826e+06,2.1211e+06,88060,88060
0.4,0.064,5.0939,8.4568,1.9381e+06,3.252e+06,51329,51329
0.4,0.048,10.244,21.576,1.6352e+06,2.689e+06,23284,23284
0.4,0.032,1.9711,41.8,6.9802e+05,1.6297e+06,8148.3,8148.3
0.4,0.016,0.14471,45.846,0,0,2686.7,2686.7
0.416,0.496,2.1781,12.459,0,0,-50.96,50.96
0.416,0.48,1.1386,12.667,0,0,-823.08,823.08
0.416,0.464,1.7962,12.669,NaN,NaN,1170.8,1170.8
0.416,0.448,3.7491,13.453,3.4261e+05,5.5537e+05,-7020.1,7020.1
0.416,0.432,2.9374,10.584,2.189e+05,-2.9482e+05,-8436.5,8436.5
0.416,0.416,2.1103,7.6193,2.0397e+05,-4.889e+05,-8049.2,8049.2
0.416,0.4,2.0496,5.1579,89036,-6.4908e+05,2193.7,2193.7
0.416,0.384,1.499,1.4889,-63324,-3.4309e+05,9724.5,9724.5
0.416,0.368,-0.74727,5.1116,-2.6463e+05,-3.4438e+05,12890,12890
0.416,0.352,-1.8038,4.2749,-2.9409e+05,-3.1527e+05,12809,12809
0.416,0.336,0.022696,5.6365,-29516,63657,4403.5,4403.5
0.416,0.32,2.6641,10.569,4.151e+05,1.2e+06,-2969.3,2969.3
0.416,0.304,5.8956,17.642,6.652e+05,2.3381e+06,-2025.1,2025.1
0.416,0.288,5.3932,22.027,5.5695e+05,2.9565e+06,12252,12252
0.416,0.272,3.2738,21.721,2.1346e+05,2.5713e+06,21470,21470
0.416,0.256,0.2771,16.087,-2.4374e+05,1.0524e+06,24629,24629
0.416,0.24,-0.29256,10.389,-4.549e+05,-6.1014e+05,23235,23235
0.416,0.224,-1.0629,5.1157,-5.5351e+05,-1.4511e+06,23760,23760
0.416,0.208,-2.2441,2.248,-3.1007e+05,-1.4209e+06,14989,14989
0.416,0.192,-2.4856,3.1167,-71862,-1.1919e+06,4905.4,4905.4
0.416,0.176,-1.6871,3.5343,46885,-1.4377e+06,-212.77,212.77
0.416,0.16,-4.3321,2.8968,9016.9,-1.3178e+06,20084,20084
0.416,0.144,-4.2918,4.2308,-61794,-1.0565e+06,45259,45259
0.416,0.128,-3.3946,6.6917,-28566,-1.1163e+05,63510,63510
0.416,0.112,-0.50291,9.6892,4.7489e+05,1.6712e+06,84854,84854
0.416,0.096,5.0964,23.46,7.5445e+05,2.4415e+06,81185,81185
0.416,0.08,5.1766,17.098,1.9381e+06,3.4855e+06,66047,66047
0.416,0.064,12.214,37.219,2.44e+06,3.8395e+06,27266,27266
0.416,0.048,8.1723,42.487,1.8325e+06,2.8501e+06,10999,10999
0.416,0.032,6.8929,45.497,6.4753e+05,1.5062e+06,5530,5530
0.416,0.016,3.238,48.712,0,0,3598,3598
0.432,0.496,1.1241,9.9614,0,0,-1424.6,1424.6
0.432,0.48,0.38127,9.0908,0,0,-4741.9,4741.9
0.432,0.464,1.5925,8.8051,-2.8576e+05,44206,-9994.6,9994.6
0.432,0.448,4.4165,10.318,1.3444e+05,2.6983e+05,-15584,15584
0.432,0.432,4.2133,9.4639,1.6627e+05,82903,-15529,15529
0.432,0.416,4.9085,5.5751,2.4368e+05,-1.4067e+05,-11992,11992
0.432,0.4,4.6618,1.4403,93023,-2.6628e+05,-2881.3,2881.3
0.432,0.384,1.1094,1.752,-80036,-1.7135e+05,4775.7,4775.7
0.432,0.368,-1.669,3.9425,-2.3646e+05,-5938.1,10626,10626
0.432,0.352,-1.1544,3.2559,-2.3728e+05,3.3722e+05,10301,10301
0.432,0.336,1.0221,6.2437,67234,7.0007e+05,817.64,817.64
0.432,0.32,3.492,9.5516,5.2974e+05,1.4195e+06,-15795,15795
0.432,0.304,6.0285,11.152,8.0488e+05,1.8081e+06,-26566,26566
0.432,0.288,4.0998,12.035,5.1838e+05,1.8576e+06,-27804,27804
0.432,0.272,0.43855,11.121,-25339,1.2403e+06,-22955,22955
0.432,0.256,-0.68697,9.2115,-4.7579e+05,42029,-13554,13554
0.432,0.24,-1.2345,8.782,-5.1606e+05,-7.7162e+05,-3125.7,3125.7
0.432,0.224,-2.4203,6.3462,-4.4309e+05,-1.0013e+06,7439,7439
0.432,0.208,-3.2306,3.9687,-2.0099e+05,-5.7606e+05,1827,1827
0.432,0.192,-2.4454,3.631,-18037,-2.822e+05,-7133.6,7133.6
0.432,0.176,-0.96771,2.7793,86449,-3.0495e+05,-6457.9,6457.9
0.432,0.16,0.13994,2.9345,9.2838e+05,-1.1322e+06,12277,12277
0.432,0.144,-0.44585,1.1178,8.0324e+05,-9.6111e+05,34296,34296
0.432,0.128,0.082513,2.16,7.3978e+05,-7.1231e+05,38724,38724
0.432,0.112,-7.6926,11.508,1.1935e+06,1.3183e+06,43108,43108
0.432,0.096,10.619,47.67,1.7722e+06,1.9708e+06,18800,18800
0.432,0.08,23.062,49.379,3.8339e+06,4.7253e+06,1334.1,1334.1
0.432,0.064,28.39,48.819,3.0293e+06,7.1746e+06,-17008,17008
0.432,0.048,22.475,60.64,1.6071e+06,3.7329e+06,-3192.1,3192.1
0.432,0.032,24.851,70.26,2.3434e+05,1.18e+06,5652.2,5652.2
0.432,0.016,-91.794,90.307,0,0,5463.9,5463.9
0.448,0.496,1.8131,7.3404,0,0,-994.65,994.65
0.448,0.48,1.7895,6.0135,1.317e+06,4.7461e+05,-3732.7,3732.7
0.448,0.464,-0.14883,6.6405,1.3283e+06,6.047e+05,-9560.1,9560.1
0.448,0.448,0.043799,5.8052,7.1735e+05,3.9648e+05,-12781,12781
0.448,0.432,1.0201,4.867,-42532,1.2478e+05,-14065,14065
0.448,0.416,1.8031,3.8089,1.3583e+05,23795,-9859,9859
0.448,0.4,1.3453,2.0126,95029,-1.3532e+05,-3447.7,3447.7
0.448,0.384,0.020287,2.3981,-47876,-1.8276e+05,3133,3133
0.448,0.368,0.37948,1.9653,-1.3677e+05,-91509,7518.1,7518.1
0.448,0.352,-1.1079,4.1156,-2.3107e+05,3.0868e+05,7528.2,7528.2
0.448,0.336,-3.5926,13.315,-26405,5.2283e+05,446.19,446.19
0.448,0.32,2.5959,4.6465,3.9412e+05,8.9301e+05,-13550,13550
0.448,0.304,5.6286,4.8902,6.8713e+05,8.7308e+05,-29859,29859
0.448,0.288,3.7469,4.2621,3.9478e+05,6.7492e+05,-40625,40625
0.448,0.272,0.048734,3.7798,-53610,2.1002e+05,-44650,44650
0.448,0.256,0.27631,3.1969,-3.0939e+05,-1.9257e+05,-34748,34748
0.448,0.24,-1.9623,5.2572,-2.2562e+05,-4.0883e+05,-26362,26362
0.448,0.224,-2.7953,6.2049,-73515,-3.5073e+05,-11269,11269
0.448,0.208,-2.3018,5.7876,3.035e+05,-96857,-4354.9,4354.9
0.448,0.192,-2.5898,5.7961,3.8737e+05,7.8449e+05,3176.3,3176.3
0.448,0.176,-2.1268,3.0389,-84102,-3.7864e+05,6465.5,6465.5
0.448,0.16,-0.5273,2.3905,-6.4633e+05,-1.2738e+06,19609,19609
0.448,0.144,0.53277,0.1918,-8.1469e+05,-2.1158e+06,35623,35623
0.448,0.128,-1.4012,3.7097,-4.7725e+05,-8.8054e+05,23897,23897
0.448,0.112,1.7892,0.24235,1.0871e+06,8.1169e+05,-7312.3,7312.3
0.448,0.096,4.6434,4.8896,1.5567e+06,9.5592e+05,-45560,45560
0.448,0.08,32.128,56.361,3.4288e+06,2.2327e+06,-60308,60308
0.448,0.064,39.353,60.497,-4.4765e+06,-5.635e+07,-51040,51040
0.448,0.048,30.116,67.605,-1.1191e+06,-1.4087e+07,-27883,27883
0.448,0.032,27.569,68.969,-6.395e+05,-8.05e+06,-5004.9,5004.9
0.448,0.016,2.3515,33.663,0,0,2023.4,2023.4
0.464,0.496,-15.146,-1.4056,-5.4433e+05,-2.6537e+05,-128.45,128.45
0.464,0.48,6.2894,5.2123,2.9155e+05,8164.1,-1647.5,1647.5
0.464,0.464,2.6877,4.5544,43672,-10880,-9323,9323
0.464,0.448,1.1835,4.132,1.4422e+06,25534,-12261,12261
0.464,0.432,0.95342,2.878,2.5925e+05,-89995,-13283,13283
0.464,0.416,-1.2446,6.3523,1.6139e+05,8785.3,-7361.6,7361.6
0.464,0.4,-3.0914,8.01,-3.1847e+05,-33851,-2223.1,2223.1
0.464,0.384,-0.055242,2.779,-1.761e+05,-1.926e+05,1400.7,1400.7
0.464,0.368,-1.0169,1.6657,-16769,-2.4914e+05,4316,4316
0.464,0.352,-0.96362,0.18348,-2.0631e+05,1.8185e+05,4527.4,4527.4
0.464,0.336,-0.82991,0.70068,-2.4215e+05,2.1535e+05,1715.7,1715.7
0.464,0.32,0.24104,0.15509,-19514,3.2048e+05,-7833.7,7833.7
0.464,0.304,2.4218,1.2632,1.7571e+05,1.8967e+05,-22690,22690
0.464,0.288,2.0416,1.1934,1.0397e+05,1.6016e+05,-38308,38308
0.464,0.272,-0.065475,0.19917,-4.5963e+05,-1.047e+06,-46359,46359
0.464,0.256,0.24843,-0.4854,-9.023e+05,-1.9991e+06,-42546,42546
0.464,0.24,0.50012,2.9292,-1.6639e+06,-3.7696e+06,-47189,47189
0.464,0.224,0.011049,1.9265,-1.6157e+06,-3.2474e+06,-43294,43294
0.464,0.208,0.38025,2.125,-1.6812e+06,-3.4514e+06,-34994,34994
0.464,0.192,1.1705,2.8137,-1.3884e+06,-2.1813e+06,-5966.8,5966.8
0.464,0.176,3.8268,-5.5541,-2.8988e+06,-2.0778e+06,14745,14745
0.464,0.16,-23.154,4.0332,-3.4957e+06,-1.8567e+06,40436,40436
0.464,0.144,-49.845,41.335,-4.0366e+06,-2.6931e+06,48029,48029
0.464,0.128,-164.9,156.1,-1.3947e+06,-2.2736e+06,31712,31712
0.464,0.112,1.1508,-1.9096,8.6969e+05,-1.6776e+06,-14470,14470
0.464,0.096,2.5338,-0.070581,1.9353e+06,-4.8254e+05,-45239,45239
0.464,0.08,74.141,42.743,2.2781e+06,-6.6324e+05,-70790,70790
0.464,0.064,273.51,566.81,-3.6327e+05,-1.5028e+07,-56859,56859
0.464,0.048,5.9279,2.0094,-3.2632e+05,-9.0844e+06,-39840,39840
0.464,0.032,-2.0986,5.7024,-2.0395e+05,-5.6778e+06,-7025.4,7025.4
0.464,0.016,15.768,-27.025,0,0,1764,1764
0.48,0.496,-185.03,-78.969,-4.7629e+05,-2.322e+05,1952,1952
0.48,0.48,-17.766,0.54268,2.0825e+05,5831.5,3408.9,3408.9
0.48,0.464,13.556,6.0169,76741,-14621,-2790.2,2790.2
0.48,0.448,6.1335,3.7595,1.2572e+06,26376,-6154.1,6154.1
0.48,0.432,2.6919,2.9984,2.5564e+05,-95568,-8920.2,8920.2
0.48,0.416,-1.805,7.487,95507,90362,-2461.6,2461.6
0.48,0.4,-5.8482,9.6304,-3.376e+05,22972,1165.5,1165.5
0.48,0.384,-2.2743,2.6077,-1.8402e+05,-1.1924e+05,3040.6,3040.6
0.48,0.368,-0.67379,0.013366,36900,-3.0012e+05,2858.6,2858.6
0.48,0.352,0.85295,0.10325,-69963,-1.0897e+05,2652.4,2652.4
0.48,0.336,-1.4281,-1.5026,-1.499e+05,-1.5508e+05,2734,2734
0.48,0.32,-3.0726,-2.559,-1.0512e+05,-1.2536e+05,670.25,670.25
0.48,0.304,-1.765,-0.521,-71722,-75967,-8113.7,8113.7
0.48,0.288,-1.6601,-0.59412,-2441.6,-12839,-19242,19242
0.48,0.272,-1.168,0.29704,-4.3497e+05,-1.0943e+06,-29132,29132
0.48,0.256,-21.613,-14.73,-7.906e+05,-1.9117e+06,-27885,27885
0.48,0.24,-20.883,-6.949,-1.6029e+06,-3.6753e+06,-41529,41529
0.48,0.224,-40.176,-26.635,-1.5292e+06,-3.1296e+06,-43333,43333
0.48,0.208,-22.309,6.3897,-1.6373e+06,-3.3812e+06,-34064,34064
0.48,0.192,-33.714,-13.96,-1.3871e+06,-2.1096e+06,2639.5,2639.5
0.48,0.176,-28.266,5.9789,-2.9244e+06,-2.0269e+06,26754,26754
0.48,0.16,-62.55,34.415,-4.4254e+06,-1.0342e+06,54487,54487
0.48,0.144,-37.064,49.798,-5.0063e+06,-1.8878e+06,58719,58719
0.48,0.128,-16.039,-17.372,-2.3468e+06,-1.5071e+06,44695,44695
0.48,0.112,-1.4555,5.789,-61648,-1.4571e+06,-87.644,87.644
0.48,0.096,1.9264,1.0798,6.9135e+05,-1.1488e+05,-19762,19762
0.48,0.08,2.1308,3.2277,1.8535e+05,4091.2,-38947,38947
0.48,0.064,248.28,232,-1.8163e+05,-7.5141e+06,-29204,29204
0.48,0.048,-0.35519,43.829,-2.3308e+05,-6.4889e+06,-26353,26353
0.48,0.032,9.6673,7.0798,-1.8129e+05,-5.0469e+06,-4389.7,4389.7
0.48,0.016,-12.594,4.6681,0,0,798.63,798.63
0.496,0.496,-193.48,-76.778,-4.2337e+05,-2.064e+05,1515.9,1515.9
0.496,0.48,-215.19,-80.466,-4.7629e+05,-2.322e+05,2917.6,2917.6
0.496,0.464,-40.447,-8.1072,-5.4433e+05,-2.6537e+05,-357.46,357.46
0.496,0.448,-31.424,10.896,6.6608e+05,-2.0254e+05,-2961.6,2961.6
0.496,0.432,-16.157,17.542,4.4567e+05,-89248,-4743.2,4743.2
0.496,0.416,-179.74,189.32,2.4914e+05,21726,-1061.2,1061.2
0.496,0.4,11.247,-3.8928,-2.5543e+05,52953,973.3,973.3
0.496,0.384,11.19,4.2629,-1.2729e+05,-45633,1349.9,1349.9
0.496,0.368,4.1969,-1.0701,26187,-1.4396e+05,707.26,707.26
0.496,0.352,-0.67498,0.012457,-3227.4,-47119,552.2,552.2
0.496,0.336,-3.5289,-2.699,-99586,-98962,988.12,988.12
0.496,0.32,-20.739,-4.7988,-1.6225e+05,-1.2365e+05,663.49,663.49
0.496,0.304,-3.326,0.50501,-1.8962e+05,-1.1901e+05,-2613.4,2613.4
0.496,0.288,-3.908,0.89983,-1.1983e+05,-63980,-8836,8836
0.496,0.272,-12.087,13.12,-5.1275e+05,-1.1201e+06,-16281,16281
0.496,0.256,-24.506,-20.971,-8.8963e+05,-2.0115e+06,-19919,19919
0.496,0.24,-119.35,167.98,-1.7024e+06,-3.7602e+06,-33607,33607
0.496,0.224,-201.34,-394.85,-1.7053e+06,-3.2333e+06,-40463,40463
0.496,0.208,-130.86,235.52,-2.0564e+06,-3.5213e+06,-38736,38736
0.496,0.192,-96.984,-60.964,-1.7804e+06,-3.0035e+06,-15153,15153
0.496,0.176,-129.24,108.36,-2.756e+06,-1.6999e+06,5818.7,5818.7
0.496,0.16,-82.227,92.601,-2.8361e+06,-5.8592e+05,29783,29783
0.496,0.144,11.74,-120.28,-2.8881e+06,-4.9334e+05,34118,34118
0.496,0.128,-7.4671,6.4428,-9.624e+05,-1.3121e+06,24783,24783
0.496,0.112,-0.7434,-0.3458,-60287,-1.2299e+06,2471.3,2471.3
0.496,0.096,-0.62508,0.014167,6.0904e+05,-36906,-4196.7,4196.7
0.496,0.08,-1.2619,4.6925,1.2482e+05,33025,-16075,16075
0.496,0.064,-115.14,299.01,4.2334e+05,1.4081e+06,-14379,14379
0.496,0.048,-52.824,8.4481,3.5561e+05,1.366e+06,-13992,13992
0.496,0.032,-232.69,-386.78,3.161e+05,1.2142e+06,764.02,764.02
0.496,0.016,-15.531,37.315,0,0,2506.8,2506.8
