0.016,0.496,-2.6495,2.0051,10158,-4310.2,1.3442,1.3442
0.016,0.48,-0.81614,1.0082,3880.5,2257.7,103.12,103.12
0.016,0.464,2.0439,1.6438,-798.41,-2547.8,24.597,24.597
0.016,0.448,0.22774,0.77791,-8907.2,-131.11,-536.36,536.36
0.016,0.432,0.70546,1.0053,4785.7,-2936.4,-938.2,938.2
0.016,0.416,1.3604,-0.53919,-32517,3340.1,-1524.5,1524.5
0.016,0.4,2.3792,0.79805,-57917,-6154,-3974.1,3974.1
0.016,0.384,3.0068,0.86416,-62033,-31784,-11226,11226
0.016,0.368,5.7101,-1.0829,-7853.1,-55048,-15836,15836
0.016,0.352,3.3561,0.25421,11594,-37836,-7051,7051
0.016,0.336,5.9832,1.4953,7718.8,-15641,6336.8,6336.8
0.016,0.32,3.9326,0.56362,-3030.5,6536.8,15036,15036
0.016,0.304,0.28228,0.80029,-2973.3,2976.4,9063.6,9063.6
0.016,0.288,0.62982,-0.47443,-7100.6,5558.4,657.41,657.41
0.016,0.272,1.5681,-1.7632,-10363,5041.2,-5381.6,5381.6
0.016,0.256,0.58159,0.90093,-10406,1401,-3754.4,3754.4
0.016,0.24,3.4449,1.0772,-34602,-4813.8,-3269.4,3269.4
0.016,0.224,8.2727,0.99792,-46262,-4848.9,2141.5,2141.5
0.016,0.208,6.8539,-0.02943,-40130,-4808.7,2777.4,2777.4
0.016,0.192,1.2794,-0.10461,-8130.4,-3752.7,13629,13629
0.016,0.176,-0.95335,-0.65702,4393.6,-4190.4,18561,18561
0.016,0.16,-1.1877,-0.44835,3934.7,-1780.4,17301,17301
0.016,0.144,-1.055,0.64587,-1345.1,714.63,8166.1,8166.1
0.016,0.128,2.5475,-2.072,-3559.8,1867.9,266.92,266.92
0.016,0.112,6.1047,0.4579,-17846,-10148,-949.81,949.81
0.016,0.096,1.4791,2.1436,-26515,-8397.8,-606.18,606.18
0.016,0.08,4.9618,-0.82121,-21618,-10371,-490.72,490.72
0.016,0.064,11.639,-0.35669,-7673.9,-662.85,180.84,180.84
0.016,0.048,3.8267,-0.028531,3174.9,-2659.8,216.1,216.1
0.016,0.032,1.9027,0.30444,1441.9,-1233.7,277.31,277.31
0.016,0.016,2.4093,-9.1525,0,0,4.0768,4.0768
0.032,0.496,-2.0491,3.1318,17433,-27942,37.109,37.109
0.032,0.48,-1.2228,1.546,7144.5,-9893.4,216.92,216.92
0.032,0.464,-1.1509,1.4551,-1527.2,-30761,429.87,429.87
0.032,0.448,-0.34815,0.89143,-28517,-6008.2,717.69,717.69
0.032,0.432,0.31965,0.91037,-6017.2,-33810,438.06,438.06
0.032,0.416,1.0765,1.3417,28925,-66379,204.83,204.83
0.032,0.4,2.3899,1.2063,78024,-1.3809e+05,36.695,36.695
0.032,0.384,2.5915,-0.40481,94840,-1.5271e+05,279.63,279.63
0.032,0.368,3.0605,0.56401,75183,-1.2556e+05,297.8,297.8
0.032,0.352,2.3322,0.25241,28933,-33216,118.01,118.01
0.032,0.336,-0.041194,0.63027,-4161.4,-6401.6,-137.46,137.46
0.032,0.32,-0.021474,-0.125,-14884,18511,-334.11,334.11
0.032,0.304,0.013895,-0.14222,-14257,3364.6,-455.75,455.75
0.032,0.288,-0.49122,-0.10571,-17742,5718.4,363.63,363.63
0.032,0.272,-0.33259,-0.35235,-27143,12175,1108.5,1108.5
0.032,0.256,-0.22326,0.069107,-41746,-4800.2,950.2,950.2
0.032,0.24,-0.43087,0.51672,-74135,-14794,-260.7,260.7
0.032,0.224,-0.48914,-0.1054,-79288,-22206,-1193.1,1193.1
0.032,0.208,-0.23684,-0.36151,-54523,-6464.8,-981.04,981.04
0.032,0.192,0.491,-0.077686,-15820,6897.3,-662.19,662.19
0.032,0.176,0.38589,-0.34545,-12406,9369,-557.46,557.46
0.032,0.16,-0.016459,0.12813,-29444,-2487.1,-812.51,812.51
0.032,0.144,-0.5258,0.41631,-56070,-10484,-1065.2,1065.2
0.032,0.128,-0.095076,-0.24315,-81851,-12100,-1120.8,1120.8
0.032,0.112,-0.088786,0.034643,-89753,-43182,-955.72,955.72
0.032,0.096,-0.74148,-0.15398,-1.0358e+05,-32884,-810.66,810.66
0.032,0.08,-0.28902,-0.0709,-77292,-24804,-570.59,570.59
0.032,0.064,0.12783,0.0067295,-53647,14398,-300.72,300.72
0.032,0.048,0.18254,-0.23248,-11953,3931.4,21.614,21.614
0.032,0.032,-0.4136,0.11027,2786.5,-2670.7,84.91,84.91
0.032,0.016,-0.46842,-4.954,0,0,63.475,63.475
0.048,0.496,-0.70132,4.032,3161.6,-47867,5.2364,5.2364
0.048,0.48,0.5574,1.7378,-16926,-15557,264.14,264.14
0.048,0.464,1.1053,2.5786,-37453,-49043,544.93,544.93
0.048,0.448,1.9541,1.8316,-54668,-44676,1497.3,1497.3
0.048,0.432,0.57508,1.613,-39057,-1.1014e+05,1838,1838
0.048,0.416,1.0936,1.168,-16446,-1.2412e+05,1722.7,1722.7
0.048,0.4,5.3867,1.15,25295,-1.8755e+05,1050.6,1050.6
0.048,0.384,4.1015,0.1622,65613,-1.8776e+05,544.37,544.37
0.048,0.368,2.6442,1.8629,69971,-1.5883e+05,125.28,125.28
0.048,0.352,1.8161,2.1161,17554,-46345,-389.1,389.1
0.048,0.336,1.3825,2.5708,-21587,-8399,-900.15,900.15
0.048,0.32,-0.68175,-0.16991,-31657,10356,-2103.2,2103.2
0.048,0.304,-0.86508,-0.28933,-13677,6330.1,-5727.8,5727.8
0.048,0.288,-0.73564,0.059835,-18703,5908.9,-6813.1,6813.1
0.048,0.272,-0.59129,-0.012793,-27821,10915,-4742.4,4742.4
0.048,0.256,-1.4042,0.43582,-38384,-5965.2,733.9,733.9
0.048,0.24,-1.6626,-0.51742,-71446,-16655,1773.8,1773.8
0.048,0.224,-1.3184,-0.34069,-77566,-25975,552.16,552.16
0.048,0.208,-0.79078,-0.42264,-55431,-9666.6,-1224.7,1224.7
0.048,0.192,-0.19363,0.26949,-14129,8023.4,-1159.6,1159.6
0.048,0.176,-0.45154,1.2006,-9192.2,13338,-1134.5,1134.5
0.048,0.16,-1.356,0.14079,-24495,-1894.3,-1628.4,1628.4
0.048,0.144,-1.7454,-0.37984,-49843,-14528,-2094.4,2094.4
0.048,0.128,-1.9664,-0.17552,-71825,-16186,-2258.9,2258.9
0.048,0.112,-2.3535,-0.18216,-77275,-36642,-1694.1,1694.1
0.048,0.096,-1.7619,-1.3522,-87767,-22592,-965.8,965.8
0.048,0.08,-2.2819,0.40812,-61894,-15215,-119.93,119.93
0.048,0.064,-1.5608,0.81077,-39161,12984,246.86,246.86
0.048,0.048,-0.23851,-0.13722,-3234.6,402.54,458.51,458.51
0.048,0.032,-1.1522,0.83232,6802.6,-6527,278.62,278.62
0.048,0.016,-0.98976,-5.7017,0,0,157.12,157.12
0.064,0.496,0.86405,3.9523,-22255,-58514,-170.38,170.38
0.064,0.48,1.561,1.6362,-41901,-41791,295.6,295.6
0.064,0.464,2.885,2.4714,-74590,-1.0144e+05,1255.8,1255.8
0.064,0.448,3.172,2.2909,-90798,-92896,3411.5,3411.5
0.064,0.432,3.1928,1.913,-1.0142e+05,-1.5541e+05,6000.4,6000.4
0.064,0.416,2.4631,2.7695,-40244,-1.5465e+05,5980,5980
0.064,0.4,1.7163,3.6845,27773,-1.9629e+05,3369.2,3369.2
0.064,0.384,1.0826,2.3594,65359,-1.9065e+05,-354.59,354.59
0.064,0.368,1.2392,2.142,30099,-1.5566e+05,-2116,2116
0.064,0.352,1.0983,2.5404,18219,-1.0006e+05,-2277.1,2277.1
0.064,0.336,0.94154,2.1073,-10721,-50710,-3261.5,3261.5
0.064,0.32,-0.29913,-0.067607,-34936,-39834,-6659.5,6659.5
0.064,0.304,-0.39739,-0.058612,-90246,-96914,-14906,14906
0.064,0.288,-0.22864,-0.45199,-9.7244e+05,-1.0178e+06,-18818,18818
0.064,0.272,0.047643,-0.14282,-9.6083e+05,-1.006e+06,-17002,17002
0.064,0.256,-0.13172,0.21901,-9.8439e+05,-9.7228e+05,-3314,3314
0.064,0.24,-0.45042,-0.22672,-1.1886e+05,-89237,3734.6,3734.6
0.064,0.224,0.038608,0.10204,-1.3289e+05,-83674,5617.3,5617.3
0.064,0.208,0.15314,-0.17825,-65783,-31769,990.13,990.13
0.064,0.192,-0.36938,0.065265,-32100,12118,-1076.4,1076.4
0.064,0.176,-0.24275,0.62897,-12597,5038.7,-1327.9,1327.9
0.064,0.16,-0.10971,-0.16502,-35909,-6192.3,-2217,2217
0.064,0.144,-0.19621,-0.69157,-55783,-18287,-2898.7,2898.7
0.064,0.128,-0.02755,-0.2549,-86058,-40958,-3112.7,3112.7
0.064,0.112,-0.39635,0.25016,-36940,-92702,-2346,2346
0.064,0.096,-0.83673,-0.13311,-1713.9,-93160,-1056.6,1056.6
0.064,0.08,-0.58482,0.22186,52251,-21983,420.78,420.78
0.064,0.064,-0.21394,0.52245,-6896.1,66143,1102.8,1102.8
0.064,0.048,-0.354,0.32126,-17635,63449,1262.3,1262.3
0.064,0.032,-0.36054,0.84941,-27427,17672,692.98,692.98
0.064,0.016,-0.38022,-0.64272,0,0,261.82,261.82
0.08,0.496,1.8607,2.0503,-28551,-1.6164e+05,-378.58,378.58
0.08,0.48,3.2279,1.4441,-38295,-2.3686e+05,802.98,802.98
0.08,0.464,3.8785,2.4119,-48814,-3.6556e+05,3084.2,3084.2
0.08,0.448,3.5264,3.3164,-51484,-3.191e+05,7542.2,7542.2
0.08,0.432,3.5002,4.4064,-1.1599e+05,-3.3162e+05,9168.6,9168.6
0.08,0.416,3.5608,4.605,-1.9268e+05,-2.4097e+05,10217,10217
0.08,0.4,2.4207,3.8934,-2.417e+05,-1.7169e+05,6992.2,6992.2
0.08,0.384,1.5654,4.1401,-1.9939e+05,-1.6636e+05,2691.6,2691.6
0.08,0.368,0.76566,2.9477,-1.2565e+05,-1.9255e+05,-2307,2307
0.08,0.352,0.8316,1.9598,-55860,-2.3019e+05,-5531.2,5531.2
0.08,0.336,3.0409,2.7399,-24391,-1.54e+05,-8475.2,8475.2
0.08,0.32,1.5617,3.2239,30430,-89402,-13263,13263
0.08,0.304,0.18076,-1.02,1.2589e+05,-74790,-24565,24565
0.08,0.288,1.9558,0.075175,-8.7144e+05,-1.1049e+06,-29882,29882
0.08,0.272,2.116,0.39019,-7.5289e+05,-1.2289e+06,-28200,28200
0.08,0.256,0.036147,0.58441,-8.0263e+05,-1.2261e+06,-8729.9,8729.9
0.08,0.24,4.9364,3.4389,1.1415e+05,-2.609e+05,5309.4,5309.4
0.08,0.224,2.8143,1.2273,-1.1254e+05,-1.557e+05,11623,11623
0.08,0.208,1.1708,2.365,-2.0439e+05,-73406,6853.2,6853.2
0.08,0.192,-0.31294,-0.38433,-1.7019e+05,47757,950.69,950.69
0.08,0.176,-0.81218,0.98074,-1.1058e+05,1.1607e+05,-1995.7,1995.7
0.08,0.16,-0.83038,1.16,-63621,1.3089e+05,-4470.1,4470.1
0.08,0.144,-0.98943,0.59679,-8552.6,96340,-4866.8,4866.8
0.08,0.128,-0.68371,0.78726,74899,-89812,-5162.1,5162.1
0.08,0.112,1.5515,-0.22296,1.2218e+05,-1.9278e+05,-4653.7,4653.7
0.08,0.096,3.2817,-2.3676,1.5725e+05,-2.2297e+05,-2501.7,2501.7
0.08,0.08,3.3847,-0.37833,1.3822e+05,-54340,111.28,111.28
0.08,0.064,2.9824,2.0923,44667,79539,1808.3,1808.3
0.08,0.048,1.1413,3.1779,-6298.9,1.0768e+05,1979.6,1979.6
0.08,0.032,-0.13123,0.55933,-50374,61521,1088.3,1088.3
0.08,0.016,-0.32806,1.4072,0,0,290,290
0.096,0.496,3.7848,1.7712,-16064,-1.5943e+05,-414.76,414.76
0.096,0.48,4.2589,2.0886,17947,-5.6795e+05,2138.3,2138.3
0.096,0.464,4.3286,4.476,86917,-1.0532e+06,7016.4,7016.4
0.096,0.448,4.5385,4.6007,1.507e+05,-1.2095e+06,11118,11118
0.096,0.432,4.1282,4.8064,1.4192e+05,-1.2885e+06,10725,10725
0.096,0.416,3.3944,4.2495,94033,-1.2361e+06,8867.5,8867.5
0.096,0.4,2.7104,3.8673,4322.1,-9.5734e+05,10157,10157
0.096,0.384,2.685,4.6153,-52194,-6.0561e+05,9994.2,9994.2
0.096,0.368,3.3971,4.6827,2557.6,-3.5624e+05,5905.2,5905.2
0.096,0.352,1.9586,4.5593,8522.9,-3.3536e+05,-765.25,765.25
0.096,0.336,1.1386,3.745,-15304,-2.9363e+05,-6375.9,6375.9
0.096,0.32,1.7735,4.6132,2850.1,-1.4513e+05,-9148.9,9148.9
0.096,0.304,3.5974,6.7611,2.8443e+05,-72842,-17728,17728
0.096,0.288,4.0262,6.4209,-3.9773e+05,-1.066e+06,-20885,20885
0.096,0.272,67.765,67.356,-1.3493e+05,-1.2603e+06,-20323,20323
0.096,0.256,8.2094,3.7674,-3.1509e+05,-1.3132e+06,-3061.9,3061.9
0.096,0.24,7.1819,4.0625,4.1035e+05,-3.0089e+05,11878,11878
0.096,0.224,2.7015,1.1072,-44832,-62399,20721,20721
0.096,0.208,2.4617,3.7583,-3.0712e+05,92812,17684,17684
0.096,0.192,-0.21973,4.1957,-4.8263e+05,3.2791e+05,6822.8,6822.8
0.096,0.176,-1.2394,5.027,-5.0786e+05,4.6839e+05,-2367.2,2367.2
0.096,0.16,-1.7535,5.2693,-3.6276e+05,5.0738e+05,-10051,10051
0.096,0.144,-1.4384,5.3113,-94827,3.7677e+05,-12944,12944
0.096,0.128,-0.70535,4.5337,2.0183e+05,-2209.7,-11108,11108
0.096,0.112,2.6988,2.7497,2.7854e+05,-2.966e+05,-10762,10762
0.096,0.096,1.5449,-0.82568,2.2931e+05,-4.2583e+05,-5748.3,5748.3
0.096,0.08,1.8237,-0.41794,1.2971e+05,-2.23e+05,-3301.8,3301.8
0.096,0.064,2.1217,1.5692,29123,25090,1224.9,1224.9
0.096,0.048,0.83665,3.6561,-7648.2,1.0683e+05,2271.7,2271.7
0.096,0.032,1.32,0.95202,-44213,57761,1733.9,1733.9
0.096,0.016,-0.36543,2.2344,0,0,358.31,358.31
0.112,0.496,4.9752,5.7644,1259.1,-1.6297e+05,-222.58,222.58
0.112,0.48,4.7827,5.9533,55573,-7.2131e+05,4080.6,4080.6
0.112,0.464,4.6946,5.8246,2.0735e+05,-1.5862e+06,9575.5,9575.5
0.112,0.448,4.8247,6.815,2.9361e+05,-1.7417e+06,13685,13685
0.112,0.432,4.8565,7.1686,2.8468e+05,-1.8976e+06,9630.4,9630.4
0.112,0.416,4.7583,6.2308,1.5547e+05,-1.7751e+06,6413.5,6413.5
0.112,0.4,5.0028,6.0371,7610.3,-1.4525e+06,8269.2,8269.2
0.112,0.384,3.6569,6.9412,-51790,-1.0347e+06,18282,18282
0.112,0.368,2.2508,7.9492,65331,-7.1257e+05,22755,22755
0.112,0.352,3.9734,7.8167,-22619,-5.5708e+05,17484,17484
0.112,0.336,0.91551,6.4895,-2.3751e+05,-3.2409e+05,4259.4,4259.4
0.112,0.32,0.029313,5.0498,-3.7627e+05,-60928,-3346.9,3346.9
0.112,0.304,2.8774,8.6281,1.0142e+05,1.0464e+05,-7468.3,7468.3
0.112,0.288,3.9248,8.2386,8.0236e+05,1.4863e+05,-3833,3833
0.112,0.272,4.5909,7.6345,1.2606e+06,-2.5381e+05,-277.07,277.07
0.112,0.256,5.383,6.6979,1.1021e+06,-4.5315e+05,12488,12488
0.112,0.24,4.9622,1.3216,5.9714e+05,-4.151e+05,21861,21861
0.112,0.224,5.2475,3.5651,37931,91703,27507,27507
0.112,0.208,1.5319,5.6891,-5.0669e+05,4.4103e+05,25383,25383
0.112,0.192,-0.20612,6.628,-9.3507e+05,8.4514e+05,14927,14927
0.112,0.176,-3.9401,8.6643,-1.1534e+06,1.0831e+06,-893.45,893.45
0.112,0.16,-6.4499,7.5155,-9.3216e+05,1.1384e+06,-14158,14158
0.112,0.144,-2.4717,8.9058,-4.1671e+05,8.1375e+05,-23923,23923
0.112,0.128,-1.2593,8.9319,2.1962e+05,1.6112e+05,-22898,22898
0.112,0.112,0.29296,7.3378,4.8823e+05,-5.4742e+05,-21161,21161
0.112,0.096,1.415,3.6183,4.3133e+05,-8.6223e+05,-13335,13335
0.112,0.08,1.3438,0.8949,1.7988e+05,-7.0934e+05,-7151.3,7151.3
0.112,0.064,1.2171,2.3457,13149,-2.666e+05,-1418.8,1418.8
0.112,0.048,1.6149,2.3318,-33754,-28270,2197.9,2197.9
0.112,0.032,1.4878,2.3683,-21786,1370.9,2641.6,2641.6
0.112,0.016,-0.53256,1.2814,0,0,1089.8,1089.8
0.128,0.496,4.5739,11.098,0,0,-78.925,78.925
0.128,0.48,3.1316,13.309,67901,-6.1572e+05,3874.6,3874.6
0.128,0.464,2.7058,13.314,4.0567e+05,-2.6501e+06,9653.7,9653.7
0.128,0.448,3.0853,15.206,5.281e+05,-2.7872e+06,9580.1,9580.1
0.128,0.432,2.4398,15.757,5.553e+05,-2.8549e+06,4640.2,4640.2
0.128,0.416,2.3514,12.611,3.0572e+05,-2.5297e+06,960.9,960.9
0.128,0.4,0.82603,10.551,1.5977e+05,-2.3173e+06,7961.5,7961.5
0.128,0.384,0.38538,9.6571,1.2594e+05,-2.073e+06,23856,23856
0.128,0.368,2.267,9.3182,2.5703e+05,-1.621e+06,43448,43448
0.128,0.352,2.1135,8.8385,-5421.5,-1.0387e+06,46847,46847
0.128,0.336,-0.48088,6.7213,-5.077e+05,-4.1712e+05,29613,29613
0.128,0.32,-4.9795,7.0974,-9.1039e+05,-32835,9304,9304
0.128,0.304,-5.5122,6.8619,-5.1512e+05,1.8685e+05,1147.3,1147.3
0.128,0.288,-1.3522,5.6562,3.7785e+05,2.4529e+05,7924,7924
0.128,0.272,4.6635,10.091,9.1944e+05,-1.1014e+05,13109,13109
0.128,0.256,2.6384,1.9605,8.5482e+05,-3.9893e+05,23328,23328
0.128,0.24,3.4324,0.96916,5.0595e+05,-3.9662e+05,29170,29170
0.128,0.224,1.9529,4.161,1.0175e+05,1.5619e+05,33507,33507
0.128,0.208,0.25108,8.854,-2.8816e+05,7.2248e+05,29781,29781
0.128,0.192,-2.5531,11.721,-9.3089e+05,1.3038e+06,15372,15372
0.128,0.176,-4.595,12.824,-1.3479e+06,1.8278e+06,-5419.9,5419.9
0.128,0.16,-5.0488,14.906,-1.3676e+06,2.1603e+06,-26030,26030
0.128,0.144,-4.0126,13.728,-9.2677e+05,2.1114e+06,-42632,42632
0.128,0.128,-3.4448,10.469,-2.5306e+05,1.3054e+06,-46446,46446
0.128,0.112,-0.48297,11.466,3.1729e+05,-2.2657e+05,-44292,44292
0.128,0.096,2.4538,8.2355,5.0046e+05,-1.3535e+06,-33549,33549
0.128,0.08,2.3428,5.7092,3.6749e+05,-1.5302e+06,-21285,21285
0.128,0.064,1.6192,4.5348,1.2071e+05,-7.7497e+05,-10587,10587
0.128,0.048,1.4319,2.8975,12707,-2.3619e+05,-832.21,832.21
0.128,0.032,0.59381,2.9573,6232.6,-78341,1957.6,1957.6
0.128,0.016,-0.10826,-0.17194,0,0,807.15,807.15
0.144,0.496,3.2221,26.197,0,0,5.4016,5.4016
0.144,0.48,1.2685,28.288,0,0,2673.3,2673.3
0.144,0.464,-0.46707,30.565,NaN,NaN,6271.6,6271.6
0.144,0.448,-1.2992,35.181,NaN,NaN,6984.6,6984.6
0.144,0.432,0.088438,32.128,1.973e+05,-2.1204e+06,-6455.5,6455.5
0.144,0.416,1.6691,22.792,-1.1258e+05,-1.9008e+06,-9389.8,9389.8
0.144,0.4,0.16837,16.705,-1.9196e+05,-2.0933e+06,-6650.1,6650.1
0.144,0.384,0.1259,13.084,-2.0596e+05,-2.1176e+06,12370,12370
0.144,0.368,2.1402,11.025,-2.3862e+05,-1.6567e+06,37035,37035
0.144,0.352,0.89021,9.6805,-4.6799e+05,-9.8865e+05,53486,53486
0.144,0.336,-3.2349,7.3111,-9.1457e+05,-2.3841e+05,46565,46565
0.144,0.32,-5.805,8.1425,-1.1812e+06,47706,22523,22523
0.144,0.304,-4.6557,9.7576,-8.4466e+05,2.4909e+05,7943.7,7943.7
0.144,0.288,-3.9004,10.155,-10475,3.6725e+05,8206.2,8206.2
0.144,0.272,-1.9645,9.7782,5.4099e+05,1.5553e+05,15738,15738
0.144,0.256,-0.069694,7.0894,5.9702e+05,-2.5866e+05,27568,27568
0.144,0.24,-0.15036,3.3191,3.2015e+05,-4.1128e+05,33426,33426
0.144,0.224,0.37523,10.869,1.0653e+05,-43218,39769,39769
0.144,0.208,0.29502,10.536,-1.32e+05,6.6033e+05,36143,36143
0.144,0.192,-1.053,15.787,-5.5377e+05,1.4556e+06,17293,17293
0.144,0.176,-3.7313,19.662,-8.6024e+05,2.3661e+06,-9225.3,9225.3
0.144,0.16,-5.3631,26.009,-9.5976e+05,3.1513e+06,-36441,36441
0.144,0.144,-5.4737,28.763,-7.811e+05,3.3717e+06,-50488,50488
0.144,0.128,-3.702,24.456,-4.0167e+05,2.5828e+06,-60640,60640
0.144,0.112,-2.1966,18.976,1.46e+05,4.0826e+05,-64357,64357
0.144,0.096,1.5104,12.107,4.7764e+05,-1.4956e+06,-60697,60697
0.144,0.08,2.6749,6.9785,4.6815e+05,-2.1999e+06,-40122,40122
0.144,0.064,2.4455,5.5284,1.9734e+05,-1.3601e+06,-20175,20175
0.144,0.048,1.8989,3.8108,31252,-4.6534e+05,-3230.5,3230.5
0.144,0.032,1.0499,3.5692,11551,-1.5253e+05,1096.6,1096.6
0.144,0.016,1.3585,-0.82054,0,0,499.68,499.68
0.16,0.496,0.077418,40.158,0,0,-30.984,30.984
0.16,0.48,-0.46132,39.766,0,0,-46.476,46.476
0.16,0.464,-0.53612,40.919,NaN,NaN,0,0
0.16,0.448,-1.2694,41.087,NaN,NaN,-14121,14121
0.16,0.432,-1.7712,38.216,NaN,NaN,-22322,22322
0.16,0.416,-1.7629,34.652,-2.2837e+05,-2.3822e+06,-32162,32162
0.16,0.4,-0.13193,29.513,-2.2747e+05,-2.6565e+06,-32064,32064
0.16,0.384,-1.5732,22.303,-2.1814e+05,-2.5533e+06,-25564,25564
0.16,0.368,-4.2211,17.57,-3.805e+05,-1.8728e+06,-5941,5941
0.16,0.352,-6.2056,13.92,-6.5438e+05,-1.2158e+06,10059,10059
0.16,0.336,-4.9201,10.622,-9.1852e+05,-8.0087e+05,14146,14146
0.16,0.32,-3.733,9.7514,-9.2497e+05,-7.7999e+05,2768.5,2768.5
0.16,0.304,-2.9885,12.192,-6.5275e+05,-5.1242e+05,-4498.2,4498.2
0.16,0.288,-1.5756,14.126,-47280,-3.3742e+05,389.34,389.34
0.16,0.272,-0.85607,15.16,4.3477e+05,-3.7036e+05,11521,11521
0.16,0.256,-0.93066,14.465,5.6219e+05,-6.336e+05,26046,26046
0.16,0.24,0.43605,10.009,4.1516e+05,-4.7552e+05,32530,32530
0.16,0.224,-0.83241,11.974,2.68e+05,-1.3865e+05,39277,39277
0.16,0.208,-1.0762,15.637,2.4615e+05,4.41e+05,35640,35640
0.16,0.192,-0.60109,17.113,90089,1.0817e+06,10326,10326
0.16,0.176,-1.9488,24.093,-48414,2.2394e+06,-17758,17758
0.16,0.16,-2.8806,31.534,-2.5434e+05,3.3592e+06,-48583,48583
0.16,0.144,-2.9369,34.199,-4.2791e+05,3.9368e+06,-61425,61425
0.16,0.128,-2.8256,32.043,-4.5375e+05,3.3481e+06,-79322,79322
0.16,0.112,-1.3512,25.778,-1.5636e+05,1.0666e+06,-91164,91164
0.16,0.096,-0.45158,16.761,2.2496e+05,-1.3202e+06,-88120,88120
0.16,0.08,0.5307,10.338,4.0419e+05,-2.5736e+06,-59118,59118
0.16,0.064,0.70895,6.526,2.6936e+05,-1.9509e+06,-27035,27035
0.16,0.048,1.6262,4.7419,1.1209e+05,-8.1611e+05,-4877,4877
0.16,0.032,2.1297,3.9771,28679,-2.7283e+05,-21.488,21.488
0.16,0.016,2.0253,0.72112,0,0,-459.85,459.85
0.176,0.496,0.19841,35.255,0,0,0,0
0.176,0.48,-1.5818,35.615,0,0,0,0
0.176,0.464,-1.2305,37.043,NaN,NaN,0,0
0.176,0.448,-1.2801,36.729,NaN,NaN,NaN,NaN
0.176,0.432,-2.5681,35.706,NaN,NaN,-49831,49831
0.176,0.416,-3.2134,35.157,NaN,NaN,-61669,61669
0.176,0.4,-3.6658,34.39,-6.9031e+05,-1.537e+06,-57667,57667
0.176,0.384,-3.8599,32.571,-8.5971e+05,-1.2761e+06,-51716,51716
0.176,0.368,-4.5661,29.612,-1.118e+06,-6.9816e+05,-67476,67476
0.176,0.352,-4.7079,29.359,-1.0562e+06,-7.6164e+05,-75046,75046
0.176,0.336,-3.5234,27.431,-9.373e+05,-9.4464e+05,-79518,79518
0.176,0.32,-3.959,23.349,-6.6653e+05,-1.1557e+06,-54752,54752
0.176,0.304,-3.2993,22.192,-3.6159e+05,-9.2571e+05,-24305,24305
0.176,0.288,-2.3701,23.475,2.0309e+05,-3.9631e+05,4829.4,4829.4
0.176,0.272,0.32485,23.52,5.2263e+05,-1.9227e+05,18011,18011
0.176,0.256,0.5088,23.183,6.2279e+05,-3.0339e+05,27043,27043
0.176,0.24,-0.63036,20.312,5.0079e+05,-4.8132e+05,30643,30643
0.176,0.224,-1.8693,18.077,4.1423e+05,-5.5531e+05,39054,39054
0.176,0.208,-1.0841,19.944,3.4348e+05,-4.5236e+05,36230,36230
0.176,0.192,-0.17534,22.32,3.5147e+05,-2.1375e+05,4385.1,4385.1
0.176,0.176,-0.23431,26.078,3.3863e+05,6.2837e+05,-26956,26956
0.176,0.16,-1.5903,32.064,2.6927e+05,1.6193e+06,-63968,63968
0.176,0.144,-1.6724,33.357,41408,2.1345e+06,-76790,76790
0.176,0.128,-1.8213,31.176,-1.4122e+05,1.8585e+06,-1.0086e+05,1.0086e+05
0.176,0.112,-2.1618,25.876,-1.1124e+05,1.9344e+05,-1.1599e+05,1.1599e+05
0.176,0.096,-0.7442,18.54,1.53e+05,-1.5214e+06,-1.1111e+05,1.1111e+05
0.176,0.08,-0.044321,13.501,3.1754e+05,-2.6818e+06,-72599,72599
0.176,0.064,0.99925,9.8185,2.6088e+05,-2.2958e+06,-30217,30217
0.176,0.048,1.2447,7.9998,1.0513e+05,-1.1667e+06,-2638,2638
0.176,0.032,2.142,6.2109,21269,-4.409e+05,924.01,924.01
0.176,0.016,3.3344,3.5891,0,0,-267.64,267.64
0.192,0.496,0.0049807,31.999,0,0,0,0
0.192,0.48,-0.87125,32.124,0,0,0,0
0.192,0.464,0.0053916,34.623,NaN,NaN,0,0
0.192,0.448,0.26923,34.316,NaN,NaN,NaN,NaN
0.192,0.432,-0.75704,34.499,NaN,NaN,NaN,NaN
0.192,0.416,-1.2581,35.206,NaN,NaN,-1.0138e+05,1.0138e+05
0.192,0.4,-2.0708,37.868,NaN,NaN,-95998,95998
0.192,0.384,-2.5829,40.434,NaN,NaN,-90994,90994
0.192,0.368,-2.7056,40.9,NaN,NaN,-1.2151e+05,1.2151e+05
0.192,0.352,-1.7759,42.727,-5.3868e+05,-2.432e+06,-1.3973e+05,1.3973e+05
0.192,0.336,-0.68311,43.198,-4.7482e+05,-2.5285e+06,-1.4678e+05,1.4678e+05
0.192,0.32,-0.6088,42.617,-3.8762e+05,-2.3614e+06,-1.0552e+05,1.0552e+05
0.192,0.304,0.73372,42.893,-2.1194e+05,-2.0529e+06,-42387,42387
0.192,0.288,1.2836,42.007,2.8391e+05,-1.0462e+06,8376.9,8376.9
0.192,0.272,2.1141,41.953,4.0525e+05,-1.7071e+05,17837,17837
0.192,0.256,1.4611,39.504,4.6151e+05,1.7546e+05,23432,23432
0.192,0.24,0.88073,36.389,3.7034e+05,1.9809e+05,19521,19521
0.192,0.224,0.46703,32.842,3.8062e+05,-61135,25968,25968
0.192,0.208,0.22673,32.75,3.819e+05,-4.3977e+05,21990,21990
0.192,0.192,0.11928,32.574,3.8874e+05,-8.5101e+05,-7700,7700
0.192,0.176,0.90278,29.588,2.7395e+05,-7.8174e+05,-45670,45670
0.192,0.16,-0.27037,32.315,77151,-5.5642e+05,-91921,91921
0.192,0.144,-1.0158,32.661,-1.4886e+05,-3.9752e+05,-1.1885e+05,1.1885e+05
0.192,0.128,-0.90428,29.057,-1.945e+05,-6.9942e+05,-1.3955e+05,1.3955e+05
0.192,0.112,-0.36493,24.717,-20188,-1.6985e+06,-1.4036e+05,1.4036e+05
0.192,0.096,0.86704,19.685,2.8959e+05,-2.6111e+06,-1.2257e+05,1.2257e+05
0.192,0.08,1.4999,17.395,4.7756e+05,-3.1745e+06,-81773,81773
0.192,0.064,0.32697,17.072,4.2581e+05,-2.7286e+06,-37569,37569
0.192,0.048,-0.32567,14.944,2.2393e+05,-1.5334e+06,-5829.2,5829.2
0.192,0.032,2.7899,8.4024,65835,-6.041e+05,2629.3,2629.3
0.192,0.016,3.916,3.5633,0,0,178.89,178.89
0.208,0.496,0.61914,34.386,0,0,0,0
0.208,0.48,0.55352,34.119,0,0,0,0
0.208,0.464,0.46267,36.847,NaN,NaN,0,0
0.208,0.448,0.42893,38.088,NaN,NaN,NaN,NaN
0.208,0.432,-0.94438,39.128,NaN,NaN,NaN,NaN
0.208,0.416,-1.5785,40.242,NaN,NaN,NaN,NaN
0.208,0.4,-2.4926,41.73,NaN,NaN,NaN,NaN
0.208,0.384,-2.8816,43.414,NaN,NaN,NaN,NaN
0.208,0.368,-2.6737,44.788,NaN,NaN,-2.3257e+05,2.3257e+05
0.208,0.352,-2.3375,46.279,NaN,NaN,-2.2822e+05,2.2822e+05
0.208,0.336,-1.11,48.277,NaN,NaN,-2.2119e+05,2.2119e+05
0.208,0.32,-0.7033,48.514,NaN,NaN,-1.5538e+05,1.5538e+05
0.208,0.304,-0.57725,47.946,NaN,NaN,-48429,48429
0.208,0.288,-0.38662,49.029,5.137e+05,1.6036e+06,21364,21364
0.208,0.272,-0.89286,48.373,2.378e+05,1.5878e+06,24289,24289
0.208,0.256,-1.2525,46.972,1.119e+05,1.5684e+06,21963,21963
0.208,0.24,-0.56748,46.603,83425,1.0432e+06,10869,10869
0.208,0.224,-0.031278,44.948,1.4311e+05,4.8591e+05,12099,12099
0.208,0.208,-0.86194,43.387,2.5015e+05,-3.8208e+05,5602.5,5602.5
0.208,0.192,-0.99673,41.013,3.0835e+05,-1.2653e+06,-28233,28233
0.208,0.176,-0.76039,36.723,2.25e+05,-2.0067e+06,-78613,78613
0.208,0.16,-2.2723,33.265,88325,-2.5473e+06,-1.3327e+05,1.3327e+05
0.208,0.144,-2.3019,29.563,-25884,-2.7093e+06,-1.6032e+05,1.6032e+05
0.208,0.128,-1.2166,27.008,50148,-2.8732e+06,-1.6689e+05,1.6689e+05
0.208,0.112,0.7621,25.921,2.9155e+05,-3.173e+06,-1.5151e+05,1.5151e+05
0.208,0.096,3.9492,24.253,5.4544e+05,-3.2933e+06,-1.2122e+05,1.2122e+05
0.208,0.08,4.4838,24.313,6.7656e+05,-3.3098e+06,-82586,82586
0.208,0.064,3.5517,26.783,6.3352e+05,-2.9817e+06,-43389,43389
0.208,0.048,3.4271,23.418,3.79e+05,-1.8759e+06,-13489,13489
0.208,0.032,4.1041,15.573,1.6407e+05,-8.6386e+05,156.36,156.36
0.208,0.016,4.57,7.1099,0,0,955.7,955.7
0.224,0.496,1.8458,39.138,0,0,0,0
0.224,0.48,2.2188,36.188,0,0,0,0
0.224,0.464,1.1179,40.134,NaN,NaN,0,0
0.224,0.448,-0.13246,41.471,NaN,NaN,NaN,NaN
0.224,0.432,-0.39969,42.086,NaN,NaN,NaN,NaN
0.224,0.416,-0.92033,44.399,NaN,NaN,NaN,NaN
0.224,0.4,-1.9441,46.138,NaN,NaN,NaN,NaN
0.224,0.384,-2.7467,47.889,NaN,NaN,NaN,NaN
0.224,0.368,-3.2148,49.871,NaN,NaN,NaN,NaN
0.224,0.352,-3.0531,50.957,NaN,NaN,NaN,NaN
0.224,0.336,-1.871,51.768,NaN,NaN,NaN,NaN
0.224,0.32,-1.4402,53,NaN,NaN,NaN,NaN
0.224,0.304,-1.1841,52.32,NaN,NaN,-2592.1,2592.1
0.224,0.288,-1.3604,51.813,NaN,NaN,25816,25816
0.224,0.272,-2.5712,50.912,-2.1812e+05,2.6421e+06,20599,20599
0.224,0.256,-2.5815,50.004,-3.023e+05,2.5061e+06,23761,23761
0.224,0.24,-1.9484,50.128,-2.8366e+05,1.9574e+06,8182.8,8182.8
0.224,0.224,-1.1541,48.045,-1.9323e+05,1.4383e+06,-1347,1347
0.224,0.208,-1.0641,46.294,-42693,6.6944e+05,-15456,15456
0.224,0.192,-1.2931,43.396,1.5405e+05,-3.551e+05,-46999,46999
0.224,0.176,-0.15227,39.247,2.0439e+05,-1.4136e+06,-1.0144e+05,1.0144e+05
0.224,0.16,0.033974,34.58,1.8267e+05,-2.3184e+06,-1.5482e+05,1.5482e+05
0.224,0.144,0.63688,31.314,1.8434e+05,-2.7686e+06,-1.7724e+05,1.7724e+05
0.224,0.128,1.4759,34.266,3.0602e+05,-2.9881e+06,-1.681e+05,1.681e+05
0.224,0.112,1.9757,36.98,5.0603e+05,-3.058e+06,-1.4261e+05,1.4261e+05
0.224,0.096,2.1523,36.666,6.1648e+05,-3.0551e+06,-1.0589e+05,1.0589e+05
0.224,0.08,1.918,37.31,6.8093e+05,-2.9534e+06,-70759,70759
0.224,0.064,3.3901,35.142,6.5716e+05,-2.7603e+06,-39365,39365
0.224,0.048,4.603,31.719,4.3663e+05,-1.7581e+06,-17611,17611
0.224,0.032,4.2394,27.4,2.0705e+05,-8.4879e+05,-3042.7,3042.7
0.224,0.016,2.9408,22.345,0,0,463.13,463.13
0.24,0.496,1.6804,43.534,0,0,0,0
0.24,0.48,1.7772,41.263,0,0,0,0
0.24,0.464,1.8786,42.958,NaN,NaN,0,0
0.24,0.448,0.62512,42.515,NaN,NaN,NaN,NaN
0.24,0.432,0.48327,43.958,NaN,NaN,NaN,NaN
0.24,0.416,0.11426,45.624,NaN,NaN,NaN,NaN
0.24,0.4,-1.0767,48.106,NaN,NaN,NaN,NaN
0.24,0.384,-1.2174,50.834,NaN,NaN,NaN,NaN
0.24,0.368,-1.4567,52.764,NaN,NaN,NaN,NaN
0.24,0.352,-2.064,53.475,NaN,NaN,NaN,NaN
0.24,0.336,-2.7024,54.544,NaN,NaN,NaN,NaN
0.24,0.32,-1.956,55.718,NaN,NaN,NaN,NaN
0.24,0.304,-1.7815,55.499,NaN,NaN,NaN,NaN
0.24,0.288,-2.1633,53.848,NaN,NaN,35030,35030
0.24,0.272,-2.6764,52.885,NaN,NaN,27839,27839
0.24,0.256,-2.4518,52.763,-6.0431e+05,2.8287e+06,32849,32849
0.24,0.24,-2.0899,52.207,-4.5527e+05,1.9131e+06,15115,15115
0.24,0.224,-1.6941,50.364,-3.9051e+05,1.6371e+06,-6680.2,6680.2
0.24,0.208,-1.5801,49.385,-2.7075e+05,1.0852e+06,-35492,35492
0.24,0.192,-0.5093,48.029,-65733,2.6525e+05,-73651,73651
0.24,0.176,1.5446,46.816,1.2144e+05,-6.7629e+05,-1.1522e+05,1.1522e+05
0.24,0.16,2.1122,46.026,2.738e+05,-1.4601e+06,-1.5145e+05,1.5145e+05
0.24,0.144,2.5363,45.799,3.4208e+05,-1.803e+06,-1.5777e+05,1.5777e+05
0.24,0.128,1.8559,45.87,3.995e+05,-1.9018e+06,-1.438e+05,1.438e+05
0.24,0.112,0.90655,46.132,4.4273e+05,-1.8933e+06,-1.224e+05,1.224e+05
0.24,0.096,0.30103,46.061,4.2439e+05,-1.9329e+06,-86175,86175
0.24,0.08,-0.073283,45.563,4.0016e+05,-2.0063e+06,-48888,48888
0.24,0.064,0.27556,44.212,3.5882e+05,-2.0625e+06,-23400,23400
0.24,0.048,-0.078741,43.443,2.3906e+05,-1.3961e+06,-10963,10963
0.24,0.032,-0.86018,42.617,1.2008e+05,-7.0529e+05,-5923.3,5923.3
0.24,0.016,-0.92285,41.235,0,0,-387.89,387.89
0.256,0.496,0.94073,46.477,0,0,0,0
0.256,0.48,0.96747,45.329,0,0,0,0
0.256,0.464,1.0514,46.603,NaN,NaN,0,0
0.256,0.448,1.6078,46.988,NaN,NaN,NaN,NaN
0.256,0.432,2.5801,47.391,NaN,NaN,NaN,NaN
0.256,0.416,2.3947,48.855,NaN,NaN,NaN,NaN
0.256,0.4,0.75556,50.377,NaN,NaN,NaN,NaN
0.256,0.384,0.31453,51.68,NaN,NaN,NaN,NaN
0.256,0.368,0.78702,52.382,NaN,NaN,NaN,NaN
0.256,0.352,-0.085287,52.647,NaN,NaN,NaN,NaN
0.256,0.336,-1.1134,53.82,NaN,NaN,NaN,NaN
0.256,0.32,-1.0552,54.684,NaN,NaN,NaN,NaN
0.256,0.304,-0.49478,54.787,NaN,NaN,NaN,NaN
0.256,0.288,-0.93414,54.75,NaN,NaN,NaN,NaN
0.256,0.272,-1.5303,54.62,NaN,NaN,23451,23451
0.256,0.256,-1.9994,55.422,NaN,NaN,41055,41055
0.256,0.24,-1.1723,54.895,-3.6833e+05,1.3473e+06,26330,26330
0.256,0.224,-0.32696,54.392,-3.4403e+05,1.2694e+06,2938.8,2938.8
0.256,0.208,-1.3144,54.564,-3.0895e+05,1.0678e+06,-35435,35435
0.256,0.192,-0.66746,54.174,-1.9427e+05,5.8895e+05,-75894,75894
0.256,0.176,1.0518,52.87,-37761,32765,-1.0607e+05,1.0607e+05
0.256,0.16,1.8805,52.643,1.0603e+05,-4.2207e+05,-1.275e+05,1.275e+05
0.256,0.144,2.4248,52.182,1.4945e+05,-6.365e+05,-1.2648e+05,1.2648e+05
0.256,0.128,1.1201,51.636,1.2314e+05,-7.9852e+05,-1.1483e+05,1.1483e+05
0.256,0.112,0.34438,50.445,99689,-9.6324e+05,-98668,98668
0.256,0.096,-0.68879,49.817,59311,-1.1933e+06,-70705,70705
0.256,0.08,-1.8638,49.037,12712,-1.3313e+06,-32753,32753
0.256,0.064,-2.6645,49.023,-71396,-1.3297e+06,-7123.3,7123.3
0.256,0.048,-3.0128,49.615,-66334,-8.5543e+05,2453.6,2453.6
0.256,0.032,-3.298,49.893,-43357,-3.9635e+05,-1719.9,1719.9
0.256,0.016,-3.5273,50.569,0,0,-1303.6,1303.6
0.272,0.496,-0.44486,49.246,0,0,0,0
0.272,0.48,-0.86941,49.755,0,0,0,0
0.272,0.464,-1.0222,50.885,NaN,NaN,0,0
0.272,0.448,-0.72187,52.306,NaN,NaN,NaN,NaN
0.272,0.432,0.25165,52.13,NaN,NaN,NaN,NaN
0.272,0.416,0.57018,53.507,NaN,NaN,NaN,NaN
0.272,0.4,0.64164,54.168,NaN,NaN,NaN,NaN
0.272,0.384,0.78866,53.896,NaN,NaN,NaN,NaN
0.272,0.368,0.47666,54.21,NaN,NaN,NaN,NaN
0.272,0.352,-0.33777,52.862,NaN,NaN,NaN,NaN
0.272,0.336,-0.98154,52.803,NaN,NaN,NaN,NaN
0.272,0.32,-1.2673,53.704,NaN,NaN,-80545,80545
0.272,0.304,-0.80481,53.259,NaN,NaN,-43685,43685
0.272,0.288,-0.73599,53.389,NaN,NaN,-36517,36517
0.272,0.272,-1.1214,53.435,NaN,NaN,-21137,21137
0.272,0.256,-1.3704,54.007,-2.9259e+05,-4.6137e+05,9834.4,9834.4
0.272,0.24,-1.3614,53.103,-2.2711e+05,2.6223e+05,16380,16380
0.272,0.224,-0.8987,52.945,-1.9708e+05,3.3722e+05,10450,10450
0.272,0.208,-0.54944,53.056,-1.9418e+05,3.8952e+05,-26142,26142
0.272,0.192,-0.97496,53.064,-1.6691e+05,1.9994e+05,-69592,69592
0.272,0.176,-0.1402,52.26,-1.313e+05,-16570,-1.0195e+05,1.0195e+05
0.272,0.16,1.361,51.496,-69873,-2.6527e+05,-1.2154e+05,1.2154e+05
0.272,0.144,0.81382,51.411,-82137,-4.243e+05,-1.2077e+05,1.2077e+05
0.272,0.128,-0.9322,51.276,-1.4073e+05,-6.6023e+05,-1.0735e+05,1.0735e+05
0.272,0.112,-1.5789,49.897,-1.8928e+05,-8.804e+05,-88997,88997
0.272,0.096,-2.2768,49.576,-2.3058e+05,-1.1436e+06,-62415,62415
0.272,0.08,-3.0089,49.119,-2.3522e+05,-1.2012e+06,-24996,24996
0.272,0.064,-3.1711,49.186,-2.5556e+05,-1.0788e+06,1232.4,1232.4
0.272,0.048,-3.4738,50.129,-1.6083e+05,-6.3473e+05,11562,11562
0.272,0.032,-3.8225,51.603,-80864,-2.7048e+05,3357.1,3357.1
0.272,0.016,-4.1102,51.698,0,0,-235.41,235.41
0.288,0.496,0.62194,53.696,0,0,0,0
0.288,0.48,0.23899,52.582,0,0,0,0
0.288,0.464,-0.57383,53.383,NaN,NaN,0,0
0.288,0.448,-1.2966,54.388,NaN,NaN,NaN,NaN
0.288,0.432,-0.051547,54.187,NaN,NaN,NaN,NaN
0.288,0.416,1.0462,53.814,NaN,NaN,NaN,NaN
0.288,0.4,1.2879,52.681,NaN,NaN,NaN,NaN
0.288,0.384,0.9378,52.65,NaN,NaN,NaN,NaN
0.288,0.368,0.46993,52.679,NaN,NaN,NaN,NaN
0.288,0.352,0.07506,50.906,NaN,NaN,-1.7355e+05,1.7355e+05
0.288,0.336,-0.52999,49.921,NaN,NaN,-1.6465e+05,1.6465e+05
0.288,0.32,-0.98856,50.06,NaN,NaN,-1.3071e+05,1.3071e+05
0.288,0.304,-1.4694,49.31,-6.1826e+05,-2.3939e+06,-86507,86507
0.288,0.288,-1.7058,49.161,-5.9485e+05,-2.2563e+06,-76450,76450
0.288,0.272,-1.9363,48.951,-5.5758e+05,-2.2382e+06,-75387,75387
0.288,0.256,-2.2109,49.29,-4.408e+05,-1.7987e+06,-50385,50385
0.288,0.24,-1.7113,49.108,-3.9012e+05,-1.2277e+06,-19148,19148
0.288,0.224,-1.4164,49.248,-3.005e+05,-9.0132e+05,9000.1,9000.1
0.288,0.208,-0.20016,49.322,-2.5636e+05,-6.1191e+05,-9096.9,9096.9
0.288,0.192,0.26535,48.787,-1.6098e+05,-4.3958e+05,-44245,44245
0.288,0.176,0.77379,49.071,-1.1299e+05,-3.422e+05,-84181,84181
0.288,0.16,0.77843,48.456,-47727,-4.1574e+05,-1.143e+05,1.143e+05
0.288,0.144,-0.26793,46.914,-24346,-6.171e+05,-1.2622e+05,1.2622e+05
0.288,0.128,-1.3064,45.876,-86408,-1.0571e+06,-1.1778e+05,1.1778e+05
0.288,0.112,-2.8856,44.719,-2.3928e+05,-1.5984e+06,-97319,97319
0.288,0.096,-3.9923,44.666,-3.3107e+05,-1.9006e+06,-67182,67182
0.288,0.08,-3.9133,45.104,-3.0804e+05,-1.7613e+06,-27387,27387
0.288,0.064,-2.2648,46.49,-1.9562e+05,-1.3089e+06,2105.7,2105.7
0.288,0.048,-1.8963,47.998,-94928,-7.2322e+05,14582,14582
0.288,0.032,-2.1014,50.479,-43183,-2.9256e+05,7306.5,7306.5
0.288,0.016,-1.7874,50.614,0,0,968.48,968.48
0.304,0.496,2.8472,53.13,0,0,0,0
0.304,0.48,2.6832,51.526,0,0,0,0
0.304,0.464,2.0584,50.912,NaN,NaN,0,0
0.304,0.448,2.1708,50.835,NaN,NaN,NaN,NaN
0.304,0.432,2.3218,50.627,NaN,NaN,NaN,NaN
0.304,0.416,1.7891,49.06,NaN,NaN,NaN,NaN
0.304,0.4,1.1188,46.769,NaN,NaN,NaN,NaN
0.304,0.384,0.36612,45.849,NaN,NaN,NaN,NaN
0.304,0.368,0.3481,46.123,NaN,NaN,NaN,NaN
0.304,0.352,0.21491,44.369,NaN,NaN,-1.2268e+05,1.2268e+05
0.304,0.336,-1.0438,42.019,-8.2707e+05,-3.1559e+06,-97967,97967
0.304,0.32,-1.6144,41.54,-7.4979e+05,-3.1725e+06,-1.0338e+05,1.0338e+05
0.304,0.304,-2.1445,41.191,-6.44e+05,-2.9298e+06,-98177,98177
0.304,0.288,-2.222,41.644,-5.3497e+05,-2.6786e+06,-1.2642e+05,1.2642e+05
0.304,0.272,-2.2703,41.909,-5.245e+05,-2.5471e+06,-1.5343e+05,1.5343e+05
0.304,0.256,-2.5427,42.113,-4.4476e+05,-2.1134e+06,-1.3058e+05,1.3058e+05
0.304,0.24,-2.8656,42.294,-4.2603e+05,-1.827e+06,-77524,77524
0.304,0.224,-3.5437,42.502,-3.7043e+05,-1.533e+06,-13293,13293
0.304,0.208,-1.739,43.076,-3.376e+05,-1.3031e+06,-7376.4,7376.4
0.304,0.192,-0.3768,44.409,-2.1261e+05,-9.1696e+05,-32920,32920
0.304,0.176,0.27129,43.423,-79974,-6.1047e+05,-67217,67217
0.304,0.16,0.37899,40.906,74918,-5.5205e+05,-1.0582e+05,1.0582e+05
0.304,0.144,-0.059501,38.235,1.5233e+05,-9.4341e+05,-1.233e+05,1.233e+05
0.304,0.128,-0.49487,35.645,1.2032e+05,-1.6614e+06,-1.2602e+05,1.2602e+05
0.304,0.112,-2.9435,32.865,-1.084e+05,-2.4693e+06,-1.08e+05,1.08e+05
0.304,0.096,-5.6717,31.711,-2.4242e+05,-2.6946e+06,-75466,75466
0.304,0.08,-3.4694,35.124,-2.138e+05,-2.2251e+06,-32365,32365
0.304,0.064,-2.9395,37.518,-18173,-1.3188e+06,-63.517,63.517
0.304,0.048,-2.5723,40.674,49098,-5.7142e+05,14718,14718
0.304,0.032,-1.4531,44.175,38759,-1.5605e+05,8276.4,8276.4
0.304,0.016,0.052862,43.682,0,0,1927.4,1927.4
0.32,0.496,3.9063,52.795,0,0,0,0
0.32,0.48,4.1066,50.825,0,0,0,0
0.32,0.464,4.0191,50.484,NaN,NaN,0,0
0.32,0.448,3.6988,49.528,NaN,NaN,NaN,NaN
0.32,0.432,2.1859,48.057,NaN,NaN,NaN,NaN
0.32,0.416,0.5761,45.091,NaN,NaN,NaN,NaN
0.32,0.4,-0.14492,42.292,NaN,NaN,-2.3647e+05,2.3647e+05
0.32,0.384,-0.62177,39.762,NaN,NaN,-2.0636e+05,2.0636e+05
0.32,0.368,-0.11694,38.63,NaN,NaN,-1.7973e+05,1.7973e+05
0.32,0.352,-1.0405,37.759,NaN,NaN,-90885,90885
0.32,0.336,-0.91103,36.672,-8.5038e+05,-2.9922e+06,-65658,65658
0.32,0.32,-0.17582,34.636,-7.031e+05,-3.0425e+06,-79831,79831
0.32,0.304,0.22651,32.389,-6.1034e+05,-2.9356e+06,-1.2259e+05,1.2259e+05
0.32,0.288,-0.10961,31.888,-4.7821e+05,-2.8564e+06,-1.8042e+05,1.8042e+05
0.32,0.272,-0.95906,31.666,-4.4592e+05,-2.8135e+06,-2.1078e+05,2.1078e+05
0.32,0.256,-2.1654,31.317,-3.8169e+05,-2.7294e+06,-1.711e+05,1.711e+05
0.32,0.24,-1.3333,33.039,-3.9172e+05,-2.4745e+06,-1.035e+05,1.035e+05
0.32,0.224,-1.433,32.208,-4.2634e+05,-2.0755e+06,-34541,34541
0.32,0.208,-2.6233,33.554,-4.0619e+05,-1.5696e+06,-14518,14518
0.32,0.192,-2.1354,31.838,-1.8425e+05,-9.1582e+05,-22416,22416
0.32,0.176,-0.6953,28.077,1.7663e+05,-2.6607e+05,-37390,37390
0.32,0.16,-0.16504,24.96,4.7362e+05,2.0509e+05,-68113,68113
0.32,0.144,0.20809,24.754,6.1338e+05,-1970,-88856,88856
0.32,0.128,-0.72588,21.703,5.323e+05,-8.3904e+05,-1.0262e+05,1.0262e+05
0.32,0.112,-2.1906,20.885,2.5707e+05,-1.7943e+06,-95587,95587
0.32,0.096,-4.0728,24.231,73228,-2.1305e+06,-68560,68560
0.32,0.08,-3.0855,26.261,-8360.9,-1.7386e+06,-29391,29391
0.32,0.064,-2.0205,30.163,80563,-9.8025e+05,650.51,650.51
0.32,0.048,-1.2822,34.837,52070,-4.2505e+05,14578,14578
0.32,0.032,-0.22954,39.338,32840,-66791,8373.4,8373.4
0.32,0.016,0.17802,40.216,0,0,1931,1931
0.336,0.496,3.6765,53.689,0,0,0,0
0.336,0.48,4.2017,49.63,0,0,0,0
0.336,0.464,3.4429,47.908,NaN,NaN,0,0
0.336,0.448,1.9237,46.273,NaN,NaN,NaN,NaN
0.336,0.432,1.0124,44.516,NaN,NaN,-2.9253e+05,2.9253e+05
0.336,0.416,-0.68165,42.042,NaN,NaN,-2.6904e+05,2.6904e+05
0.336,0.4,-1.1514,37.34,NaN,NaN,-1.5751e+05,1.5751e+05
0.336,0.384,-1.9274,33.213,-1.137e+06,-4.6891e+06,-70705,70705
0.336,0.368,-3.607,33.534,-1.1538e+06,-4.3051e+06,-13857,13857
0.336,0.352,-1.2665,34.457,-1.0436e+06,-3.9617e+06,13272,13272
0.336,0.336,0.028383,36.762,-8.4932e+05,-3.2503e+06,14092,14092
0.336,0.32,-0.24214,34.286,-7.1136e+05,-3.1293e+06,-20234,20234
0.336,0.304,-0.88085,28.659,-7.2061e+05,-3.2548e+06,-91660,91660
0.336,0.288,-2.7588,24.314,-6.9811e+05,-3.5283e+06,-1.625e+05,1.625e+05
0.336,0.272,-2.4515,18.675,-6.963e+05,-3.6494e+06,-1.8555e+05,1.8555e+05
0.336,0.256,-2.0876,15.218,-5.1453e+05,-3.3212e+06,-1.3801e+05,1.3801e+05
0.336,0.24,-1.6491,18.871,-3.93e+05,-2.6741e+06,-75255,75255
0.336,0.224,-2.5613,25.507,-2.9179e+05,-2.0426e+06,-23894,23894
0.336,0.208,-3.2335,26.597,-1.8435e+05,-1.4437e+06,-3777,3777
0.336,0.192,-1.205,27.393,79671,-6.1488e+05,-7251.7,7251.7
0.336,0.176,0.50116,26.657,4.7322e+05,3.0776e+05,-8857.1,8857.1
0.336,0.16,1.4687,26.484,8.2164e+05,1.1219e+06,-26121,26121
0.336,0.144,1.1869,25.938,1.0041e+06,1.2607e+06,-38397,38397
0.336,0.128,2.3553,22.733,8.9698e+05,6.3869e+05,-56380,56380
0.336,0.112,1.5684,21.921,5.8318e+05,-2.7642e+05,-62975,62975
0.336,0.096,0.057942,26.059,3.1349e+05,-9.6986e+05,-49861,49861
0.336,0.08,-0.34641,27.548,1.5635e+05,-1.1078e+06,-22230,22230
0.336,0.064,-1.6345,27.163,21788,-8.0325e+05,2271.7,2271.7
0.336,0.048,-2.1056,30.993,-48666,-4.4483e+05,14035,14035
0.336,0.032,-3.0265,33.901,-69530,-54087,7680.7,7680.7
0.336,0.016,-2.425,30.214,0,0,1467.9,1467.9
0.352,0.496,3.3523,48.79,0,0,-30.984,30.984
0.352,0.48,3.43,45.599,0,0,-46.476,46.476
0.352,0.464,3.0009,42.269,NaN,NaN,0,0
0.352,0.448,1.4908,39.705,NaN,NaN,-2.6795e+05,2.6795e+05
0.352,0.432,0.65911,37.284,NaN,NaN,-1.9392e+05,1.9392e+05
0.352,0.416,0.055124,32.857,-1.0812e+06,-5.1308e+06,-1.6442e+05,1.6442e+05
0.352,0.4,-2.0198,29.493,-1.0826e+06,-4.8873e+06,-78027,78027
0.352,0.384,-1.8072,29.203,-9.2902e+05,-4.4803e+06,-7219.7,7219.7
0.352,0.368,-2.2792,26.69,-8.1565e+05,-3.8661e+06,42954,42954
0.352,0.352,-2.4626,25.429,-7.0396e+05,-3.4322e+06,73314,73314
0.352,0.336,-1.7058,26.188,-6.5694e+05,-3.0296e+06,64834,64834
0.352,0.32,-1.8873,25.838,-6.1835e+05,-2.9795e+06,35268,35268
0.352,0.304,-4.9379,20.786,-7.8556e+05,-3.3824e+06,-28533,28533
0.352,0.288,-7.7506,16.321,-9.3892e+05,-3.8781e+06,-81009,81009
0.352,0.272,-8.4944,9.7133,-1.038e+06,-4.1107e+06,-97892,97892
0.352,0.256,-6.3388,6.4815,-6.4027e+05,-3.4715e+06,-68676,68676
0.352,0.24,-4.1638,8.3783,-1.7944e+05,-2.4477e+06,-27100,27100
0.352,0.224,-4.0051,14.351,2.4875e+05,-1.5236e+06,-820.29,820.29
0.352,0.208,-2.0697,21.101,4.7157e+05,-7.5907e+05,11506,11506
0.352,0.192,-0.27334,23.843,6.8803e+05,1.2316e+05,9076.9,9076.9
0.352,0.176,0.69144,30.694,9.3894e+05,1.1121e+06,11523,11523
0.352,0.16,0.8125,31.374,1.0992e+06,1.9906e+06,5986.2,5986.2
0.352,0.144,0.69734,29.715,1.1296e+06,2.4515e+06,2687.4,2687.4
0.352,0.128,1.336,27.775,8.8751e+05,1.9559e+06,-11439,11439
0.352,0.112,2.1507,23.117,6.5638e+05,1.1912e+06,-27708,27708
0.352,0.096,1.4806,22.878,4.4354e+05,1.3164e+05,-31449,31449
0.352,0.08,1.5191,21.743,3.2895e+05,-5.0957e+05,-15743,15743
0.352,0.064,0.65523,17.364,-5123.9,-8.8593e+05,-104.23,104.23
0.352,0.048,-2.7936,17.956,-1.3255e+05,-7.2423e+05,10028,10028
0.352,0.032,-4.2765,18.998,-1.569e+05,-2.4911e+05,3501,3501
0.352,0.016,-3.5024,13.236,0,0,653.81,653.81
0.368,0.496,0.8911,33.139,0,0,-92.952,92.952
0.368,0.48,0.25998,32.097,0,0,-1045.3,1045.3
0.368,0.464,0.43788,31.04,NaN,NaN,-476.39,476.39
0.368,0.448,-1.9459,31.595,NaN,NaN,-56033,56033
0.368,0.432,-0.93572,26.331,-3.7245e+05,-1.7985e+06,-75294,75294
0.368,0.416,-0.53233,20.612,-6.153e+05,-2.9902e+06,-80547,80547
0.368,0.4,-2.7761,17.051,-6.4801e+05,-3.2733e+06,-5803.8,5803.8
0.368,0.384,-3.4064,16.134,-6.9304e+05,-3.5575e+06,74800,74800
0.368,0.368,-2.2189,16.695,-6.1307e+05,-3.1768e+06,1.5307e+05,1.5307e+05
0.368,0.352,-1.8869,16.531,-5.0772e+05,-2.7277e+06,1.511e+05,1.511e+05
0.368,0.336,-2.6319,17.731,-4.6709e+05,-2.4745e+06,1.2894e+05,1.2894e+05
0.368,0.32,-4.4406,15.853,-5.2608e+05,-2.551e+06,94306,94306
0.368,0.304,-5.5282,14.794,-8.5957e+05,-3.2023e+06,67589,67589
0.368,0.288,-8.2286,11.54,-1.1465e+06,-3.7116e+06,41256,41256
0.368,0.272,-9.3435,11.126,-1.3442e+06,-3.9428e+06,36870,36870
0.368,0.256,-8.519,8.9526,-8.7452e+05,-3.0757e+06,30711,30711
0.368,0.24,-4.3472,7.5339,-1.4514e+05,-1.971e+06,34969,34969
0.368,0.224,-0.59048,11.018,6.0552e+05,-1.1062e+06,29419,29419
0.368,0.208,-0.67609,12.495,9.1335e+05,-5.182e+05,37738,37738
0.368,0.192,-0.4005,16.582,8.6963e+05,1.1238e+05,28752,28752
0.368,0.176,-1.3748,17.84,7.9094e+05,9.2017e+05,26551,26551
0.368,0.16,-0.89039,18.504,7.853e+05,1.5732e+06,23151,23151
0.368,0.144,-0.039559,20.234,8.0409e+05,2.0573e+06,29377,29377
0.368,0.128,-1.0099,22.966,6.532e+05,1.8838e+06,18857,18857
0.368,0.112,-0.9432,20.141,5.3132e+05,1.3784e+06,-1851.8,1851.8
0.368,0.096,1.9913,16.679,4.4271e+05,3.8456e+05,-19133,19133
0.368,0.08,2.6503,12.771,3.8142e+05,-5.2865e+05,-18032,18032
0.368,0.064,0.20312,10.432,-31455,-1.1267e+06,-8000.3,8000.3
0.368,0.048,-1.03,10.814,-1.8054e+05,-9.4791e+05,1414.2,1414.2
0.368,0.032,-2.1977,10.016,-2.1404e+05,-3.7231e+05,285.38,285.38
0.368,0.016,-5.6944,6.457,0,0,-359.19,359.19
0.384,0.496,-0.85057,15.196,0,0,-245.9,245.9
0.384,0.48,-0.10628,11.274,0,0,-2267,2267
0.384,0.464,0.77762,12.833,-3.0928e+05,-8.0343e+05,-2009.7,2009.7
0.384,0.448,0.23372,15.355,-4.5002e+05,-7.6679e+05,-32673,32673
0.384,0.432,-1.7756,15.23,-4.8348e+05,-1.3174e+06,-13104,13104
0.384,0.416,-1.9322,16.136,-5.9656e+05,-2.1721e+06,2515.4,2515.4
0.384,0.4,-2.1961,15.555,-5.8066e+05,-2.6258e+06,58273,58273
0.384,0.384,-2.8564,9.8951,-5.2434e+05,-2.7083e+06,93001,93001
0.384,0.368,-3.6437,8.7508,-3.3677e+05,-2.2695e+06,1.3339e+05,1.3339e+05
0.384,0.352,-3.1071,10.457,-1.7789e+05,-1.784e+06,1.5049e+05,1.5049e+05
0.384,0.336,-2.7195,11.377,-1.9554e+05,-1.7277e+06,1.4994e+05,1.4994e+05
0.384,0.32,-5.1408,10.128,-2.8659e+05,-1.9179e+06,1.3367e+05,1.3367e+05
0.384,0.304,-5.8287,10.635,-5.9856e+05,-2.4416e+06,1.2976e+05,1.2976e+05
0.384,0.288,-7.5418,11.76,-8.4435e+05,-2.7217e+06,1.2125e+05,1.2125e+05
0.384,0.272,-8.0447,13.336,-9.9032e+05,-2.7023e+06,1.2539e+05,1.2539e+05
0.384,0.256,-8.1471,14.947,-5.5315e+05,-1.8013e+06,88179,88179
0.384,0.24,-6.2136,12.611,2.043e+05,-9.0382e+05,57955,57955
0.384,0.224,-2.0746,9.8382,8.4574e+05,-5.3014e+05,24968,24968
0.384,0.208,0.078129,8.2337,1.0239e+06,-4.4992e+05,27806,27806
0.384,0.192,-1.0956,9.3658,7.8279e+05,-2.405e+05,22555,22555
0.384,0.176,-1.7249,9.5362,5.2918e+05,3.7034e+05,22663,22663
0.384,0.16,-0.8111,13.262,3.9797e+05,8.6677e+05,25232,25232
0.384,0.144,0.30687,15.553,3.5861e+05,1.3544e+06,35931,35931
0.384,0.128,0.089471,14.215,3.2009e+05,1.4368e+06,30405,30405
0.384,0.112,0.39111,15.256,3.8428e+05,1.3669e+06,12414,12414
0.384,0.096,1.6998,14.81,4.6168e+05,7.5441e+05,-9833,9833
0.384,0.08,3.039,11.771,3.7924e+05,-89278,-17456,17456
0.384,0.064,2.0421,8.2556,-78863,-8.4621e+05,-15393,15393
0.384,0.048,-0.038886,8.2493,-2.4669e+05,-8.1509e+05,-6181.9,6181.9
0.384,0.032,-1.9661,7.8764,-2.4693e+05,-3.5447e+05,-2881.3,2881.3
0.384,0.016,-3.3521,5.487,0,0,-304.24,304.24
0.4,0.496,2.6205,14.801,0,0,-509.33,509.33
0.4,0.48,3.2342,12.638,0,0,-3567.8,3567.8
0.4,0.464,3.2162,11.233,-11918,-3.7334e+05,-3619,3619
0.4,0.448,1.9674,9.5942,-1.9856e+05,-4.5608e+05,2888.2,2888.2
0.4,0.432,-1.4844,7.9709,-2.8581e+05,-1.0177e+06,22782,22782
0.4,0.416,-3.5642,6.828,-3.9893e+05,-1.2957e+06,40977,40977
0.4,0.4,-3.2533,9.249,-3.4939e+05,-1.5902e+06,62444,62444
0.4,0.384,-3.5253,9.4219,-2.2784e+05,-1.4217e+06,77709,77709
0.4,0.368,-3.5409,8.0566,-34599,-1.2003e+06,1.0356e+05,1.0356e+05
0.4,0.352,-2.7046,5.3249,73847,-8.4292e+05,1.23e+05,1.23e+05
0.4,0.336,-3.3505,4.9684,5.3132,-8.1495e+05,1.3709e+05,1.3709e+05
0.4,0.32,-3.9244,4.2381,-1.0021e+05,-9.7177e+05,1.3385e+05,1.3385e+05
0.4,0.304,-3.9544,4.1845,-2.9058e+05,-1.218e+06,1.4302e+05,1.4302e+05
0.4,0.288,-6.0196,8.909,-4.4033e+05,-1.5298e+06,1.5829e+05,1.5829e+05
0.4,0.272,-7.8157,8.4258,-5.6208e+05,-1.5762e+06,1.7951e+05,1.7951e+05
0.4,0.256,-3.7124,10.752,-7.1603e+05,-1.6438e+06,1.4463e+05,1.4463e+05
0.4,0.24,-2.6285,14.205,-3.6758e+05,-1.0813e+06,91930,91930
0.4,0.224,-5.7324,10.525,-2.8952e+05,-1.5443e+06,35441,35441
0.4,0.208,-2.1975,7.3102,2.6599e+05,-1.2563e+06,24253,24253
0.4,0.192,-0.6864,3.8788,3.3441e+05,-1.1156e+06,25032,25032
0.4,0.176,-0.77829,3.4849,1.0156e+06,-93113,35912,35912
0.4,0.16,-1.1934,6.7788,1.0641e+06,4.0328e+05,46721,46721
0.4,0.144,0.071103,8.6837,1.098e+06,6.3231e+05,55157,55157
0.4,0.128,0.5292,13.036,8.7412e+05,5.5127e+05,47895,47895
0.4,0.112,1.7302,14.917,8.9307e+05,5.6281e+05,27663,27663
0.4,0.096,2.2448,15.541,8.0302e+05,5.0458e+05,2703.5,2703.5
0.4,0.08,2.7216,13.896,3.7536e+05,1.2965e+05,-13225,13225
0.4,0.064,0.6445,9.8293,-1.9207e+05,-4.8399e+05,-16064,16064
0.4,0.048,-2.9916,7.7615,-3.1666e+05,-6.5385e+05,-9561.1,9561.1
0.4,0.032,-5.5351,7.5794,-2.607e+05,-3.3235e+05,-2536.5,2536.5
0.4,0.016,-1.615,4.8836,0,0,-666.62,666.62
0.416,0.496,3.5945,11.722,0,0,-805.65,805.65
0.416,0.48,4.7805,11.567,1.0487e+05,51175,-4228.5,4228.5
0.416,0.464,5.2514,9.006,4.5286e+05,-15098,-5375.6,5375.6
0.416,0.448,4.0024,4.559,1.8711e+05,-1.5019e+05,-3570,3570
0.416,0.432,0.16249,1.8098,-4810.8,-5.4142e+05,8827.6,8827.6
0.416,0.416,-3.8333,1.1377,-2.6039e+05,-7.3634e+05,25128,25128
0.416,0.4,-3.8754,6.7921,-2.443e+05,-8.9014e+05,44210,44210
0.416,0.384,-4.0949,4.966,-1.2157e+05,-6.8815e+05,61351,61351
0.416,0.368,-1.1263,6.844,1.2782e+05,-5.2373e+05,77546,77546
0.416,0.352,-0.12533,5.4858,4.1216e+05,-2.002e+05,95568,95568
0.416,0.336,-0.28003,6.0696,4.6726e+05,-84517,1.0873e+05,1.0873e+05
0.416,0.32,-0.91687,6.4311,3.2333e+05,-1.3923e+05,1.119e+05,1.119e+05
0.416,0.304,-2.1432,5.8637,18085,-3.2904e+05,1.254e+05,1.254e+05
0.416,0.288,-3.986,6.167,-1.2437e+05,-6.9767e+05,1.4286e+05,1.4286e+05
0.416,0.272,-8.5138,4.3738,-2.2589e+05,-8.6022e+05,1.647e+05,1.647e+05
0.416,0.256,-11.066,5.9447,-1.6174e+06,-1.0637e+06,1.4219e+05,1.4219e+05
0.416,0.24,-18.546,4.8262,-2.5233e+06,-1.5334e+06,1.0332e+05,1.0332e+05
0.416,0.224,-9.885,14.801,-3.5112e+06,-2.9667e+06,46946,46946
0.416,0.208,-13.984,0.61306,-2.0401e+06,-2.4547e+06,17695,17695
0.416,0.192,-2.0597,6.165,-14550,-1.4237e+06,19619,19619
0.416,0.176,-1.001,6.1715,2.8169e+06,3.0779e+05,51333,51333
0.416,0.16,1.6587,8.7988,4.0087e+06,3.4326e+05,87494,87494
0.416,0.144,0.77703,10.843,3.6461e+06,5.1859e+05,89092,89092
0.416,0.128,1.3053,12.819,2.7665e+06,8.6097e+05,66030,66030
0.416,0.112,3.2103,15.426,1.9806e+06,1.0604e+06,34266,34266
0.416,0.096,3.5356,17.175,1.3422e+06,1.0066e+06,8366.5,8366.5
0.416,0.08,1.9528,16.063,3.3364e+05,4.4415e+05,-2837.8,2837.8
0.416,0.064,0.44274,12.042,-3.3469e+05,-3.4169e+05,-9755.8,9755.8
0.416,0.048,-1.8071,8.2907,-3.8518e+05,-5.7172e+05,-5169.3,5169.3
0.416,0.032,-2.8219,8.0691,-2.4352e+05,-3.7254e+05,-2439.8,2439.8
0.416,0.016,-3.112,4.5815,0,0,-95.934,95.934
0.432,0.496,1.5368,6.6478,25880,-1719.7,-819.93,819.93
0.432,0.48,1.6387,5.9241,1.0952e+05,26158,-3848.5,3848.5
0.432,0.464,2.6766,4.1887,3.8982e+05,1.0724e+05,-5120,5120
0.432,0.448,6.1423,3.2123,2.6352e+05,49738,-3485.5,3485.5
0.432,0.432,1.919,0.72451,1.6649e+05,-2.7766e+05,5115.8,5115.8
0.432,0.416,-2.4259,1.4517,-89930,-4.6403e+05,16978,16978
0.432,0.4,-4.0494,3.3719,-39966,-5.0486e+05,37621,37621
0.432,0.384,-3.6748,5.463,-5.407e+05,-1.2011e+06,64269,64269
0.432,0.368,-4.4973,6.6028,-4.2727e+05,-1.0108e+06,88469,88469
0.432,0.352,-0.55883,5.6386,32938,-4.7713e+05,99700,99700
0.432,0.336,1.2711,8.5665,1.1311e+06,5.6669e+05,1.0313e+05,1.0313e+05
0.432,0.32,0.80678,8.4453,1.1328e+06,5.0725e+05,98946,98946
0.432,0.304,-0.54987,8.0397,5.2592e+05,-1.4412e+05,1.1382e+05,1.1382e+05
0.432,0.288,-2.5186,5.6391,-1.2693e+05,-4.0518e+05,1.3456e+05,1.3456e+05
0.432,0.272,-3.6766,2.8796,-3.7512e+05,-7.0573e+05,1.5701e+05,1.5701e+05
0.432,0.256,-11.417,5.8156,-2.0039e+06,-1.1028e+06,1.4128e+05,1.4128e+05
0.432,0.24,-52.024,8.9365,-5.1014e+06,-1.3053e+06,1.1202e+05,1.1202e+05
0.432,0.224,-43.365,9.0734,-7.9577e+06,-2.3927e+06,63753,63753
0.432,0.208,-39.62,5.2347,-6.5004e+06,-2.4257e+06,25279,25279
0.432,0.192,-9.7053,26.729,-2.9889e+06,-2.6064e+06,25650,25650
0.432,0.176,-1.5995,11.33,2.9415e+06,-1.436e+06,72125,72125
0.432,0.16,0.16463,12.415,5.6691e+06,-2.8911e+05,1.2596e+05,1.2596e+05
0.432,0.144,0.94169,11.447,5.7043e+06,4.5483e+05,1.2592e+05,1.2592e+05
0.432,0.128,2.3363,10.892,3.4076e+06,7.9306e+05,86120,86120
0.432,0.112,4.3914,12.332,2.0771e+06,7.4445e+05,44094,44094
0.432,0.096,3.2975,14.259,1.339e+06,7.9815e+05,18188,18188
0.432,0.08,0.77837,13.633,2.4266e+05,4.5558e+05,8293.1,8293.1
0.432,0.064,0.58009,10.592,-4.6729e+05,-1.6986e+05,2503,2503
0.432,0.048,-0.87143,7.9314,-4.522e+05,-3.902e+05,662.1,662.1
0.432,0.032,-4.9157,14.839,-2.4803e+05,-2.8767e+05,-765.68,765.68
0.432,0.016,-7.0522,15.634,0,0,-419.11,419.11
0.448,0.496,-0.42912,2.9981,16683,-6782.1,-507.26,507.26
0.448,0.48,0.4303,2.6995,70900,995.57,-2483,2483
0.448,0.464,0.63655,2.1922,2.7676e+05,1.7927e+05,-3025.5,3025.5
0.448,0.448,-0.14278,0.52706,96610,-3.7068e+05,-1654.2,1654.2
0.448,0.432,-1.3684,-0.42554,-88295,-1.0939e+06,5006.5,5006.5
0.448,0.416,-3.0144,-1.8767,-2.9014e+05,-1.3681e+06,15110,15110
0.448,0.4,-4.9668,0.88922,-2.6233e+05,-1.0925e+06,38326,38326
0.448,0.384,-1.5335,4.9163,-1.1299e+06,-2.0803e+06,69909,69909
0.448,0.368,-26.95,-14.19,-1.5924e+06,-1.9936e+06,1.0611e+05,1.0611e+05
0.448,0.352,-7.4375,6.6986,-1.0542e+06,-8.9296e+05,1.2335e+05,1.2335e+05
0.448,0.336,0.6471,9.7356,1.0477e+06,1.5741e+06,1.2651e+05,1.2651e+05
0.448,0.32,1.8314,5.7753,7.7983e+05,8.2254e+05,1.1623e+05,1.1623e+05
0.448,0.304,0.98773,6.8885,2.6551e+05,-2.5469e+05,1.2886e+05,1.2886e+05
0.448,0.288,-10.608,2.5893,-3.0882e+06,-4.0433e+05,1.535e+05,1.535e+05
0.448,0.272,-5.5735,7.5463,-4.4339e+06,1.2858e+06,1.7784e+05,1.7784e+05
0.448,0.256,-8.2584,7.7172,-6.4106e+06,1.8239e+06,1.5994e+05,1.5994e+05
0.448,0.24,-85.503,24.006,-8.7639e+06,6.3114e+05,1.3104e+05,1.3104e+05
0.448,0.224,-79.31,22.499,-1.1439e+07,-1.8286e+06,75779,75779
0.448,0.208,-69.713,15.533,-9.3836e+06,-3.5204e+06,22802,22802
0.448,0.192,-42.138,0.44465,-5.4321e+06,-4.8552e+06,20224,20224
0.448,0.176,-17.451,-11.538,1.0221e+06,-3.5316e+06,78217,78217
0.448,0.16,0.83091,8.1942,4.6558e+06,-1.5749e+06,1.3963e+05,1.3963e+05
0.448,0.144,0.90708,6.8023,5.4813e+06,5.9446e+05,1.3003e+05,1.3003e+05
0.448,0.128,1.4088,6.6869,2.6803e+06,1.0144e+06,75627,75627
0.448,0.112,3.0748,6.3701,1.4518e+06,1.1507e+06,35511,35511
0.448,0.096,3.7785,7.5489,8.806e+05,1.0822e+06,17328,17328
0.448,0.08,1.1403,8.0137,1.3735e+05,6.1838e+05,13952,13952
0.448,0.064,-0.33206,7.0924,-2.7557e+05,7.6064e+05,11232,11232
0.448,0.048,-1.7339,10.714,-2.5964e+05,6.0527e+05,7710.9,7710.9
0.448,0.032,-0.22647,47.766,-1.0817e+05,5.8002e+05,2989.2,2989.2
0.448,0.016,-19.845,48.347,0,0,1235.9,1235.9
0.464,0.496,-2.1739,0.77212,12429,-10286,-98.746,98.746
0.464,0.48,-1.134,1.6271,17007,-15662,-1164.1,1164.1
0.464,0.464,-0.76994,0.84113,47409,88709,-1318,1318
0.464,0.448,-1.6687,-1.221,-1.0109e+05,-3.8163e+05,-356.95,356.95
0.464,0.432,-5.8344,-17.423,-1.4903e+05,-9.1167e+05,5264.6,5264.6
0.464,0.416,-7.8636,-20.286,-4.0466e+05,-1.5391e+06,14105,14105
0.464,0.4,-3.8841,-0.12307,-6.5345e+05,-2.2528e+06,36130,36130
0.464,0.384,-8.559,-7.7821,-2.3236e+06,-5.1628e+06,67100,67100
0.464,0.368,-20.739,-5.9945,-3.6308e+06,-6.0455e+06,1.0447e+05,1.0447e+05
0.464,0.352,-21.544,46.596,-4.7232e+06,-4.7697e+06,1.2669e+05,1.2669e+05
0.464,0.336,-6.0414,18.651,-3.7331e+06,-9.7452e+05,1.3183e+05,1.3183e+05
0.464,0.32,0.98155,15.052,-3.2828e+06,-4.1492e+05,1.1897e+05,1.1897e+05
0.464,0.304,-34.547,17.731,-2.3005e+06,-9.8307e+05,1.2397e+05,1.2397e+05
0.464,0.288,-114.14,69.513,-4.9059e+06,-5.527e+05,1.3948e+05,1.3948e+05
0.464,0.272,-80.639,31.697,-6.9749e+06,2.4742e+06,1.5408e+05,1.5408e+05
0.464,0.256,-78.241,42.853,-8.5097e+06,3.5541e+06,1.313e+05,1.313e+05
0.464,0.24,-85.625,12.416,-1.1162e+07,1.3759e+06,95463,95463
0.464,0.224,-153.76,189.24,-1.4097e+07,16546,41894,41894
0.464,0.208,-177.02,-233.11,-1.1982e+07,-3.5839e+06,3840.8,3840.8
0.464,0.192,-45.725,-7.8857,-8.4209e+06,-7.8112e+06,13762,13762
0.464,0.176,-35.152,-11.575,-1.0996e+06,-6.0513e+06,79634,79634
0.464,0.16,0.13144,2.891,1.6682e+06,-3.2135e+06,1.1925e+05,1.1925e+05
0.464,0.144,-1.0574,2.1945,3.8011e+06,3.31e+05,1.0425e+05,1.0425e+05
0.464,0.128,-0.83229,2.6939,8.1416e+05,2.8362e+05,50144,50144
0.464,0.112,-1.3331,1.0345,2.5887e+05,3.128e+05,23517,23517
0.464,0.096,0.57693,4.3645,1.6769e+05,3.7381e+05,14326,14326
0.464,0.08,0.8037,4.3385,1.1591e+05,-1.4874e+05,12969,12969
0.464,0.064,0.65467,6.2667,-94038,4.1824e+05,13584,13584
0.464,0.048,-2.6509,37.482,-83084,2.8429e+05,8753.4,8753.4
0.464,0.032,-58.2,205.61,-75121,8.084e+05,4111.1,4111.1
0.464,0.016,-103.34,575.61,0,0,1237.9,1237.9
0.48,0.496,-1.295,0.45649,-7699.9,-8948.1,66.282,66.282
0.48,0.48,-1.3529,0.49905,-9397.8,-10356,-357.71,357.71
0.48,0.464,-0.74581,1.6757,23167,99775,-441.62,441.62
0.48,0.448,-0.17081,0.41827,-89800,-3.7225e+05,-652.54,652.54
0.48,0.432,-0.53462,-0.55271,-1.4683e+05,-7.8975e+05,1989.3,1989.3
0.48,0.416,-0.93006,-0.35406,-3.8252e+05,-1.3601e+06,6529.2,6529.2
0.48,0.4,-9.5844,-12.072,-7.0164e+05,-2.1225e+06,18582,18582
0.48,0.384,-15.966,-28.106,-1.7928e+06,-4.1875e+06,28193,28193
0.48,0.368,-31.882,-31.314,-3.0275e+06,-5.156e+06,46608,46608
0.48,0.352,-45.458,-6.5601,-4.3259e+06,-4.1159e+06,74408,74408
0.48,0.336,-74.097,-23.405,-4.3856e+06,-1.2317e+06,95690,95690
0.48,0.32,-73.905,-7.2729,-4.1919e+06,-6.3757e+05,97157,97157
0.48,0.304,-196.18,92.62,-2.9819e+06,-5.4521e+05,89935,89935
0.48,0.288,-161.79,156.21,-4.7159e+06,-1.7775e+05,89465,89465
0.48,0.272,-262,-15.811,-6.5581e+06,2.8109e+06,92106,92106
0.48,0.256,-184.49,64.801,-6.5581e+06,2.8109e+06,82917,82917
0.48,0.24,-434.69,408.08,-5.5945e+06,2.4773e+05,59815,59815
0.48,0.224,-58.808,-2.3416,-2.939e+06,-1.7077e+06,24763,24763
0.48,0.208,-157.41,-37.465,-4.1927e+06,-3.1356e+06,-770.81,770.81
0.48,0.192,-98.276,-28.364,-4.0597e+06,-5.6242e+06,18893,18893
0.48,0.176,-42.885,-18.17,-1.2388e+06,-3.9997e+06,72447,72447
0.48,0.16,-6.4642,7.2936,12151,-2.6918e+06,88513,88513
0.48,0.144,1.009,0.79858,1.7069e+06,57577,64019,64019
0.48,0.128,1.1223,0.61198,58671,-1.7174e+05,19222,19222
0.48,0.112,0.1829,1.472,7931.8,30054,5825.1,5825.1
0.48,0.096,1.588,0.54005,2668,1.1101e+05,3520.3,3520.3
0.48,0.08,1.0613,1.5569,1.3035e+05,-2.9581e+05,5535.5,5535.5
0.48,0.064,0.94519,-0.53159,1.7221e+05,3.9228e+05,7650.7,7650.7
0.48,0.048,-19.337,125.19,1.6538e+05,3.2044e+05,6535,6535
0.48,0.032,40.89,216.59,70005,8.1759e+05,3797.9,3797.9
0.48,0.016,-193.83,278.8,0,0,1327.6,1327.6
0.496,0.496,-1.7195,-0.14828,-2400.3,-4257.1,31.75,31.75
0.496,0.48,-1.5562,-0.14772,593.27,6197.6,-157.07,157.07
0.496,0.464,-1.3694,2.2087,5321.1,5614.2,-503.28,503.28
0.496,0.448,4.4388,-1.0258,36071,74946,-1020.8,1020.8
0.496,0.432,-1.6495,-0.95309,1.1536e+05,2.3246e+05,-258.5,258.5
0.496,0.416,-2.5653,-0.28149,-1.0528e+05,-1.8228e+05,1339.6,1339.6
0.496,0.4,-101.23,-402.74,-4.0545e+05,-1.1926e+06,4118.4,4118.4
0.496,0.384,-21.802,-37.191,-1.2136e+06,-3.1246e+06,4753.7,4753.7
0.496,0.368,-1.0982,2.2446,-1.9678e+06,-4.0513e+06,6507.3,6507.3
0.496,0.352,1.0067,2.9823,-3.369e+06,-3.6736e+06,23249,23249
0.496,0.336,-273.14,-69.298,-4.3667e+06,-2.2507e+06,39856,39856
0.496,0.32,37.983,199.42,-3.8212e+06,-1.0222e+06,46538,46538
0.496,0.304,-107.61,-73.104,-2.216e+06,-4.3858e+05,37742,37742
0.496,0.288,-0.53005,0.25358,0,0,27429,27429
0.496,0.272,-23.71,15.811,0,0,21216,21216
0.496,0.256,-53.08,-131.61,0,0,15119,15119
0.496,0.24,-21.33,19.443,-1.6794e+06,-9.7583e+05,5034.1,5034.1
0.496,0.224,-8.6919,38.597,-1.6794e+06,-9.7583e+05,-5306.3,5306.3
0.496,0.208,0.98322,2.794,-1.6794e+06,-9.7583e+05,-4610.3,4610.3
0.496,0.192,-64.888,-11.23,-1.1977e+06,-1.9014e+06,15886,15886
0.496,0.176,-70.068,-47.788,-1.418e+05,-1.6784e+06,46973,46973
0.496,0.16,-26.386,-7.4169,-12876,-1.5549e+06,47297,47297
0.496,0.144,-5.4105,3.5831,9.3401e+05,-78066,29940,29940
0.496,0.128,-0.73133,0.87744,1.1849e+05,-55587,5631.6,5631.6
0.496,0.112,-0.20766,1.877,21849,34240,169.47,169.47
0.496,0.096,0.53063,-2.2369,1344.2,51957,220.99,220.99
0.496,0.08,1.7018,0.38861,82428,-4.7444e+05,1270.2,1270.2
0.496,0.064,0.93209,-1.2319,74132,-5.639e+05,2427,2427
0.496,0.048,-24.913,158.92,79976,-5.8159e+05,1945.7,1945.7
0.496,0.032,28.52,506.45,0,0,974.57,974.57
0.496,0.016,-45.088,266.46,0,0,136.7,136.7
