0.016,0.496,1.0914,-0.0093374,-1026.1,3586.7,-24.657,24.657
0.016,0.48,3.3847,0.020898,-1574.2,554.61,-7.2552,7.2552
0.016,0.464,3.2188,-0.074781,-5027.5,1448.3,100.76,100.76
0.016,0.448,-0.64145,0.040236,-3521.7,-2697.9,-110.45,110.45
0.016,0.432,1.3543,0.58835,-18200,-5082,-3553.4,3553.4
0.016,0.416,4.912,0.84754,-29618,-13215,-7971.4,7971.4
0.016,0.4,2.9745,-0.54995,-33860,-14238,-6439.5,6439.5
0.016,0.384,4.2655,-0.0014444,-62462,-34028,-2367.5,2367.5
0.016,0.368,4.8581,-1.3611,-1.1035e+05,-1.8364e+05,2330.5,2330.5
0.016,0.352,2.6843,0.19743,-1.2582e+05,-1.9097e+05,2511.2,2511.2
0.016,0.336,4.7627,0.57503,-1.2723e+05,-81559,3969.4,3969.4
0.016,0.32,3.0818,0.075892,-1.6822e+05,1.0497e+05,5303,5303
0.016,0.304,-0.26218,0.71428,-2.1313e+05,2.0065e+05,9456.9,9456.9
0.016,0.288,-0.30335,0.89665,-2.3046e+05,2.149e+05,12471,12471
0.016,0.272,-1.0048,1.5897,-1.7208e+05,2.2227e+05,14268,14268
0.016,0.256,-2.2621,3.8523,-75101,1.2828e+05,9814.3,9814.3
0.016,0.24,-1.9849,3.5393,-10996,18933,6149.4,6149.4
0.016,0.224,-1.3835,2.8653,66439,-58255,4272.8,4272.8
0.016,0.208,-1.0188,2.0465,24340,-13343,8393.6,8393.6
0.016,0.192,-0.76861,1.3782,17221,-9277.7,12617,12617
0.016,0.176,-2.6924,-1.1275,-11653,18930,19612,19612
0.016,0.16,-1.5377,-0.96782,5882.7,-253.86,20025,20025
0.016,0.144,-0.90836,0.34088,5557,5730.6,14802,14802
0.016,0.128,2.5896,-2.3011,-2272.8,2669,6059,6059
0.016,0.112,5.5347,-0.81073,2121.5,4175,267.24,267.24
0.016,0.096,1.5696,-2.7058,4170.8,17715,1183.2,1183.2
0.016,0.08,1.7085,1.1945,9674.5,17392,2895.4,2895.4
0.016,0.064,1.014,0.49531,9722.3,16933,4198.5,4198.5
0.016,0.048,0.18694,-0.02658,10399,2040.6,3222.7,3222.7
0.016,0.032,1.9237,-0.065199,4208.3,733.65,1681.5,1681.5
0.016,0.016,3.272,-6.6785,0,0,327.96,327.96
0.032,0.496,1.376,0.90113,6347.2,5042.3,-413.07,413.07
0.032,0.48,-0.057044,0.05568,-2366.8,-4787.9,-435.87,435.87
0.032,0.464,-0.03873,-0.52885,-8944.2,-13393,-304.72,304.72
0.032,0.448,-0.14178,0.29403,-18439,-26080,86.684,86.684
0.032,0.432,-0.29996,0.2643,8632.1,-5582.5,-2759.3,2759.3
0.032,0.416,-0.41794,-0.40258,36496,35825,-5205.3,5205.3
0.032,0.4,-0.43517,0.11074,1.0886e+05,12706,-2609.8,2609.8
0.032,0.384,39.882,38.498,1.0298e+05,-67241,1917.5,1917.5
0.032,0.368,2.8965,6.1575,-6.0939e+05,-77686,4570.6,4570.6
0.032,0.352,0.5967,1.7823,-8.8962e+05,-2.172e+05,2108.1,2108.1
0.032,0.336,0.34238,3.5767,-1.0678e+06,-70650,1733,1733
0.032,0.32,-0.77405,5.9566,-6.2223e+05,75331,3858.1,3858.1
0.032,0.304,-1.9178,4.6969,-4.6581e+05,3.8249e+05,9048.5,9048.5
0.032,0.288,-1.9954,4.906,-4.9321e+05,5.2692e+05,10692,10692
0.032,0.272,-3.085,5.5776,-4.0785e+05,4.3831e+05,8836.5,8836.5
0.032,0.256,-3.1052,4.8359,-2.4716e+05,2.7239e+05,3486.9,3486.9
0.032,0.24,-1.4967,2.9533,-23704,23194,1236.1,1236.1
0.032,0.224,-0.47553,2.0439,91162,-87743,1293.7,1293.7
0.032,0.208,1.3411,0.96889,54427,-42386,1257.2,1257.2
0.032,0.192,0.36656,2.3633,18800,-34815,319.42,319.42
0.032,0.176,-0.72826,1.5086,-8265.4,-3524.8,-461.24,461.24
0.032,0.16,-0.53129,0.87225,2492.4,-12745,-960.46,960.46
0.032,0.144,-0.19768,0.35336,-15995,-9895.4,-1143.3,1143.3
0.032,0.128,-0.11247,-0.30444,-43828,-9268,-1063.4,1063.4
0.032,0.112,0.091264,-0.094229,-58861,-66883,-592.74,592.74
0.032,0.096,0.00013292,-0.47755,-46063,-42377,5.4971,5.4971
0.032,0.08,-0.15191,0.98636,-19249,-41383,400.58,400.58
0.032,0.064,0.45835,0.75446,4826.5,22575,464.42,464.42
0.032,0.048,0.7483,0.29062,15157,6266.3,351.66,351.66
0.032,0.032,0.14258,2.0357,9354.4,3400.6,132.31,132.31
0.032,0.016,0.14883,-5.5644,0,0,-99.577,99.577
0.048,0.496,1.3833,1.4905,15772,-37148,-253.91,253.91
0.048,0.48,-0.093993,0.14204,-5200.2,-64171,267.36,267.36
0.048,0.464,-0.85467,-1.0832,-6400.3,-86744,965.29,965.29
0.048,0.448,-0.44962,-0.65754,-19024,-51682,1848.3,1848.3
0.048,0.432,-0.39822,0.32028,57302,28456,2783.1,2783.1
0.048,0.416,2.5046,4.1085,1.5707e+06,-1.2227e+06,5070.6,5070.6
0.048,0.4,2.8265,6.2249,1.7668e+06,-1.4287e+06,13980,13980
0.048,0.384,7.0171,7,1.6763e+06,-1.5246e+06,14827,14827
0.048,0.368,6.1255,7.9813,-8.667e+05,48628,13670,13670
0.048,0.352,2.6289,9.6838,-1.21e+06,75075,4638.9,4638.9
0.048,0.336,-0.10688,8.1621,-2.2367e+06,-3.1227e+05,3731.3,3731.3
0.048,0.32,-1.6656,8.9817,-1.8595e+06,-1.7095e+05,4210.6,4210.6
0.048,0.304,-2.6797,9.148,-1.6965e+06,1.5692e+05,8394.2,8394.2
0.048,0.288,-3.271,8.1239,-9.5201e+05,8.9234e+05,9577.3,9577.3
0.048,0.272,-5.3754,7.7702,-6.9162e+05,7.2286e+05,7650.2,7650.2
0.048,0.256,-4.1695,5.7751,-3.4981e+05,3.6986e+05,3248.2,3248.2
0.048,0.24,-3.1562,4.1306,8361.7,45555,1285.2,1285.2
0.048,0.224,-0.80672,2.6138,1.4974e+05,-77839,1457.4,1457.4
0.048,0.208,-0.93833,1.9764,74344,-19442,1096.9,1096.9
0.048,0.192,-0.29062,1.5265,37078,-46281,38.713,38.713
0.048,0.176,-0.61628,1.7814,4411.7,4304.1,-809.14,809.14
0.048,0.16,-0.86133,1.4756,14587,-25160,-2021.1,2021.1
0.048,0.144,-0.45075,0.79776,-19366,2808,-2827.8,2827.8
0.048,0.128,-1.7794,-0.82453,-37323,-18994,-3056.2,3056.2
0.048,0.112,-1.7213,-0.48623,-51657,-65210,-2113.2,2113.2
0.048,0.096,-1.3589,-2.34,-31132,-42890,-696.88,696.88
0.048,0.08,-1.0621,0.4727,-7431.4,-39074,229.16,229.16
0.048,0.064,-0.50321,0.64545,5915,27347,680.17,680.17
0.048,0.048,0.27533,0.092665,5758.3,12251,585.63,585.63
0.048,0.032,0.66061,4.7403,1873.5,6475,247.82,247.82
0.048,0.016,0.33508,-6.8901,0,0,7.2179,7.2179
0.064,0.496,0.9333,2.3675,18898,-45827,167.75,167.75
0.064,0.48,1.8387,0.63967,1316.5,-1.3321e+05,1336.2,1336.2
0.064,0.464,0.0236,0.14104,-29192,-1.787e+05,2521.3,2521.3
0.064,0.448,0.87741,1.6649,71265,-2.7889e+05,4660.3,4660.3
0.064,0.432,1.1182,3.5625,2.6611e+05,-2.3591e+05,10459,10459
0.064,0.416,2.464,7.6174,1.6047e+06,-1.5522e+06,20886,20886
0.064,0.4,67.606,-11.337,1.1955e+06,-1.4723e+06,37584,37584
0.064,0.384,6.4315,10.547,8.612e+05,-1.3135e+06,36347,36347
0.064,0.368,1.0685,9.541,-1.2315e+06,6.9315e+05,26001,26001
0.064,0.352,-2.8946,10.916,-1.45e+06,1.2062e+06,8710.2,8710.2
0.064,0.336,-4.348,11.807,-2.4379e+06,9.0363e+05,3617.1,3617.1
0.064,0.32,-6.0593,11.737,-2.4141e+06,7.9904e+05,2479.8,2479.8
0.064,0.304,-5.905,12.288,-2.3282e+06,8.3075e+05,2072.2,2072.2
0.064,0.288,-5.9946,12.161,-1.5909e+06,1.3816e+06,2089.5,2089.5
0.064,0.272,-6.3159,10.283,-8.8331e+05,9.5111e+05,-11.071,11.071
0.064,0.256,-4.2846,8.5995,-3.5272e+05,4.7335e+05,-747.76,747.76
0.064,0.24,-3.0041,7.8669,1.1951e+05,1.0341e+05,-1192.6,1192.6
0.064,0.224,-2.7329,5.6899,1.3043e+05,-10127,8.7471,8.7471
0.064,0.208,-2.2743,4.0638,-18987,39478,-1921.5,1921.5
0.064,0.192,-1.4386,3.7042,-1.0709e+05,20043,-3969.1,3969.1
0.064,0.176,0.11726,2.0436,-1.0166e+05,42020,-4675.9,4675.9
0.064,0.16,-0.71516,3.0266,-33220,12778,-5167.7,5167.7
0.064,0.144,-0.49568,2.0727,-26936,3413.3,-5092,5092
0.064,0.128,0.35352,-0.25409,-18276,-28020,-4295.6,4295.6
0.064,0.112,-0.23166,0.12741,-64640,-66492,-2747.9,2747.9
0.064,0.096,-0.27231,0.61032,-55190,-38508,-984.51,984.51
0.064,0.08,0.48119,1.1233,-38831,-30208,-20.978,20.978
0.064,0.064,-0.61137,0.41388,-29650,30504,398.92,398.92
0.064,0.048,-1.0698,0.071282,-23827,28889,470.54,470.54
0.064,0.032,-0.62072,1.5078,-15507,28709,180.63,180.63
0.064,0.016,0.15611,-7.037,0,0,80.881,80.881
0.08,0.496,1.0833,5.7805,12118,-54245,548.44,548.44
0.08,0.48,2.941,3.7783,2944.1,-1.6961e+05,2011.6,2011.6
0.08,0.464,0.95602,5.4529,-39657,-2.5921e+05,4094.2,4094.2
0.08,0.448,0.70344,5.1106,3.2418e+05,-6.731e+05,9168.4,9168.4
0.08,0.432,6.9641,6.473,6.1768e+05,-8.0757e+05,23944,23944
0.08,0.416,7.597,7.7606,1.9536e+06,-2.1971e+06,42672,42672
0.08,0.4,5.1224,9.5512,1.4364e+06,-1.9139e+06,60023,60023
0.08,0.384,3.6783,12.393,9.409e+05,-1.2942e+06,51084,51084
0.08,0.368,2.3124,16.564,-7.5305e+05,1.0814e+06,32660,32660
0.08,0.352,-3.127,19.675,-9.3087e+05,2.1924e+06,7746.9,7746.9
0.08,0.336,-3.9621,21.461,-1.9269e+06,1.8955e+06,-3603.7,3603.7
0.08,0.32,-4.1746,20.633,-2.4698e+06,1.5266e+06,-12156,12156
0.08,0.304,-4.8731,19.57,-2.5602e+06,1.0981e+06,-15954,15954
0.08,0.288,-5.3488,20.095,-1.758e+06,1.3873e+06,-14080,14080
0.08,0.272,-5.5301,17.824,-9.1529e+05,9.5139e+05,-9903.4,9903.4
0.08,0.256,-4.1087,13.948,-2.8108e+05,3.2206e+05,-2769.2,2769.2
0.08,0.24,-3.3907,12.082,1.9336e+05,-1.3176e+05,280.83,280.83
0.08,0.224,-4.4435,9.2815,2.2074e+05,-2.9271e+05,1806,1806
0.08,0.208,-4.2559,6.2263,90411,-2.5823e+05,-972.8,972.8
0.08,0.192,-4.6438,6.0851,45579,-2.4773e+05,-3915.1,3915.1
0.08,0.176,-3.2083,4.5957,1370.8,-2.3542e+05,-4995.5,4995.5
0.08,0.16,-2.144,2.9516,64190,-2.765e+05,-5399.2,5399.2
0.08,0.144,-0.67317,3.8608,24387,-1.9351e+05,-4791.7,4791.7
0.08,0.128,-0.37618,1.8708,1.4889e+05,-2.1477e+05,-3942.7,3942.7
0.08,0.112,0.023963,-0.56047,68260,-1.4097e+05,-2132.1,2132.1
0.08,0.096,-0.45357,1.8063,65792,-1.211e+05,-866.69,866.69
0.08,0.08,-0.78934,1.6428,-46532,-15404,-243.31,243.31
0.08,0.064,-0.42754,0.63774,-71528,65513,138.45,138.45
0.08,0.048,-1.1012,2.0435,-58944,59137,518.86,518.86
0.08,0.032,0.27192,1.66,-40649,62858,458.62,458.62
0.08,0.016,-0.096275,-0.30391,0,0,314.52,314.52
0.096,0.496,0.44042,9.7183,0,0,398.46,398.46
0.096,0.48,0.92288,9.3427,10791,-1.208e+05,2564.3,2564.3
0.096,0.464,3.2931,9.6941,1.7416e+05,-1.3065e+06,8996.8,8996.8
0.096,0.448,35.917,18.394,7.0286e+05,-1.9315e+06,12159,12159
0.096,0.432,6.9432,9.6387,9.1217e+05,-2.0538e+06,24904,24904
0.096,0.416,6.5584,10.736,6.3056e+05,-1.7346e+06,36055,36055
0.096,0.4,5.4777,13.442,30157,-1.0328e+06,49897,49897
0.096,0.384,5.9034,16.635,-5.0631e+05,-1285.1,35346,35346
0.096,0.368,1.6049,21.13,-6.8642e+05,1.085e+06,9670.7,9670.7
0.096,0.352,-3.1226,22.787,-9.2819e+05,1.9477e+06,-20960,20960
0.096,0.336,-4.8196,22.342,-1.1775e+06,1.9117e+06,-35658,35658
0.096,0.32,-4.6287,20.104,-1.5482e+06,1.2499e+06,-42238,42238
0.096,0.304,-4.6547,16.826,-1.5401e+06,6.6362e+05,-37968,37968
0.096,0.288,-4.186,20.082,-1.4208e+06,4.2828e+05,-26358,26358
0.096,0.272,-4.2373,21.204,-7.0312e+05,2.9203e+05,-11932,11932
0.096,0.256,-4.0257,18.159,-1.3823e+05,1.5975e+05,72.22,72.22
0.096,0.24,-3.2489,16.014,3.0177e+05,-19439,6011.6,6011.6
0.096,0.224,-3.6358,13.917,2.9805e+05,-2.1735e+05,7104.1,7104.1
0.096,0.208,-2.5402,12.232,1.7131e+05,-3.827e+05,401.96,401.96
0.096,0.192,-0.39977,10.702,68040,-5.2398e+05,-4701.4,4701.4
0.096,0.176,-0.22376,9.1743,7324.4,-5.045e+05,-6920.2,6920.2
0.096,0.16,-0.23763,4.2486,-14562,-4.7539e+05,-4967.7,4967.7
0.096,0.144,1.1823,5.5071,-1.1716e+05,-3.1301e+05,-3773.5,3773.5
0.096,0.128,-0.6035,4.9687,1310.5,-2.658e+05,-1231.1,1231.1
0.096,0.112,2.1291,2.9023,65827,-2.2989e+05,1449.9,1449.9
0.096,0.096,0.86378,1.4832,1.9307e+05,-3.0876e+05,2374.3,2374.3
0.096,0.08,-0.75864,2.284,76772,-2.3601e+05,1236.2,1236.2
0.096,0.064,-1.5031,1.2778,-28445,-85265,36.251,36.251
0.096,0.048,-1.7101,2.7901,-70426,-16773,-86.775,86.775
0.096,0.032,-0.0301,2.0787,-48049,44288,-177.24,177.24
0.096,0.016,0.14318,1.2373,0,0,164.81,164.81
0.112,0.496,0.065388,13.615,0,0,10.508,10.508
0.112,0.48,0.2436,14.382,0,0,5161.2,5161.2
0.112,0.464,3.3454,13.867,7.4364e+05,-3.2837e+06,16666,16666
0.112,0.448,3.4492,7.2486,1.1454e+06,-3.1732e+06,24769,24769
0.112,0.432,5.6579,8.4252,9.5186e+05,-2.6269e+06,31376,31376
0.112,0.416,3.9568,11.085,7.1571e+05,-2.0253e+06,30116,30116
0.112,0.4,0.90347,12.873,4.1081e+05,-1.3318e+06,28158,28158
0.112,0.384,1.2861,15.213,52098,-3.9306e+05,4189.5,4189.5
0.112,0.368,1.5419,16.989,-4.0762e+05,2.0502e+05,-23274,23274
0.112,0.352,-2.7096,14.153,-8.5212e+05,4.0668e+05,-53110,53110
0.112,0.336,-4.1716,11.266,-1.0535e+06,86057,-60712,60712
0.112,0.32,-3.32,11.756,-8.2639e+05,-3.3718e+05,-58952,58952
0.112,0.304,-5.1331,8.3208,-5.9374e+05,-4.2528e+05,-43286,43286
0.112,0.288,-7.0156,9.4034,-4.0951e+05,-3.0602e+05,-23807,23807
0.112,0.272,-5.3096,16.011,-2.3255e+05,-75802,-4025,4025
0.112,0.256,-3.862,17.783,39565,2.4997e+05,9018.2,9018.2
0.112,0.24,-2.5442,18.685,3.0712e+05,4.1331e+05,15953,15953
0.112,0.224,-2.5056,18.106,3.9234e+05,3.0386e+05,15406,15406
0.112,0.208,-2.9432,13.792,3.4233e+05,-1.6041e+05,6517.6,6517.6
0.112,0.192,-2.3454,11.537,2.3786e+05,-5.6437e+05,-1068.8,1068.8
0.112,0.176,-1.6933,12.752,92085,-7.027e+05,-5124.9,5124.9
0.112,0.16,-2.0278,9.1411,-43047,-6.6115e+05,-3300.1,3300.1
0.112,0.144,-3.214,6.9538,-1.9449e+05,-4e+05,-2933.5,2933.5
0.112,0.128,-3.6654,7.5029,-72619,-3.1217e+05,572.69,572.69
0.112,0.112,-1.4802,6.0596,96052,-3.302e+05,4631.7,4631.7
0.112,0.096,0.2971,5.2562,3.1741e+05,-5.8723e+05,6637.8,6637.8
0.112,0.08,1.4479,4.7872,2.8176e+05,-6.0138e+05,3160.4,3160.4
0.112,0.064,0.66197,3.7496,2.125e+05,-6.1839e+05,454.9,454.9
0.112,0.048,-0.0409,2.7502,1.026e+05,-4.2572e+05,1383.8,1383.8
0.112,0.032,-0.10962,3.7054,48328,-2.4279e+05,1633.8,1633.8
0.112,0.016,1.5726,-3.0483,0,0,2316.3,2316.3
0.128,0.496,0.7216,19.684,0,0,0,0
0.128,0.48,0.2663,21.059,0,0,5503.7,5503.7
0.128,0.464,0.9323,21.961,7.4364e+05,-3.2837e+06,19864,19864
0.128,0.448,0.50759,18.455,9.7132e+05,-3.5538e+06,12745,12745
0.128,0.432,1.2763,16.421,7.3081e+05,-2.8549e+06,14130,14130
0.128,0.416,0.8702,15.252,2.6681e+05,-2.0532e+06,1423.9,1423.9
0.128,0.4,-0.13867,13.974,-1.0991e+05,-1.3634e+06,5851.7,5851.7
0.128,0.384,-0.28175,12.468,-5.1087e+05,-6.5803e+05,-28684,28684
0.128,0.368,-2.0387,9.5065,-9.1822e+05,-5.0918e+05,-62141,62141
0.128,0.352,-4.5126,5.7351,-1.1362e+06,-8.3442e+05,-91469,91469
0.128,0.336,-5.5063,3.6799,-9.2762e+05,-1.2049e+06,-85007,85007
0.128,0.32,-4.196,4.7243,-3.4619e+05,-1.1964e+06,-63320,63320
0.128,0.304,-2.1772,5.2835,58160,-8.2007e+05,-36147,36147
0.128,0.288,-0.63888,5.5269,2.0923e+05,-4.9267e+05,-16974,16974
0.128,0.272,-1.8562,9.1376,1.7983e+05,-91755,5566,5566
0.128,0.256,-2.8743,11.616,2.6056e+05,4.7321e+05,21637,21637
0.128,0.24,-0.55676,15.049,3.3537e+05,8.2006e+05,37236,37236
0.128,0.224,0.047612,15.672,3.3521e+05,8.0347e+05,33231,33231
0.128,0.208,-1.2933,13.724,2.5257e+05,4.0349e+05,16667,16667
0.128,0.192,-2.2112,12.626,1.0532e+05,26718,2039.4,2039.4
0.128,0.176,-1.6071,13.937,-25640,-36621,-3145.9,3145.9
0.128,0.16,-1.2886,13.37,-1.8883e+05,1.26e+05,548.8,548.8
0.128,0.144,-3.0603,13.511,-3.0766e+05,4.2898e+05,2548.4,2548.4
0.128,0.128,-3.4875,14.699,-3.4836e+05,4.9264e+05,9980.9,9980.9
0.128,0.112,-2.1232,11.694,-1.2274e+05,3.079e+05,14999,14999
0.128,0.096,-1.3558,8.2075,1.1122e+05,-89211,15471,15471
0.128,0.08,-0.5844,7.6575,2.9364e+05,-5.4561e+05,5926.2,5926.2
0.128,0.064,0.48486,9.4622,3.1931e+05,-1.0156e+06,783.4,783.4
0.128,0.048,2.6995,4.6398,2.2121e+05,-9.2322e+05,1330.2,1330.2
0.128,0.032,3.2177,5.6307,1.3025e+05,-5.4397e+05,2441.8,2441.8
0.128,0.016,1.0084,6.4865,0,0,2628.9,2628.9
0.144,0.496,-0.039202,25.945,0,0,0,0
0.144,0.48,0.29672,27.315,0,0,4699.7,4699.7
0.144,0.464,0.33596,30.164,NaN,NaN,16737,16737
0.144,0.448,1.6374,30.139,NaN,NaN,12540,12540
0.144,0.432,2.4919,25.375,1.2922e+05,-1.7562e+06,16997,16997
0.144,0.416,0.94079,20.941,-2.1516e+05,-1.8261e+06,12715,12715
0.144,0.4,-2.0521,17.312,-3.8717e+05,-1.7737e+06,15008,15008
0.144,0.384,-3.497,14.221,-7.0054e+05,-1.5216e+06,-28515,28515
0.144,0.368,-5.6653,11.463,-1.0606e+06,-1.4353e+06,-72384,72384
0.144,0.352,-7.0228,8.6048,-1.1261e+06,-1.4616e+06,-97358,97358
0.144,0.336,-6.7974,5.9246,-6.813e+05,-1.3231e+06,-75754,75754
0.144,0.32,-3.8428,4.3764,-1608.7,-1.0598e+06,-42251,42251
0.144,0.304,-1.0412,5.0879,4.213e+05,-7.1657e+05,-12172,12172
0.144,0.288,-0.9872,6.0641,4.7194e+05,-6.6612e+05,250.99,250.99
0.144,0.272,-0.57745,8.8503,3.227e+05,-5.0684e+05,11821,11821
0.144,0.256,1.1472,10.563,2.3507e+05,-1.3284e+05,25340,25340
0.144,0.24,1.7268,11.306,1.6207e+05,2.0706e+05,48370,48370
0.144,0.224,1.7101,11.903,1.2938e+05,4.5259e+05,49915,49915
0.144,0.208,1.0712,13.337,44022,4.1935e+05,29881,29881
0.144,0.192,-0.012603,14.955,-73691,3.6819e+05,7176.4,7176.4
0.144,0.176,0.041347,16.105,-2.1647e+05,4.4653e+05,2579.1,2579.1
0.144,0.16,0.29771,18.295,-2.9252e+05,7.8962e+05,7686.3,7686.3
0.144,0.144,-0.72655,21.198,-3.1654e+05,1.3116e+06,12573,12573
0.144,0.128,-2.1544,23.073,-3.7822e+05,1.5856e+06,26759,26759
0.144,0.112,-2.3826,21.35,-3.8409e+05,1.5296e+06,35563,35563
0.144,0.096,-2.1066,19.464,-3.7174e+05,1.2988e+06,38388,38388
0.144,0.08,-2.6696,20.034,-1.8459e+05,7.7219e+05,24660,24660
0.144,0.064,-0.37805,15.629,44684,-2894.6,13641,13641
0.144,0.048,0.18116,12.892,1.3667e+05,-4.3458e+05,8928.9,8928.9
0.144,0.032,0.25733,12.914,1.2631e+05,-3.9817e+05,5182.3,5182.3
0.144,0.016,0.97996,8.0039,0,0,3736.6,3736.6
0.16,0.496,1.5102,27.21,0,0,0,0
0.16,0.48,-1.1665,26.229,0,0,0,0
0.16,0.464,-0.83503,25.352,NaN,NaN,0,0
0.16,0.448,0.17572,23.575,NaN,NaN,-35361,35361
0.16,0.432,0.050205,19.571,-38143,-2.0138e+06,-5787.7,5787.7
0.16,0.416,-2.1581,19.557,-2.405e+05,-1.6818e+06,3488,3488
0.16,0.4,-2.8954,17.782,-2.8285e+05,-1.6636e+06,21359,21359
0.16,0.384,-3.3534,16.392,-4.5051e+05,-1.3935e+06,-24584,24584
0.16,0.368,-3.7444,16.87,-6.1855e+05,-1.1075e+06,-65036,65036
0.16,0.352,-4.5029,19.305,-6.7213e+05,-7.2315e+05,-85885,85885
0.16,0.336,-2.9531,18.449,-3.6586e+05,-3.0035e+05,-52822,52822
0.16,0.32,-1.6984,13.69,1.2222e+05,-3.0231e+05,-25042,25042
0.16,0.304,0.055073,10.015,4.5165e+05,-6.3921e+05,-957.52,957.52
0.16,0.288,1.1911,9.9575,5.672e+05,-1.3976e+06,10273,10273
0.16,0.272,2.5984,11.001,4.6924e+05,-1.778e+06,28066,28066
0.16,0.256,3.3933,11.554,3.2002e+05,-1.6708e+06,38801,38801
0.16,0.24,2.7346,10.799,71326,-1.1909e+06,60935,60935
0.16,0.224,2.5006,11.199,-82160,-6.3561e+05,57458,57458
0.16,0.208,3.0461,12.986,-1.5518e+05,-1.443e+05,37483,37483
0.16,0.192,2.8095,13.802,-2.0241e+05,2.5295e+05,11755,11755
0.16,0.176,1.9238,14.113,-3.3481e+05,7.3067e+05,9277.1,9277.1
0.16,0.16,0.7923,17.782,-4.336e+05,1.3615e+06,17889,17889
0.16,0.144,-0.039818,22.995,-4.8911e+05,2.1548e+06,26691,26691
0.16,0.128,-0.84026,27.87,-6.0401e+05,2.7145e+06,45795,45795
0.16,0.112,-2.3506,28.848,-7.4572e+05,2.9264e+06,57191,57191
0.16,0.096,-3.2645,28.084,-8.8331e+05,2.9266e+06,64800,64800
0.16,0.08,-2.8033,31.739,-8.0139e+05,2.3622e+06,52693,52693
0.16,0.064,-1.8739,28.328,-5.7344e+05,1.5471e+06,38862,38862
0.16,0.048,-0.98981,25.145,-2.7148e+05,5.3541e+05,22481,22481
0.16,0.032,-1.8658,21.333,-72052,1.2715e+05,8971,8971
0.16,0.016,-1.1284,12.201,0,0,2715.1,2715.1
0.176,0.496,-1.8151,23.419,0,0,0,0
0.176,0.48,-3.2094,23.343,0,0,0,0
0.176,0.464,-3.933,21.118,NaN,NaN,0,0
0.176,0.448,-3.2564,18.173,NaN,NaN,10261,10261
0.176,0.432,-2.3242,13.168,-38143,-2.0138e+06,27095,27095
0.176,0.416,-1.3641,14.269,-1.9068e+05,-1.7495e+06,37968,37968
0.176,0.4,-0.95956,18.421,-1.4269e+05,-1.7931e+06,48904,48904
0.176,0.384,0.671,20.005,-1.7146e+05,-1.6776e+06,8513.9,8513.9
0.176,0.368,-0.2184,20.731,-2.1415e+05,-1.3135e+06,-45198,45198
0.176,0.352,-0.39452,26.503,-2.1518e+05,-6.6299e+05,-58926,58926
0.176,0.336,0.35753,28.465,46761,2.1564e+05,-34344,34344
0.176,0.32,2.4502,25.017,3.9428e+05,15330,-10948,10948
0.176,0.304,2.7338,21.442,5.9923e+05,-7.7101e+05,-1480.1,1480.1
0.176,0.288,3.7497,17.65,7.5585e+05,-2.3027e+06,13725,13725
0.176,0.272,5.3337,15.665,7.3257e+05,-3.2731e+06,40757,40757
0.176,0.256,5.1587,12.386,5.7229e+05,-3.4054e+06,56210,56210
0.176,0.24,3.7765,9.7,2.8249e+05,-2.7669e+06,69181,69181
0.176,0.224,2.8159,10.347,1.1951e+05,-2.0194e+06,61659,61659
0.176,0.208,4.1666,11.523,-11251,-1.2961e+06,36769,36769
0.176,0.192,3.8572,11.398,-1.5501e+05,-6.0341e+05,14499,14499
0.176,0.176,2.9439,12.701,-3.6397e+05,1.5919e+05,14706,14706
0.176,0.16,1.7331,16.796,-5.0596e+05,1.0309e+06,26206,26206
0.176,0.144,-0.43121,22.919,-5.73e+05,2.0906e+06,26288,26288
0.176,0.128,-1.3345,28.513,-7.0594e+05,3.1927e+06,45752,45752
0.176,0.112,-2.6563,31.056,-9.3755e+05,3.9176e+06,57004,57004
0.176,0.096,-3.4013,33.053,-1.1963e+06,4.1724e+06,87027,87027
0.176,0.08,-3.2673,32.195,-1.3109e+06,3.7561e+06,87150,87150
0.176,0.064,-2.8549,29.013,-1.1958e+06,3.0054e+06,76062,76062
0.176,0.048,-3.8276,28.395,-7.3361e+05,1.6275e+06,45724,45724
0.176,0.032,-5.1377,26.852,-3.1715e+05,6.7291e+05,16831,16831
0.176,0.016,-4.6255,21.069,0,0,4508.4,4508.4
0.192,0.496,-0.60506,25.588,0,0,0,0
0.192,0.48,-1.7951,24.55,0,0,0,0
0.192,0.464,-0.79428,21.419,NaN,NaN,0,0
0.192,0.448,1.5219,18.458,NaN,NaN,7418.7,7418.7
0.192,0.432,3.1011,18.191,-38143,-2.0138e+06,24613,24613
0.192,0.416,0.94865,20.062,-5724.8,-1.5495e+06,34496,34496
0.192,0.4,0.51876,21.874,1.702e+05,-1.285e+06,49818,49818
0.192,0.384,0.72318,24.791,3.7223e+05,-7.5669e+05,16627,16627
0.192,0.368,0.8329,27.064,4.8526e+05,-1.9618e+05,-32386,32386
0.192,0.352,0.53169,31.992,4.9262e+05,4.1285e+05,-60138,60138
0.192,0.336,0.47039,33.727,4.7133e+05,1.1508e+06,-43313,43313
0.192,0.32,2.1998,32.281,5.7234e+05,6.5531e+05,-37783,37783
0.192,0.304,4.0453,30.123,6.1467e+05,-2.6526e+05,-16093,16093
0.192,0.288,4.9445,24.749,7.5905e+05,-1.8056e+06,9985.7,9985.7
0.192,0.272,5.8979,19.634,8.5099e+05,-3.3066e+06,63493,63493
0.192,0.256,5.5021,14.579,8.1969e+05,-4.0315e+06,89327,89327
0.192,0.24,4.4323,11.57,6.3449e+05,-3.8125e+06,96452,96452
0.192,0.224,4.6135,10.918,4.8868e+05,-3.1623e+06,73549,73549
0.192,0.208,4.8926,11.982,4.0995e+05,-2.4994e+06,44148,44148
0.192,0.192,3.6264,12.775,2.7071e+05,-1.7273e+06,24214,24214
0.192,0.176,2.5359,15.441,1.2458e+05,-8.3231e+05,27153,27153
0.192,0.16,2.4386,23.807,-59667,2.1463e+05,29538,29538
0.192,0.144,0.4358,29.434,-2.6572e+05,1.3576e+06,26495,26495
0.192,0.128,-1.2099,34,-6.3473e+05,2.8001e+06,42357,42357
0.192,0.112,-3.4822,37.751,-1.0278e+06,4.2989e+06,65660,65660
0.192,0.096,-4.8837,37.347,-1.3955e+06,5.1279e+06,1.0865e+05,1.0865e+05
0.192,0.08,-4.7068,32.122,-1.6382e+06,5.0138e+06,1.2357e+05,1.2357e+05
0.192,0.064,-4.751,28.984,-1.7654e+06,4.3045e+06,1.1504e+05,1.1504e+05
0.192,0.048,-6.2097,28.845,-1.1884e+06,2.585e+06,73360,73360
0.192,0.032,-7.7129,28.749,-5.8929e+05,1.2208e+06,28930,28930
0.192,0.016,-6.4566,24.352,0,0,6966.9,6966.9
0.208,0.496,-1.5596,29.576,0,0,0,0
0.208,0.48,-2.0709,25.261,0,0,0,0
0.208,0.464,-1.8196,25.658,NaN,NaN,0,0
0.208,0.448,-1.0791,28.748,NaN,NaN,43516,43516
0.208,0.432,-0.97861,28.038,NaN,NaN,61794,61794
0.208,0.416,0.0096235,26.875,NaN,NaN,66860,66860
0.208,0.4,0.21236,28.23,NaN,NaN,74622,74622
0.208,0.384,0.21428,31.583,NaN,NaN,49297,49297
0.208,0.368,-1.4521,34.595,NaN,NaN,-24600,24600
0.208,0.352,-0.95484,38.03,NaN,NaN,-67242,67242
0.208,0.336,-0.43915,39.597,8.8669e+05,1.6196e+06,-71183,71183
0.208,0.32,0.45414,37.172,6.2053e+05,5.8114e+05,-67211,67211
0.208,0.304,1.5962,34.173,5.725e+05,68697,-36042,36042
0.208,0.288,1.7616,31.27,5.3913e+05,-9.394e+05,2302.8,2302.8
0.208,0.272,1.8743,26.032,6.1667e+05,-2.3249e+06,68085,68085
0.208,0.256,3.2409,21.53,6.5706e+05,-3.2887e+06,1.0654e+05,1.0654e+05
0.208,0.24,3.381,20.31,6.8645e+05,-3.5327e+06,1.2028e+05,1.2028e+05
0.208,0.224,3.4438,19.922,6.9887e+05,-3.1816e+06,96775,96775
0.208,0.208,3.0469,20.183,7.5638e+05,-2.7663e+06,64814,64814
0.208,0.192,4.0638,24.078,6.8301e+05,-2.0712e+06,48168,48168
0.208,0.176,2.6318,29.497,6.0047e+05,-1.1905e+06,45913,45913
0.208,0.16,3.7389,38.614,4.1437e+05,-1.837e+05,42582,42582
0.208,0.144,2.9336,40.436,1.8963e+05,7.9413e+05,42097,42097
0.208,0.128,-0.97952,40.711,-2.8363e+05,2.2698e+06,71982,71982
0.208,0.112,-6.3205,42.593,-8.5646e+05,4.0995e+06,1.0754e+05,1.0754e+05
0.208,0.096,-10.984,44.371,-1.4141e+06,5.6542e+06,1.5116e+05,1.5116e+05
0.208,0.08,-10.724,43.532,-1.8341e+06,6.3716e+06,1.6526e+05,1.6526e+05
0.208,0.064,-10.229,41.944,-2.1308e+06,6.2721e+06,1.4932e+05,1.4932e+05
0.208,0.048,-8.5008,41.998,-1.4968e+06,4.1014e+06,98473,98473
0.208,0.032,-8.6288,40.407,-7.8827e+05,1.9838e+06,42840,42840
0.208,0.016,-9.6458,40.426,0,0,10624,10624
0.224,0.496,-1.3767,37.691,0,0,0,0
0.224,0.48,-1.7883,37.507,0,0,0,0
0.224,0.464,-1.5187,38.183,NaN,NaN,0,0
0.224,0.448,-0.67061,36.754,NaN,NaN,NaN,NaN
0.224,0.432,-0.068534,37.944,NaN,NaN,NaN,NaN
0.224,0.416,-0.39343,39.382,NaN,NaN,NaN,NaN
0.224,0.4,-0.59344,40.741,NaN,NaN,NaN,NaN
0.224,0.384,0.16921,40.64,NaN,NaN,NaN,NaN
0.224,0.368,-0.53907,42.476,NaN,NaN,NaN,NaN
0.224,0.352,-1.2161,44.2,NaN,NaN,-1.6956e+05,1.6956e+05
0.224,0.336,-1.1936,44.337,NaN,NaN,-18556,18556
0.224,0.32,-0.78831,41.79,3.4723e+05,4.6655e+05,-52976,52976
0.224,0.304,-0.86063,38.938,2.9351e+05,2.9432e+05,-8711.7,8711.7
0.224,0.288,-0.82283,38.237,1.8675e+05,-1.7728e+05,3154,3154
0.224,0.272,-0.52046,34.035,2.004e+05,-1.1543e+06,71987,71987
0.224,0.256,0.59729,30.346,2.4222e+05,-1.7752e+06,1.0573e+05,1.0573e+05
0.224,0.24,0.42989,33.034,3.7765e+05,-2.1963e+06,1.2597e+05,1.2597e+05
0.224,0.224,2.2229,35.632,5.0612e+05,-2.0486e+06,1.1156e+05,1.1156e+05
0.224,0.208,4.3906,36.324,7.421e+05,-1.889e+06,92576,92576
0.224,0.192,5.6943,39.299,8.5048e+05,-1.4639e+06,81074,81074
0.224,0.176,5.1313,43.113,8.7299e+05,-8.1736e+05,78509,78509
0.224,0.16,4.3949,45.575,6.6617e+05,-14537,78785,78785
0.224,0.144,2.5254,46.226,3.9063e+05,8.0393e+05,97866,97866
0.224,0.128,1.4749,47.135,-86368,2.0515e+06,1.4628e+05,1.4628e+05
0.224,0.112,-2.6276,49.485,-6.6977e+05,3.9528e+06,1.9179e+05,1.9179e+05
0.224,0.096,-7.9319,51.406,-1.2735e+06,5.9027e+06,2.1421e+05,2.1421e+05
0.224,0.08,-13.8,55.677,-1.8224e+06,7.4058e+06,2.1077e+05,2.1077e+05
0.224,0.064,-17.184,53.52,-2.3079e+06,7.9939e+06,1.781e+05,1.781e+05
0.224,0.048,-16.023,53.25,-1.6873e+06,5.4902e+06,1.1914e+05,1.1914e+05
0.224,0.032,-10.932,53.309,-9.224e+05,2.7299e+06,55264,55264
0.224,0.016,-11.294,51.516,0,0,13739,13739
0.24,0.496,-0.50468,46.199,0,0,0,0
0.24,0.48,-0.13309,44.55,0,0,0,0
0.24,0.464,0.034257,44.679,NaN,NaN,0,0
0.24,0.448,0.53816,45.516,NaN,NaN,NaN,NaN
0.24,0.432,0.99235,45.206,NaN,NaN,NaN,NaN
0.24,0.416,1.6759,44.617,NaN,NaN,NaN,NaN
0.24,0.4,1.0054,44.305,NaN,NaN,NaN,NaN
0.24,0.384,0.78501,44.676,NaN,NaN,NaN,NaN
0.24,0.368,-0.45454,45.217,NaN,NaN,NaN,NaN
0.24,0.352,-2.4693,46.682,NaN,NaN,NaN,NaN
0.24,0.336,-2.8828,47.569,NaN,NaN,68296,68296
0.24,0.32,-2.3496,46.904,1.5348e+05,6.0133e+05,-16392,16392
0.24,0.304,-2.5524,46.335,1.3847e+05,6.8476e+05,-4583.1,4583.1
0.24,0.288,-2.1907,44.948,2303.2,2.9725e+05,3834.3,3834.3
0.24,0.272,-1.4155,43.82,-20770,-3.6494e+05,56031,56031
0.24,0.256,-0.68317,42.85,-29857,-7.1741e+05,94097,94097
0.24,0.24,-0.26099,44.274,47774,-7.1837e+05,1.1894e+05,1.1894e+05
0.24,0.224,1.176,45.233,2.0484e+05,-4.5833e+05,1.2057e+05,1.2057e+05
0.24,0.208,3.0788,47.1,4.025e+05,-2.4452e+05,1.073e+05,1.073e+05
0.24,0.192,4.5896,49.206,5.4911e+05,-21938,98447,98447
0.24,0.176,3.9006,50.31,5.4886e+05,3.5155e+05,96697,96697
0.24,0.16,3.3226,51.298,3.6165e+05,8.3238e+05,1.2436e+05,1.2436e+05
0.24,0.144,1.3634,52.13,1.6949e+05,1.4185e+06,1.6619e+05,1.6619e+05
0.24,0.128,-0.26844,54.975,-1.3567e+05,2.3547e+06,2.3121e+05,2.3121e+05
0.24,0.112,-1.8089,57.568,-5.5707e+05,3.7623e+06,2.6914e+05,2.6914e+05
0.24,0.096,-4.602,60.022,-1.0779e+06,5.5433e+06,2.6971e+05,2.6971e+05
0.24,0.08,-7.5358,62.38,-1.6385e+06,7.3739e+06,2.389e+05,2.389e+05
0.24,0.064,-11.216,66.04,-2.088e+06,8.5272e+06,1.9059e+05,1.9059e+05
0.24,0.048,-13.673,67.163,-1.5489e+06,6.0382e+06,1.2539e+05,1.2539e+05
0.24,0.032,-15.184,66.031,-8.324e+05,3.0145e+06,61152,61152
0.24,0.016,-10.868,62.161,0,0,15343,15343
0.256,0.496,0.56507,48.805,0,0,0,0
0.256,0.48,0.11833,48.41,0,0,0,0
0.256,0.464,0.37046,48.536,NaN,NaN,0,0
0.256,0.448,0.02547,48.606,NaN,NaN,NaN,NaN
0.256,0.432,0.2845,48.325,NaN,NaN,NaN,NaN
0.256,0.416,0.35547,47.843,NaN,NaN,NaN,NaN
0.256,0.4,-0.036122,47.385,NaN,NaN,NaN,NaN
0.256,0.384,0.22852,47.422,NaN,NaN,NaN,NaN
0.256,0.368,-0.17005,47.488,NaN,NaN,NaN,NaN
0.256,0.352,-1.2088,47.082,NaN,NaN,NaN,NaN
0.256,0.336,-1.5282,47.68,NaN,NaN,2.4183e+05,2.4183e+05
0.256,0.32,-1.2568,48.904,NaN,NaN,70927,70927
0.256,0.304,-1.6119,49.861,NaN,NaN,17105,17105
0.256,0.288,-2.1576,50.342,-1.4656e+05,2.4789e+05,-3829.6,3829.6
0.256,0.272,-2.0131,51.333,-1.3756e+05,18353,39430,39430
0.256,0.256,-1.2594,52.615,-1.2601e+05,-15246,85589,85589
0.256,0.24,-0.5699,53.035,-66532,1.1223e+05,1.2195e+05,1.2195e+05
0.256,0.224,-0.80945,53.003,-13676,4.8845e+05,1.2475e+05,1.2475e+05
0.256,0.208,0.10238,53.776,61905,7.1587e+05,1.1508e+05,1.1508e+05
0.256,0.192,0.40333,53.945,74316,8.9462e+05,1.1605e+05,1.1605e+05
0.256,0.176,-0.011698,53.865,81520,1.0778e+06,1.3641e+05,1.3641e+05
0.256,0.16,0.59238,54.557,-50575,1.4031e+06,1.6927e+05,1.6927e+05
0.256,0.144,-0.27228,56.401,-1.7944e+05,1.9479e+06,2.0294e+05,2.0294e+05
0.256,0.128,-1.3644,59.766,-3.8356e+05,2.6997e+06,2.5117e+05,2.5117e+05
0.256,0.112,-2.7272,62.803,-6.0263e+05,3.787e+06,2.8809e+05,2.8809e+05
0.256,0.096,-4.3274,66.237,-9.7603e+05,5.0699e+06,2.8258e+05,2.8258e+05
0.256,0.08,-7.1936,68.903,-1.4412e+06,6.6047e+06,2.4107e+05,2.4107e+05
0.256,0.064,-9.7316,70.877,-1.8847e+06,7.7769e+06,1.8525e+05,1.8525e+05
0.256,0.048,-9.2317,74.271,-1.3978e+06,5.6084e+06,1.2034e+05,1.2034e+05
0.256,0.032,-12.342,73.271,-7.4197e+05,2.8864e+06,59160,59160
0.256,0.016,-11.132,76.987,0,0,14969,14969
0.272,0.496,0.047795,51.472,0,0,0,0
0.272,0.48,-0.89874,49.669,0,0,0,0
0.272,0.464,-0.69945,49.809,NaN,NaN,0,0
0.272,0.448,-0.75193,49.648,NaN,NaN,NaN,NaN
0.272,0.432,-0.6141,49.415,NaN,NaN,NaN,NaN
0.272,0.416,-0.65321,49.044,NaN,NaN,NaN,NaN
0.272,0.4,-0.931,49.206,NaN,NaN,NaN,NaN
0.272,0.384,-0.4889,48.764,NaN,NaN,NaN,NaN
0.272,0.368,-0.7155,48.658,NaN,NaN,NaN,NaN
0.272,0.352,-0.77591,47.684,NaN,NaN,NaN,NaN
0.272,0.336,-0.188,47.381,NaN,NaN,NaN,NaN
0.272,0.32,-0.083808,46.613,NaN,NaN,NaN,NaN
0.272,0.304,-0.69194,46.503,NaN,NaN,-46395,46395
0.272,0.288,-1.3943,47.874,3.0232e+05,-1.1068e+06,-3311,3311
0.272,0.272,-1.7586,49.044,2.4444e+05,-9.6919e+05,33583,33583
0.272,0.256,-1.9446,52.132,2.4705e+05,-8.0278e+05,96765,96765
0.272,0.24,-2.0457,53.781,78248,-1.0332e+05,1.3785e+05,1.3785e+05
0.272,0.224,-2.4349,54.505,-64625,5.5696e+05,1.3942e+05,1.3942e+05
0.272,0.208,-2.0473,56.007,-1.3739e+05,8.991e+05,1.285e+05,1.285e+05
0.272,0.192,-2.062,55.945,-1.8444e+05,1.1144e+06,1.3771e+05,1.3771e+05
0.272,0.176,-2.073,55.503,-1.9159e+05,1.3084e+06,1.7392e+05,1.7392e+05
0.272,0.16,-1.9877,57.127,-2.3548e+05,1.5948e+06,2.0257e+05,2.0257e+05
0.272,0.144,-2.2855,59.511,-2.4557e+05,2.0067e+06,2.086e+05,2.086e+05
0.272,0.128,-2.0184,61.382,-3.5614e+05,2.5504e+06,2.2103e+05,2.2103e+05
0.272,0.112,-3.0782,63.826,-5.1029e+05,3.3128e+06,2.4505e+05,2.4505e+05
0.272,0.096,-3.7333,69.013,-7.9645e+05,4.2664e+06,2.4517e+05,2.4517e+05
0.272,0.08,-6.2444,71.784,-1.1448e+06,5.4755e+06,2.126e+05,2.126e+05
0.272,0.064,-8.001,74.084,-1.5055e+06,6.5701e+06,1.6076e+05,1.6076e+05
0.272,0.048,-9.9005,76.76,-1.133e+06,4.7908e+06,1.0406e+05,1.0406e+05
0.272,0.032,-10.524,78.287,-6.098e+05,2.5191e+06,50638,50638
0.272,0.016,-8.7492,80.287,0,0,13007,13007
0.288,0.496,-1.7548,50.561,0,0,0,0
0.288,0.48,-1.9251,48.027,0,0,0,0
0.288,0.464,-1.3724,48.173,NaN,NaN,0,0
0.288,0.448,-1.6158,48.089,NaN,NaN,NaN,NaN
0.288,0.432,-2.0191,48.064,NaN,NaN,NaN,NaN
0.288,0.416,-1.3955,48.215,NaN,NaN,NaN,NaN
0.288,0.4,-0.44131,49.575,NaN,NaN,NaN,NaN
0.288,0.384,0.34591,50.155,NaN,NaN,NaN,NaN
0.288,0.368,0.6171,49.965,NaN,NaN,NaN,NaN
0.288,0.352,-0.2663,49.941,NaN,NaN,NaN,NaN
0.288,0.336,0.22546,48.794,NaN,NaN,NaN,NaN
0.288,0.32,-0.31823,46.305,NaN,NaN,NaN,NaN
0.288,0.304,-1.8173,44.742,NaN,NaN,-9576.3,9576.3
0.288,0.288,-1.0268,44.391,4.8173e+05,-8.0629e+05,22068,22068
0.288,0.272,-0.20364,43.982,4.2529e+05,-8.1085e+05,59294,59294
0.288,0.256,-0.59782,43.949,4.0603e+05,-8.0389e+05,1.1268e+05,1.1268e+05
0.288,0.24,-0.20147,45.644,3.2838e+05,-7.1953e+05,1.5228e+05,1.5228e+05
0.288,0.224,-0.79289,47.727,1.6171e+05,-2.205e+05,1.5156e+05,1.5156e+05
0.288,0.208,-1.1408,50.797,33672,2.2419e+05,1.5228e+05,1.5228e+05
0.288,0.192,-1.2277,52.556,-82787,6.0599e+05,1.6771e+05,1.6771e+05
0.288,0.176,-1.8114,54.387,-1.391e+05,9.0065e+05,2.0293e+05,2.0293e+05
0.288,0.16,-1.9959,56.675,-1.8744e+05,1.2239e+06,2.1425e+05,2.1425e+05
0.288,0.144,-1.9994,58.04,-1.7239e+05,1.5102e+06,1.9743e+05,1.9743e+05
0.288,0.128,-0.9987,58.933,-2.1895e+05,1.8162e+06,1.7271e+05,1.7271e+05
0.288,0.112,-1.5514,61.138,-3.3048e+05,2.26e+06,1.7553e+05,1.7553e+05
0.288,0.096,-2.773,64.741,-5.3536e+05,2.8699e+06,1.7141e+05,1.7141e+05
0.288,0.08,-3.0673,67.398,-7.8308e+05,3.6837e+06,1.5986e+05,1.5986e+05
0.288,0.064,-4.8093,72.377,-1.1139e+06,4.6323e+06,1.2295e+05,1.2295e+05
0.288,0.048,-7.3875,76.157,-8.6669e+05,3.4522e+06,80877,80877
0.288,0.032,-8.0449,79.361,-5.0492e+05,1.9108e+06,38066,38066
0.288,0.016,-8.9142,78.308,0,0,9925.4,9925.4
0.304,0.496,-3.5683,47.606,0,0,0,0
0.304,0.48,-3.7296,45.326,0,0,0,0
0.304,0.464,-3.4327,45.614,NaN,NaN,0,0
0.304,0.448,-2.9011,45.771,NaN,NaN,NaN,NaN
0.304,0.432,-2.392,46.664,NaN,NaN,NaN,NaN
0.304,0.416,-1.2978,47.276,NaN,NaN,NaN,NaN
0.304,0.4,-0.20318,49.804,NaN,NaN,NaN,NaN
0.304,0.384,0.38008,51.253,NaN,NaN,NaN,NaN
0.304,0.368,0.12112,50.951,NaN,NaN,NaN,NaN
0.304,0.352,-0.77613,51.133,NaN,NaN,NaN,NaN
0.304,0.336,-1.2335,50.854,NaN,NaN,NaN,NaN
0.304,0.32,-1.5509,49.405,NaN,NaN,NaN,NaN
0.304,0.304,-2.3889,47.214,NaN,NaN,-2318.1,2318.1
0.304,0.288,-1.1847,46.512,4.3637e+05,-5.3265e+05,28893,28893
0.304,0.272,-0.12978,44.71,3.7881e+05,-6.0257e+05,54641,54641
0.304,0.256,0.11839,41.949,3.7071e+05,-6.9147e+05,1.0186e+05,1.0186e+05
0.304,0.24,0.61023,41.233,2.6663e+05,-8.2199e+05,1.3712e+05,1.3712e+05
0.304,0.224,0.13712,42.651,2.1367e+05,-7.7889e+05,1.457e+05,1.457e+05
0.304,0.208,-0.014299,44.437,1.6184e+05,-5.6067e+05,1.4193e+05,1.4193e+05
0.304,0.192,0.10926,45.776,1.2414e+05,-2.2986e+05,1.3959e+05,1.3959e+05
0.304,0.176,-0.99878,48.496,61593,1.224e+05,1.5536e+05,1.5536e+05
0.304,0.16,-1.2811,50.899,12076,4.733e+05,1.6563e+05,1.6563e+05
0.304,0.144,-0.17578,52.378,27491,7.8212e+05,1.5325e+05,1.5325e+05
0.304,0.128,-0.19261,53.303,26131,1.0583e+06,1.2535e+05,1.2535e+05
0.304,0.112,-0.70976,55.482,-45882,1.3112e+06,1.1193e+05,1.1193e+05
0.304,0.096,-1.1402,56.571,-1.214e+05,1.6267e+06,1.051e+05,1.051e+05
0.304,0.08,-1.4067,58.073,-2.4774e+05,2.0291e+06,1.0315e+05,1.0315e+05
0.304,0.064,-2.6402,59.539,-4.3615e+05,2.6499e+06,81426,81426
0.304,0.048,-4.4465,64.393,-3.7972e+05,2.0028e+06,54162,54162
0.304,0.032,-4.9077,66.585,-2.4359e+05,1.1531e+06,24282,24282
0.304,0.016,-4.5078,66.98,0,0,6475.1,6475.1
0.32,0.496,-3.0682,43.827,0,0,0,0
0.32,0.48,-2.0992,43.165,0,0,0,0
0.32,0.464,-1.5834,44.404,NaN,NaN,0,0
0.32,0.448,-0.90154,45.418,NaN,NaN,NaN,NaN
0.32,0.432,0.2143,46.404,NaN,NaN,NaN,NaN
0.32,0.416,1.1992,46.32,NaN,NaN,NaN,NaN
0.32,0.4,1.5688,47.699,NaN,NaN,NaN,NaN
0.32,0.384,1.6746,49.152,NaN,NaN,NaN,NaN
0.32,0.368,0.68298,48.066,NaN,NaN,NaN,NaN
0.32,0.352,-0.73386,48.033,NaN,NaN,NaN,NaN
0.32,0.336,-1.657,48.814,NaN,NaN,NaN,NaN
0.32,0.32,-1.8375,48.067,NaN,NaN,19681,19681
0.32,0.304,-1.6998,47.366,NaN,NaN,4651.3,4651.3
0.32,0.288,-1.0919,46.697,4.4282e+05,-1.4888e+05,23826,23826
0.32,0.272,-0.41771,44.669,3.9442e+05,-3.5621e+05,48565,48565
0.32,0.256,-0.25098,43.142,3.8795e+05,-5.6366e+05,91340,91340
0.32,0.24,0.69114,40.681,2.5604e+05,-9.879e+05,1.2743e+05,1.2743e+05
0.32,0.224,0.27188,38.238,2.1486e+05,-1.2646e+06,1.3267e+05,1.3267e+05
0.32,0.208,1.2232,38.211,2.0684e+05,-1.342e+06,1.1778e+05,1.1778e+05
0.32,0.192,2.0735,39.144,2.7933e+05,-1.1948e+06,93628,93628
0.32,0.176,1.2839,40.938,2.6412e+05,-8.8213e+05,85265,85265
0.32,0.16,1.267,42.633,2.1524e+05,-5.2626e+05,84519,84519
0.32,0.144,1.6495,44.984,1.6773e+05,-1.9326e+05,83736,83736
0.32,0.128,1.1143,48.257,1.4357e+05,81585,69530,69530
0.32,0.112,0.99361,49.878,1.0231e+05,2.5783e+05,61271,61271
0.32,0.096,-0.21478,50.009,86630,4.5167e+05,50891,50891
0.32,0.08,-0.54441,50.714,44948,6.6946e+05,52813,52813
0.32,0.064,-0.70228,50.741,-10049,1.1192e+06,43548,43548
0.32,0.048,-0.67993,53.14,-35050,9.19e+05,29894,29894
0.32,0.032,-1.1834,56.388,-28155,5.7832e+05,13084,13084
0.32,0.016,-1.635,56.729,0,0,3586.3,3586.3
0.336,0.496,-2.6705,40.285,0,0,0,0
0.336,0.48,-2.7125,41.053,0,0,0,0
0.336,0.464,-2.872,42.184,NaN,NaN,0,0
0.336,0.448,-3.7829,43.105,NaN,NaN,NaN,NaN
0.336,0.432,-4.8239,41.484,NaN,NaN,NaN,NaN
0.336,0.416,-3.4437,39.798,NaN,NaN,NaN,NaN
0.336,0.4,-0.80795,39.905,NaN,NaN,NaN,NaN
0.336,0.384,-0.13631,41.581,NaN,NaN,NaN,NaN
0.336,0.368,0.33823,41.56,NaN,NaN,NaN,NaN
0.336,0.352,-0.040527,42.872,NaN,NaN,NaN,NaN
0.336,0.336,-0.019672,44.483,NaN,NaN,NaN,NaN
0.336,0.32,0.15394,43.922,NaN,NaN,24399,24399
0.336,0.304,-0.14569,45.018,3.8418e+05,2.0687e+06,-1783.5,1783.5
0.336,0.288,-0.45844,44.369,2.3281e+05,9.5401e+05,11268,11268
0.336,0.272,-0.85599,42.62,2.3642e+05,4.5449e+05,34559,34559
0.336,0.256,-1.3798,41.408,2.112e+05,-1.4472e+05,88610,88610
0.336,0.24,-0.84244,38.259,78838,-8.7425e+05,1.2534e+05,1.2534e+05
0.336,0.224,-0.62943,33.716,-666.35,-1.4544e+06,1.1876e+05,1.1876e+05
0.336,0.208,0.70751,31.099,-12589,-1.8634e+06,78663,78663
0.336,0.192,1.8352,31.307,1.4665e+05,-1.9527e+06,40901,40901
0.336,0.176,3.181,32.482,2.0237e+05,-1.7203e+06,23915,23915
0.336,0.16,2.0767,35.897,2.0933e+05,-1.3185e+06,18833,18833
0.336,0.144,1.5703,37.772,2.113e+05,-9.2484e+05,9779.6,9779.6
0.336,0.128,1.5056,38.681,2.7408e+05,-6.1023e+05,11760,11760
0.336,0.112,1.2987,40.4,3.1892e+05,-4.5367e+05,10876,10876
0.336,0.096,0.93843,41.012,3.0754e+05,-2.8127e+05,13570,13570
0.336,0.08,0.23986,42.342,2.8845e+05,-60387,11521,11521
0.336,0.064,-0.0084382,44.975,2.969e+05,3.4457e+05,12957,12957
0.336,0.048,0.66489,45.113,2.1865e+05,4.0313e+05,10702,10702
0.336,0.032,0.37044,45.796,1.1832e+05,2.8585e+05,4365.6,4365.6
0.336,0.016,-0.59525,46.105,0,0,1358.1,1358.1
0.352,0.496,-2.57,33.036,0,0,0,0
0.352,0.48,-0.92074,31.798,0,0,0,0
0.352,0.464,1.0512,29.576,NaN,NaN,0,0
0.352,0.448,-0.32151,27.621,NaN,NaN,NaN,NaN
0.352,0.432,-1.0448,27.914,NaN,NaN,NaN,NaN
0.352,0.416,-1.3411,28.616,NaN,NaN,NaN,NaN
0.352,0.4,-1.2742,31.883,NaN,NaN,NaN,NaN
0.352,0.384,-0.78968,35.433,NaN,NaN,NaN,NaN
0.352,0.368,-0.49658,38.873,NaN,NaN,NaN,NaN
0.352,0.352,0.070324,42.151,NaN,NaN,NaN,NaN
0.352,0.336,1.1867,43.116,NaN,NaN,38335,38335
0.352,0.32,2.1229,41.784,NaN,NaN,30884,30884
0.352,0.304,0.97573,42.162,3.1864e+05,2.5508e+06,23599,23599
0.352,0.288,0.64127,41.64,1.3354e+05,1.7797e+06,37467,37467
0.352,0.272,-0.12263,39.402,93454,1.0419e+06,68224,68224
0.352,0.256,-1.5526,38.239,-2025.9,99588,1.1468e+05,1.1468e+05
0.352,0.24,-2.1759,35.024,-1.0123e+05,-8.0186e+05,1.3864e+05,1.3864e+05
0.352,0.224,-1.9127,31.817,-1.6974e+05,-1.4256e+06,1.2041e+05,1.2041e+05
0.352,0.208,-1.5486,29.64,-1.7405e+05,-1.9963e+06,70665,70665
0.352,0.192,-0.42003,27.921,-3616.7,-2.3097e+06,25827,25827
0.352,0.176,1.1844,28.918,1.972e+05,-2.1446e+06,6033.5,6033.5
0.352,0.16,0.6218,32.569,4.0262e+05,-1.6839e+06,-647.12,647.12
0.352,0.144,1.2292,33.597,5.3167e+05,-1.1284e+06,-14185,14185
0.352,0.128,1.7148,31.368,5.2795e+05,-1.0106e+06,-20125,20125
0.352,0.112,0.91194,29.274,3.7079e+05,-1.0997e+06,-27668,27668
0.352,0.096,0.13368,28.83,95010,-1.3811e+06,-24264,24264
0.352,0.08,-0.57349,29.01,-71003,-1.2719e+06,-21727,21727
0.352,0.064,0.064283,33.701,-95493,-9.1325e+05,-9435.2,9435.2
0.352,0.048,0.6717,34.568,-23367,-3.9441e+05,-2024.3,2024.3
0.352,0.032,-1.1835,36.639,5188.5,-1.0022e+05,-826.36,826.36
0.352,0.016,-0.38077,34.917,0,0,-236.72,236.72
0.368,0.496,-2.5756,24.394,0,0,0,0
0.368,0.48,-0.08375,25.377,0,0,0,0
0.368,0.464,0.56933,25.361,NaN,NaN,0,0
0.368,0.448,-0.25085,25.288,NaN,NaN,NaN,NaN
0.368,0.432,-1.3446,26.753,NaN,NaN,NaN,NaN
0.368,0.416,-1.6696,29.223,NaN,NaN,NaN,NaN
0.368,0.4,-0.97678,34.316,NaN,NaN,NaN,NaN
0.368,0.384,0.62412,38.49,NaN,NaN,NaN,NaN
0.368,0.368,0.78769,41.81,NaN,NaN,NaN,NaN
0.368,0.352,0.55077,43.828,NaN,NaN,61431,61431
0.368,0.336,1.0509,45.195,NaN,NaN,45833,45833
0.368,0.32,1.2131,43.389,-37645,3.1592e+06,39001,39001
0.368,0.304,0.69664,42.115,3900.6,2.6027e+06,41825,41825
0.368,0.288,0.32808,41.485,-92432,1.9901e+06,58461,58461
0.368,0.272,-1.0295,37.898,-1.69e+05,7.8493e+05,87353,87353
0.368,0.256,-3.3065,32.268,-3.2632e+05,-7.379e+05,1.1467e+05,1.1467e+05
0.368,0.24,-2.8143,31.103,-3.9143e+05,-1.9515e+06,1.3025e+05,1.3025e+05
0.368,0.224,-2.0086,32.335,-3.3441e+05,-2.3896e+06,1.123e+05,1.123e+05
0.368,0.208,-2.0977,32.054,-1.2995e+05,-2.4005e+06,62633,62633
0.368,0.192,-1.7214,31.347,1.7826e+05,-2.147e+06,16802,16802
0.368,0.176,0.72265,31.145,4.4827e+05,-1.6314e+06,-3347.4,3347.4
0.368,0.16,2.8177,29.776,6.721e+05,-1.0062e+06,-1542.4,1542.4
0.368,0.144,2.6702,27.803,7.0459e+05,-5.7885e+05,-16655,16655
0.368,0.128,1.768,24.218,5.3162e+05,-8.2765e+05,-28074,28074
0.368,0.112,0.72126,20.761,1.4345e+05,-1.4457e+06,-46739,46739
0.368,0.096,-1.3638,18.021,-2.2488e+05,-2.0777e+06,-45468,45468
0.368,0.08,-2.0923,14.885,-3.3457e+05,-1.9833e+06,-42679,42679
0.368,0.064,-1.1585,15.997,-2.2378e+05,-1.4922e+06,-24940,24940
0.368,0.048,-0.26973,18.716,-57413,-7.1848e+05,-11663,11663
0.368,0.032,0.33394,22.292,-482.95,-2.2973e+05,-4552.3,4552.3
0.368,0.016,-0.5678,22.415,0,0,-1080.9,1080.9
0.384,0.496,-0.74385,19.106,0,0,0,0
0.384,0.48,0.021233,22.215,0,0,0,0
0.384,0.464,-0.094972,25.314,NaN,NaN,0,0
0.384,0.448,0.22875,28.547,NaN,NaN,NaN,NaN
0.384,0.432,1.3061,31.343,NaN,NaN,NaN,NaN
0.384,0.416,0.83884,33.447,NaN,NaN,-12999,12999
0.384,0.4,0.50623,36.797,NaN,NaN,-31201,31201
0.384,0.384,1.174,40.833,NaN,NaN,-56848,56848
0.384,0.368,1.9853,43.561,NaN,NaN,-24404,24404
0.384,0.352,1.9885,44.94,NaN,NaN,22829,22829
0.384,0.336,1.4226,45.13,-4.8344e+05,2.5037e+06,51073,51073
0.384,0.32,0.83929,42.704,-4.2632e+05,1.5659e+06,39153,39153
0.384,0.304,-1.1431,39.632,-4.5398e+05,1.0245e+06,41921,41921
0.384,0.288,-2.4545,36.639,-4.991e+05,23425,54397,54397
0.384,0.272,-2.9879,31.286,-5.8703e+05,-1.2596e+06,74532,74532
0.384,0.256,-3.4199,23.576,-6.0489e+05,-2.5946e+06,92841,92841
0.384,0.24,-3.7659,17.347,-4.7445e+05,-3.1771e+06,1.1278e+05,1.1278e+05
0.384,0.224,-3.0586,16.424,-1.8572e+05,-2.8618e+06,1.0497e+05,1.0497e+05
0.384,0.208,-0.94454,18.908,2.4914e+05,-2.0095e+06,65344,65344
0.384,0.192,1.2829,21.489,6.8392e+05,-1.0726e+06,18695,18695
0.384,0.176,1.9435,23.002,1.0081e+06,-3.0378e+05,-743.69,743.69
0.384,0.16,1.4069,21.738,1.066e+06,2.0107e+05,-3254.6,3254.6
0.384,0.144,2.0419,18.76,7.7593e+05,1.6513e+05,-15164,15164
0.384,0.128,1.7021,15.159,3.2387e+05,-5.467e+05,-32129,32129
0.384,0.112,-0.15561,12.738,-2.3535e+05,-1.5211e+06,-50370,50370
0.384,0.096,-1.6358,11.038,-5.3333e+05,-2.2731e+06,-51960,51960
0.384,0.08,-2.6989,7.8295,-5.726e+05,-2.2023e+06,-47796,47796
0.384,0.064,-1.5786,7.9394,-3.684e+05,-1.7294e+06,-29004,29004
0.384,0.048,-0.32421,10.465,-1.5091e+05,-9.1185e+05,-14190,14190
0.384,0.032,-0.86062,12.031,-40710,-3.1831e+05,-4404.2,4404.2
0.384,0.016,-1.7811,9.6112,0,0,-1033.3,1033.3
0.4,0.496,0.71389,17.229,0,0,0,0
0.4,0.48,2.1848,19.788,0,0,0,0
0.4,0.464,2.8563,22.721,NaN,NaN,0,0
0.4,0.448,3.286,25.149,NaN,NaN,NaN,NaN
0.4,0.432,1.5372,26.293,NaN,NaN,-39293,39293
0.4,0.416,2.4518,27.516,NaN,NaN,-6616.6,6616.6
0.4,0.4,2.1912,28.836,18549,1.9701e+06,-4814.3,4814.3
0.4,0.384,2.8841,34.376,1.2002e+05,2.0762e+06,-1221.5,1221.5
0.4,0.368,3.5968,36.603,86510,1.9794e+06,23988,23988
0.4,0.352,2.972,38.706,1.2727e+05,1.5424e+06,44761,44761
0.4,0.336,1.5905,37.387,-2.2779e+05,8.0826e+05,53476,53476
0.4,0.32,0.029598,34.294,-4.7647e+05,-3.2573e+05,36041,36041
0.4,0.304,-2.7631,28.013,-6.9881e+05,-1.2513e+06,25834,25834
0.4,0.288,-5.4767,21.577,-7.1353e+05,-2.3638e+06,25093,25093
0.4,0.272,-5.2141,17.237,-7.4192e+05,-3.5531e+06,37671,37671
0.4,0.256,-4.1983,15.268,-5.4881e+05,-4.0065e+06,62246,62246
0.4,0.24,-3.8899,12.496,-2.8274e+05,-3.693e+06,96842,96842
0.4,0.224,-2.8028,9.2346,1.9536e+05,-2.5701e+06,1.0246e+05,1.0246e+05
0.4,0.208,-1.1405,10.048,8.1985e+05,-1.2557e+06,74374,74374
0.4,0.192,2.1512,13.447,1.5855e+06,-5648.3,32508,32508
0.4,0.176,3.5424,18.122,1.6561e+06,6.3553e+05,4299.5,4299.5
0.4,0.16,2.1791,18.498,1.1935e+06,7.5724e+05,-7483.2,7483.2
0.4,0.144,0.73649,15.072,3.1709e+05,1.5119e+05,-24121,24121
0.4,0.128,-0.010408,10.519,-83821,-5.2224e+05,-30120,30120
0.4,0.112,-0.78984,8.2838,-3.9255e+05,-1.2415e+06,-42309,42309
0.4,0.096,-2.4652,5.5511,-4.5086e+05,-1.4996e+06,-40848,40848
0.4,0.08,-2.2684,5.765,-3.6774e+05,-1.3143e+06,-40116,40116
0.4,0.064,-2.6088,4.0534,-80017,-8.2932e+05,-22915,22915
0.4,0.048,-2.1201,5.4782,34351,-3.6475e+05,-9220.6,9220.6
0.4,0.032,-0.66393,5.1582,46085,-73406,-1413.9,1413.9
0.4,0.016,-1.8215,3.8677,0,0,723.19,723.19
0.416,0.496,2.1483,16.825,0,0,-398.25,398.25
0.416,0.48,2.992,18.797,0,0,-676.23,676.23
0.416,0.464,2.4986,19.644,NaN,NaN,34.867,34.867
0.416,0.448,0.23212,17.684,NaN,NaN,7434.8,7434.8
0.416,0.432,0.67448,15.365,NaN,NaN,2840.1,2840.1
0.416,0.416,1.6234,16.914,-1.4288e+06,-1.3477e+05,9631.9,9631.9
0.416,0.4,1.6068,20.682,-9.6481e+05,3.0256e+05,13529,13529
0.416,0.384,2.7723,21.365,-6.544e+05,5.2623e+05,17266,17266
0.416,0.368,4.3546,21.198,-16728,7.5383e+05,37130,37130
0.416,0.352,2.9364,22.54,3.2343e+05,5.9658e+05,45501,45501
0.416,0.336,1.5909,20.051,1.4166e+05,2.3917e+05,48676,48676
0.416,0.32,-0.37527,17.027,-3.6811e+05,-1.0341e+06,25006,25006
0.416,0.304,-2.8913,11.333,-6.6641e+05,-2.2991e+06,230,230
0.416,0.288,-4.3715,8.3395,-7.3124e+05,-3.7761e+06,-9950,9950
0.416,0.272,-4.9179,6.547,-6.8002e+05,-4.4052e+06,-1648,1648
0.416,0.256,-5.783,8.3912,-4.1051e+05,-3.8805e+06,35887,35887
0.416,0.24,-3.1891,12.093,25674,-2.5591e+06,86047,86047
0.416,0.224,-1.9455,11.497,7.4761e+05,-8.5436e+05,1.0767e+05,1.0767e+05
0.416,0.208,-0.020489,11.399,1.608e+06,2.923e+05,96294,96294
0.416,0.192,2.2633,12.696,2.0841e+06,8.284e+05,51023,51023
0.416,0.176,4.1007,13.575,1.686e+06,7.1874e+05,15223,15223
0.416,0.16,1.1984,10.706,7.2118e+05,3.2514e+05,-11526,11526
0.416,0.144,-0.951,8.569,-90591,-3.3676e+05,-23086,23086
0.416,0.128,-0.0014005,5.754,-2.9284e+05,-7.2054e+05,-22802,22802
0.416,0.112,0.51173,3.9409,-313.76,-8.396e+05,-25209,25209
0.416,0.096,-1.4491,3.6396,1.3808e+06,-1.1912e+06,-19887,19887
0.416,0.08,-1.7405,2.0486,1.1491e+06,-1.1036e+06,-15728,15728
0.416,0.064,-0.56799,0.77313,1.148e+06,-6.7633e+05,-2194,2194
0.416,0.048,-0.026044,1.6988,32124,-62228,9286.9,9286.9
0.416,0.032,-1.2575,5.6372,1.4879e+05,2.3025e+05,8883.5,8883.5
0.416,0.016,-2.1278,6.4961,0,0,6957.7,6957.7
0.432,0.496,1.8901,10.449,0,0,-966.57,966.57
0.432,0.48,4.6976,12.196,-15111,72984,-1689.6,1689.6
0.432,0.464,3.2321,11.706,-3.1029e+05,-3.1156e+05,-2358.2,2358.2
0.432,0.448,-0.27504,10.473,-2.5879e+05,-30909,4354.1,4354.1
0.432,0.432,0.33119,12.01,-1.2695e+06,-9.269e+05,9016.1,9016.1
0.432,0.416,-4.0607,15.956,-1.4542e+06,-5.0358e+05,26675,26675
0.432,0.4,-3.7411,17.228,-1.1197e+06,-2.5629e+05,45306,45306
0.432,0.384,-4.8498,16.88,-7.2371e+05,42974,67344,67344
0.432,0.368,-2.155,13.288,-1.4138e+05,2.5909e+05,74359,74359
0.432,0.352,3.0525,12.028,2.2901e+05,23310,62147,62147
0.432,0.336,1.7599,11.266,2.9913e+05,-2.456e+05,42265,42265
0.432,0.32,0.26089,8.5229,-1.4334e+05,-1.3526e+06,17451,17451
0.432,0.304,-0.98695,6.1658,-6.2231e+05,-2.2831e+06,-15667,15667
0.432,0.288,-3.7586,6.0894,-7.767e+05,-3.6181e+06,-35872,35872
0.432,0.272,-4.777,7.2292,-1.2603e+06,-5.162e+06,-37543,37543
0.432,0.256,-6.3349,6.9123,-1.6387e+06,-5.5942e+06,-4414.1,4414.1
0.432,0.24,-5.4733,10.924,-1.7988e+06,-5.3151e+06,46087,46087
0.432,0.224,-0.080988,13.112,-8.1947e+05,-2.7932e+06,84190,84190
0.432,0.208,1.2802,12.293,1.6119e+06,-9.0803e+05,91410,91410
0.432,0.192,0.9449,11.043,2.5482e+06,4.8002e+05,55679,55679
0.432,0.176,0.91929,7.7065,2.4824e+06,2.3397e+05,9986,9986
0.432,0.16,-0.40128,5.0157,5.6022e+05,-3.9146e+05,-20662,20662
0.432,0.144,-1.8571,3.8386,45108,-5.8827e+05,-32778,32778
0.432,0.128,-2.3713,2.9479,-4.708e+05,-6.3342e+05,-22780,22780
0.432,0.112,14.326,9.2146,-78135,-3.0649e+05,-20288,20288
0.432,0.096,8.3502,8.6005,1.4671e+06,-7.3159e+05,-4515.6,4515.6
0.432,0.08,7.7459,12.454,2.5709e+06,-2.2005e+05,6636.2,6636.2
0.432,0.064,-7.3141,-2.9955,2.2961e+06,2.9372e+05,29095,29095
0.432,0.048,4.8694,14.758,8.9408e+05,7.4832e+05,39638,39638
0.432,0.032,-16.159,10.226,9461,5.2042e+05,29315,29315
0.432,0.016,-19.508,13.541,0,0,14363,14363
0.448,0.496,-0.084289,4.6765,78816,37268,-1193.1,1193.1
0.448,0.48,0.584,5.8281,72756,1.7164e+05,-2075.2,2075.2
0.448,0.464,-0.15901,6.1915,-51606,-1038.2,-3125,3125
0.448,0.448,-1.2906,4.1364,-2.2807e+05,1.1778e+05,523.84,523.84
0.448,0.432,0.36313,8.432,-8.6915e+05,-4.9166e+05,16940,16940
0.448,0.416,-12.38,11.819,-2.3938e+06,-1.3592e+06,41578,41578
0.448,0.4,-4.3885,11.223,-1.1555e+06,-1.6553e+06,70565,70565
0.448,0.384,0.66972,9.169,-8.8559e+05,-1.1454e+06,74259,74259
0.448,0.368,-7.4439,8.4699,-79221,-1.1801e+06,66545,66545
0.448,0.352,2.4175,6.5706,-8.6167e+05,-1.807e+06,43541,43541
0.448,0.336,3.9777,6.2999,-3.4095e+05,-1.9092e+06,28145,28145
0.448,0.32,0.0558,5.5781,-47837,-1.4526e+06,11419,11419
0.448,0.304,-3.217,4.3438,-5331.9,-9.7667e+05,-9567.2,9567.2
0.448,0.288,-4.2957,6.5544,-1.6749e+06,-2.4358e+06,-32875,32875
0.448,0.272,-14.164,-2.9854,-2.5159e+06,-4.4895e+06,-54277,54277
0.448,0.256,-28.964,-15.642,-3.5639e+06,-6.2308e+06,-49121,49121
0.448,0.24,-30.349,0.62647,-3.8971e+06,-6.2539e+06,-12417,12417
0.448,0.224,-32.569,-11.782,-3.1878e+06,-4.2656e+06,39851,39851
0.448,0.208,-9.0176,0.36662,-1.1442e+06,-2.757e+06,68046,68046
0.448,0.192,1.9314,6.967,3.7119e+05,-1.1279e+06,55324,55324
0.448,0.176,-0.37648,4.15,8.842e+05,-2.3103e+05,23852,23852
0.448,0.16,2.2334,3.368,-1.8012e+05,-1.1797e+05,-1486.4,1486.4
0.448,0.144,0.87692,3.8243,-24325,-2.0067e+05,-16297,16297
0.448,0.128,-2.4346,3.5786,-4.3175e+05,-4.951e+05,-17695,17695
0.448,0.112,-3.4726,2.2229,-48941,-1.888e+05,-15368,15368
0.448,0.096,-0.12797,4.9036,2.1659e+06,-7.8071e+05,4856.2,4856.2
0.448,0.08,10.108,7.2017,2.4068e+06,-2.1065e+06,32697,32697
0.448,0.064,1.2463,23.321,-6.3957e+05,-9.674e+05,59736,59736
0.448,0.048,-4.4072,23.379,-1.6541e+06,-3.1766e+05,69324,69324
0.448,0.032,-17.983,12.149,-1.7994e+06,7.7129e+05,44485,44485
0.448,0.016,-19.227,13.874,0,0,19360,19360
0.464,0.496,2.8414,2.78,99401,8040,-990.91,990.91
0.464,0.48,3.719,2.599,93251,1.1133e+05,-1954.9,1954.9
0.464,0.464,2.079,3.8638,-8304.6,12336,-3994.9,3994.9
0.464,0.448,0.21741,1.6403,-1.7754e+05,1.2589e+05,-3359.6,3359.6
0.464,0.432,-0.038922,5.7484,-7.4394e+05,-3.692e+05,12149,12149
0.464,0.416,-41.546,18.938,-4.0079e+06,-2.7283e+06,37833,37833
0.464,0.4,-42.326,14.62,-3.9292e+06,-3.7118e+06,65056,65056
0.464,0.384,2.2308,5.7613,-3.1253e+06,-2.8923e+06,63709,63709
0.464,0.368,-3.1732,14.885,-1.8323e+06,-2.2778e+06,48945,48945
0.464,0.352,-27.001,4.6788,-2.0368e+06,-2.8002e+06,25079,25079
0.464,0.336,-15.274,8.9434,-1.2151e+06,-2.8139e+06,13807,13807
0.464,0.32,-0.14286,3.9294,-2.9479e+05,-1.921e+06,6860.1,6860.1
0.464,0.304,-1.3652,0.9456,1.3382e+05,-5.025e+05,4427.7,4427.7
0.464,0.288,-1.9627,2.613,-3.3981e+06,-1.2736e+06,-10992,10992
0.464,0.272,-50.713,5.576,-5.0995e+06,-3.3736e+06,-42261,42261
0.464,0.256,-121.17,-280.51,-7.8682e+06,-6.7046e+06,-74145,74145
0.464,0.24,-100.4,-208.37,-6.6132e+06,-9.7776e+06,-71935,71935
0.464,0.224,-48.526,0.14061,-5.7516e+06,-7.4235e+06,-27179,27179
0.464,0.208,-25.956,-3.2775,-3.3466e+06,-5.3409e+06,16625,16625
0.464,0.192,-25.149,18.957,-6.634e+05,-2.1424e+06,38669,38669
0.464,0.176,-14.474,20.288,6.6269e+05,-3.3203e+05,28020,28020
0.464,0.16,-10.79,21.033,1.7964e+06,2.056e+06,12987,12987
0.464,0.144,122.7,-50.817,1.8343e+06,1.7209e+06,-9152.7,9152.7
0.464,0.128,-0.86215,-2.1688,1.1996e+06,1.171e+06,-16190,16190
0.464,0.112,1.6819,-0.24462,-2.9585e+05,-1.2467e+05,-18467,18467
0.464,0.096,13.353,7.2841,-4.085e+05,-73503,1326.9,1326.9
0.464,0.08,240.48,208.05,-7.9062e+05,-1.6113e+06,32329,32329
0.464,0.064,-32.033,-24.234,-3.8032e+06,-2.4761e+05,66919,66919
0.464,0.048,-77.33,23.697,-2.5355e+06,-1.6507e+05,76186,76186
0.464,0.032,-73.499,34.985,-2.0652e+06,8.0069e+05,47596,47596
0.464,0.016,-50.579,28.655,0,0,17535,17535
0.48,0.496,0.85385,0.94058,88357,7146.6,-404.37,404.37
0.48,0.48,1.953,0.97513,89605,66518,-956.8,956.8
0.48,0.464,0.93608,0.91175,61572,80200,-2092,2092
0.48,0.448,0.11657,2.2987,-80497,1.3748e+05,-4005.3,4005.3
0.48,0.432,-34.7,28.455,-1.092e+05,94250,2746,2746
0.48,0.416,-50.167,21.236,-3.2765e+06,-2.415e+06,13934,13934
0.48,0.4,-54.714,5.1887,-3.383e+06,-3.3624e+06,32075,32075
0.48,0.384,-55.143,10.872,-2.8456e+06,-2.6381e+06,29767,29767
0.48,0.368,-7.6859,-0.98826,-1.7021e+06,-2.0344e+06,21780,21780
0.48,0.352,-15.751,14.63,-2.0502e+06,-2.4258e+06,6832.4,6832.4
0.48,0.336,-18.65,10.308,-1.3503e+06,-2.6604e+06,4382.2,4382.2
0.48,0.32,0.75227,1.1001,-3.4073e+05,-1.6586e+06,5955,5955
0.48,0.304,-0.30308,0.61026,3.5141e+05,-2.7469e+05,18540,18540
0.48,0.288,-5.086,7.755,-3.0102e+06,-3.2209e+05,16162,16162
0.48,0.272,-68.976,21.302,-3.8875e+06,-3.4526e+05,-6629.9,6629.9
0.48,0.256,-68.449,38.186,-5.1769e+06,-5.4895e+05,-45644,45644
0.48,0.24,-91.697,-38.02,-3.1539e+06,-2.2389e+06,-58500,58500
0.48,0.224,-25.901,0.58297,-3.5168e+06,-3.0573e+06,-33884,33884
0.48,0.208,-60.6,-29.468,-3.7187e+06,-3.3157e+06,5449.9,5449.9
0.48,0.192,-87.804,43.963,-2.0506e+06,-1.8897e+06,36339,36339
0.48,0.176,-160.1,109.92,-1.3461e+06,-3.2648e+05,49181,49181
0.48,0.16,-80.215,257,1.4267e+06,2.3404e+06,43271,43271
0.48,0.144,-7.6322,21.565,1.505e+06,1.8214e+06,21818,21818
0.48,0.128,1.9009,-1.6267,1.4777e+06,1.3114e+06,1317.1,1317.1
0.48,0.112,-0.42543,0.40311,25585,-79065,-8150.6,8150.6
0.48,0.096,0.71425,0.94071,45384,-2834.8,1933.9,1933.9
0.48,0.08,-7.1242,111.74,-2.184e+06,-2.0816e+06,27203,27203
0.48,0.064,-33.625,38.368,-4.3741e+06,-1.0953e+06,47660,47660
0.48,0.048,-4.9554,12.949,-3.4021e+06,-8.5189e+05,52653,52653
0.48,0.032,-6.2995,5.897,-1.936e+06,5.3706e+05,29706,29706
0.48,0.016,1.2437,0.26828,0,0,10592,10592
0.496,0.496,1.0275,1.0394,27055,-21839,-187.05,187.05
0.496,0.48,-0.29685,3.1892,34385,-15470,-402.63,402.63
0.496,0.464,-1.1868,0.37509,21288,11542,-822.5,822.5
0.496,0.448,-16.131,17.148,-6488.3,37554,-1660.3,1660.3
0.496,0.432,-44.893,33.457,-16839,34730,-2853.7,2853.7
0.496,0.416,-389.39,340.9,-1.5875e+06,-1.1928e+06,-3150.9,3150.9
0.496,0.4,-1.5918,7.1048,-2.7912e+06,-1.9322e+06,2629.9,2629.9
0.496,0.384,-258.12,-133.38,-2.6299e+06,-1.9159e+06,4805.5,4805.5
0.496,0.368,-78.899,-17.982,-1.7931e+06,-1.255e+06,5992.6,5992.6
0.496,0.352,-150,99.259,-1.0019e+06,-1.1097e+06,1843.9,1843.9
0.496,0.336,-20.393,-7.1262,-6.6269e+05,-1.0778e+06,2291.8,2291.8
0.496,0.32,-13.495,33.318,-2.6069e+05,-8.1945e+05,4022.5,4022.5
0.496,0.304,-17.237,8.7214,24832,-1.2277e+05,14384,14384
0.496,0.288,-84.29,68.398,-1.8512e+06,3.1388e+05,19263,19263
0.496,0.272,-226.13,143.73,-2.0872e+06,3.6258e+05,13225,13225
0.496,0.256,-245.86,362.09,-2.1674e+06,3.4731e+05,-12430,12430
0.496,0.24,-64.716,-16.834,-7.4466e+05,-1.1687e+06,-28598,28598
0.496,0.224,-49.257,-26.219,-7.4466e+05,-1.1687e+06,-24505,24505
0.496,0.208,-1.5536,3.5591,-7.4466e+05,-1.1687e+06,-851.58,851.58
0.496,0.192,-1.4447,3.1541,0,0,20611,20611
0.496,0.176,8.6997,1.3425,0,0,33214,33214
0.496,0.16,-3.7983,4.8445,1.6725e+06,1.5908e+06,30511,30511
0.496,0.144,-9.9548,26.345,1.4866e+06,1.3769e+06,18142,18142
0.496,0.128,-0.013457,-0.55665,1.3193e+06,1.2308e+06,4962.2,4962.2
0.496,0.112,0.17491,-0.34831,28536,-5192.1,-3408.5,3408.5
0.496,0.096,-0.20972,0.40942,8963.2,9152.7,213.67,213.67
0.496,0.08,28.283,94.839,-8.1444e+05,-45297,10023,10023
0.496,0.064,-120.83,-117.89,-9.8144e+05,2.7845e+05,20560,20560
0.496,0.048,-159.56,51.369,-8.7239e+05,2.4751e+05,22444,22444
0.496,0.032,-261.19,7.5261,-1.3842e+05,2.8902e+05,13074,13074
0.496,0.016,-3.0666,17.939,0,0,4408.4,4408.4
