0.016,0.496,0.18809,2.3046,26931,-29140,-590.41,590.41
0.016,0.48,-0.42657,3.1655,49865,-62533,-1026.1,1026.1
0.016,0.464,-0.45167,1.5114,31331,-41700,-4916,4916
0.016,0.448,0.50501,2.2963,3321.1,-21647,-7314.2,7314.2
0.016,0.432,1.1431,1.5505,-33856,8810,-10398,10398
0.016,0.416,4.7163,0.12651,-24499,-8979.8,-6993.3,6993.3
0.016,0.4,3.2046,-1.2524,-24178,1573.7,-3997.1,3997.1
0.016,0.384,4.4483,-0.78491,-9996.4,3574.2,-235.01,235.01
0.016,0.368,6.0245,-0.9649,-703.96,867.32,1490.4,1490.4
0.016,0.352,4.1523,0.41436,297.07,-83.851,2627.5,2627.5
0.016,0.336,5.8243,0.3636,1194.6,807.42,3420,3420
0.016,0.32,3.6868,0.89948,908.09,-343.77,2126,2126
0.016,0.304,0.31051,0.788,-4753.6,-566.06,909.23,909.23
0.016,0.288,0.88889,-0.17674,-11045,1305.1,584.09,584.09
0.016,0.272,1.8504,-1.7707,-12675,2774.2,-10.362,10.362
0.016,0.256,0.29438,0.76186,-9783,2201.2,179.7,179.7
0.016,0.24,2.5484,1.2507,-22094,-1290.1,725.04,725.04
0.016,0.224,7.1158,0.35093,-20390,-2550.5,3582.3,3582.3
0.016,0.208,5.8256,-0.19053,-16396,-4942.9,5038.5,5038.5
0.016,0.192,0.831,-0.30103,4324.9,-5737.4,4742,4742
0.016,0.176,-1.1202,-0.99487,3579.2,-5074.9,2357.3,2357.3
0.016,0.16,-0.66872,-0.65669,2353.1,123.95,713.71,713.71
0.016,0.144,-0.86262,0.1335,-454.96,2033.3,-312.1,312.1
0.016,0.128,2.3175,-2.7327,-1513,3371.8,-298.13,298.13
0.016,0.112,5.936,-0.080943,-12321,-10148,-40.854,40.854
0.016,0.096,1.4061,2.2533,-23081,-7390.8,927.52,927.52
0.016,0.08,5.7441,-1.2241,-22128,-34754,2246.3,2246.3
0.016,0.064,7.0645,-0.29611,38469,-35992,3375.6,3375.6
0.016,0.048,1.782,-0.074732,49082,-38200,2696,2696
0.016,0.032,0.81117,0.39928,50030,-12231,1388.4,1388.4
0.016,0.016,0.018266,0.67878,0,0,372.97,372.97
0.032,0.496,0.57134,3.7719,31038,-71342,883.45,883.45
0.032,0.48,1.7297,2.8307,29936,-1.0077e+05,1486.6,1486.6
0.032,0.464,1.7529,1.4536,-16995,-66932,1587.1,1587.1
0.032,0.448,0.52786,2.7494,-38114,-16795,1033.2,1033.2
0.032,0.432,0.24512,0.86687,-54739,11598,330,330
0.032,0.416,-0.38313,-0.65633,-21218,-16335,-243.96,243.96
0.032,0.4,-0.33733,-0.31009,-49747,-24603,-351.43,351.43
0.032,0.384,-0.024723,0.18498,-21661,9645.3,-286.01,286.01
0.032,0.368,0.060157,0.13286,-8948.7,495.96,-60.574,60.574
0.032,0.352,0.0027011,0.087388,9873.2,23626,-75.582,75.582
0.032,0.336,0.020133,0.30163,-3915.5,-11817,-142.98,142.98
0.032,0.32,0.11797,-0.12242,-11621,-14850,-295.94,295.94
0.032,0.304,-0.085611,-0.23267,-18131,-10584,-377.97,377.97
0.032,0.288,-0.50513,-0.11341,-17746,-9935.7,-390.17,390.17
0.032,0.272,-0.34875,-0.40038,-18270,4814.1,-378.73,378.73
0.032,0.256,-0.25294,0.10852,-19042,4307.4,-377.22,377.22
0.032,0.24,-0.48542,0.70246,-35859,3445.9,-478.34,478.34
0.032,0.224,-0.33302,-0.13471,-28503,-16716,-533.13,533.13
0.032,0.208,0.19753,-0.51259,-17784,-23579,-208.03,208.03
0.032,0.192,0.5249,-0.22065,917.87,-9999.4,151.38,151.38
0.032,0.176,0.39858,-0.31057,-8566.7,-1409.6,388.64,388.64
0.032,0.16,0.0028119,0.099601,-24456,1703.4,85.971,85.971
0.032,0.144,-0.43755,0.27564,-41059,-6520.2,-259.52,259.52
0.032,0.128,0.021575,-0.37054,-46574,-4706.2,-557.11,557.11
0.032,0.112,-0.090618,0.074774,-64446,-34747,-517.24,517.24
0.032,0.096,-0.70643,-0.0037537,-54029,-33136,-112.57,112.57
0.032,0.08,-0.24855,-0.035373,-22700,-73234,896.01,896.01
0.032,0.064,0.51119,-0.97667,23149,38003,1678,1678
0.032,0.048,2.0329,1.1825,30497,33481,1875.9,1875.9
0.032,0.032,-0.12645,3.7352,15737,74863,1078.4,1078.4
0.032,0.016,-0.78384,-4.0181,0,0,694.84,694.84
0.048,0.496,0.35604,5.0673,34918,-80260,994.43,994.43
0.048,0.48,0.67476,2.8992,15443,-1.1795e+05,1601.2,1601.2
0.048,0.464,-0.31571,3.1248,-27640,-1.0722e+05,1742.5,1742.5
0.048,0.448,-1.0061,3.1942,-47522,-43240,1373.8,1373.8
0.048,0.432,0.2709,1.5019,-49892,-11729,806.01,806.01
0.048,0.416,-0.16469,-0.14579,-23664,-12119,133.38,133.38
0.048,0.4,-0.9704,-0.54015,-53985,-25039,-276.98,276.98
0.048,0.384,-1.1624,-1.0569,-27078,29520,-416.24,416.24
0.048,0.368,-0.16135,1.7456,-17286,10680,-192.32,192.32
0.048,0.352,-0.20037,1.4702,5073.3,36318,-246.28,246.28
0.048,0.336,-0.48139,-0.49245,-5290.9,-17586,-346.19,346.19
0.048,0.32,-0.75743,-0.39438,-10624,-13823,-546.59,546.59
0.048,0.304,-1.0142,-0.5744,-17216,-10763,-703.47,703.47
0.048,0.288,-0.61758,-0.32269,-30946,-22492,-520.1,520.1
0.048,0.272,-0.54648,-0.59465,-29262,-7288,-460.23,460.23
0.048,0.256,-1.1997,0.58357,-26525,-8983.8,-146.19,146.19
0.048,0.24,-1.0712,0.38859,-29039,678.33,-389.47,389.47
0.048,0.224,-0.60734,-0.57055,-26892,-23375,-431.08,431.08
0.048,0.208,-0.0042494,-1.4536,-20482,-27960,-353.27,353.27
0.048,0.192,0.30016,-0.52764,-3191.2,-12812,259.97,259.97
0.048,0.176,-0.18885,1.3082,-10676,-1376.1,792.68,792.68
0.048,0.16,-1.1575,-0.047448,-24394,2729.7,506.67,506.67
0.048,0.144,-1.556,-0.52376,-38863,-5787.5,-269.72,269.72
0.048,0.128,-1.589,-0.11802,-42020,-4378.3,-1101.4,1101.4
0.048,0.112,-1.4366,-0.30416,-68616,-35580,-794.91,794.91
0.048,0.096,-0.83567,-1.3988,-53600,-42596,561.73,561.73
0.048,0.08,0.74367,0.32983,-47631,-56423,2290.3,2290.3
0.048,0.064,1.1366,0.13788,-15598,81240,3273.9,3273.9
0.048,0.048,-0.76941,3.9249,-14054,85025,2862.7,2862.7
0.048,0.032,-1.0912,4.6962,-5603.6,1.0079e+05,1580.4,1580.4
0.048,0.016,-1.3233,-5.4103,0,0,864.31,864.31
0.064,0.496,1.1493,5.3345,5280.6,-54260,864.37,864.37
0.064,0.48,0.66384,3.5952,-27028,-82303,1327.8,1327.8
0.064,0.464,-0.085695,3.5629,-72770,-1.1828e+05,1578.6,1578.6
0.064,0.448,0.87769,0.96006,-67815,-61008,1586.9,1586.9
0.064,0.432,0.0066628,0.90429,-50531,-39907,1694.9,1694.9
0.064,0.416,-0.41426,0.20627,-28737,-1360.3,1503.7,1503.7
0.064,0.4,-0.60467,0.044012,-42407,-50061,870.1,870.1
0.064,0.384,0.23533,-0.27748,-18987,2006,382.57,382.57
0.064,0.368,0.19179,1.5254,-6045.8,-27042,103.34,103.34
0.064,0.352,-0.40015,0.58187,7258.9,46057,-148.64,148.64
0.064,0.336,-0.72749,-0.12888,-13475,-4005.8,-440.6,440.6
0.064,0.32,-0.54477,0.038223,-22156,8465.5,-641.38,641.38
0.064,0.304,-0.3433,0.10865,829.75,-10011,-792.74,792.74
0.064,0.288,0.053998,-0.33311,-61808,37249,-505.31,505.31
0.064,0.272,0.15962,-0.32277,1.8667e+05,-44819,-291.24,291.24
0.064,0.256,-0.1849,0.18808,65898,-1.0911e+05,439.05,439.05
0.064,0.24,-0.46682,0.050012,1.3768e+05,-1.5779e+05,212.22,212.22
0.064,0.224,0.036937,0.2025,-1.1474e+05,-81184,8.0996,8.0996
0.064,0.208,0.43495,-0.15809,-21070,-26964,-451.86,451.86
0.064,0.192,-0.095155,-0.054166,-41294,-10004,-63.724,63.724
0.064,0.176,0.12233,0.46401,-43484,-3148.7,710.66,710.66
0.064,0.16,0.082631,-0.1985,-47095,6386.8,691.6,691.6
0.064,0.144,-0.30444,-0.21157,-57769,-3939.2,-133.54,133.54
0.064,0.128,0.10402,0.048633,-53815,3947.8,-1150.5,1150.5
0.064,0.112,-0.1239,0.17897,-67462,-26191,-389.14,389.14
0.064,0.096,-0.13799,-0.23809,-29882,-37805,1540.6,1540.6
0.064,0.08,0.78608,0.18779,-29971,-11184,3641.9,3641.9
0.064,0.064,-0.76028,2.1702,-73765,1.4281e+05,4347.5,4347.5
0.064,0.048,-1.1825,2.8163,-84427,1.4792e+05,3707.7,3707.7
0.064,0.032,0.037242,3.1322,-72649,1.1803e+05,2020.3,2020.3
0.064,0.016,0.23719,-4.1836,0,0,944.68,944.68
0.08,0.496,1.738,6.745,0,0,558.37,558.37
0.08,0.48,1.347,4.1445,-14184,-64615,835.6,835.6
0.08,0.464,2.3446,3.6065,-52027,-1.456e+05,1230.4,1230.4
0.08,0.448,1.1306,2.8258,-52514,-1.3075e+05,1806,1806
0.08,0.432,-0.26632,2.3545,-45547,-1.2222e+05,2933.6,2933.6
0.08,0.416,-0.7254,0.26675,-21879,-71905,3526.4,3526.4
0.08,0.4,-0.69765,-0.084263,14212,-77505,3042.8,3042.8
0.08,0.384,0.57208,-0.98347,13941,-13759,2146.8,2146.8
0.08,0.368,0.87992,1.0039,-12876,5132.6,996.46,996.46
0.08,0.352,0.32071,0.71055,-24398,45258,58.528,58.528
0.08,0.336,-0.55224,2.0987,-25171,20473,-721.62,721.62
0.08,0.32,-0.71135,0.90132,49.71,12086,-716.21,716.21
0.08,0.304,-0.39134,0.53691,10641,16235,-952.33,952.33
0.08,0.288,1.2209,0.60439,-43262,87213,-272.81,272.81
0.08,0.272,-1.8438,3.4641,2.0202e+05,-22212,187.56,187.56
0.08,0.256,8.2984,6.2619,83828,-1.2036e+05,1738,1738
0.08,0.24,1.1518,0.83938,1.2748e+05,-1.9418e+05,1399.7,1399.7
0.08,0.224,1.4511,0.89288,-1.3867e+05,-92518,1091.6,1091.6
0.08,0.208,1.0171,0.78915,-38543,37448,-208.61,208.61
0.08,0.192,0.95853,0.68958,-31090,26482,-285.6,285.6
0.08,0.176,0.78926,0.96266,-1315.6,-12716,-40.406,40.406
0.08,0.16,0.1093,-0.019784,-12001,-39178,310.63,310.63
0.08,0.144,-0.78538,-0.091692,-13995,-26992,-241.13,241.13
0.08,0.128,-1.1391,0.2091,-15768,21115,-543.38,543.38
0.08,0.112,-0.33671,0.74801,-14178,1678.8,548.13,548.13
0.08,0.096,0.16618,-0.55567,7484.9,-8160.8,3053.7,3053.7
0.08,0.08,0.16896,0.79769,-21697,17538,5404.3,5404.3
0.08,0.064,-0.20851,2.3749,-71874,1.3127e+05,6241.8,6241.8
0.08,0.048,-1.6419,2.6001,-85214,1.3831e+05,5265.8,5265.8
0.08,0.032,-2.5693,3.4638,-60010,1.0464e+05,2880.9,2880.9
0.08,0.016,-1.6669,-2.1799,0,0,1067.2,1067.2
0.096,0.496,1.509,5.8463,0,0,400.45,400.45
0.096,0.48,1.6885,4.407,14412,-87237,905.88,905.88
0.096,0.464,1.4686,4.4301,-30610,-1.8665e+05,2105.7,2105.7
0.096,0.448,0.61425,4.0977,9639.7,-2.2547e+05,3787.4,3787.4
0.096,0.432,0.93778,0.67615,12305,-2.4962e+05,5331.4,5331.4
0.096,0.416,0.99336,-0.12075,15630,-2.3506e+05,6413.9,6413.9
0.096,0.4,0.78522,0.89609,-20230,-1.3037e+05,6213.6,6213.6
0.096,0.384,0.89054,2.2751,-59359,5925.2,5407,5407
0.096,0.368,0.046963,3.1065,-87401,1.0312e+05,3293.2,3293.2
0.096,0.352,-1.1729,3.5682,-55297,71682,1034.8,1034.8
0.096,0.336,-0.090665,1.739,-42849,28255,-111.85,111.85
0.096,0.32,-0.70618,1.3619,2271.2,-6607.4,-226.55,226.55
0.096,0.304,-0.88031,0.86431,-19869,28269,-556.89,556.89
0.096,0.288,-0.037467,0.84268,-55452,1.0776e+05,-197.96,197.96
0.096,0.272,0.61292,1.9249,1.9611e+05,-21785,519.06,519.06
0.096,0.256,1.1589,1.8338,54834,-1.3143e+05,2667.9,2667.9
0.096,0.24,1.6045,0.89506,83321,-2.3651e+05,2533.5,2533.5
0.096,0.224,0.20727,0.84941,-1.6985e+05,-1.3766e+05,2247.5,2247.5
0.096,0.208,1.0705,0.22801,-40293,25085,731.71,731.71
0.096,0.192,2.2446,2.5656,-37040,22976,168.19,168.19
0.096,0.176,1.9594,1.1568,-7396.2,-37728,-511.35,511.35
0.096,0.16,2.0138,-1.2315,-43404,-28794,-727.8,727.8
0.096,0.144,-0.012748,0.63316,-40154,-21224,-801.15,801.15
0.096,0.128,-0.31158,0.13799,-64569,61647,-109.66,109.66
0.096,0.112,0.19674,-0.21099,-5515.1,-73169,1644.8,1644.8
0.096,0.096,0.46623,-0.0087394,18277,-54395,4584.6,4584.6
0.096,0.08,0.97064,0.92458,7867.6,-572.82,7594.4,7594.4
0.096,0.064,0.76957,1.5711,-77155,3.1508e+05,8821,8821
0.096,0.048,-0.20498,4.9448,-85945,3.0588e+05,7416.2,7416.2
0.096,0.032,-1.2567,4.5663,-69548,2.4996e+05,3909.7,3909.7
0.096,0.016,-1.5394,-0.38857,0,0,1218.8,1218.8
0.112,0.496,1.9308,5.3501,0,0,660.85,660.85
0.112,0.48,2.3152,5.1688,23750,-2.0186e+05,1980.3,1980.3
0.112,0.464,1.8233,5.8709,24421,-3.1118e+05,4536.2,4536.2
0.112,0.448,2.3917,5.0138,57032,-3.2702e+05,6623.9,6623.9
0.112,0.432,4.2004,4.7744,-1692.4,-2.0497e+05,8410.5,8410.5
0.112,0.416,1.9271,4.7647,-79222,-1.2284e+05,8265.6,8265.6
0.112,0.4,0.54153,3.2762,-2.5017e+05,1.0942e+05,6373.9,6373.9
0.112,0.384,-0.56518,4.9362,-3.3384e+05,2.7837e+05,2025.9,2025.9
0.112,0.368,-1.4686,5.2891,-3.6389e+05,3.1229e+05,-1506.9,1506.9
0.112,0.352,-1.7897,5.068,-1.7345e+05,1.0233e+05,-3428.9,3428.9
0.112,0.336,-0.9992,3.748,-24603,-53854,-2971.6,2971.6
0.112,0.32,-1.2831,1.6713,51962,-40221,-2700.6,2700.6
0.112,0.304,-0.9681,0.6803,-52554,1.5571e+05,-3879.2,3879.2
0.112,0.288,-1.3158,0.51965,-32455,1.0479e+05,-5084.6,5084.6
0.112,0.272,-0.77359,1.1524,38677,-98755,-5520.4,5520.4
0.112,0.256,1.4478,2.1658,29923,-3.062e+05,-3210.5,3210.5
0.112,0.24,1.8104,2.4826,-81247,-3.0494e+05,-2257.6,2257.6
0.112,0.224,2.2418,1.6557,-1.5704e+05,-1.8195e+05,-1256.1,1256.1
0.112,0.208,2.0855,0.44129,-1.089e+05,-7456.7,-1854.9,1854.9
0.112,0.192,1.2063,1.8,-51467,10603,-1380.9,1380.9
0.112,0.176,0.74769,1.2026,-12351,-47767,-1956.6,1956.6
0.112,0.16,1.8244,-0.7536,-37363,-56684,-2169.8,2169.8
0.112,0.144,0.70377,2.6572,-58544,-63115,-2282.1,2282.1
0.112,0.128,1.2244,-1.0348,-93148,11796,-841.59,841.59
0.112,0.112,1.2793,-0.007718,-52816,-1.2931e+05,1268.1,1268.1
0.112,0.096,1.5591,-2.3558,-21199,-86727,4225.4,4225.4
0.112,0.08,0.92926,0.69106,-27468,36844,5688.7,5688.7
0.112,0.064,0.31918,3.1287,-95282,4.8391e+05,7325.6,7325.6
0.112,0.048,-0.30819,7.7228,-94361,4.7912e+05,6119.9,6119.9
0.112,0.032,0.32973,6.7409,-57375,3.6277e+05,4077.1,4077.1
0.112,0.016,-0.019673,-0.82681,0,0,1076.4,1076.4
0.128,0.496,1.9483,6.6584,0,0,865.88,865.88
0.128,0.48,2.0033,7.3881,43557,-2.1109e+05,3210.7,3210.7
0.128,0.464,3.1352,5.52,96056,-3.9859e+05,7496.3,7496.3
0.128,0.448,2.2067,7.708,92404,-3.623e+05,10523,10523
0.128,0.432,1.3109,7.459,-63887,-59319,11235,11235
0.128,0.416,-0.053117,9.3235,-2.7287e+05,1.7666e+05,7684.9,7684.9
0.128,0.4,-1.0583,9.8876,-5.9836e+05,5.8178e+05,526.89,526.89
0.128,0.384,-2.5298,9.166,-7.9781e+05,8.0989e+05,-9172.5,9172.5
0.128,0.368,-3.3987,8.0306,-8.0648e+05,7.7211e+05,-14676,14676
0.128,0.352,-3.5635,4.8008,-4.9359e+05,4.1194e+05,-18033,18033
0.128,0.336,-1.9329,3.74,-1.6294e+05,74054,-18770,18770
0.128,0.32,-0.77423,4.2831,3948.1,74492,-16646,16646
0.128,0.304,-2.1599,5.7999,-26669,3.076e+05,-18438,18438
0.128,0.288,-2.282,6.8355,1.2381e+05,1.3968e+05,-20277,20277
0.128,0.272,-0.034898,4.0036,2.8904e+05,-2.3446e+05,-23582,23582
0.128,0.256,4.281,3.7481,2.6359e+05,-5.6232e+05,-18494,18494
0.128,0.24,5.2314,3.0726,25502,-5.0498e+05,-13498,13498
0.128,0.224,3.2202,2.3555,-1.268e+05,-2.9246e+05,-10345,10345
0.128,0.208,1.731,2.5237,-1.0108e+05,-1.6774e+05,-9030.7,9030.7
0.128,0.192,1.3136,1.3648,-65868,-81307,-6586.7,6586.7
0.128,0.176,1.1414,1.4331,-35030,-1.1036e+05,-5516.3,5516.3
0.128,0.16,0.021795,1.7343,-20725,-45204,-5805.6,5805.6
0.128,0.144,2.0245,2.2388,9753.4,-81249,-5460,5460
0.128,0.128,2.2506,1.156,-11519,-70157,-3871.8,3871.8
0.128,0.112,2.1142,0.83787,12233,-2.2934e+05,-275.11,275.11
0.128,0.096,1.4747,-0.56624,-43463,-1.348e+05,3088.3,3088.3
0.128,0.08,0.21148,0.78624,-1.2044e+05,1.0396e+05,3541.8,3541.8
0.128,0.064,-0.53167,4.0937,-1.7886e+05,5.4261e+05,4287.3,4287.3
0.128,0.048,0.068651,6.5896,-1.2798e+05,5.0627e+05,2929.6,2929.6
0.128,0.032,0.64425,5.5686,-34130,3.1492e+05,2613.7,2613.7
0.128,0.016,1.3201,-1.1906,0,0,572.8,572.8
0.144,0.496,3.0767,8.9879,0,0,1028.7,1028.7
0.144,0.48,1.7141,8.2807,48022,-2.2078e+05,3369.7,3369.7
0.144,0.464,0.92181,9.7268,1.6195e+05,-5.4635e+05,8895.5,8895.5
0.144,0.448,1.6368,10.353,43027,-3.6143e+05,11843,11843
0.144,0.432,1.6236,10.214,-2.1508e+05,1.764e+05,11011,11011
0.144,0.416,-1.1895,12.564,-4.619e+05,5.034e+05,4033.9,4033.9
0.144,0.4,-2.8041,13.392,-8.3952e+05,9.5261e+05,-8260.5,8260.5
0.144,0.384,-5.0245,14.382,-1.3478e+06,1.5019e+06,-24338,24338
0.144,0.368,-6.0577,13.935,-1.5042e+06,1.6062e+06,-35087,35087
0.144,0.352,-5.2049,11.782,-1.36e+06,1.449e+06,-41686,41686
0.144,0.336,-4.2932,9.6067,-8.2138e+05,8.7237e+05,-44989,44989
0.144,0.32,-4.109,8.4977,-4.0284e+05,5.4565e+05,-39765,39765
0.144,0.304,-4.439,10.912,12019,2.8979e+05,-34596,34596
0.144,0.288,-2.6438,11.182,4.9558e+05,-2.7423e+05,-34809,34809
0.144,0.272,1.5031,9.7928,8.0316e+05,-9.17e+05,-40448,40448
0.144,0.256,4.7948,6.1303,6.8183e+05,-1.2027e+06,-35924,35924
0.144,0.24,5.6561,4.0314,1.8953e+05,-9.2541e+05,-24958,24958
0.144,0.224,4.4498,2.8884,-1.3672e+05,-4.5411e+05,-18270,18270
0.144,0.208,3.5599,3.3541,-1.7697e+05,-2.7526e+05,-17316,17316
0.144,0.192,2.3117,1.0679,-1.293e+05,-1.5755e+05,-14814,14814
0.144,0.176,1.5688,2.1532,-76771,-2.0119e+05,-12245,12245
0.144,0.16,1.9634,2.8203,2806.6,-2.2491e+05,-12502,12502
0.144,0.144,2.7404,2.8361,56039,-2.9854e+05,-12342,12342
0.144,0.128,4.0887,2.2208,81458,-3.2476e+05,-9887,9887
0.144,0.112,3.9609,1.3076,43171,-3.3148e+05,-5014.1,5014.1
0.144,0.096,3.5296,1.1875,-37790,-1.7978e+05,-1494.5,1494.5
0.144,0.08,1.0716,3.2425,-1.6084e+05,79726,-1943.1,1943.1
0.144,0.064,-0.90374,4.7837,-1.9653e+05,3.2335e+05,-1272,1272
0.144,0.048,0.78176,5.3341,-1.4042e+05,2.9737e+05,-1339.4,1339.4
0.144,0.032,0.93229,4.0316,-32649,1.3208e+05,625.17,625.17
0.144,0.016,0.27557,2.5186,0,0,-63.559,63.559
0.16,0.496,2.9557,13.889,0,0,653.41,653.41
0.16,0.48,2.6088,12.923,0,0,2239.6,2239.6
0.16,0.464,1.2945,12.176,NaN,NaN,7761.9,7761.9
0.16,0.448,1.0853,13.265,-1.0167e+05,-1.7695e+05,12984,12984
0.16,0.432,-0.68187,15.51,-3.1947e+05,3.2722e+05,10584,10584
0.16,0.416,-2.6743,17.138,-5.5053e+05,6.6481e+05,1609.6,1609.6
0.16,0.4,-6.2405,19.83,-9.5143e+05,1.2562e+06,-23707,23707
0.16,0.384,-10.709,22.194,-1.7369e+06,2.0693e+06,-48557,48557
0.16,0.368,-13.088,23.44,-1.928e+06,2.2597e+06,-67275,67275
0.16,0.352,-11.446,20.939,-2.0838e+06,2.4516e+06,-81595,81595
0.16,0.336,-9.8514,19.538,-1.6153e+06,1.9604e+06,-91092,91092
0.16,0.32,-7.1355,16.433,-1.0248e+06,1.387e+06,-82442,82442
0.16,0.304,-5.7449,11.608,2.9463e+05,1657.7,-63673,63673
0.16,0.288,-1.7247,9.3761,1.2921e+06,-1.1737e+06,-45006,45006
0.16,0.272,3.8052,7.96,1.6475e+06,-1.9943e+06,-43939,43939
0.16,0.256,6.1217,6.3915,1.0546e+06,-1.824e+06,-38923,38923
0.16,0.24,5.1249,5.3761,3.2266e+05,-1.3422e+06,-30680,30680
0.16,0.224,3.6504,3.1946,-95339,-7.4344e+05,-20980,20980
0.16,0.208,2.8191,3.747,-2.0837e+05,-4.3547e+05,-23352,23352
0.16,0.192,1.5899,3.418,-2.1102e+05,-2.1596e+05,-25825,25825
0.16,0.176,1.3321,3.4162,-1.5439e+05,-2.5403e+05,-26793,26793
0.16,0.16,1.5553,3.6185,-41103,-3.6371e+05,-27891,27891
0.16,0.144,2.4183,2.5236,43451,-5.0611e+05,-27499,27499
0.16,0.128,2.8729,2.231,63213,-5.4771e+05,-26017,26017
0.16,0.112,3.2386,2.6479,29812,-5.5176e+05,-20360,20360
0.16,0.096,2.6509,2.784,-53770,-3.9711e+05,-15171,15171
0.16,0.08,2.7663,4.164,-1.6862e+05,-1.6557e+05,-11476,11476
0.16,0.064,1.2403,4.7803,-2.322e+05,25777,-6559.1,6559.1
0.16,0.048,0.37511,4.3582,-1.6642e+05,58414,-3703.5,3703.5
0.16,0.032,1.814,3.6036,-64682,-640.57,-667.24,667.24
0.16,0.016,1.5482,3.5527,0,0,-414.87,414.87
0.176,0.496,2.5994,24.987,0,0,326.71,326.71
0.176,0.48,2.9894,17.848,0,0,490.06,490.06
0.176,0.464,0.39004,17.885,NaN,NaN,4069.7,4069.7
0.176,0.448,-0.58128,21.234,NaN,NaN,11166,11166
0.176,0.432,-1.4537,22.233,NaN,NaN,7844.7,7844.7
0.176,0.416,-4.2997,25.015,NaN,NaN,-1565.1,1565.1
0.176,0.4,-9.1088,28.849,NaN,NaN,-33243,33243
0.176,0.384,-12.948,31.326,-2.963e+06,3.5806e+06,-60676,60676
0.176,0.368,-17.592,34.108,-2.7605e+06,3.437e+06,-1.0739e+05,1.0739e+05
0.176,0.352,-18.256,33.417,-2.8766e+06,3.5421e+06,-1.4103e+05,1.4103e+05
0.176,0.336,-15.552,27.224,-2.5432e+06,3.1971e+06,-1.5881e+05,1.5881e+05
0.176,0.32,-10.289,22.835,-1.6795e+06,2.2112e+06,-1.4238e+05,1.4238e+05
0.176,0.304,-6.474,19.791,52072,1.7648e+05,-1.0393e+05,1.0393e+05
0.176,0.288,0.071323,14.049,1.7926e+06,-2.0014e+06,-60041,60041
0.176,0.272,2.7177,8.5748,2.4662e+06,-3.3552e+06,-39027,39027
0.176,0.256,3.4575,7.5027,1.7404e+06,-3.0741e+06,-26296,26296
0.176,0.24,3.5403,6.5653,7.6753e+05,-2.3265e+06,-21591,21591
0.176,0.224,3.4149,4.2091,1.4922e+05,-1.4101e+06,-13418,13418
0.176,0.208,2.9756,5.3817,-1.0682e+05,-7.8619e+05,-18989,18989
0.176,0.192,1.954,6.8405,-2.4329e+05,-3.4533e+05,-29530,29530
0.176,0.176,1.6021,7.3201,-2.8277e+05,-2.8108e+05,-40237,40237
0.176,0.16,1.6951,7.1813,-2.0899e+05,-4.9541e+05,-52344,52344
0.176,0.144,1.9708,6.3388,-1.4465e+05,-7.489e+05,-57591,57591
0.176,0.128,1.5461,4.4262,-89851,-8.1145e+05,-57836,57836
0.176,0.112,2.5015,5.1515,-83385,-8.737e+05,-51104,51104
0.176,0.096,2.9145,4.4579,-89317,-8.3137e+05,-42534,42534
0.176,0.08,2.4323,4.4876,-1.4808e+05,-7.699e+05,-31529,31529
0.176,0.064,1.9638,4.6074,-2.2383e+05,-5.5525e+05,-17891,17891
0.176,0.048,0.49487,4.6896,-1.6717e+05,-3.0971e+05,-7741.1,7741.1
0.176,0.032,0.30447,4.3417,-97426,-1.355e+05,-1933.6,1933.6
0.176,0.016,-0.53342,1.8698,0,0,-715.31,715.31
0.192,0.496,1.3173,32.102,0,0,0,0
0.192,0.48,1.6989,29.091,0,0,0,0
0.192,0.464,0.43873,26.062,NaN,NaN,0,0
0.192,0.448,-0.71978,28.551,NaN,NaN,NaN,NaN
0.192,0.432,-0.95426,29.4,NaN,NaN,NaN,NaN
0.192,0.416,-5.155,34.217,NaN,NaN,NaN,NaN
0.192,0.4,-9.6675,36.025,NaN,NaN,-82153,82153
0.192,0.384,-15.363,38.107,NaN,NaN,-97251,97251
0.192,0.368,-20.895,38.914,NaN,NaN,-1.4684e+05,1.4684e+05
0.192,0.352,-23.445,41.915,-3.3876e+06,4.4826e+06,-2.2126e+05,2.2126e+05
0.192,0.336,-21.169,37.788,-3.0539e+06,3.9932e+06,-2.391e+05,2.391e+05
0.192,0.32,-17.109,30.114,-2.0343e+06,2.9396e+06,-2.261e+05,2.261e+05
0.192,0.304,-7.6276,25.812,-2.0844e+05,5.8705e+05,-1.6925e+05,1.6925e+05
0.192,0.288,-3.2504,21.43,1.5936e+06,-1.7012e+06,-1.0175e+05,1.0175e+05
0.192,0.272,1.4251,16.651,2.7376e+06,-3.7743e+06,-50746,50746
0.192,0.256,3.6805,12.326,2.289e+06,-3.9956e+06,-22105,22105
0.192,0.24,3.5932,9.6535,1.3809e+06,-3.6304e+06,-11321,11321
0.192,0.224,4.2747,7.6204,6.9526e+05,-2.9535e+06,-6222.6,6222.6
0.192,0.208,3.4542,9.4495,3.3077e+05,-2.4349e+06,-7055.9,7055.9
0.192,0.192,2.5373,11.514,44019,-1.9163e+06,-20290,20290
0.192,0.176,2.211,10.987,-1.6794e+05,-1.4798e+06,-39756,39756
0.192,0.16,2.8903,9.072,-2.3149e+05,-1.2477e+06,-66292,66292
0.192,0.144,3.8462,8.5726,-2.6459e+05,-1.2736e+06,-85334,85334
0.192,0.128,3.7043,8.6375,-2.0476e+05,-1.554e+06,-93051,93051
0.192,0.112,3.1238,9.0798,-1.4513e+05,-1.8728e+06,-86822,86822
0.192,0.096,3.5598,6.2499,-1.196e+05,-1.9579e+06,-75682,75682
0.192,0.08,2.8421,5.4673,-1.3885e+05,-1.7744e+06,-58538,58538
0.192,0.064,3.0619,6.1059,-2.6657e+05,-1.2474e+06,-35160,35160
0.192,0.048,2.1327,7.0753,-2.014e+05,-6.3026e+05,-16515,16515
0.192,0.032,0.89888,7.8449,-1.5025e+05,-2.0229e+05,-5366.5,5366.5
0.192,0.016,1.0122,2.7172,0,0,-1722.4,1722.4
0.208,0.496,0.66637,38.579,0,0,0,0
0.208,0.48,-1.2203,38.744,0,0,0,0
0.208,0.464,-2.4853,37.717,NaN,NaN,0,0
0.208,0.448,-2.3696,34.12,NaN,NaN,NaN,NaN
0.208,0.432,-3.469,33.358,NaN,NaN,NaN,NaN
0.208,0.416,-6.2589,36.093,NaN,NaN,NaN,NaN
0.208,0.4,-10.707,37.727,NaN,NaN,NaN,NaN
0.208,0.384,-14.734,39.688,NaN,NaN,NaN,NaN
0.208,0.368,-19.665,42.976,NaN,NaN,-2.5661e+05,2.5661e+05
0.208,0.352,-21.193,43.982,NaN,NaN,-3.0957e+05,3.0957e+05
0.208,0.336,-19.163,43.191,-3.733e+06,4.7572e+06,-3.1114e+05,3.1114e+05
0.208,0.32,-16.503,39.479,-2.3199e+06,3.3901e+06,-2.917e+05,2.917e+05
0.208,0.304,-11.112,33.956,-8.6469e+05,1.2199e+06,-2.4419e+05,2.4419e+05
0.208,0.288,-5.6162,28.601,8.814e+05,-9.3606e+05,-1.6997e+05,1.6997e+05
0.208,0.272,-2.3041,22.321,2.104e+06,-2.9549e+06,-98386,98386
0.208,0.256,0.18946,17.784,2.5615e+06,-4.2407e+06,-44525,44525
0.208,0.24,2.6472,12.827,2.1767e+06,-4.8574e+06,-18613,18613
0.208,0.224,5.0025,11.911,1.6387e+06,-4.8521e+06,-5175.5,5175.5
0.208,0.208,5.0612,11.342,1.2846e+06,-4.6725e+06,2630.9,2630.9
0.208,0.192,5.912,9.2123,9.861e+05,-4.1206e+06,2103.7,2103.7
0.208,0.176,5.6771,9.8419,6.901e+05,-3.4673e+06,-16535,16535
0.208,0.16,3.7981,12.688,4.8201e+05,-2.8883e+06,-52897,52897
0.208,0.144,3.2202,12.211,2.2942e+05,-2.3438e+06,-86995,86995
0.208,0.128,3.858,12.871,1.1208e+05,-2.0926e+06,-1.082e+05,1.082e+05
0.208,0.112,4.4629,13.219,-59772,-1.9137e+06,-1.0924e+05,1.0924e+05
0.208,0.096,4.1814,12.403,-2.124e+05,-1.9154e+06,-98454,98454
0.208,0.08,3.9715,12.827,-3.0936e+05,-2.0576e+06,-83007,83007
0.208,0.064,2.3499,12.887,-3.1805e+05,-2.2185e+06,-56859,56859
0.208,0.048,0.53043,12.662,-1.7462e+05,-1.5798e+06,-32172,32172
0.208,0.032,1.7048,11.937,-88370,-8.2603e+05,-12418,12418
0.208,0.016,2.1306,8.1328,0,0,-3259.6,3259.6
0.224,0.496,-0.70336,40.338,0,0,0,0
0.224,0.48,-4.0541,38.234,0,0,0,0
0.224,0.464,-5.099,36.318,NaN,NaN,0,0
0.224,0.448,-4.8171,33.952,NaN,NaN,NaN,NaN
0.224,0.432,-5.943,34.726,NaN,NaN,NaN,NaN
0.224,0.416,-6.1806,36.18,NaN,NaN,NaN,NaN
0.224,0.4,-8.7321,39.202,NaN,NaN,NaN,NaN
0.224,0.384,-11.483,42.168,NaN,NaN,NaN,NaN
0.224,0.368,-14.042,45.633,NaN,NaN,NaN,NaN
0.224,0.352,-15.575,47.394,NaN,NaN,-4.0491e+05,4.0491e+05
0.224,0.336,-14.336,47.87,NaN,NaN,-3.7071e+05,3.7071e+05
0.224,0.32,-12.967,46.914,-2.4023e+06,4.0297e+06,-3.0378e+05,3.0378e+05
0.224,0.304,-10.505,43.5,-1.0687e+06,1.411e+06,-2.5532e+05,2.5532e+05
0.224,0.288,-6.5413,38.604,1.1972e+05,72253,-1.9889e+05,1.9889e+05
0.224,0.272,-2.5169,32.166,1.1911e+06,-1.1991e+06,-1.4819e+05,1.4819e+05
0.224,0.256,-1.105,26.917,1.7706e+06,-2.1417e+06,-92213,92213
0.224,0.24,1.6464,22.222,1.9572e+06,-3.2199e+06,-46159,46159
0.224,0.224,4.2781,19.03,1.7687e+06,-3.9466e+06,-11895,11895
0.224,0.208,4.7287,19.271,1.62e+06,-4.3028e+06,10863,10863
0.224,0.192,5.3497,21.161,1.4994e+06,-4.1004e+06,22410,22410
0.224,0.176,5.3241,25.08,1.3621e+06,-3.6446e+06,16488,16488
0.224,0.16,4.6768,24.981,1.2551e+06,-3.0865e+06,-15071,15071
0.224,0.144,4.5254,26.106,1.0676e+06,-2.4915e+06,-49616,49616
0.224,0.128,1.8031,28.531,9.8579e+05,-2.3175e+06,-81126,81126
0.224,0.112,1.1457,29.949,8.3517e+05,-2.2883e+06,-94465,94465
0.224,0.096,1.0953,26.574,6.6621e+05,-2.5859e+06,-95779,95779
0.224,0.08,0.64854,23.752,5.3578e+05,-3.0229e+06,-85798,85798
0.224,0.064,1.6395,20.109,4.5775e+05,-3.3451e+06,-60706,60706
0.224,0.048,4.7848,19.923,3.1221e+05,-2.3445e+06,-35058,35058
0.224,0.032,5.3546,22.613,1.3829e+05,-1.1444e+06,-13613,13613
0.224,0.016,2.6948,18.717,0,0,-3118.8,3118.8
0.24,0.496,-2.0453,35.57,0,0,0,0
0.24,0.48,-4.1865,28.887,0,0,0,0
0.24,0.464,-4.0071,27.673,NaN,NaN,0,0
0.24,0.448,-5.5274,28.069,NaN,NaN,NaN,NaN
0.24,0.432,-4.8627,33.094,NaN,NaN,NaN,NaN
0.24,0.416,-4.084,36.037,NaN,NaN,NaN,NaN
0.24,0.4,-4.7197,40.528,NaN,NaN,NaN,NaN
0.24,0.384,-7.1101,44.598,NaN,NaN,NaN,NaN
0.24,0.368,-10.036,48.426,NaN,NaN,NaN,NaN
0.24,0.352,-12.67,51.285,NaN,NaN,NaN,NaN
0.24,0.336,-11.286,52.867,NaN,NaN,-3.9614e+05,3.9614e+05
0.24,0.32,-11.422,54.069,NaN,NaN,-2.877e+05,2.877e+05
0.24,0.304,-10.313,51.911,-1.1516e+06,1.1784e+06,-1.781e+05,1.781e+05
0.24,0.288,-7.4925,47.763,-2.0261e+05,4.6162e+05,-94295,94295
0.24,0.272,-4.8276,44.653,5.2223e+05,85588,-31040,31040
0.24,0.256,-1.3376,41.982,1.2604e+06,-8.3328e+05,8218.9,8218.9
0.24,0.24,2.6326,40.229,1.8257e+06,-2.1756e+06,18642,18642
0.24,0.224,3.4732,38.574,1.745e+06,-1.9767e+06,35518,35518
0.24,0.208,3.1105,40.189,1.6259e+06,-1.3805e+06,45007,45007
0.24,0.192,4.1842,42.08,1.5738e+06,-5.8325e+05,72558,72558
0.24,0.176,3.5707,42.362,1.5856e+06,-6.5968e+05,79214,79214
0.24,0.16,3.2796,43.894,1.5868e+06,-6.878e+05,57837,57837
0.24,0.144,3.1352,45.913,1.4912e+06,-5.0342e+05,26051,26051
0.24,0.128,2.9836,45.689,1.4169e+06,-2.3881e+05,-9640.8,9640.8
0.24,0.112,3.3117,45.718,1.2965e+06,-2.087e+05,-36343,36343
0.24,0.096,3.9129,45.445,1.1837e+06,-7.3701e+05,-55241,55241
0.24,0.08,5.6639,43.838,1.1346e+06,-1.8014e+06,-61217,61217
0.24,0.064,5.737,42.631,1.1745e+06,-2.8555e+06,-45244,45244
0.24,0.048,4.5569,44.641,8.1708e+05,-2.2835e+06,-24568,24568
0.24,0.032,4.2338,46.921,4.3093e+05,-1.214e+06,-7323.9,7323.9
0.24,0.016,2.8278,41.669,0,0,-1135.7,1135.7
0.256,0.496,-2.25,30.607,0,0,0,0
0.256,0.48,-1.7603,23.629,0,0,0,0
0.256,0.464,-2.894,24.499,NaN,NaN,0,0
0.256,0.448,-2.618,27.587,NaN,NaN,NaN,NaN
0.256,0.432,-1.8659,32.155,NaN,NaN,NaN,NaN
0.256,0.416,-2.4126,36.639,NaN,NaN,NaN,NaN
0.256,0.4,-2.7086,40.577,NaN,NaN,NaN,NaN
0.256,0.384,-4.5362,44.855,NaN,NaN,NaN,NaN
0.256,0.368,-7.0627,48.44,NaN,NaN,NaN,NaN
0.256,0.352,-9.0084,51.842,NaN,NaN,NaN,NaN
0.256,0.336,-9.794,55.685,NaN,NaN,NaN,NaN
0.256,0.32,-10.705,59.942,NaN,NaN,-1.5581e+05,1.5581e+05
0.256,0.304,-8.4144,60.841,NaN,NaN,-33384,33384
0.256,0.288,-7.0003,60.875,-3.1541e+05,1.1347e+06,-616.48,616.48
0.256,0.272,-6.3555,59.492,1.5114e+05,1.877e+06,39230,39230
0.256,0.256,-2.8978,57.813,4.1168e+05,1.7509e+06,58733,58733
0.256,0.24,-1.2491,56.174,9.2443e+05,1.2648e+06,1.2101e+05,1.2101e+05
0.256,0.224,0.27744,56.253,1.0526e+06,1.6992e+06,1.692e+05,1.692e+05
0.256,0.208,1.4212,55.333,1.0951e+06,2.1729e+06,2.0025e+05,2.0025e+05
0.256,0.192,1.5658,55.907,1.1425e+06,2.5422e+06,2.0204e+05,2.0204e+05
0.256,0.176,2.8182,55.792,1.259e+06,2.0963e+06,1.992e+05,1.992e+05
0.256,0.16,2.8255,54.924,1.3973e+06,1.6735e+06,1.6831e+05,1.6831e+05
0.256,0.144,2.7847,57.221,1.6598e+06,2.3134e+06,1.3276e+05,1.3276e+05
0.256,0.128,3.5063,57.379,1.7995e+06,2.7993e+06,80376,80376
0.256,0.112,3.669,58.909,1.9466e+06,2.975e+06,41527,41527
0.256,0.096,5.0508,59.329,1.9516e+06,2.068e+06,791.8,791.8
0.256,0.08,6.1823,58.499,1.926e+06,5.8556e+05,-11586,11586
0.256,0.064,5.1588,57.216,1.7888e+06,-7.9182e+05,-7941,7941
0.256,0.048,6.1716,58.156,1.1352e+06,-1.0202e+06,2779.5,2779.5
0.256,0.032,5.0669,59.786,5.4628e+05,-5.5401e+05,4909.3,4909.3
0.256,0.016,3.3617,56.927,0,0,1968.1,1968.1
0.272,0.496,-2.8533,27.782,0,0,0,0
0.272,0.48,-3.6959,24.638,0,0,0,0
0.272,0.464,-2.8743,26.5,NaN,NaN,0,0
0.272,0.448,-1.8363,28.411,NaN,NaN,NaN,NaN
0.272,0.432,-1.3307,30.932,NaN,NaN,NaN,NaN
0.272,0.416,-2.346,37.488,NaN,NaN,NaN,NaN
0.272,0.4,-2.2642,40.155,NaN,NaN,NaN,NaN
0.272,0.384,-3.1121,43.815,NaN,NaN,NaN,NaN
0.272,0.368,-3.9366,48.295,NaN,NaN,NaN,NaN
0.272,0.352,-5.337,53.192,NaN,NaN,NaN,NaN
0.272,0.336,-6.6096,58.144,NaN,NaN,NaN,NaN
0.272,0.32,-7.4587,63.215,NaN,NaN,NaN,NaN
0.272,0.304,-5.9218,67.347,NaN,NaN,2.4092e+05,2.4092e+05
0.272,0.288,-7.2605,71.118,NaN,NaN,2.6417e+05,2.6417e+05
0.272,0.272,-6.7519,72.836,NaN,NaN,2.6621e+05,2.6621e+05
0.272,0.256,-4.1451,75.766,NaN,NaN,2.6477e+05,2.6477e+05
0.272,0.24,-2.7832,76.609,NaN,NaN,2.7613e+05,2.7613e+05
0.272,0.224,-1.6663,75.685,8.5608e+05,5.8714e+06,2.8391e+05,2.8391e+05
0.272,0.208,-1.452,72.667,8.2107e+05,5.8623e+06,2.9191e+05,2.9191e+05
0.272,0.192,1.0637,70.219,8.6462e+05,5.5911e+06,2.8605e+05,2.8605e+05
0.272,0.176,3.1587,68.931,8.6531e+05,5.0111e+06,2.754e+05,2.754e+05
0.272,0.16,3.4706,70.004,9.042e+05,4.4342e+06,2.5397e+05,2.5397e+05
0.272,0.144,4.988,71.826,1.4361e+06,5.836e+06,2.0353e+05,2.0353e+05
0.272,0.128,6.4812,71.826,1.6012e+06,6.4559e+06,1.5236e+05,1.5236e+05
0.272,0.112,5.8878,71.838,1.7299e+06,6.6639e+06,95125,95125
0.272,0.096,8.845,70.028,1.6557e+06,5.855e+06,57691,57691
0.272,0.08,8.6987,66.197,1.5867e+06,4.1831e+06,35348,35348
0.272,0.064,6.5922,63.361,1.4571e+06,2.0691e+06,24497,24497
0.272,0.048,5.5158,62.615,9.2911e+05,5.5292e+05,19430,19430
0.272,0.032,4.7162,61.464,4.5519e+05,-13295,12391,12391
0.272,0.016,4.6786,59.325,0,0,3366.6,3366.6
0.288,0.496,-4.8343,26.768,0,0,0,0
0.288,0.48,-5.4014,25.048,0,0,0,0
0.288,0.464,-2.9316,28.838,NaN,NaN,0,0
0.288,0.448,-1.4151,27.268,NaN,NaN,NaN,NaN
0.288,0.432,-0.99912,28.099,NaN,NaN,NaN,NaN
0.288,0.416,-1.9862,35.512,NaN,NaN,NaN,NaN
0.288,0.4,-1.5812,39.689,NaN,NaN,NaN,NaN
0.288,0.384,-2.1991,45.16,NaN,NaN,NaN,NaN
0.288,0.368,-2.2621,51.376,NaN,NaN,NaN,NaN
0.288,0.352,-2.4098,56.686,NaN,NaN,NaN,NaN
0.288,0.336,-2.2798,61.056,NaN,NaN,NaN,NaN
0.288,0.32,-2.8842,66.168,NaN,NaN,NaN,NaN
0.288,0.304,-3.3844,70.262,NaN,NaN,NaN,NaN
0.288,0.288,-3.4725,74.297,NaN,NaN,NaN,NaN
0.288,0.272,-3.3589,78.477,NaN,NaN,NaN,NaN
0.288,0.256,-2.3554,81.387,NaN,NaN,NaN,NaN
0.288,0.24,-1.2322,83.227,NaN,NaN,5.2211e+05,5.2211e+05
0.288,0.224,-0.74437,81.451,NaN,NaN,4.9474e+05,4.9474e+05
0.288,0.208,-0.16326,82.055,NaN,NaN,4.6834e+05,4.6834e+05
0.288,0.192,1.8594,80.915,NaN,NaN,4.17e+05,4.17e+05
0.288,0.176,3.5348,78.783,NaN,NaN,4.1944e+05,4.1944e+05
0.288,0.16,4.4556,79.422,NaN,NaN,3.5039e+05,3.5039e+05
0.288,0.144,4.4917,78.845,1.9396e+06,8.6888e+06,2.8302e+05,2.8302e+05
0.288,0.128,5.9947,75.205,1.7402e+06,8.5459e+06,1.8859e+05,1.8859e+05
0.288,0.112,6.4757,73.109,1.6662e+06,8.4313e+06,1.27e+05,1.27e+05
0.288,0.096,7.0184,69.732,1.4031e+06,7.6199e+06,90057,90057
0.288,0.08,5.4921,67.088,1.2165e+06,5.8837e+06,69610,69610
0.288,0.064,6.4006,63.884,1.0204e+06,3.476e+06,47385,47385
0.288,0.048,5.3159,62.743,6.3699e+05,1.3911e+06,30514,30514
0.288,0.032,5.4558,60.72,3.0994e+05,3.2636e+05,14595,14595
0.288,0.016,5.1953,56.19,0,0,5063.6,5063.6
0.304,0.496,-3.6221,25.888,0,0,0,0
0.304,0.48,-5.2283,26.424,0,0,0,0
0.304,0.464,-3.858,28.341,NaN,NaN,0,0
0.304,0.448,-1.7679,26.204,NaN,NaN,NaN,NaN
0.304,0.432,-0.91161,24.939,NaN,NaN,NaN,NaN
0.304,0.416,-0.6341,28.313,NaN,NaN,NaN,NaN
0.304,0.4,-1.2671,33.331,NaN,NaN,NaN,NaN
0.304,0.384,0.13685,40.048,NaN,NaN,NaN,NaN
0.304,0.368,-0.11768,47.851,NaN,NaN,NaN,NaN
0.304,0.352,0.73095,56.07,NaN,NaN,NaN,NaN
0.304,0.336,0.42608,62.359,NaN,NaN,NaN,NaN
0.304,0.32,-0.3981,67.993,NaN,NaN,NaN,NaN
0.304,0.304,-1.2553,70.289,NaN,NaN,NaN,NaN
0.304,0.288,-0.97443,74.812,NaN,NaN,NaN,NaN
0.304,0.272,-0.32021,77.705,NaN,NaN,NaN,NaN
0.304,0.256,-0.51993,78.548,NaN,NaN,NaN,NaN
0.304,0.24,-0.04218,79.476,NaN,NaN,NaN,NaN
0.304,0.224,0.41265,80.046,NaN,NaN,NaN,NaN
0.304,0.208,1.1654,79.509,NaN,NaN,NaN,NaN
0.304,0.192,1.489,78.927,NaN,NaN,6.4039e+05,6.4039e+05
0.304,0.176,2.6124,77.741,NaN,NaN,5.2191e+05,5.2191e+05
0.304,0.16,3.2695,75.925,1.1919e+06,7.6438e+06,4.0217e+05,4.0217e+05
0.304,0.144,4.0787,73.097,1.4262e+06,8.0424e+06,2.8805e+05,2.8805e+05
0.304,0.128,4.0735,70.652,1.2857e+06,7.9444e+06,1.9722e+05,1.9722e+05
0.304,0.112,3.4231,68.549,1.1642e+06,7.6679e+06,1.3771e+05,1.3771e+05
0.304,0.096,2.9245,66.815,8.2248e+05,6.5557e+06,1.0446e+05,1.0446e+05
0.304,0.08,2.1485,64.862,6.2421e+05,4.8475e+06,75828,75828
0.304,0.064,3.8855,62.609,5.1706e+05,2.8122e+06,49162,49162
0.304,0.048,4.3528,60.486,3.5731e+05,1.1994e+06,27453,27453
0.304,0.032,3.601,58.049,1.8944e+05,3.0294e+05,12091,12091
0.304,0.016,2.1437,54.153,0,0,4124.3,4124.3
0.32,0.496,-4.3749,29.761,0,0,0,0
0.32,0.48,-5.2649,29.061,0,0,0,0
0.32,0.464,-3.4039,28.763,NaN,NaN,0,0
0.32,0.448,-1.7493,27.062,NaN,NaN,NaN,NaN
0.32,0.432,-1.71,25.207,NaN,NaN,NaN,NaN
0.32,0.416,-1.4599,24.296,NaN,NaN,NaN,NaN
0.32,0.4,-0.60256,28.053,NaN,NaN,NaN,NaN
0.32,0.384,0.2876,31.737,NaN,NaN,-16853,16853
0.32,0.368,0.96279,40.747,NaN,NaN,-9582.9,9582.9
0.32,0.352,0.94584,46.757,NaN,NaN,-11956,11956
0.32,0.336,0.93835,52.74,NaN,NaN,-24729,24729
0.32,0.32,0.42798,60.533,NaN,NaN,-51349,51349
0.32,0.304,0.35301,64.191,NaN,NaN,-69536,69536
0.32,0.288,1.0585,69.394,NaN,NaN,-76718,76718
0.32,0.272,0.54984,73.007,NaN,NaN,1.7437e+05,1.7437e+05
0.32,0.256,1.1818,74.237,NaN,NaN,4.0184e+05,4.0184e+05
0.32,0.24,0.88617,74.13,NaN,NaN,3.8077e+05,3.8077e+05
0.32,0.224,0.14889,76.601,NaN,NaN,3.3322e+05,3.3322e+05
0.32,0.208,0.64773,76.651,NaN,NaN,3.6671e+05,3.6671e+05
0.32,0.192,1.2999,75.203,NaN,NaN,4.4795e+05,4.4795e+05
0.32,0.176,1.1646,74.035,6.6562e+05,6.9193e+06,4.5556e+05,4.5556e+05
0.32,0.16,1.993,71.121,7.0861e+05,7.1696e+06,3.6537e+05,3.6537e+05
0.32,0.144,2.676,68.914,7.6912e+05,7.1793e+06,2.6982e+05,2.6982e+05
0.32,0.128,2.9774,65.434,6.3486e+05,6.906e+06,1.7507e+05,1.7507e+05
0.32,0.112,1.2773,62.49,4.5532e+05,6.1221e+06,1.2645e+05,1.2645e+05
0.32,0.096,0.71272,59.923,1.7028e+05,4.5435e+06,87174,87174
0.32,0.08,0.19168,58.628,41440,2.6536e+06,61956,61956
0.32,0.064,0.91602,56.424,37914,9.137e+05,41218,41218
0.32,0.048,2.2607,54.563,46408,95854,23726,23726
0.32,0.032,1.227,53.023,49713,-1.3549e+05,8252.4,8252.4
0.32,0.016,1.057,50.013,0,0,2763.6,2763.6
0.336,0.496,-1.7999,31.456,0,0,0,0
0.336,0.48,-3.042,31.057,0,0,0,0
0.336,0.464,-3.0212,30.754,NaN,NaN,1.2574e+05,1.2574e+05
0.336,0.448,-1.5918,28.358,NaN,NaN,5.0906e+05,5.0906e+05
0.336,0.432,-2.2317,29.191,NaN,NaN,4.9789e+05,4.9789e+05
0.336,0.416,-1.2234,30.178,NaN,NaN,4.8234e+05,4.8234e+05
0.336,0.4,0.070392,27.622,NaN,NaN,4.4927e+05,4.4927e+05
0.336,0.384,-0.3288,29.181,NaN,NaN,2.2568e+05,2.2568e+05
0.336,0.368,1.6347,32.434,7.9784e+05,1.3696e+06,1.1241e+05,1.1241e+05
0.336,0.352,2.3931,38.843,8.6038e+05,1.6755e+06,51351,51351
0.336,0.336,2.9243,40.337,8.9926e+05,1.9944e+06,67139,67139
0.336,0.32,2.1399,44.747,1.0253e+06,2.8231e+06,59766,59766
0.336,0.304,2.0322,49.879,1.0765e+06,3.2439e+06,39567,39567
0.336,0.288,2.1684,54.338,1.176e+06,3.8556e+06,80169,80169
0.336,0.272,2.0868,57.741,NaN,NaN,1.6901e+05,1.6901e+05
0.336,0.256,2.0291,61.205,5.8399e+05,5.339e+06,2.5782e+05,2.5782e+05
0.336,0.24,1.6062,64.747,4.7703e+05,5.2741e+06,2.433e+05,2.433e+05
0.336,0.224,1.4379,65.993,4.4861e+05,5.3608e+06,2.5256e+05,2.5256e+05
0.336,0.208,0.53722,66.164,3.514e+05,5.6476e+06,2.8757e+05,2.8757e+05
0.336,0.192,-0.53478,65.236,2.5988e+05,5.8912e+06,3.4651e+05,3.4651e+05
0.336,0.176,-0.3936,64.988,2.9075e+05,6.0156e+06,3.2375e+05,3.2375e+05
0.336,0.16,0.28926,65.425,3.6507e+05,6.2362e+06,2.6605e+05,2.6605e+05
0.336,0.144,-0.44456,63.731,2.6031e+05,5.7772e+06,1.8166e+05,1.8166e+05
0.336,0.128,-0.76915,60.342,54234,4.9252e+06,1.3054e+05,1.3054e+05
0.336,0.112,-0.88983,56.394,-2.2452e+05,3.3371e+06,90788,90788
0.336,0.096,-0.25433,52.591,-3.5055e+05,1.6222e+06,56458,56458
0.336,0.08,-0.45846,49.77,-3.4848e+05,-30610,39085,39085
0.336,0.064,-0.30965,47.326,-2.4998e+05,-1.4027e+06,27591,27591
0.336,0.048,0.33986,45.565,-1.2257e+05,-1.3255e+06,16952,16952
0.336,0.032,0.39245,43.975,-33609,-7.8741e+05,3699.7,3699.7
0.336,0.016,-0.36958,41.199,0,0,-531.57,531.57
0.352,0.496,-1.2593,27,0,0,326.71,326.71
0.352,0.48,-2.8421,25.896,0,0,16158,16158
0.352,0.464,-1.3167,24.818,NaN,NaN,1.0891e+05,1.0891e+05
0.352,0.448,0.31645,24.124,3.3426e+05,-1.5866e+06,2.4287e+05,2.4287e+05
0.352,0.432,-1.2336,25.49,3.164e+05,-1.1631e+06,2.7402e+05,2.7402e+05
0.352,0.416,-1.7208,27.164,3.7977e+05,-6.6008e+05,2.6952e+05,2.6952e+05
0.352,0.4,-0.8154,25.482,6.1401e+05,4.0507e+05,2.5137e+05,2.5137e+05
0.352,0.384,-0.13679,25.718,8.6848e+05,1.4101e+06,1.4528e+05,1.4528e+05
0.352,0.368,-0.28986,25.853,8.8904e+05,1.826e+06,80461,80461
0.352,0.352,1.3393,27.538,8.1365e+05,1.9718e+06,42651,42651
0.352,0.336,1.6732,26.91,8.2955e+05,2.1165e+06,58982,58982
0.352,0.32,2.0797,28.473,9.6911e+05,2.7251e+06,59454,59454
0.352,0.304,2.9427,32.347,1.1028e+06,3.217e+06,50575,50575
0.352,0.288,3.2888,41.859,1.1617e+06,3.8226e+06,69553,69553
0.352,0.272,2.4663,45.904,1.0255e+06,4.0151e+06,1.1987e+05,1.1987e+05
0.352,0.256,1.5323,47.999,7.4842e+05,4.455e+06,1.7097e+05,1.7097e+05
0.352,0.24,0.66745,50.126,5.4883e+05,4.7562e+06,1.7709e+05,1.7709e+05
0.352,0.224,-0.75556,52.079,4.2692e+05,5.0042e+06,1.8663e+05,1.8663e+05
0.352,0.208,-0.62302,53.355,2.7141e+05,5.1902e+06,2.0805e+05,2.0805e+05
0.352,0.192,0.30052,54.348,1.0574e+05,5.0994e+06,2.0698e+05,2.0698e+05
0.352,0.176,-0.31668,54.341,51194,4.9371e+06,1.7418e+05,1.7418e+05
0.352,0.16,-1.0649,53.625,-79791,4.5774e+06,1.2533e+05,1.2533e+05
0.352,0.144,-0.51181,51.676,-2.6599e+05,3.6756e+06,91120,91120
0.352,0.128,-2.5098,47.212,-5.0982e+05,2.2953e+06,69001,69001
0.352,0.112,-3.4224,44.11,-6.1624e+05,4.3697e+05,41124,41124
0.352,0.096,-1.971,42.694,-5.8061e+05,-9.5868e+05,22464,22464
0.352,0.08,-0.81379,40.039,-4.7248e+05,-1.8474e+06,14580,14580
0.352,0.064,-0.52525,37.887,-3.7111e+05,-2.3887e+06,14354,14354
0.352,0.048,-0.94579,37.312,-1.9613e+05,-1.6818e+06,9260.3,9260.3
0.352,0.032,-0.65914,37.694,-89934,-9.7203e+05,1763.1,1763.1
0.352,0.016,-0.96962,34.755,0,0,-927.23,927.23
0.368,0.496,-2.2105,21.418,0,0,1125.1,1125.1
0.368,0.48,-2.5612,15.012,0,0,18917,18917
0.368,0.464,-2.5254,12.24,5.3707e+05,-1.1295e+06,92355,92355
0.368,0.448,-2.1979,10.869,3.4135e+05,-1.059e+06,1.6879e+05,1.6879e+05
0.368,0.432,-1.1655,12.766,2.6411e+05,-8.418e+05,2.0499e+05,2.0499e+05
0.368,0.416,-1.2066,14.129,2.4595e+05,-4.6997e+05,2.0386e+05,2.0386e+05
0.368,0.4,-0.48377,15.412,4.2918e+05,1.9868e+05,1.9026e+05,1.9026e+05
0.368,0.384,1.2873,18.751,6.7699e+05,8.657e+05,1.3024e+05,1.3024e+05
0.368,0.368,2.1872,19.965,7.6163e+05,1.298e+06,85932,85932
0.368,0.352,1.2495,19.888,7.3017e+05,1.5139e+06,56535,56535
0.368,0.336,1.1471,20.42,7.4574e+05,1.6531e+06,75024,75024
0.368,0.32,3.0613,20.936,8.8122e+05,2.0817e+06,84902,84902
0.368,0.304,3.9842,24.639,9.3932e+05,2.2829e+06,83600,83600
0.368,0.288,4.7163,28.156,8.0909e+05,2.3506e+06,90326,90326
0.368,0.272,3.6679,30.269,5.2609e+05,2.0265e+06,78259,78259
0.368,0.256,2.2247,30.408,4.1454e+05,2.5778e+06,73275,73275
0.368,0.24,1.398,34.163,3.1255e+05,3.1674e+06,61331,61331
0.368,0.224,0.94119,38.45,1.844e+05,3.5543e+06,83650,83650
0.368,0.208,-0.076025,39.956,-39924,3.2131e+06,91285,91285
0.368,0.192,-0.051091,41.237,-1.9036e+05,2.7861e+06,86362,86362
0.368,0.176,1.1111,38.115,-3.036e+05,2.4028e+06,59569,59569
0.368,0.16,-0.75514,35.542,-4.3144e+05,2.3047e+06,51995,51995
0.368,0.144,-1.1056,34.418,-5.7356e+05,1.38e+06,50389,50389
0.368,0.128,-1.4495,32.695,-6.3053e+05,2.0756e+05,51959,51959
0.368,0.112,-1.413,31.723,-5.3758e+05,-9.8798e+05,36575,36575
0.368,0.096,-2.1925,27.119,-3.7071e+05,-1.2105e+06,25331,25331
0.368,0.08,-2.8307,31.67,-2.0065e+05,-6.6672e+05,19252,19252
0.368,0.064,-0.47732,34.843,-1.5576e+05,-5.4821e+05,19620,19620
0.368,0.048,-1.3509,36.974,-74663,-2.2101e+05,13706,13706
0.368,0.032,-3.5963,36.905,-55976,-3.6042e+05,5035.2,5035.2
0.368,0.016,-4.4823,32.061,0,0,205.09,205.09
0.384,0.496,-3.7336,20.311,0,0,2171.3,2171.3
0.384,0.48,-5.3357,10.982,48229,-4.4911e+05,21204,21204
0.384,0.464,-3.2881,7.3638,3.6499e+05,-1.463e+06,36028,36028
0.384,0.448,-1.6896,8.2345,3.9758e+05,-9.4964e+05,53969,53969
0.384,0.432,-2.2121,8.1453,3.8769e+05,-4.5311e+05,64428,64428
0.384,0.416,-2.2931,8.3471,3.4249e+05,-2.2548e+05,70851,70851
0.384,0.4,-0.84793,8.1669,3.9453e+05,2.0537e+05,64110,64110
0.384,0.384,1.2726,10.453,4.876e+05,5.6371e+05,43684,43684
0.384,0.368,2.2512,12.565,5.3649e+05,8.9369e+05,34084,34084
0.384,0.352,1.6083,13.212,5.0217e+05,9.7075e+05,30443,30443
0.384,0.336,2.2981,13.526,5.4446e+05,9.9011e+05,33164,33164
0.384,0.32,3.148,12.743,6.7034e+05,1.1573e+06,36184,36184
0.384,0.304,4.5793,13.907,7.0496e+05,1.3848e+06,40518,40518
0.384,0.288,3.4229,13.005,5.2332e+05,1.4366e+06,34886,34886
0.384,0.272,1.9648,9.797,3.042e+05,1.3342e+06,31326,31326
0.384,0.256,2.7797,8.897,1.6864e+05,1.3421e+06,29109,29109
0.384,0.24,3.7185,10.565,62212,1.6145e+06,36029,36029
0.384,0.224,1.2903,17.803,-1.643e+05,1.4129e+06,34815,34815
0.384,0.208,0.27103,17.37,-3.6277e+05,4.6181e+05,33603,33603
0.384,0.192,-2.1686,13.709,-4.1997e+05,-3.6968e+05,35799,35799
0.384,0.176,-2.0092,16.476,-3.2985e+05,-3.6748e+05,43634,43634
0.384,0.16,-1.3684,20.139,-3.253e+05,1.8078e+05,58983,58983
0.384,0.144,-1.0499,21.198,-3.3901e+05,92252,63896,63896
0.384,0.128,-1.0295,20.131,-2.3247e+05,-1.0131e+05,65869,65869
0.384,0.112,-1.0455,19.551,28572,-3.2438e+05,51584,51584
0.384,0.096,0.2013,22.041,2.6827e+05,1.9781e+05,47347,47347
0.384,0.08,1.4764,27.356,3.578e+05,1.1921e+06,37312,37312
0.384,0.064,1.9155,34.189,2.5988e+05,1.7548e+06,33503,33503
0.384,0.048,-0.01544,34.641,1.417e+05,1.4752e+06,19570,19570
0.384,0.032,-0.30946,33.223,25737,4.7773e+05,9905.7,9905.7
0.384,0.016,-2.6929,26.767,0,0,2013.1,2013.1
0.4,0.496,-4.1682,17.188,0,0,2758.4,2758.4
0.4,0.48,-6.0956,9.8482,1.2277e+05,-5.885e+05,13315,13315
0.4,0.464,-3.7354,5.6526,4.715e+05,-1.154e+06,30239,30239
0.4,0.448,-1.2413,9.8759,4.7206e+05,-6.345e+05,48355,48355
0.4,0.432,-1.4372,8.9602,4.4472e+05,-1.4195e+05,65344,65344
0.4,0.416,-0.27672,9.332,3.2111e+05,11599,66738,66738
0.4,0.4,-0.070267,8.4919,2.6943e+05,65094,55987,55987
0.4,0.384,-0.67166,9.4968,2.7129e+05,1.2825e+05,38883,38883
0.4,0.368,-0.54592,10.051,2.4871e+05,2.2948e+05,33237,33237
0.4,0.352,0.85978,9.8288,2.1627e+05,1.6218e+05,33181,33181
0.4,0.336,1.3898,7.9602,2.8234e+05,1.3418e+05,27680,27680
0.4,0.32,2.6026,8.2543,4.5425e+05,2.576e+05,21358,21358
0.4,0.304,2.5494,8.168,5.0487e+05,4.0017e+05,16606,16606
0.4,0.288,2.1127,7.439,2.6059e+05,2.8793e+05,19905,19905
0.4,0.272,1.4336,4.97,-3949.3,47325,25136,25136
0.4,0.256,0.4078,4.2377,-1.2824e+05,-56682,30244,30244
0.4,0.24,-0.96547,5.1344,-1.6859e+05,94676,30110,30110
0.4,0.224,-1.6799,7.3937,-3.2014e+05,-2.0962e+05,23863,23863
0.4,0.208,-3.449,4.4909,-4.4179e+05,-1.2044e+06,26129,26129
0.4,0.192,-4.4338,1.3604,-3.6372e+05,-1.8855e+06,35379,35379
0.4,0.176,-3.0425,1.033,-1.5333e+05,-1.5537e+06,51209,51209
0.4,0.16,-0.47202,2.8269,-49878,-5.8419e+05,71025,71025
0.4,0.144,-0.71737,4.5933,7252.3,-1.0622e+05,78680,78680
0.4,0.128,-0.43247,6.1412,1.4509e+05,2.5243e+05,83685,83685
0.4,0.112,1.8543,17.413,4.458e+05,7.7658e+05,70511,70511
0.4,0.096,4.7005,17.436,7.6069e+05,1.7689e+06,65781,65781
0.4,0.08,4.2702,20.493,9.5856e+05,2.6159e+06,56806,56806
0.4,0.064,0.91424,23.986,4.9218e+05,2.6395e+06,48835,48835
0.4,0.048,-0.51997,26.25,1.6243e+05,1.7356e+06,31141,31141
0.4,0.032,-1.6004,27.804,-1.8406e+05,5.6664e+05,13949,13949
0.4,0.016,-9.47,37.359,0,0,2587.2,2587.2
0.416,0.496,-5.274,13.747,0,0,3936.6,3936.6
0.416,0.48,-5.6674,8.0398,1.5921e+05,-6.4686e+05,19825,19825
0.416,0.464,-3.4131,4.8472,4.3846e+05,-9.1041e+05,45474,45474
0.416,0.448,-1.6514,8.4616,4.5413e+05,-5.1475e+05,71352,71352
0.416,0.432,-1.3218,7.5225,4.5695e+05,20199,86678,86678
0.416,0.416,-0.37091,6.9294,3.0778e+05,69667,84088,84088
0.416,0.4,-0.078798,7.224,1.8205e+05,63533,74768,74768
0.416,0.384,0.52225,7.9734,89600,20896,65584,65584
0.416,0.368,0.53359,8.3123,23067,-13591,66102,66102
0.416,0.352,-0.77198,6.2615,-18459,-1.9505e+05,68714,68714
0.416,0.336,-0.243,5.0784,50097,-2.0588e+05,61583,61583
0.416,0.32,1.0439,4.5093,2.1282e+05,-64097,46727,46727
0.416,0.304,2.4418,4.5121,2.7015e+05,1.5485e+05,35807,35807
0.416,0.288,4.1368,4.4975,1.0154e+05,1.7551e+05,35991,35991
0.416,0.272,1.4741,5.7782,-75289,11072,44915,44915
0.416,0.256,0.029673,3.8896,-1.646e+05,-62870,48898,48898
0.416,0.24,0.12551,3.0787,-1.7503e+05,-1040.6,47169,47169
0.416,0.224,-1.0954,3.7289,-2.7698e+05,-2.8072e+05,44902,44902
0.416,0.208,-2.306,3.9531,-2.559e+05,-8.1817e+05,46949,46949
0.416,0.192,-2.1554,4.5114,-1.0196e+05,-1.1445e+06,51643,51643
0.416,0.176,-1.2365,4.8937,1.4334e+05,-8.016e+05,54138,54138
0.416,0.16,-0.71705,4.271,2.3618e+05,-3.7366e+05,63672,63672
0.416,0.144,-0.11239,4.4133,2.3238e+05,-1.0703e+05,71755,71755
0.416,0.128,0.38896,6.3456,3.0515e+05,3.7508e+05,85028,85028
0.416,0.112,1.054,12.054,2.4934e+05,5.7512e+05,85844,85844
0.416,0.096,5.291,12.929,6.3461e+05,1.2243e+06,85544,85544
0.416,0.08,6.8158,14.296,4.7448e+05,8.2575e+05,72531,72531
0.416,0.064,4.2398,8.6345,-3.0591e+05,5.073e+05,54834,54834
0.416,0.048,-10.19,41.003,-7.4701e+05,-1.5552e+05,31848,31848
0.416,0.032,-14.003,45.771,-7.6142e+05,-2.2228e+05,13604,13604
0.416,0.016,-18.263,51.72,0,0,2954.6,2954.6
0.432,0.496,-6.3041,11.823,-61879,-2.5288e+05,6755.7,6755.7
0.432,0.48,-6.5308,7.3019,-1.0005e+06,-1.7045e+06,30118,30118
0.432,0.464,-3.8588,4.7547,-1.5089e+06,-3.2936e+06,68801,68801
0.432,0.448,-2.8405,6.0193,-1.1589e+06,-2.4902e+06,1.0814e+05,1.0814e+05
0.432,0.432,-1.435,4.5977,-4.2947e+05,-1.48e+06,1.2354e+05,1.2354e+05
0.432,0.416,-0.7545,5.2452,2.6121e+05,-1.0993e+05,1.1867e+05,1.1867e+05
0.432,0.4,-1.1091,6.4848,3.1224e+05,64401,1.0414e+05,1.0414e+05
0.432,0.384,-1.0815,6.5768,3.1769e+05,1.4605e+05,1.0465e+05,1.0465e+05
0.432,0.368,-0.93265,5.7737,-29871,-59520,1.0568e+05,1.0568e+05
0.432,0.352,-0.96349,5.3666,-87242,-2.4667e+05,1.0523e+05,1.0523e+05
0.432,0.336,-1.6006,2.6038,-55126,-2.2648e+05,85994,85994
0.432,0.32,-0.87011,2.2763,1.2681e+05,-1.0783e+05,71984,71984
0.432,0.304,1.0824,2.4669,3.0419e+05,1.0138e+05,64599,64599
0.432,0.288,0.52545,2.5594,1.5697e+05,1.5595e+05,69535,69535
0.432,0.272,-0.61415,3.3709,-1010.4,72687,75030,75030
0.432,0.256,-0.32515,1.9457,-1.3369e+05,1.1841e+05,77332,77332
0.432,0.24,-0.70292,5.4569,-54365,2.1291e+05,73360,73360
0.432,0.224,-1.4502,6.1166,-53494,2.6402e+05,65493,65493
0.432,0.208,-1.4925,6.3763,-18384,1.7401e+05,56954,56954
0.432,0.192,-0.54696,7.184,74407,1.1796e+05,48238,48238
0.432,0.176,-0.85529,7.9452,1.4334e+05,89418,40228,40228
0.432,0.16,-0.76596,6.4946,1.3124e+05,-61244,44501,44501
0.432,0.144,0.12661,3.9583,1.0768e+05,-1.3833e+05,58867,58867
0.432,0.128,0.41479,4.1007,1.2295e+05,45929,79563,79563
0.432,0.112,1.6389,5.6178,-3.1421e+05,-3.1517e+05,90234,90234
0.432,0.096,-10.258,5.658,-81275,1.0265e+06,89413,89413
0.432,0.08,8.287,8.1067,-2.912e+05,1.6247e+06,81487,81487
0.432,0.064,-15.8,12.61,-7.8415e+05,2.9993e+06,61837,61837
0.432,0.048,-30.962,46.073,-1.0554e+06,1.6587e+06,39829,39829
0.432,0.032,-37.383,58.541,-9.0214e+05,8.8974e+05,16278,16278
0.432,0.016,-5.7647,23.896,0,0,4142.4,4142.4
0.448,0.496,-5.6063,7.5799,-61879,-2.5288e+05,4932.8,4932.8
0.448,0.48,-7.655,3.5319,-1.2374e+06,-1.7976e+06,33121,33121
0.448,0.464,-42.551,-5.5472,-2.3437e+06,-4.273e+06,79374,79374
0.448,0.448,-24.125,-12.089,-2.5732e+06,-4.7488e+06,1.3418e+05,1.3418e+05
0.448,0.432,-5.6719,-0.64379,-1.7865e+06,-3.3977e+06,1.598e+05,1.598e+05
0.448,0.416,-2.3693,0.2446,-8.6348e+05,-1.7419e+06,1.5998e+05,1.5998e+05
0.448,0.4,0.93764,5.9042,-1.0814e+05,-1.8859e+05,1.4302e+05,1.4302e+05
0.448,0.384,0.13371,4.8176,2.0576e+05,51261,1.3339e+05,1.3339e+05
0.448,0.368,-0.94962,3.7035,-90384,-46515,1.2719e+05,1.2719e+05
0.448,0.352,-0.77645,5.2057,-2.1891e+05,-2.8207e+05,1.1897e+05,1.1897e+05
0.448,0.336,-1.134,1.8869,-1.9831e+05,-2.3971e+05,1.0283e+05,1.0283e+05
0.448,0.32,0.1156,0.79711,-59289,-2.1977e+05,91765,91765
0.448,0.304,2.7791,0.70485,69118,-13267,88197,88197
0.448,0.288,4.9265,1.3626,-17338,41378,89221,89221
0.448,0.272,-0.40855,1.9221,-73001,51299,91508,91508
0.448,0.256,-0.82586,3.7421,2.0727e+05,3.3558e+05,91349,91349
0.448,0.24,-0.55078,6.451,6.2408e+05,6.285e+05,89788,89788
0.448,0.224,-0.61159,6.9805,9.4907e+05,8.7032e+05,81913,81913
0.448,0.208,-0.29506,7.1744,8.7026e+05,7.6549e+05,68961,68961
0.448,0.192,0.25867,7.5086,5.6603e+05,5.3591e+05,56965,56965
0.448,0.176,0.51033,7.3905,2.0693e+05,2.536e+05,45887,45887
0.448,0.16,0.55764,6.7023,-3950.1,-64665,52418,52418
0.448,0.144,0.51848,3.8979,19915,-1.4869e+05,67743,67743
0.448,0.128,0.93542,2.7211,63848,-4804.8,87403,87403
0.448,0.112,0.12279,2.7317,-5.0102e+05,-5.2397e+05,99007,99007
0.448,0.096,-13.067,4.2723,-2.268e+05,9.2464e+05,99338,99338
0.448,0.08,0.66056,46.768,-7.0581e+05,1.6562e+06,89223,89223
0.448,0.064,-3.1727,57.251,-9.2154e+05,3.9982e+06,66112,66112
0.448,0.048,-6.4693,81.858,-1.3012e+06,2.1515e+06,38308,38308
0.448,0.032,-38.605,161.92,-7.3785e+05,1.111e+06,16036,16036
0.448,0.016,-97.308,77.315,0,0,3580.1,3580.1
0.464,0.496,-3.6096,4.0968,-61879,-2.5288e+05,3332.1,3332.1
0.464,0.48,-18.007,11.931,-2.1623e+06,-3.1629e+06,25577,25577
0.464,0.464,-53.446,10.017,-5.2619e+06,-7.139e+06,61046,61046
0.464,0.448,-75.994,171.74,-5.4631e+06,-7.895e+06,1.1166e+05,1.1166e+05
0.464,0.432,-39.191,-11.076,-5.0577e+06,-7.52e+06,1.4224e+05,1.4224e+05
0.464,0.416,-16.763,0.3877,-2.6212e+06,-4.6688e+06,1.5685e+05,1.5685e+05
0.464,0.4,-2.1115,0.47426,-1.6363e+06,-2.6957e+06,1.3835e+05,1.3835e+05
0.464,0.384,0.20447,2.7818,-2.4417e+05,-4.274e+05,1.2017e+05,1.2017e+05
0.464,0.368,-1.817,2.6011,-7.2179e+05,-4.7973e+05,99820,99820
0.464,0.352,-2.0628,5.1048,-9.5305e+05,-7.3063e+05,87389,87389
0.464,0.336,-3.9239,-4.5833,-7.3988e+05,-5.765e+05,72198,72198
0.464,0.32,-0.66903,-1.2256,-2.8013e+05,-3.6666e+05,65652,65652
0.464,0.304,1.9343,1.0776,1.2958e+05,-67009,62716,62716
0.464,0.288,-1.2198,0.012132,1.303e+05,17949,64544,64544
0.464,0.272,-0.52883,1.5174,-3.9181e+05,-9.7113e+05,66009,66009
0.464,0.256,0.14246,2.7614,-7.0726e+05,-2.0285e+06,64778,64778
0.464,0.24,1.3518,4.2783,-7.9221e+05,-2.9565e+06,62747,62747
0.464,0.224,1.4774,5.0774,-4.0757e+05,-2.5529e+06,52113,52113
0.464,0.208,2.1485,4.792,5.9862e+05,-1.0579e+06,49302,49302
0.464,0.192,1.3365,5.5403,1.1287e+06,2.7909e+05,41395,41395
0.464,0.176,0.82511,4.8641,1.1743e+06,8.9454e+05,36083,36083
0.464,0.16,1.6208,4.5461,3.6811e+05,3.6402e+05,42591,42591
0.464,0.144,1.0637,2.6121,21600,-1.3424e+05,54633,54633
0.464,0.128,1.044,1.1044,7000,32751,66462,66462
0.464,0.112,1.9357,4.1697,-3.394e+05,-3.4502e+05,69580,69580
0.464,0.096,-0.72774,3.1134,-2.2605e+05,1.0979e+06,69756,69756
0.464,0.08,5.8586,15.031,-8.8004e+05,2.3052e+06,66758,66758
0.464,0.064,-260.12,-57.616,-7.5404e+05,6.0009e+06,50903,50903
0.464,0.048,-314.1,222.75,-9.5339e+05,3.9555e+06,29491,29491
0.464,0.032,14.421,19.69,-99206,1.9157e+06,11850,11850
0.464,0.016,30.498,120.43,0,0,2261.5,2261.5
0.48,0.496,-2.7042,1.0742,0,0,-1579.5,1579.5
0.48,0.48,-18.686,14.482,-8.6801e+05,-1.5218e+06,9059.5,9059.5
0.48,0.464,-45.134,-7.6319,-2.7495e+06,-3.0791e+06,22149,22149
0.48,0.448,-44.845,-21.326,-3.2799e+06,-4.5841e+06,50079,50079
0.48,0.432,-526.67,-343.03,-4.1823e+06,-5.7423e+06,69624,69624
0.48,0.416,-58.531,-93.455,-2.7696e+06,-4.5656e+06,87897,87897
0.48,0.4,-6.6175,-5.7324,-1.8749e+06,-2.7695e+06,81735,81735
0.48,0.384,-4.0006,0.60817,-5.0854e+05,-5.3914e+05,65515,65515
0.48,0.368,-10.633,0.038015,-7.016e+05,-4.7012e+05,49077,49077
0.48,0.352,-13.193,-5.3815,-9.2859e+05,-6.764e+05,41408,41408
0.48,0.336,-8.5288,-5.0575,-7.3312e+05,-5.5773e+05,40142,40142
0.48,0.32,-1.9806,-1.8822,-3.2502e+05,-3.3954e+05,34454,34454
0.48,0.304,0.74203,-0.04831,-13692,-89981,28586,28586
0.48,0.288,1.5269,-0.12183,50168,722.34,25693,25693
0.48,0.272,-0.27512,1.0286,-4.1956e+05,-1.0159e+06,27941,27941
0.48,0.256,-21.372,-11.704,-6.4927e+05,-2.1401e+06,27074,27074
0.48,0.24,-23.508,-12.123,-8.0327e+05,-3.1415e+06,27691,27691
0.48,0.224,-22.816,-13.05,-4.3189e+05,-2.7431e+06,27011,27011
0.48,0.208,-20.286,-11.138,5.6682e+05,-1.1813e+06,32719,32719
0.48,0.192,1.8518,3.9606,1.0953e+06,2.0868e+05,29698,29698
0.48,0.176,2.8693,3.0507,1.1453e+06,8.6898e+05,24878,24878
0.48,0.16,1.2462,2.9737,3.5974e+05,4.0789e+05,26525,26525
0.48,0.144,0.78597,1.8248,18360,-70939,30860,30860
0.48,0.128,0.0018015,-1.917,21501,85870,36095,36095
0.48,0.112,-0.54925,4.9093,-33597,-3506.3,35673,35673
0.48,0.096,-0.2338,-3.1431,1.2025e+05,4.221e+05,38399,38399
0.48,0.08,0.084663,0.59995,-4.356e+05,2.0634e+05,34711,34711
0.48,0.064,-22.73,34.416,-4.9163e+05,4.6456e+05,26663,26663
0.48,0.048,705.58,567.66,-7.4313e+05,-61219,12376,12376
0.48,0.032,-26.208,58.531,0,0,4956.4,4956.4
0.48,0.016,11.927,100.73,0,0,66.358,66.358
0.496,0.496,-0.19932,-1.1114,0,0,-459.44,459.44
0.496,0.48,-13.775,-1.0292,-6.5101e+05,-1.1413e+06,1736,1736
0.496,0.464,-60.36,-12.456,-1.7185e+06,-1.9244e+06,1011.8,1011.8
0.496,0.448,-1.7053,0.33194,-1.7185e+06,-1.9244e+06,8006.3,8006.3
0.496,0.432,-0.96452,0.74871,-2.5408e+06,-3.2555e+06,15700,15700
0.496,0.416,-4.4003,-0.34088,-1.6227e+06,-2.7488e+06,31661,31661
0.496,0.4,7.6727,-0.50232,-1.5341e+06,-2.5113e+06,33057,33057
0.496,0.384,-1.4002,2.4818,-4.6979e+05,-4.7893e+05,28817,28817
0.496,0.368,-9.7356,86.452,-6.598e+05,-4.7831e+05,19322,19322
0.496,0.352,-128.06,-125.36,-7.7185e+05,-5.5553e+05,16519,16519
0.496,0.336,-23.025,-60.07,-5.811e+05,-4.3478e+05,14561,14561
0.496,0.32,-23.199,-40.725,-2.2712e+05,-2.0366e+05,9862.1,9862.1
0.496,0.304,-7.6338,-2.7029,48007,-57025,4648.5,4648.5
0.496,0.288,-3.8549,-3.0487,1.0156e+05,-6564.8,3631,3631
0.496,0.272,-13.986,1.8267,-3.8126e+05,-1.046e+06,4922.2,4922.2
0.496,0.256,-26.939,-14.451,-9.611e+05,-2.3453e+06,3091.6,3091.6
0.496,0.24,-104.59,74.211,-1.4498e+06,-3.5075e+06,2166.1,2166.1
0.496,0.224,-209.27,-281.88,-1.4137e+06,-3.2761e+06,3134,3134
0.496,0.208,-25.814,-14.195,-3.0661e+05,-1.6842e+06,11757,11757
0.496,0.192,-18.887,-21.413,5.6356e+05,-1.293e+05,12745,12745
0.496,0.176,-4.2027,-1.7297,9.9459e+05,7.2474e+05,10599,10599
0.496,0.16,-1.4755,-0.12975,4.0137e+05,4.1566e+05,5627.4,5627.4
0.496,0.144,-0.61937,2.2661,26485,-67511,4868.9,4868.9
0.496,0.128,-0.65333,1.0411,-12125,3588,5531.5,5531.5
0.496,0.112,-2.3105,1.6841,-33807,-97785,6827.6,6827.6
0.496,0.096,-1.1949,-0.9209,-36340,2727.9,9205,9205
0.496,0.08,-1.1881,0.65993,-5.0872e+05,-1.4117e+05,10245,10245
0.496,0.064,-0.75259,2.8632,-5.5396e+05,-27986,8127,8127
0.496,0.048,71.633,95.205,-5.5735e+05,-45915,3860.1,3860.1
0.496,0.032,-86.878,36.293,0,0,953.84,953.84
0.496,0.016,-4.9431,81.202,0,0,136.82,136.82
