0.016,0.496,0.98515,0.057034,-1887.6,2634.1,-109.1,109.1
0.016,0.48,3.299,-0.66159,-2259.9,-798.96,-179.61,179.61
0.016,0.464,3.125,-0.25423,-5200.1,175.78,-497.69,497.69
0.016,0.448,-0.647,0.017899,-2412.4,-3454.2,-1892.8,1892.8
0.016,0.432,1.3088,0.71827,-14576,-5619.1,-5373,5373
0.016,0.416,4.7078,0.62169,-20750,-12237,-8669.6,8669.6
0.016,0.4,2.6913,-0.53231,-24357,-12646,-7918.1,7918.1
0.016,0.384,3.9343,0.43343,-44638,-5033.3,-5825.1,5825.1
0.016,0.368,4.5094,-1.0871,-2.2754e+05,-2.6557e+05,-4351.5,4351.5
0.016,0.352,2.3962,0.29831,-2.7347e+05,-2.8563e+05,-3080,3080
0.016,0.336,4.5579,0.58974,-3.0692e+05,-1.8413e+05,-606.72,606.72
0.016,0.32,3.1755,0.089243,-2.5647e+05,1.4013e+05,3305.8,3305.8
0.016,0.304,-0.23819,0.7311,-2.8812e+05,2.8637e+05,4371.5,4371.5
0.016,0.288,-0.85645,1.8519,-2.5213e+05,2.0667e+05,3908.4,3908.4
0.016,0.272,-1.6298,2.8211,-1.4667e+05,1.3107e+05,2029.4,2029.4
0.016,0.256,-2.3737,4.1462,3009.8,-4931.6,373.22,373.22
0.016,0.24,-1.9672,3.5221,8492,-9084.3,1016.8,1016.8
0.016,0.224,-1.3451,2.8072,87702,-53126,2897.6,2897.6
0.016,0.208,-0.99149,2.0566,40484,-18325,5260,5260
0.016,0.192,-0.84995,1.3659,36723,-16998,5042.2,5042.2
0.016,0.176,-2.5419,-1.1169,-6216.7,12255,3929.3,3929.3
0.016,0.16,-1.5652,-0.8493,9425.1,-632.99,1571.6,1571.6
0.016,0.144,-0.89657,0.27321,4535.2,3940.1,584.28,584.28
0.016,0.128,2.6577,-2.2613,-2699.4,516.29,79.212,79.212
0.016,0.112,5.7872,-0.80043,-5048.6,654.02,300.07,300.07
0.016,0.096,1.7332,-2.3781,-3064.3,14919,1447.9,1447.9
0.016,0.08,1.7994,1.1086,1483.9,15255,2502.7,2502.7
0.016,0.064,1.2682,0.36362,9917.6,19509,2331.3,2331.3
0.016,0.048,0.19177,0.095034,10768,4044.9,1232.2,1232.2
0.016,0.032,2.3143,0.16779,4686.5,2096.5,66.981,66.981
0.016,0.016,3.3137,-6.4404,0,0,-5.0499,5.0499
0.032,0.496,1.1321,0.97545,3514.5,3262,-141.41,141.41
0.032,0.48,-0.087625,-0.090366,-6500.2,-5875.4,-29.514,29.514
0.032,0.464,-0.033832,-0.54023,-12446,-16193,305.97,305.97
0.032,0.448,-0.12963,0.32543,-17557,-19119,622.74,622.74
0.032,0.432,-0.29252,0.31567,28961,16222,1293.3,1293.3
0.032,0.416,-0.33789,-0.37637,76968,81845,1827.4,1827.4
0.032,0.4,-0.26039,0.44362,1.8616e+05,1.3051e+05,2035,2035
0.032,0.384,53.691,51.844,1.6641e+05,1.2474e+05,17.175,17.175
0.032,0.368,3.7318,8.1419,-1.6078e+05,-1.7246e+05,-2698.2,2698.2
0.032,0.352,0.50325,2.8441,-8.3761e+05,-6.3721e+05,-3222.2,3222.2
0.032,0.336,-0.089585,4.8221,-1.0926e+06,-6.0097e+05,-973.41,973.41
0.032,0.32,-1.3938,6.5627,-1.0367e+06,-1.926e+05,2787.4,2787.4
0.032,0.304,-2.3054,5.8236,-5.9255e+05,3.9238e+05,4774.6,4774.6
0.032,0.288,-2.4979,5.4834,-5.5605e+05,5.2023e+05,4083.7,4083.7
0.032,0.272,-3.3051,5.4428,-3.901e+05,3.1681e+05,1868.6,1868.6
0.032,0.256,-3.1858,4.503,-1.6446e+05,1.2229e+05,160.2,160.2
0.032,0.24,-1.0242,2.6343,6352.8,-22969,652.44,652.44
0.032,0.224,0.039272,1.9455,82165,-60963,1311.9,1311.9
0.032,0.208,1.6891,1.2327,37611,-22974,1242.1,1242.1
0.032,0.192,-0.19655,2.2867,26715,-29549,79.696,79.696
0.032,0.176,-0.72935,1.5891,4979.6,-10254,-610.54,610.54
0.032,0.16,-0.5576,0.93718,12248,-16614,-974.24,974.24
0.032,0.144,-0.088138,0.38348,-15911,-13088,-918.98,918.98
0.032,0.128,-0.10826,-0.32121,-47827,-12958,-694.43,694.43
0.032,0.112,0.12769,-0.087852,-85425,-88985,-310.83,310.83
0.032,0.096,-0.30135,-0.79767,-67361,-58768,169.91,169.91
0.032,0.08,-0.20842,0.91264,-39311,-55845,550.98,550.98
0.032,0.064,0.48205,0.66325,7071.6,29491,549.35,549.35
0.032,0.048,0.71014,0.29852,13261,6640.8,407.49,407.49
0.032,0.032,-0.049916,1.9607,8475.9,3603.2,166.95,166.95
0.032,0.016,0.17087,-5.4065,0,0,12.367,12.367
0.048,0.496,1.2903,1.7163,13671,-21671,-14.013,14.013
0.048,0.48,-0.50233,0.057124,-2378.3,-70741,504.21,504.21
0.048,0.464,-0.91274,-1.0558,-3604.7,-90085,1235.4,1235.4
0.048,0.448,-0.36558,-0.64833,-14437,-34119,2358,2358
0.048,0.432,-0.23562,0.79393,90752,83758,4872,4872
0.048,0.416,3.3219,5.736,9.3813e+05,-1.9823e+05,8128.3,8128.3
0.048,0.4,3.6707,7.9657,1.2214e+06,-1.0637e+05,9629.7,9629.7
0.048,0.384,5.5961,9.0789,1.0453e+06,-28480,4192.6,4192.6
0.048,0.368,4.6876,9.9218,-3.4884e+05,2.4185e+05,-5040.6,5040.6
0.048,0.352,2.5063,11.1,-1.2093e+06,-1.7821e+05,-12669,12669
0.048,0.336,-0.74578,9.1225,-2.0608e+06,-5.8137e+05,-14193,14193
0.048,0.32,-2.1546,9.4935,-2.0717e+06,-2.3805e+05,-12012,12012
0.048,0.304,-2.9591,9.3338,-1.6161e+06,2.9898e+05,-6481.6,6481.6
0.048,0.288,-3.4999,7.7776,-1.0437e+06,8.5152e+05,-2708.5,2708.5
0.048,0.272,-5.5847,7.7406,-6.5538e+05,5.5657e+05,-150.66,150.66
0.048,0.256,-3.8531,5.0763,-2.1897e+05,1.7116e+05,-250.16,250.16
0.048,0.24,-2.9072,3.5238,62133,-17128,449.2,449.2
0.048,0.224,-1.1048,2.522,1.6536e+05,-64691,1025.9,1025.9
0.048,0.208,-1.4014,2.3928,72150,9457.3,429.13,429.13
0.048,0.192,-0.47347,2.0302,59962,-47889,-674.49,674.49
0.048,0.176,-0.7166,1.997,24924,5922,-1929.6,1929.6
0.048,0.16,-0.83868,1.5131,26126,-24986,-2277.8,2277.8
0.048,0.144,-0.40285,0.81731,-9995,1903,-2380.8,2380.8
0.048,0.128,-1.8216,-0.71877,-42342,-24462,-1965.7,1965.7
0.048,0.112,-1.8363,-0.30281,-80127,-87240,-1744.3,1744.3
0.048,0.096,-1.8388,-2.8481,-53395,-55999,-1004.4,1004.4
0.048,0.08,-0.77425,0.61311,-28983,-51037,-12.834,12.834
0.048,0.064,-0.53418,0.50776,4819.5,33807,472.72,472.72
0.048,0.048,0.13856,-0.028215,181.9,9474,467.67,467.67
0.048,0.032,0.45316,4.4353,-1264.1,4534.5,227.49,227.49
0.048,0.016,0.19863,-7.3568,0,0,89.748,89.748
0.064,0.496,0.8335,3.1385,17504,-27344,240.67,240.67
0.064,0.48,0.98404,0.3141,-152.33,-89926,1246.8,1246.8
0.064,0.464,0.5087,0.43162,479.18,-1.5721e+05,2443.3,2443.3
0.064,0.448,1.0803,2.6859,65921,-1.6338e+05,4661.1,4661.1
0.064,0.432,1.1722,4.846,2.4379e+05,-66518,11722,11722
0.064,0.416,3.2059,9.2734,1.0906e+06,-2.4928e+05,19429,19429
0.064,0.4,35.565,0.95638,1.1539e+06,63157,23945,23945
0.064,0.384,4.4112,12.693,9.409e+05,4.1219e+05,13827,13827
0.064,0.368,-1.6742,10.556,-2.1755e+05,1.2013e+06,-2304,2304
0.064,0.352,-3.9338,11.717,-1.137e+06,1.1413e+06,-20167,20167
0.064,0.336,-5.2752,12.042,-2.1005e+06,7.0116e+05,-29620,29620
0.064,0.32,-6.6793,11.319,-2.3059e+06,5.4516e+05,-34202,34202
0.064,0.304,-6.2441,12.058,-1.9003e+06,6.9073e+05,-26228,26228
0.064,0.288,-5.8981,11.983,-1.2422e+06,1.0502e+06,-17655,17655
0.064,0.272,-5.7888,10.531,-7.2304e+05,7.1069e+05,-7402.5,7402.5
0.064,0.256,-3.8454,8.5813,-2.2076e+05,3.1151e+05,-3249.9,3249.9
0.064,0.24,-2.766,7.1438,1.5774e+05,26279,295.72,295.72
0.064,0.224,-2.798,5.7094,1.2216e+05,-31106,1181.3,1181.3
0.064,0.208,-1.7782,3.7913,-19456,42046,-1101.4,1101.4
0.064,0.192,-1.0158,3.8643,-65385,-8593.2,-3727.1,3727.1
0.064,0.176,-0.19779,1.963,-44783,19891,-5764,5764
0.064,0.16,-0.64635,3.1398,-10206,-1527,-6188.4,6188.4
0.064,0.144,-0.45689,2.1442,-9719.4,7402.9,-5444.6,5444.6
0.064,0.128,0.2266,-0.2745,-26217,-40397,-3959.7,3959.7
0.064,0.112,-0.17968,0.17357,-89600,-85190,-3153.8,3153.8
0.064,0.096,-0.29605,0.74651,-74270,-53174,-2237.1,2237.1
0.064,0.08,0.47806,1.3672,-55051,-38751,-808.5,808.5
0.064,0.064,-0.49427,0.2233,-30700,25004,15.335,15.335
0.064,0.048,-1.2231,-0.096649,-30231,18496,434.27,434.27
0.064,0.032,-0.67875,1.1993,-20603,22212,155.62,155.62
0.064,0.016,0.19767,-6.8429,0,0,141.35,141.35
0.08,0.496,0.81083,6.7224,13059,-32057,234.1,234.1
0.08,0.48,2.0109,4.4028,7419.4,-1.1676e+05,1262.2,1262.2
0.08,0.464,0.79744,6.3676,17142,-2.3829e+05,3683,3683
0.08,0.448,0.89615,6.4131,2.4068e+05,-4.1826e+05,8104,8104
0.08,0.432,4.3409,7.8719,3.9433e+05,-3.4621e+05,18845,18845
0.08,0.416,4.7492,9.2356,1.1966e+06,-5.8274e+05,29757,29757
0.08,0.4,1.9609,11.29,1.16e+06,-1.7322e+05,36069,36069
0.08,0.384,1.2967,13.988,8.8279e+05,4.4189e+05,23537,23537
0.08,0.368,0.49132,17.904,-3.12e+05,1.6295e+06,1542,1542
0.08,0.352,-2.9667,20.185,-8.4054e+05,2.2884e+06,-24740,24740
0.08,0.336,-4.0015,21.556,-1.8522e+06,1.8707e+06,-41054,41054
0.08,0.32,-4.5769,20.492,-2.0584e+06,1.2729e+06,-50048,50048
0.08,0.304,-5.26,19.197,-2.0327e+06,7.2674e+05,-41866,41866
0.08,0.288,-5.2556,19.401,-1.1756e+06,7.7565e+05,-28112,28112
0.08,0.272,-5.3663,17.045,-5.8153e+05,4.6463e+05,-9929.1,9929.1
0.08,0.256,-4.106,13.242,-22647,40860,441.29,441.29
0.08,0.24,-3.1831,11.421,2.8317e+05,-2.1131e+05,5990.6,5990.6
0.08,0.224,-4.2224,8.7516,2.813e+05,-2.6327e+05,4334.4,4334.4
0.08,0.208,-3.8527,5.8601,1.2586e+05,-2.0418e+05,-115.88,115.88
0.08,0.192,-4.0278,5.911,72714,-2.3234e+05,-4058.5,4058.5
0.08,0.176,-2.7269,4.1903,20738,-2.2228e+05,-5252,5252
0.08,0.16,-1.8783,3.2462,54381,-2.7718e+05,-3654.1,3654.1
0.08,0.144,-0.74804,3.992,46914,-1.7963e+05,-2890.1,2890.1
0.08,0.128,-0.23971,1.5429,1.3014e+05,-2.2737e+05,-1739.8,1739.8
0.08,0.112,0.30339,-0.73327,44166,-1.4228e+05,-2590.4,2590.4
0.08,0.096,-0.39592,1.9823,40834,-1.4364e+05,-2121.1,2121.1
0.08,0.08,-0.64035,1.7152,-51250,-26516,-974.34,974.34
0.08,0.064,-0.16493,0.64865,-66149,42267,-210.89,210.89
0.08,0.048,-0.8151,1.9462,-60275,48916,468.13,468.13
0.08,0.032,0.49996,1.3686,-40278,58739,420.65,420.65
0.08,0.016,-0.05796,-1.1558,0,0,270.97,270.97
0.096,0.496,0.2872,11.151,0,0,112.93,112.93
0.096,0.48,0.76345,10.714,0,0,2858.2,2858.2
0.096,0.464,2.4015,10.182,3.6676e+05,-1.977e+06,10060,10060
0.096,0.448,21.747,15.938,6.3389e+05,-1.9463e+06,13532,13532
0.096,0.432,4.1279,11.316,6.0958e+05,-1.6112e+06,22690,22690
0.096,0.416,3.2916,12.686,4.9131e+05,-1.0284e+06,27855,27855
0.096,0.4,3.1332,14.937,2.631e+05,-2.8334e+05,33951,33951
0.096,0.384,4.3594,17.117,24391,6.0708e+05,17260,17260
0.096,0.368,1.3114,20.756,-3.0525e+05,1.2703e+06,-10740,10740
0.096,0.352,-3.9796,21.086,-7.0974e+05,1.6332e+06,-42553,42553
0.096,0.336,-5.3742,19.572,-1.158e+06,1.3304e+06,-59713,59713
0.096,0.32,-5.3514,17.568,-1.2331e+06,6.0409e+05,-64339,64339
0.096,0.304,-5.0203,14.916,-1.1695e+06,52055,-49803,49803
0.096,0.288,-3.5216,18.158,-8.2289e+05,-1.5422e+05,-28622,28622
0.096,0.272,-3.7653,18.952,-3.3981e+05,-64839,-3193.3,3193.3
0.096,0.256,-3.6312,16.226,1.6479e+05,1.5403e+05,11427,11427
0.096,0.24,-2.4949,14.796,4.5943e+05,2.1274e+05,17419,17419
0.096,0.224,-2.4674,13.466,3.9207e+05,93720,11523,11523
0.096,0.208,-1.5039,11.866,2.1472e+05,-1.3894e+05,2255.5,2255.5
0.096,0.192,0.07195,10.817,53070,-3.5478e+05,-5248.7,5248.7
0.096,0.176,-0.080761,9.2154,-21573,-3.9626e+05,-6329.3,6329.3
0.096,0.16,-0.16597,4.2048,-69311,-4.3386e+05,-3103,3103
0.096,0.144,1.211,6.2075,-1.3003e+05,-3.1604e+05,-1162,1162
0.096,0.128,-0.45108,5.3643,-4507.5,-2.8462e+05,-143.32,143.32
0.096,0.112,1.8873,3.2607,73948,-2.8239e+05,-592.19,592.19
0.096,0.096,0.57985,2.066,2.0898e+05,-3.8956e+05,-257.32,257.32
0.096,0.08,-0.58314,1.9413,95688,-3.3952e+05,818.25,818.25
0.096,0.064,-1.43,1.2326,-7176.4,-1.5244e+05,-41.738,41.738
0.096,0.048,-1.4186,2.8917,-63740,-36415,80.647,80.647
0.096,0.032,0.19067,2.0371,-43293,51895,-228.72,228.72
0.096,0.016,0.17657,1.0266,0,0,146.98,146.98
0.112,0.496,0.03064,16.142,0,0,-20.647,20.647
0.112,0.48,0.26007,16.334,0,0,6511.2,6511.2
0.112,0.464,2.3374,14.512,7.4453e+05,-3.6659e+06,17925,17925
0.112,0.448,3.4014,7.9803,8.4462e+05,-2.9001e+06,24802,24802
0.112,0.432,4.0585,8.829,6.3311e+05,-2.2956e+06,25640,25640
0.112,0.416,2.4792,11.888,4.2034e+05,-1.6767e+06,22373,22373
0.112,0.4,0.50774,13.48,1.7852e+05,-1.0316e+06,20984,20984
0.112,0.384,1.1001,14.573,-79843,-2.909e+05,4702.3,4702.3
0.112,0.368,0.71173,14.607,-4.5372e+05,40841,-23280,23280
0.112,0.352,-3.3454,11.05,-7.2872e+05,-36859,-51756,51756
0.112,0.336,-4.5925,8.6867,-9.301e+05,-3.3296e+05,-60785,60785
0.112,0.32,-3.7704,10.059,-6.7972e+05,-6.0634e+05,-57169,57169
0.112,0.304,-5.6517,7.4249,-4.706e+05,-6.7301e+05,-34431,34431
0.112,0.288,-6.7894,9.141,-1.4252e+05,-5.4115e+05,-9352,9352
0.112,0.272,-4.6828,14.366,48175,-1.6455e+05,18120,18120
0.112,0.256,-2.9492,15.913,3.1067e+05,4.3938e+05,28259,28259
0.112,0.24,-1.1202,18.006,4.8945e+05,7.1512e+05,29604,29604
0.112,0.224,-1.2264,17.561,4.9164e+05,6.0761e+05,18687,18687
0.112,0.208,-2.6433,13.584,3.6456e+05,1.5703e+05,7270.4,7270.4
0.112,0.192,-2.6864,12.407,1.6369e+05,-2.3077e+05,-2211.2,2211.2
0.112,0.176,-1.8345,13.296,-22875,-4.1626e+05,-3586.3,3586.3
0.112,0.16,-2.1561,9.2229,-2.0261e+05,-4.999e+05,708.3,708.3
0.112,0.144,-3.2573,8.0489,-3.233e+05,-3.2421e+05,4350.6,4350.6
0.112,0.128,-3.4317,8.781,-1.5537e+05,-2.414e+05,6651.2,6651.2
0.112,0.112,-1.1357,7.1971,69220,-3.4048e+05,4722.3,4722.3
0.112,0.096,0.58838,6.0824,3.405e+05,-6.8708e+05,3435.3,3435.3
0.112,0.08,1.5584,5.4577,3.275e+05,-8.216e+05,1562.2,1562.2
0.112,0.064,0.72796,3.5305,2.7279e+05,-7.9757e+05,344.25,344.25
0.112,0.048,-0.012615,2.9489,1.3541e+05,-5.2734e+05,2061.3,2061.3
0.112,0.032,0.1561,3.8754,63361,-2.5025e+05,2672.9,2672.9
0.112,0.016,1.6336,-1.5128,0,0,3074.6,3074.6
0.128,0.496,0.29727,22.363,0,0,-13.765,13.765
0.128,0.48,-0.73582,23.765,0,0,7098.2,7098.2
0.128,0.464,0.33274,23.897,7.4453e+05,-3.6659e+06,20716,20716
0.128,0.448,0.82877,19.582,8.7674e+05,-3.6784e+06,24128,24128
0.128,0.432,1.0726,16.558,6.1157e+05,-2.9498e+06,18798,18798
0.128,0.416,0.44789,14.932,1.8552e+05,-2.2014e+06,9013.2,9013.2
0.128,0.4,-0.10665,13.5,-1.894e+05,-1.449e+06,9843,9843
0.128,0.384,-0.68292,11.83,-5.4078e+05,-7.6878e+05,-11030,11030
0.128,0.368,-3.0648,8.1679,-8.7052e+05,-6.9751e+05,-43510,43510
0.128,0.352,-5.2305,4.2455,-9.0364e+05,-1.0032e+06,-73021,73021
0.128,0.336,-5.1899,3.0065,-5.9651e+05,-1.2728e+06,-71143,71143
0.128,0.32,-3.3182,4.7162,-73148,-1.0641e+06,-50543,50543
0.128,0.304,-2.1639,5.4803,1.9045e+05,-7.1939e+05,-20722,20722
0.128,0.288,-1.0422,6.4065,2.891e+05,-3.3627e+05,6562.6,6562.6
0.128,0.272,-1.7304,10.214,2.7736e+05,1.8689e+05,35156,35156
0.128,0.256,-1.5863,12.155,3.9401e+05,8.141e+05,49654,49654
0.128,0.24,0.99726,15.182,4.5923e+05,1.1027e+06,54037,54037
0.128,0.224,1.0937,15.455,4.1967e+05,1.0272e+06,37456,37456
0.128,0.208,-0.75414,14.018,2.9579e+05,7.3538e+05,18913,18913
0.128,0.192,-2.0047,14.009,96731,4.5873e+05,2450.7,2450.7
0.128,0.176,-1.2927,14.926,-52653,3.8311e+05,1395.1,1395.1
0.128,0.16,-1.6228,14.641,-2.4727e+05,4.5343e+05,6341.7,6341.7
0.128,0.144,-3.6662,15.603,-3.8973e+05,6.8466e+05,14937,14937
0.128,0.128,-4.2253,16.427,-4.2732e+05,7.6448e+05,18949,18949
0.128,0.112,-2.716,12.889,-1.9554e+05,4.5439e+05,16278,16278
0.128,0.096,-1.7179,8.7312,86981,-1.1392e+05,9118.9,9118.9
0.128,0.08,-0.7124,8.4755,3.4091e+05,-8.4414e+05,3060.1,3060.1
0.128,0.064,0.89595,9.3564,4.1019e+05,-1.3565e+06,1483,1483
0.128,0.048,2.9102,5.0959,2.9364e+05,-1.1705e+06,3060.2,3060.2
0.128,0.032,3.4812,6.2359,1.4976e+05,-6.0821e+05,3923.1,3923.1
0.128,0.016,1.1466,5.797,0,0,3491.4,3491.4
0.144,0.496,-0.15361,28.261,0,0,-6.8824,6.8824
0.144,0.48,0.33232,29.942,0,0,5446.6,5446.6
0.144,0.464,-0.17681,31.846,NaN,NaN,16033,16033
0.144,0.448,1.5056,30.552,NaN,NaN,26372,26372
0.144,0.432,1.9874,24.971,1.6815e+05,-2.2873e+06,23411,23411
0.144,0.416,-0.30303,20.225,-2.2777e+05,-2.2894e+06,21059,21059
0.144,0.4,-2.8362,17.05,-4.2775e+05,-2.0024e+06,20672,20672
0.144,0.384,-3.8057,14.295,-6.7716e+05,-1.7062e+06,-3368.3,3368.3
0.144,0.368,-5.8685,12.01,-9.6445e+05,-1.5767e+06,-42621,42621
0.144,0.352,-7.1463,9.0968,-8.4581e+05,-1.4388e+06,-65812,65812
0.144,0.336,-6.225,5.666,-3.8963e+05,-1.2001e+06,-54878,54878
0.144,0.32,-2.6845,4.7762,2.3919e+05,-8.1378e+05,-25260,25260
0.144,0.304,-0.47498,6.2018,4.9152e+05,-5.9429e+05,1786.9,1786.9
0.144,0.288,-1.0762,7.4016,4.7942e+05,-4.4347e+05,17893,17893
0.144,0.272,-0.66297,10.6,3.2809e+05,-2.0839e+05,38773,38773
0.144,0.256,1.4218,11.443,2.8274e+05,65640,60737,60737
0.144,0.24,2.7307,11.456,2.4504e+05,2.4781e+05,76739,76739
0.144,0.224,2.5502,12.836,2.4278e+05,4.7167e+05,61489,61489
0.144,0.208,1.2649,15.098,1.5252e+05,6.559e+05,33597,33597
0.144,0.192,0.039919,17.189,16661,8.09e+05,10616,10616
0.144,0.176,-0.4967,18.793,-1.3589e+05,9.6595e+05,12548,12548
0.144,0.16,-0.55908,20.985,-2.3666e+05,1.3067e+06,20103,20103
0.144,0.144,-1.3036,24.456,-3.0344e+05,1.8141e+06,35304,35304
0.144,0.128,-2.6058,26.214,-4.359e+05,2.0158e+06,47111,47111
0.144,0.112,-2.5642,24.157,-5.0647e+05,1.7983e+06,44209,44209
0.144,0.096,-2.736,21.132,-4.84e+05,1.3082e+06,30317,30317
0.144,0.08,-2.7094,20.469,-1.866e+05,4.3271e+05,13419,13419
0.144,0.064,0.25201,15.325,1.714e+05,-5.8718e+05,7812.1,7812.1
0.144,0.048,0.51735,12.659,2.7096e+05,-9.2627e+05,6456.4,6456.4
0.144,0.032,0.16789,12.605,1.9056e+05,-6.2091e+05,5836.9,5836.9
0.144,0.016,1.5301,7.0571,0,0,4104.9,4104.9
0.16,0.496,0.9549,26.678,0,0,0,0
0.16,0.48,-1.0097,26.075,0,0,0,0
0.16,0.464,-0.026041,25.37,NaN,NaN,0,0
0.16,0.448,1.1331,24.219,NaN,NaN,-16300,16300
0.16,0.432,0.57918,20.709,NaN,NaN,21341,21341
0.16,0.416,-2.1366,20.205,-5.1868e+05,-2.2149e+06,28027,28027
0.16,0.4,-3.0374,18.522,-4.5597e+05,-1.8253e+06,34580,34580
0.16,0.384,-2.9137,17.34,-5.0974e+05,-1.5048e+06,7868.8,7868.8
0.16,0.368,-3.2922,17.769,-5.8234e+05,-1.0947e+06,-31118,31118
0.16,0.352,-3.7987,19.458,-4.9219e+05,-6.4412e+05,-51908,51908
0.16,0.336,-1.7971,17.13,-1.6743e+05,-4.316e+05,-36828,36828
0.16,0.32,-0.53711,12.432,3.1023e+05,-5.5811e+05,-10800,10800
0.16,0.304,0.72451,10.206,5.0523e+05,-1.041e+06,4924.2,4924.2
0.16,0.288,1.5211,10.484,5.3876e+05,-1.5444e+06,18400,18400
0.16,0.272,2.6924,11.28,4.1365e+05,-1.6961e+06,40999,40999
0.16,0.256,3.8799,11.886,3.3756e+05,-1.5005e+06,68655,68655
0.16,0.24,3.4966,11.446,1.8895e+05,-1.0086e+06,92517,92517
0.16,0.224,3.1861,12.724,1.2324e+05,-4.2546e+05,75778,75778
0.16,0.208,3.4154,14.987,12443,2.0444e+05,47456,47456
0.16,0.192,2.6582,15.754,-97079,7.2376e+05,18543,18543
0.16,0.176,0.96042,17.16,-2.4859e+05,1.2745e+06,25548,25548
0.16,0.16,-0.66364,21.171,-2.9919e+05,2.0489e+06,37536,37536
0.16,0.144,-1.9348,26.234,-3.5345e+05,2.9252e+06,58948,58948
0.16,0.128,-2.3193,30.311,-5.6421e+05,3.3365e+06,76717,76717
0.16,0.112,-2.9122,30.036,-8.6293e+05,3.2286e+06,78339,78339
0.16,0.096,-3.3485,28.763,-1.0498e+06,2.8233e+06,61904,61904
0.16,0.08,-2.5664,31.623,-8.6522e+05,1.9279e+06,39546,39546
0.16,0.064,-1.3695,26.716,-4.626e+05,7.8256e+05,24552,24552
0.16,0.048,-0.979,23.473,-1.218e+05,-85280,12968,12968
0.16,0.032,-2.0028,20.436,13508,-2.0753e+05,5335.6,5335.6
0.16,0.016,-0.76404,11.163,0,0,1482.9,1482.9
0.176,0.496,-1.607,23,0,0,0,0
0.176,0.48,-3.019,23.466,0,0,0,0
0.176,0.464,-3.1602,21.491,NaN,NaN,0,0
0.176,0.448,-2.5174,18.527,NaN,NaN,NaN,NaN
0.176,0.432,-1.6536,14.241,NaN,NaN,44292,44292
0.176,0.416,-0.73272,15.892,-6.2171e+05,-2.4806e+06,61928,61928
0.176,0.4,-0.47896,19.699,-2.9912e+05,-1.9456e+06,59727,59727
0.176,0.384,1.1543,21.376,-2.1897e+05,-1.8086e+06,40813,40813
0.176,0.368,0.20739,22.138,-1.9563e+05,-1.301e+06,520.46,520.46
0.176,0.352,-0.055036,27.487,-74347,-7.0997e+05,-15308,15308
0.176,0.336,1.2173,27.653,1.729e+05,-1.3961e+05,-12391,12391
0.176,0.32,3.095,22.747,4.7639e+05,-5.3498e+05,-6148.7,6148.7
0.176,0.304,2.9496,19.675,5.8523e+05,-1.4982e+06,-227.62,227.62
0.176,0.288,3.5004,16.056,6.7439e+05,-2.8377e+06,16046,16046
0.176,0.272,5.1421,13.698,6.5509e+05,-3.4137e+06,53161,53161
0.176,0.256,5.5875,11.307,5.7695e+05,-3.1778e+06,80880,80880
0.176,0.24,4.3406,9.8221,4.2249e+05,-2.4136e+06,1.0098e+05,1.0098e+05
0.176,0.224,3.3163,10.809,3.563e+05,-1.7309e+06,80254,80254
0.176,0.208,4.5746,11.803,1.9258e+05,-1.0002e+06,51618,51618
0.176,0.192,3.7047,11.745,-47809,-1.6677e+05,27286,27286
0.176,0.176,2.5189,14.417,-3.688e+05,7.6842e+05,37821,37821
0.176,0.16,-0.024088,20.369,-5.2124e+05,2.0877e+06,52996,52996
0.176,0.144,-4.1641,27.256,-5.8505e+05,3.4826e+06,70586,70586
0.176,0.128,-4.454,31.75,-7.3575e+05,4.5107e+06,94172,94172
0.176,0.112,-4.7398,31.614,-1.0634e+06,4.6601e+06,1.0679e+05,1.0679e+05
0.176,0.096,-3.962,32.138,-1.3831e+06,4.2047e+06,1.0421e+05,1.0421e+05
0.176,0.08,-3.382,30.936,-1.4105e+06,3.3337e+06,83444,83444
0.176,0.064,-2.8614,27.571,-1.0716e+06,2.0979e+06,56529,56529
0.176,0.048,-4.2599,26.893,-5.4453e+05,8.9182e+05,31554,31554
0.176,0.032,-5.2733,25.438,-1.7106e+05,1.9782e+05,11298,11298
0.176,0.016,-4.1541,18.644,0,0,2559.3,2559.3
0.192,0.496,-0.27734,25.399,0,0,0,0
0.192,0.48,-1.5395,25.346,0,0,0,0
0.192,0.464,-0.27906,21.809,NaN,NaN,0,0
0.192,0.448,2.1208,16.353,NaN,NaN,NaN,NaN
0.192,0.432,3.062,19.692,NaN,NaN,32693,32693
0.192,0.416,0.96544,21.762,NaN,NaN,61188,61188
0.192,0.4,0.26294,23.901,3.7163e+05,-5.2589e+05,66484,66484
0.192,0.384,0.94442,26.45,4.1342e+05,-4.3382e+05,53182,53182
0.192,0.368,0.95969,29.28,3.7176e+05,8359.6,20932,20932
0.192,0.352,0.65099,33.376,4.005e+05,4.7552e+05,4158.9,4158.9
0.192,0.336,1.2833,33.906,4.7291e+05,6.7806e+05,270.85,270.85
0.192,0.32,3.1391,30.806,5.4287e+05,-99370,-12863,12863
0.192,0.304,4.1956,27.16,5.9341e+05,-1.1324e+06,-9177.5,9177.5
0.192,0.288,4.4819,20.885,7.2946e+05,-2.8623e+06,17531,17531
0.192,0.272,5.6898,15.767,8.4775e+05,-3.9404e+06,74993,74993
0.192,0.256,5.5377,11.803,8.7387e+05,-4.138e+06,1.0513e+05,1.0513e+05
0.192,0.24,4.6893,10.334,7.6847e+05,-3.5448e+06,1.1883e+05,1.1883e+05
0.192,0.224,5.1006,10.306,6.8206e+05,-2.9037e+06,94391,94391
0.192,0.208,5.2677,11.989,6.121e+05,-2.3104e+06,70327,70327
0.192,0.192,3.8529,13.454,3.7628e+05,-1.4267e+06,49476,49476
0.192,0.176,2.1199,17.852,51092,-2.4065e+05,57418,57418
0.192,0.16,0.24897,27.307,-3.3074e+05,1.5204e+06,60841,60841
0.192,0.144,-4.2883,32.949,-5.7799e+05,3.2406e+06,67170,67170
0.192,0.128,-6.5054,37.211,-8.4576e+05,4.7757e+06,85440,85440
0.192,0.112,-7.4025,39.834,-1.2047e+06,5.6132e+06,1.1687e+05,1.1687e+05
0.192,0.096,-6.8898,38.443,-1.5674e+06,5.6268e+06,1.3722e+05,1.3722e+05
0.192,0.08,-5.4913,31.454,-1.7728e+06,4.9302e+06,1.3069e+05,1.3069e+05
0.192,0.064,-4.7594,27.288,-1.7022e+06,3.8108e+06,97132,97132
0.192,0.048,-6.1965,26.036,-1.0668e+06,2.1497e+06,56662,56662
0.192,0.032,-7.1793,25.613,-4.919e+05,9.1685e+05,21798,21798
0.192,0.016,-5.6938,20.653,0,0,4920,4920
0.208,0.496,-1.7698,29.596,0,0,0,0
0.208,0.48,-2.5943,23.88,0,0,0,0
0.208,0.464,-1.2912,24.303,NaN,NaN,0,0
0.208,0.448,-0.65395,29.037,NaN,NaN,NaN,NaN
0.208,0.432,-0.39245,28.838,NaN,NaN,NaN,NaN
0.208,0.416,0.0391,28.543,NaN,NaN,1.0661e+05,1.0661e+05
0.208,0.4,-0.007462,30.076,NaN,NaN,1.0177e+05,1.0177e+05
0.208,0.384,-0.26499,33.445,NaN,NaN,86194,86194
0.208,0.368,-1.5524,36.657,NaN,NaN,43559,43559
0.208,0.352,-0.69688,39.148,NaN,NaN,54217,54217
0.208,0.336,0.16764,39.481,7.1658e+05,7.7897e+05,20126,20126
0.208,0.32,1.1057,35.495,5.3841e+05,-61277,3172.5,3172.5
0.208,0.304,2.1545,30.457,4.9809e+05,-6.4027e+05,-10781,10781
0.208,0.288,1.7562,26.821,4.9565e+05,-1.8742e+06,25256,25256
0.208,0.272,2.1282,21.889,6.2582e+05,-2.9817e+06,86518,86518
0.208,0.256,3.5681,18.313,7.1715e+05,-3.5372e+06,1.2688e+05,1.2688e+05
0.208,0.24,3.7113,18.45,7.863e+05,-3.4303e+06,1.4234e+05,1.4234e+05
0.208,0.224,3.7856,19.498,8.4688e+05,-3.0374e+06,1.1995e+05,1.1995e+05
0.208,0.208,3.5198,21.256,9.6538e+05,-2.6732e+06,98705,98705
0.208,0.192,5.2467,25.355,8.2669e+05,-1.833e+06,86621,86621
0.208,0.176,2.2203,31.759,5.4895e+05,-5.9795e+05,87105,87105
0.208,0.16,1.5294,40.824,60637,1.2171e+06,78681,78681
0.208,0.144,-1.119,42.473,-3.0808e+05,2.979e+06,75928,75928
0.208,0.128,-5.2412,43.729,-7.544e+05,4.8487e+06,97606,97606
0.208,0.112,-10.227,45.407,-1.2075e+06,6.1908e+06,1.3382e+05,1.3382e+05
0.208,0.096,-14.461,47.206,-1.7154e+06,6.874e+06,1.6623e+05,1.6623e+05
0.208,0.08,-12.006,45.977,-2.0086e+06,6.6545e+06,1.6881e+05,1.6881e+05
0.208,0.064,-9.9323,43.534,-2.1566e+06,5.8998e+06,1.3477e+05,1.3477e+05
0.208,0.048,-7.3004,42.25,-1.4226e+06,3.6395e+06,81853,81853
0.208,0.032,-6.8243,38.804,-7.3595e+05,1.6761e+06,33092,33092
0.208,0.016,-8.2158,38.673,0,0,7799,7799
0.224,0.496,-1.647,37.939,0,0,0,0
0.224,0.48,-1.4455,38.284,0,0,0,0
0.224,0.464,-0.76094,38.386,NaN,NaN,0,0
0.224,0.448,-0.041187,36.522,NaN,NaN,NaN,NaN
0.224,0.432,0.32368,38.002,NaN,NaN,NaN,NaN
0.224,0.416,-0.35333,39.878,NaN,NaN,NaN,NaN
0.224,0.4,-0.60665,41.31,NaN,NaN,NaN,NaN
0.224,0.384,-0.11559,41.541,NaN,NaN,NaN,NaN
0.224,0.368,-1.02,43.523,NaN,NaN,NaN,NaN
0.224,0.352,-1.5302,44.932,NaN,NaN,1.0147e+05,1.0147e+05
0.224,0.336,-1.4545,43.742,5.494e+05,3.3474e+05,93369,93369
0.224,0.32,-0.77143,39.871,3.3625e+05,-1.6156e+05,50901,50901
0.224,0.304,-0.74445,36.28,2.4927e+05,-3.7358e+05,39580,39580
0.224,0.288,-0.92561,35.578,1.5166e+05,-1.0236e+06,38025,38025
0.224,0.272,-0.57878,32.298,2.259e+05,-1.7748e+06,87614,87614
0.224,0.256,0.70738,29.86,3.039e+05,-2.1228e+06,1.26e+05,1.26e+05
0.224,0.24,0.48924,33.518,4.5723e+05,-2.2135e+06,1.5195e+05,1.5195e+05
0.224,0.224,3.5772,36.94,6.1203e+05,-1.9127e+06,1.4515e+05,1.4515e+05
0.224,0.208,5.6006,38.022,9.0296e+05,-1.7562e+06,1.3776e+05,1.3776e+05
0.224,0.192,6.4689,40.598,9.354e+05,-1.2466e+06,1.2332e+05,1.2332e+05
0.224,0.176,4.9864,44.571,7.9534e+05,-3.1391e+05,1.2113e+05,1.2113e+05
0.224,0.16,2.7365,47.413,2.9695e+05,1.1432e+06,1.1022e+05,1.1022e+05
0.224,0.144,-0.33741,48.443,-1.3573e+05,2.7482e+06,1.2003e+05,1.2003e+05
0.224,0.128,-2.0487,50.933,-6.3603e+05,4.5751e+06,1.4715e+05,1.4715e+05
0.224,0.112,-6.2012,54.318,-1.1639e+06,6.4131e+06,1.7456e+05,1.7456e+05
0.224,0.096,-11.629,55.906,-1.7109e+06,7.7555e+06,1.915e+05,1.915e+05
0.224,0.08,-15.281,59.975,-2.1253e+06,8.2829e+06,1.8841e+05,1.8841e+05
0.224,0.064,-16.291,56.465,-2.4372e+06,8.0795e+06,1.5406e+05,1.5406e+05
0.224,0.048,-13.855,55.111,-1.6839e+06,5.2648e+06,97687,97687
0.224,0.032,-8.3565,52.998,-9.1774e+05,2.5495e+06,39701,39701
0.224,0.016,-9.4566,50.829,0,0,9659.4,9659.4
0.24,0.496,-0.54051,45.974,0,0,0,0
0.24,0.48,0.15007,45.051,0,0,0,0
0.24,0.464,0.29655,45.107,NaN,NaN,0,0
0.24,0.448,0.70529,45.552,NaN,NaN,NaN,NaN
0.24,0.432,1.308,44.625,NaN,NaN,NaN,NaN
0.24,0.416,1.7312,44.015,NaN,NaN,NaN,NaN
0.24,0.4,0.64843,44.379,NaN,NaN,NaN,NaN
0.24,0.384,0.01845,45.068,NaN,NaN,NaN,NaN
0.24,0.368,-1.3334,45.738,NaN,NaN,NaN,NaN
0.24,0.352,-2.9983,47.398,NaN,NaN,2.0403e+05,2.0403e+05
0.24,0.336,-3.3127,47.747,NaN,NaN,1.5813e+05,1.5813e+05
0.24,0.32,-2.6859,46.344,95844,1.0646e+05,96319,96319
0.24,0.304,-2.5974,45.682,-47128,3.1325e+05,57056,57056
0.24,0.288,-1.7978,43.793,-1.0507e+05,-65215,49815,49815
0.24,0.272,-0.99485,43.235,-87325,-6.1068e+05,81436,81436
0.24,0.256,-0.43122,42.93,-31104,-8.5614e+05,1.198e+05,1.198e+05
0.24,0.24,-0.1694,44.887,88480,-6.804e+05,1.5105e+05,1.5105e+05
0.24,0.224,1.9268,46.722,2.738e+05,-3.165e+05,1.5784e+05,1.5784e+05
0.24,0.208,3.5567,48.547,4.7414e+05,-75262,1.5441e+05,1.5441e+05
0.24,0.192,4.774,49.786,5.5183e+05,2.2146e+05,1.4261e+05,1.4261e+05
0.24,0.176,3.4361,51.407,4.3946e+05,7.6657e+05,1.4913e+05,1.4913e+05
0.24,0.16,2.1572,53.657,1.2356e+05,1.6995e+06,1.7062e+05,1.7062e+05
0.24,0.144,-0.68498,55.7,-1.8857e+05,2.9759e+06,2.0394e+05,2.0394e+05
0.24,0.128,-3.1874,60.195,-6.0047e+05,4.5714e+06,2.3538e+05,2.3538e+05
0.24,0.112,-4.8255,63.563,-1.0371e+06,6.1781e+06,2.3373e+05,2.3373e+05
0.24,0.096,-7.0964,65.609,-1.542e+06,7.63e+06,2.1197e+05,2.1197e+05
0.24,0.08,-8.7188,67.473,-1.9392e+06,8.5573e+06,1.908e+05,1.908e+05
0.24,0.064,-10.772,69.366,-2.2365e+06,8.7204e+06,1.5351e+05,1.5351e+05
0.24,0.048,-12.427,68.605,-1.5505e+06,5.7524e+06,1.025e+05,1.025e+05
0.24,0.032,-12.674,65.4,-8.1241e+05,2.735e+06,40961,40961
0.24,0.016,-8.8497,60.407,0,0,9934.9,9934.9
0.256,0.496,0.60028,48.916,0,0,0,0
0.256,0.48,0.25481,48.381,0,0,0,0
0.256,0.464,0.65643,48.309,NaN,NaN,0,0
0.256,0.448,0.36522,48.117,NaN,NaN,NaN,NaN
0.256,0.432,0.70972,47.681,NaN,NaN,NaN,NaN
0.256,0.416,0.70254,47.24,NaN,NaN,NaN,NaN
0.256,0.4,0.099943,47.036,NaN,NaN,NaN,NaN
0.256,0.384,-0.14983,47.109,NaN,NaN,NaN,NaN
0.256,0.368,-0.82887,47.074,NaN,NaN,NaN,NaN
0.256,0.352,-1.5413,47.348,NaN,NaN,NaN,NaN
0.256,0.336,-1.719,48.406,NaN,NaN,3.2358e+05,3.2358e+05
0.256,0.32,-1.7607,49.381,NaN,NaN,1.6351e+05,1.6351e+05
0.256,0.304,-1.9862,49.943,NaN,NaN,75269,75269
0.256,0.288,-2.2261,50.446,-1.2644e+05,-54996,38337,38337
0.256,0.272,-1.9226,51.768,-1.3174e+05,-1.9328e+05,71323,71323
0.256,0.256,-1.2939,53.278,-1.238e+05,-1.371e+05,1.1882e+05,1.1882e+05
0.256,0.24,-0.39972,53.443,-60830,1.7106e+05,1.6155e+05,1.6155e+05
0.256,0.224,-0.97455,53.345,97257,4.5942e+05,1.6423e+05,1.6423e+05
0.256,0.208,0.18442,54.067,1.3433e+05,7.8476e+05,1.6192e+05,1.6192e+05
0.256,0.192,0.51195,54.036,77608,1.0501e+06,1.5609e+05,1.5609e+05
0.256,0.176,-0.16833,54.498,-58068,1.4186e+06,1.7545e+05,1.7545e+05
0.256,0.16,0.020075,56.677,-2.4314e+05,2.0623e+06,2.0662e+05,2.0662e+05
0.256,0.144,-1.378,60.295,-4.0691e+05,3.0763e+06,2.442e+05,2.442e+05
0.256,0.128,-3.0319,65.201,-6.4666e+05,4.318e+06,2.8006e+05,2.8006e+05
0.256,0.112,-4.9421,68.852,-9.2222e+05,5.6544e+06,2.7229e+05,2.7229e+05
0.256,0.096,-5.992,71.785,-1.2998e+06,6.8987e+06,2.2957e+05,2.2957e+05
0.256,0.08,-8.4195,73.687,-1.709e+06,7.9771e+06,1.8743e+05,1.8743e+05
0.256,0.064,-10.233,73.547,-2.0108e+06,8.4203e+06,1.4174e+05,1.4174e+05
0.256,0.048,-8.6692,75.123,-1.4342e+06,5.7233e+06,95258,95258
0.256,0.032,-10.439,72.425,-7.2395e+05,2.7757e+06,37602,37602
0.256,0.016,-10.096,74.958,0,0,9219.8,9219.8
0.272,0.496,0.1351,51.584,0,0,0,0
0.272,0.48,-0.73463,49.449,0,0,0,0
0.272,0.464,-0.58576,49.347,NaN,NaN,0,0
0.272,0.448,-0.70997,49.047,NaN,NaN,NaN,NaN
0.272,0.432,-0.39164,48.898,NaN,NaN,NaN,NaN
0.272,0.416,-0.46954,48.678,NaN,NaN,NaN,NaN
0.272,0.4,-0.62258,48.756,NaN,NaN,NaN,NaN
0.272,0.384,-0.31035,47.918,NaN,NaN,NaN,NaN
0.272,0.368,-0.80092,47.515,NaN,NaN,NaN,NaN
0.272,0.352,-0.76233,46.684,NaN,NaN,NaN,NaN
0.272,0.336,-0.2089,46.485,NaN,NaN,NaN,NaN
0.272,0.32,-0.4529,46.141,NaN,NaN,NaN,NaN
0.272,0.304,-1.3433,46.191,NaN,NaN,1623.3,1623.3
0.272,0.288,-1.9916,48.025,3.2438e+05,-1.1276e+06,42895,42895
0.272,0.272,-2.1169,49.789,2.283e+05,-9.7848e+05,80143,80143
0.272,0.256,-2.4693,52.849,2.0429e+05,-7.5255e+05,1.4343e+05,1.4343e+05
0.272,0.24,-2.3843,54.168,-18713,30883,1.8216e+05,1.8216e+05
0.272,0.224,-3.2006,55.325,-90862,5.6478e+05,1.7859e+05,1.7859e+05
0.272,0.208,-2.8856,56.971,-1.8096e+05,1.025e+06,1.6679e+05,1.6679e+05
0.272,0.192,-2.4369,56.523,-2.3581e+05,1.3362e+06,1.7283e+05,1.7283e+05
0.272,0.176,-2.3948,56.421,-2.9073e+05,1.6684e+06,1.9732e+05,1.9732e+05
0.272,0.16,-2.3448,59.017,-3.4673e+05,2.1347e+06,2.2122e+05,2.2122e+05
0.272,0.144,-2.5392,63.085,-3.4943e+05,2.751e+06,2.3664e+05,2.3664e+05
0.272,0.128,-2.1043,65.279,-4.6259e+05,3.5092e+06,2.5728e+05,2.5728e+05
0.272,0.112,-3.6034,68.148,-6.3744e+05,4.3854e+06,2.5969e+05,2.5969e+05
0.272,0.096,-4.284,73.463,-9.6207e+05,5.4486e+06,2.2589e+05,2.2589e+05
0.272,0.08,-6.7478,75.691,-1.346e+06,6.5212e+06,1.8059e+05,1.8059e+05
0.272,0.064,-9.0754,76.486,-1.6775e+06,7.2605e+06,1.2485e+05,1.2485e+05
0.272,0.048,-10.41,77.645,-1.2409e+06,5.0511e+06,79780,79780
0.272,0.032,-10.477,76.55,-6.3515e+05,2.5317e+06,31989,31989
0.272,0.016,-7.8425,77.308,0,0,9374.3,9374.3
0.288,0.496,-1.7614,50.724,0,0,0,0
0.288,0.48,-1.9626,47.68,0,0,0,0
0.288,0.464,-1.4143,47.809,NaN,NaN,0,0
0.288,0.448,-1.6001,47.792,NaN,NaN,NaN,NaN
0.288,0.432,-1.8509,48.147,NaN,NaN,NaN,NaN
0.288,0.416,-1.2628,48.615,NaN,NaN,NaN,NaN
0.288,0.4,-0.11347,49.908,NaN,NaN,NaN,NaN
0.288,0.384,0.52533,49.983,NaN,NaN,NaN,NaN
0.288,0.368,0.34233,49.21,NaN,NaN,NaN,NaN
0.288,0.352,-0.51594,48.53,NaN,NaN,NaN,NaN
0.288,0.336,0.056113,46.614,NaN,NaN,NaN,NaN
0.288,0.32,-0.75848,44.266,NaN,NaN,NaN,NaN
0.288,0.304,-2.3602,43.096,NaN,NaN,37044,37044
0.288,0.288,-1.2789,43.149,4.6051e+05,-8.6984e+05,72942,72942
0.288,0.272,-0.23438,42.956,3.5741e+05,-9.8886e+05,1.1259e+05,1.1259e+05
0.288,0.256,-0.80839,43.758,3.2326e+05,-9.6638e+05,1.6724e+05,1.6724e+05
0.288,0.24,-0.64966,46.43,1.935e+05,-8.7014e+05,2.0171e+05,2.0171e+05
0.288,0.224,-1.6025,49.081,1.0568e+05,-5.0617e+05,1.9064e+05,1.9064e+05
0.288,0.208,-1.9766,52.321,-31511,1.696e+05,1.8622e+05,1.8622e+05
0.288,0.192,-1.5138,54.463,-1.2537e+05,7.3826e+05,1.915e+05,1.915e+05
0.288,0.176,-1.8591,56.79,-1.8421e+05,1.2133e+06,2.0998e+05,2.0998e+05
0.288,0.16,-2.0021,59.105,-2.0836e+05,1.6417e+06,2.1355e+05,2.1355e+05
0.288,0.144,-1.7836,60.516,-1.7096e+05,1.9931e+06,2.0324e+05,2.0324e+05
0.288,0.128,-0.70487,61.411,-2.345e+05,2.3438e+06,2.0178e+05,2.0178e+05
0.288,0.112,-1.7752,63.372,-3.9085e+05,2.8097e+06,2.0367e+05,2.0367e+05
0.288,0.096,-3.2274,66.828,-6.5296e+05,3.4586e+06,1.8795e+05,1.8795e+05
0.288,0.08,-3.9373,69.737,-9.4463e+05,4.3318e+06,1.5579e+05,1.5579e+05
0.288,0.064,-5.8453,74.404,-1.2814e+06,5.2231e+06,1.0689e+05,1.0689e+05
0.288,0.048,-8.039,77.572,-9.856e+05,3.8276e+06,65372,65372
0.288,0.032,-8.8221,79.303,-5.5558e+05,2.0502e+06,27624,27624
0.288,0.016,-8.7631,77.159,0,0,8486.2,8486.2
0.304,0.496,-3.4449,48.473,0,0,0,0
0.304,0.48,-3.4665,45.335,0,0,0,0
0.304,0.464,-2.8062,45.834,NaN,NaN,0,0
0.304,0.448,-2.3131,46.553,NaN,NaN,NaN,NaN
0.304,0.432,-1.9331,47.976,NaN,NaN,NaN,NaN
0.304,0.416,-1.0786,48.842,NaN,NaN,NaN,NaN
0.304,0.4,-0.048336,51.026,NaN,NaN,NaN,NaN
0.304,0.384,0.28615,51.741,NaN,NaN,NaN,NaN
0.304,0.368,-0.30353,50.61,NaN,NaN,NaN,NaN
0.304,0.352,-1.3017,50.098,NaN,NaN,NaN,NaN
0.304,0.336,-1.7568,49.533,NaN,NaN,NaN,NaN
0.304,0.32,-2.0126,47.591,NaN,NaN,NaN,NaN
0.304,0.304,-2.6926,45.345,NaN,NaN,43778,43778
0.304,0.288,-0.9822,44.521,3.8248e+05,-6.7239e+05,75792,75792
0.304,0.272,0.186,42.4,2.9345e+05,-9.0474e+05,1.0545e+05,1.0545e+05
0.304,0.256,0.24564,40.31,2.6277e+05,-1.0004e+06,1.5324e+05,1.5324e+05
0.304,0.24,0.50132,40.618,1.6128e+05,-1.1276e+06,1.8419e+05,1.8419e+05
0.304,0.224,-0.047059,42.609,1.2067e+05,-9.0278e+05,1.8004e+05,1.8004e+05
0.304,0.208,-0.35549,45.237,1.1499e+05,-5.0354e+05,1.6934e+05,1.6934e+05
0.304,0.192,-0.0077916,47.159,1.1223e+05,16256,1.6208e+05,1.6208e+05
0.304,0.176,-0.67047,50.355,1.1535e+05,5.2627e+05,1.7466e+05,1.7466e+05
0.304,0.16,-0.59386,52.841,98709,9.7621e+05,1.7701e+05,1.7701e+05
0.304,0.144,0.44226,54.014,1.1527e+05,1.2466e+06,1.6279e+05,1.6279e+05
0.304,0.128,0.098813,54.644,69988,1.4323e+06,1.437e+05,1.437e+05
0.304,0.112,-0.72772,56.656,-65389,1.6415e+06,1.3791e+05,1.3791e+05
0.304,0.096,-1.5076,57.823,-2.1476e+05,2.0108e+06,1.3167e+05,1.3167e+05
0.304,0.08,-1.8273,59.281,-3.7525e+05,2.4775e+06,1.1499e+05,1.1499e+05
0.304,0.064,-3.2429,60.245,-5.5352e+05,3.1246e+06,81409,81409
0.304,0.048,-5.2358,65.19,-4.4395e+05,2.3164e+06,49473,49473
0.304,0.032,-4.8693,67.748,-2.6882e+05,1.3082e+06,21907,21907
0.304,0.016,-4.5482,67.367,0,0,7227.5,7227.5
0.32,0.496,-2.3579,44.601,0,0,0,0
0.32,0.48,-1.4444,43.781,0,0,0,0
0.32,0.464,-1.2033,45.199,NaN,NaN,0,0
0.32,0.448,-0.62053,46.646,NaN,NaN,NaN,NaN
0.32,0.432,0.5407,47.577,NaN,NaN,NaN,NaN
0.32,0.416,1.1438,47.533,NaN,NaN,NaN,NaN
0.32,0.4,1.2256,48.382,NaN,NaN,NaN,NaN
0.32,0.384,1.2483,49.134,NaN,NaN,NaN,NaN
0.32,0.368,0.073591,47.633,NaN,NaN,NaN,NaN
0.32,0.352,-1.311,47.202,NaN,NaN,NaN,NaN
0.32,0.336,-2.4262,47.799,NaN,NaN,NaN,NaN
0.32,0.32,-2.5535,46.837,NaN,NaN,59611,59611
0.32,0.304,-2.0363,46.063,NaN,NaN,40314,40314
0.32,0.288,-0.70958,45.299,4.197e+05,-4.0717e+05,61346,61346
0.32,0.272,0.0074563,42.957,3.1873e+05,-8.2447e+05,89225,89225
0.32,0.256,-0.18792,41.098,2.6655e+05,-1.0524e+06,1.351e+05,1.351e+05
0.32,0.24,0.80747,38.259,1.6871e+05,-1.4764e+06,1.7011e+05,1.7011e+05
0.32,0.224,0.72308,36.161,1.9252e+05,-1.5264e+06,1.6201e+05,1.6201e+05
0.32,0.208,1.5097,37.562,2.7794e+05,-1.3218e+06,1.4286e+05,1.4286e+05
0.32,0.192,2.0009,39.913,3.7425e+05,-8.9792e+05,1.1436e+05,1.1436e+05
0.32,0.176,1.4897,42.718,4.1493e+05,-3.5715e+05,1.1385e+05,1.1385e+05
0.32,0.16,1.9643,44.905,4.0431e+05,83490,1.1538e+05,1.1538e+05
0.32,0.144,2.1067,47.191,3.4571e+05,3.0501e+05,1.1025e+05,1.1025e+05
0.32,0.128,1.0266,49.719,2.6488e+05,4.2826e+05,95836,95836
0.32,0.112,0.49364,50.9,1.6531e+05,5.4879e+05,82951,82951
0.32,0.096,-0.69052,51.414,1.0308e+05,7.961e+05,75750,75750
0.32,0.08,-0.91875,52.277,45670,1.0685e+06,69746,69746
0.32,0.064,-0.8675,52.249,-36094,1.5125e+06,54709,54709
0.32,0.048,-0.74433,54.912,-53632,1.1795e+06,35010,35010
0.32,0.032,-1.6037,57.777,-52468,7.0702e+05,15907,15907
0.32,0.016,-2.3594,57.296,0,0,4276.3,4276.3
0.336,0.496,-2.3513,40.258,0,0,0,0
0.336,0.48,-2.6904,41.831,0,0,0,0
0.336,0.464,-3.3722,42.5,NaN,NaN,0,0
0.336,0.448,-3.9711,43.229,NaN,NaN,NaN,NaN
0.336,0.432,-4.1745,41.403,NaN,NaN,NaN,NaN
0.336,0.416,-2.6825,40.009,NaN,NaN,NaN,NaN
0.336,0.4,-0.55471,40.133,NaN,NaN,NaN,NaN
0.336,0.384,0.19428,41.271,NaN,NaN,NaN,NaN
0.336,0.368,0.012363,41.45,NaN,NaN,NaN,NaN
0.336,0.352,-0.58788,42.809,NaN,NaN,NaN,NaN
0.336,0.336,-0.87751,44.451,NaN,NaN,NaN,NaN
0.336,0.32,-0.84188,43.689,NaN,NaN,40756,40756
0.336,0.304,-0.83974,44.271,25624,1.9011e+06,21368,21368
0.336,0.288,-0.56181,43.218,2.1145e+05,5.7544e+05,36685,36685
0.336,0.272,-0.74937,41.186,1.6513e+05,-63450,66951,66951
0.336,0.256,-1.3398,39.297,1.1188e+05,-7.0685e+05,1.25e+05,1.25e+05
0.336,0.24,-0.66503,35.741,2027.8,-1.3392e+06,1.6068e+05,1.6068e+05
0.336,0.224,-0.033253,31.847,34961,-1.6164e+06,1.4202e+05,1.4202e+05
0.336,0.208,1.3683,30.709,1.7879e+05,-1.6827e+06,1.0699e+05,1.0699e+05
0.336,0.192,2.4448,33.002,3.6896e+05,-1.5031e+06,74620,74620
0.336,0.176,3.9883,35.382,4.6009e+05,-1.094e+06,67510,67510
0.336,0.16,3.2399,38.756,4.7245e+05,-6.535e+05,52847,52847
0.336,0.144,2.2367,40.367,4.3508e+05,-3.5692e+05,44257,44257
0.336,0.128,1.4059,40.966,4.0048e+05,-1.9149e+05,44607,44607
0.336,0.112,1.3007,42.412,3.7122e+05,-94680,44815,44815
0.336,0.096,0.95372,43.036,3.1633e+05,1.0095e+05,39703,39703
0.336,0.08,-0.11397,44.18,3.0513e+05,3.5944e+05,32026,32026
0.336,0.064,-0.18277,46.499,2.7229e+05,7.2488e+05,25166,25166
0.336,0.048,0.08658,45.909,1.9308e+05,6.4094e+05,16630,16630
0.336,0.032,-0.49703,46.63,80369,3.9016e+05,6323.4,6323.4
0.336,0.016,-1.4974,46.572,0,0,1809.6,1809.6
0.352,0.496,-1.6879,32.169,0,0,0,0
0.352,0.48,-0.22078,31.221,0,0,0,0
0.352,0.464,0.95286,29.386,NaN,NaN,0,0
0.352,0.448,-0.9827,28.008,NaN,NaN,NaN,NaN
0.352,0.432,-1.1453,28.873,NaN,NaN,NaN,NaN
0.352,0.416,-0.89898,30.712,NaN,NaN,NaN,NaN
0.352,0.4,-0.91355,34.179,NaN,NaN,NaN,NaN
0.352,0.384,-0.57126,36.809,NaN,NaN,NaN,NaN
0.352,0.368,-0.41972,39.126,NaN,NaN,NaN,NaN
0.352,0.352,-0.24085,41.93,NaN,NaN,NaN,NaN
0.352,0.336,0.67596,42.789,NaN,NaN,74211,74211
0.352,0.32,1.4511,41.033,NaN,NaN,53330,53330
0.352,0.304,0.46095,41.027,-1.5146e+05,1.9939e+06,44961,44961
0.352,0.288,0.27295,40.357,15957,1.1169e+06,57189,57189
0.352,0.272,-0.67809,38.025,-57929,2.5958e+05,94194,94194
0.352,0.256,-2.0796,36.276,-92624,-6.4838e+05,1.4873e+05,1.4873e+05
0.352,0.24,-2.1714,33.632,-1.9017e+05,-1.3631e+06,1.7457e+05,1.7457e+05
0.352,0.224,-1.5457,31.559,-1.195e+05,-1.6062e+06,1.4683e+05,1.4683e+05
0.352,0.208,-0.73253,30.703,27072,-1.8369e+06,1.0254e+05,1.0254e+05
0.352,0.192,0.88389,30.078,2.5846e+05,-1.8958e+06,68123,68123
0.352,0.176,2.8718,31.422,5.207e+05,-1.4643e+06,62260,62260
0.352,0.16,2.3148,34.81,7.5279e+05,-9.0587e+05,46987,46987
0.352,0.144,1.9858,35.052,8.2205e+05,-4.3282e+05,31550,31550
0.352,0.128,1.775,32.74,6.5211e+05,-6.1149e+05,16760,16760
0.352,0.112,0.68439,30.711,3.6623e+05,-8.8089e+05,8439.2,8439.2
0.352,0.096,-0.098448,30.374,17137,-1.1442e+06,-522.49,522.49
0.352,0.08,-0.69686,30.959,-1.4833e+05,-9.8417e+05,-2534,2534
0.352,0.064,0.088745,35.804,-2.4608e+05,-6.8577e+05,119.5,119.5
0.352,0.048,-0.058297,36.296,-1.4262e+05,-2.9934e+05,2747.4,2747.4
0.352,0.032,-2.3199,38.099,-79772,-79252,694.23,694.23
0.352,0.016,-1.3182,35.459,0,0,117.77,117.77
0.368,0.496,-1.8869,25.561,0,0,0,0
0.368,0.48,0.70757,26.365,0,0,0,0
0.368,0.464,0.72706,25.743,NaN,NaN,0,0
0.368,0.448,-0.67495,26.159,NaN,NaN,NaN,NaN
0.368,0.432,-1.3759,28.92,NaN,NaN,NaN,NaN
0.368,0.416,-1.178,32.636,NaN,NaN,NaN,NaN
0.368,0.4,-0.90873,37.505,NaN,NaN,NaN,NaN
0.368,0.384,0.14183,40.444,NaN,NaN,NaN,NaN
0.368,0.368,0.4403,42.164,NaN,NaN,NaN,NaN
0.368,0.352,0.33755,43.242,NaN,NaN,78979,78979
0.368,0.336,0.86634,44.203,NaN,NaN,71728,71728
0.368,0.32,0.81832,41.84,-7.6349e+05,1.8139e+06,57655,57655
0.368,0.304,-0.016606,40.352,-3.9702e+05,1.5599e+06,54051,54051
0.368,0.288,-0.78318,39.408,-3.4615e+05,8.0186e+05,68158,68158
0.368,0.272,-2.2543,34.679,-3.6118e+05,-3.4761e+05,1.0727e+05,1.0727e+05
0.368,0.256,-4.2142,28.955,-4.3479e+05,-1.6759e+06,1.5252e+05,1.5252e+05
0.368,0.24,-2.7505,29.975,-4.0617e+05,-2.3953e+06,1.7321e+05,1.7321e+05
0.368,0.224,-1.5977,32.256,-1.5316e+05,-2.2528e+06,1.4536e+05,1.4536e+05
0.368,0.208,-1.2099,32.238,1.9514e+05,-1.8952e+06,97836,97836
0.368,0.192,-0.29793,31.812,5.2693e+05,-1.4654e+06,68103,68103
0.368,0.176,2.3928,31.747,7.8743e+05,-8.6525e+05,69700,69700
0.368,0.16,4.2367,30.575,9.6244e+05,-2.8038e+05,63673,63673
0.368,0.144,3.3938,28.542,9.1283e+05,37870,43560,43560
0.368,0.128,1.5921,24.254,5.5372e+05,-5.505e+05,17372,17372
0.368,0.112,-0.049837,20.095,34289,-1.3851e+06,-5016.6,5016.6
0.368,0.096,-1.554,18.621,-3.6942e+05,-2.0049e+06,-23045,23045
0.368,0.08,-1.9249,16.793,-4.283e+05,-1.8259e+06,-29280,29280
0.368,0.064,-1.2995,17.82,-3.3023e+05,-1.3418e+06,-19813,19813
0.368,0.048,-1.0472,20.163,-1.4455e+05,-6.8106e+05,-8721.3,8721.3
0.368,0.032,-0.83611,24.087,-63285,-2.4466e+05,-3678.5,3678.5
0.368,0.016,-1.6312,23.287,0,0,-842.78,842.78
0.384,0.496,0.16444,20.727,0,0,0,0
0.384,0.48,1.1482,24.438,0,0,0,0
0.384,0.464,0.71761,26.819,NaN,NaN,0,0
0.384,0.448,0.41968,30.016,NaN,NaN,NaN,NaN
0.384,0.432,1.2481,33.736,NaN,NaN,NaN,NaN
0.384,0.416,0.85755,36.354,NaN,NaN,NaN,NaN
0.384,0.4,0.55448,39.456,NaN,NaN,-95149,95149
0.384,0.384,1.0421,42.649,NaN,NaN,-1.1637e+05,1.1637e+05
0.384,0.368,1.862,44.489,NaN,NaN,-55024,55024
0.384,0.352,1.7908,44.516,NaN,NaN,18788,18788
0.384,0.336,1.1238,43.896,-8.0526e+05,8.0134e+05,66345,66345
0.384,0.32,0.11043,40.425,-8.0483e+05,-36440,59810,59810
0.384,0.304,-2.5888,36.668,-7.5009e+05,-3.9533e+05,55667,55667
0.384,0.288,-4.0628,32.55,-7.3465e+05,-1.3053e+06,66942,66942
0.384,0.272,-4.3643,26.184,-7.3251e+05,-2.3319e+06,99083,99083
0.384,0.256,-4.3139,19.505,-6.0759e+05,-3.2206e+06,1.4072e+05,1.4072e+05
0.384,0.24,-3.8336,15.489,-3.3521e+05,-3.2103e+06,1.6509e+05,1.6509e+05
0.384,0.224,-2.33,16.502,1.0307e+05,-2.3804e+06,1.449e+05,1.449e+05
0.384,0.208,0.36454,19.195,5.7546e+05,-1.3311e+06,96704,96704
0.384,0.192,2.2672,21.157,9.9664e+05,-4.3242e+05,61822,61822
0.384,0.176,2.4308,21.977,1.2589e+06,3.2827e+05,64058,64058
0.384,0.16,1.8468,20.937,1.2529e+06,7.7001e+05,65185,65185
0.384,0.144,2.4495,18.755,8.9306e+05,6.9112e+05,52609,52609
0.384,0.128,1.8881,15.934,3.0812e+05,-3.5666e+05,23269,23269
0.384,0.112,-0.54094,12.958,-3.4231e+05,-1.5621e+06,1402.5,1402.5
0.384,0.096,-1.9514,10.703,-6.6968e+05,-2.3495e+06,-20027,20027
0.384,0.08,-2.4985,7.9117,-6.6539e+05,-2.2101e+06,-29212,29212
0.384,0.064,-1.4758,8.2404,-4.4562e+05,-1.7134e+06,-22348,22348
0.384,0.048,-0.59819,10.765,-2.0958e+05,-9.484e+05,-9474.3,9474.3
0.384,0.032,-1.3311,12.285,-71200,-3.5781e+05,-1585,1585
0.384,0.016,-1.9116,9.7668,0,0,230.52,230.52
0.4,0.496,1.2702,18.96,0,0,0,0
0.4,0.48,3.1807,22.533,0,0,0,0
0.4,0.464,3.7602,25.458,NaN,NaN,0,0
0.4,0.448,3.4712,27.474,NaN,NaN,NaN,NaN
0.4,0.432,1.5184,29.157,NaN,NaN,-34310,34310
0.4,0.416,2.6958,30.917,NaN,NaN,-40084,40084
0.4,0.4,2.7515,32.385,NaN,NaN,-34925,34925
0.4,0.384,3.1267,36.759,2.763e+05,2.5158e+06,-36346,36346
0.4,0.368,3.457,38.677,84799,1.9461e+06,-167.69,167.69
0.4,0.352,2.411,39.659,-30443,1.126e+06,37311,37311
0.4,0.336,1.1543,37.169,-5.3228e+05,-4.3813e+05,60644,60644
0.4,0.32,-1.0551,31.571,-7.8737e+05,-1.6935e+06,51778,51778
0.4,0.304,-4.2342,24.111,-8.7607e+05,-2.4211e+06,41801,41801
0.4,0.288,-6.0223,18.234,-8.1415e+05,-3.2645e+06,50464,50464
0.4,0.272,-5.2145,14.376,-7.4011e+05,-4.0795e+06,80609,80609
0.4,0.256,-4.22,13.239,-4.4702e+05,-4.0585e+06,1.2568e+05,1.2568e+05
0.4,0.24,-3.6048,11.088,-66278,-3.2268e+06,1.5892e+05,1.5892e+05
0.4,0.224,-2.1658,8.87,5.6082e+05,-1.7869e+06,1.5009e+05,1.5009e+05
0.4,0.208,-0.27506,10.946,1.3765e+06,-4.052e+05,1.0796e+05,1.0796e+05
0.4,0.192,2.9157,13.884,2.1642e+06,6.457e+05,67654,67654
0.4,0.176,3.6873,17.567,2.0517e+06,1.1129e+06,53469,53469
0.4,0.16,2.0675,18.267,1.2699e+06,9.8056e+05,44480,44480
0.4,0.144,1.4379,15.16,3.0532e+05,3.8119e+05,32605,32605
0.4,0.128,0.77011,11.283,-1.084e+05,-4.1837e+05,20803,20803
0.4,0.112,-0.79868,8.5022,-3.8096e+05,-1.1725e+06,17218,17218
0.4,0.096,-2.3484,5.8285,-4.4748e+05,-1.551e+06,9546.9,9546.9
0.4,0.08,-2.6757,5.9074,-3.1521e+05,-1.3366e+06,494.35,494.35
0.4,0.064,-2.7125,4.3019,-27858,-8.5155e+05,-2318.3,2318.3
0.4,0.048,-1.8129,5.4632,65943,-3.5327e+05,721.25,721.25
0.4,0.032,-0.74695,5.4142,58980,-78955,1585.5,1585.5
0.4,0.016,-2.0123,4.1825,0,0,1493,1493
0.416,0.496,2.722,18.651,0,0,-360.9,360.9
0.416,0.48,3.3239,21.027,0,0,-501.49,501.49
0.416,0.464,2.2696,21.623,NaN,NaN,2441.6,2441.6
0.416,0.448,0.29012,18.694,NaN,NaN,13218,13218
0.416,0.432,1.0459,17.851,NaN,NaN,8714.6,8714.6
0.416,0.416,2.3611,19.715,-9.8315e+05,1.116e+06,-1788.7,1788.7
0.416,0.4,2.4954,23.071,-9.2482e+05,9.4278e+05,-5462.3,5462.3
0.416,0.384,3.5723,23.3,-4.6763e+05,1.0523e+06,-9747.4,9747.4
0.416,0.368,4.4323,22.869,-42462,8.3777e+05,13443,13443
0.416,0.352,2.1574,23.559,61735,3.1743e+05,31409,31409
0.416,0.336,0.3136,19.333,-2.847e+05,-7.0089e+05,49139,49139
0.416,0.32,-1.3762,15.035,-6.0653e+05,-2.0998e+06,40552,40552
0.416,0.304,-3.5051,10.077,-7.8643e+05,-3.1582e+06,36630,36630
0.416,0.288,-4.7828,7.8229,-7.3667e+05,-4.2149e+06,48995,48995
0.416,0.272,-5.2231,6.1153,-7.0756e+05,-4.6239e+06,81655,81655
0.416,0.256,-6.22,9.1906,-3.2086e+05,-3.6963e+06,1.2878e+05,1.2878e+05
0.416,0.24,-2.8416,11.213,2.1122e+05,-2.1588e+06,1.73e+05,1.73e+05
0.416,0.224,-1.3486,10.564,1.1423e+06,-2.9371e+05,1.7623e+05,1.7623e+05
0.416,0.208,0.88251,11.26,2.3981e+06,6.7288e+05,1.4559e+05,1.4559e+05
0.416,0.192,3.491,13.112,2.8529e+06,1.0062e+06,95191,95191
0.416,0.176,4.2573,13.46,2.2186e+06,8.3337e+05,66207,66207
0.416,0.16,0.66178,10.955,7.5202e+05,3.1993e+05,38481,38481
0.416,0.144,-0.83676,8.764,-98079,-2.1983e+05,31857,31857
0.416,0.128,0.42678,5.7469,-2.5684e+05,-6.1379e+05,29193,29193
0.416,0.112,0.85522,3.5645,-2.8522e+05,-8.8642e+05,42630,42630
0.416,0.096,-0.33395,5.7986,-2.7752e+05,-1.0459e+06,45067,45067
0.416,0.08,-0.79367,1.9954,-2.7326e+05,-8.2439e+05,44090,44090
0.416,0.064,-0.48558,1.2757,1.4605e+05,53325,36314,36314
0.416,0.048,-0.30369,2.3508,1.7137e+05,2.7949e+05,25661,25661
0.416,0.032,-5.4403,11.244,2.4599e+05,4.655e+05,12068,12068
0.416,0.016,-2.2746,6.5966,0,0,4020,4020
0.432,0.496,2.6326,11.424,0,0,-958.13,958.13
0.432,0.48,4.8023,12.721,0,0,-1396.9,1396.9
0.432,0.464,2.7162,11.708,-4.6334e+05,-9.2439e+05,596.77,596.77
0.432,0.448,-0.51072,10.368,-3.8222e+05,-38389,11198,11198
0.432,0.432,0.90153,13.734,-9.6517e+05,-5.9186e+05,15654,15654
0.432,0.416,-1.9069,16.853,-9.7283e+05,2.7299e+05,18013,18013
0.432,0.4,-1.1038,17.751,-8.7562e+05,2.1305e+05,26977,26977
0.432,0.384,-1.848,16.992,-4.3277e+05,5.2259e+05,38990,38990
0.432,0.368,-0.50847,13.338,80580,3.9001e+05,49798,49798
0.432,0.352,2.6635,11.799,3.3756e+05,-947.72,44870,44870
0.432,0.336,1.0057,10.212,1.632e+05,-7.2849e+05,37719,37719
0.432,0.32,-0.81157,7.4092,-2.788e+05,-1.8759e+06,31074,31074
0.432,0.304,-2.05,6.1097,-6.6588e+05,-2.6682e+06,33777,33777
0.432,0.288,-4.6641,6.3187,-8.0367e+05,-3.7624e+06,45795,45795
0.432,0.272,-6.4403,7.9266,-1.382e+06,-5.3208e+06,66843,66843
0.432,0.256,-8.3351,8.0491,-1.9771e+06,-5.2535e+06,1.0039e+05,1.0039e+05
0.432,0.24,-4.7199,10.57,-2.1075e+06,-4.7782e+06,1.4247e+05,1.4247e+05
0.432,0.224,0.20321,12.097,-7.8109e+05,-2.1165e+06,1.6681e+05,1.6681e+05
0.432,0.208,1.3565,12.031,2.3931e+06,-7.8166e+05,1.54e+05,1.54e+05
0.432,0.192,1.5013,10.288,3.2711e+06,2.8113e+05,1.1668e+05,1.1668e+05
0.432,0.176,1.0318,7.2527,2.7828e+06,1.0844e+05,77977,77977
0.432,0.16,-0.51114,5.0953,3.3201e+05,-4.1778e+05,45296,45296
0.432,0.144,-1.4999,3.4498,-68646,-3.9045e+05,30640,30640
0.432,0.128,-2.0766,2.6922,-6.0067e+05,-6.2173e+05,27886,27886
0.432,0.112,25.812,13.682,-5.3858e+05,-3.6871e+05,45251,45251
0.432,0.096,16.87,19.342,-6.7791e+05,-3.9654e+05,65717,65717
0.432,0.08,15.636,23.6,1.6505e+05,1.0948e+06,79421,79421
0.432,0.064,-4.4441,-0.43274,4.5784e+05,2.3665e+06,73907,73907
0.432,0.048,1.6473,31.239,3.6597e+05,1.9311e+06,47842,47842
0.432,0.032,-22.017,24.087,2.807e+05,1.2038e+06,20732,20732
0.432,0.016,-28.949,26.372,0,0,5592.3,5592.3
0.448,0.496,-0.037826,4.2814,84510,42287,-1299.4,1299.4
0.448,0.48,0.99361,6.1141,1.1844e+05,1.6072e+05,-1848.3,1848.3
0.448,0.464,-0.18415,6.373,21424,-54068,-814.23,814.23
0.448,0.448,-1.1805,4.026,-2.5323e+05,1.79e+05,7563.8,7563.8
0.448,0.432,0.60109,9.5966,-1.4993e+06,-6.9755e+05,24153,24153
0.448,0.416,-7.7481,11.616,-2.1561e+06,-7.0537e+05,42304,42304
0.448,0.4,-2.1183,11.602,-1.4478e+06,-7.7464e+05,54741,54741
0.448,0.384,0.86064,9.5981,-5.9777e+05,-2.8702e+05,49436,49436
0.448,0.368,-3.7121,8.2297,-81933,-8.9124e+05,40228,40228
0.448,0.352,3.5356,6.7178,-5.5099e+05,-1.8289e+06,27281,27281
0.448,0.336,3.6404,5.8277,-3.1843e+05,-2.0183e+06,24553,24553
0.448,0.32,-0.47642,5.5814,-1.6248e+05,-1.5829e+06,24408,24408
0.448,0.304,-3.5147,4.2371,-94462,-1.1199e+06,31220,31220
0.448,0.288,-4.9219,6.6931,-1.7873e+06,-2.225e+06,33867,33867
0.448,0.272,-15.402,2.3916,-2.7546e+06,-4.3514e+06,36429,36429
0.448,0.256,-31.925,-12.176,-4.1444e+06,-5.5154e+06,54200,54200
0.448,0.24,-39.097,-0.66934,-4.5775e+06,-5.6854e+06,90263,90263
0.448,0.224,-36.109,-7.6629,-3.4476e+06,-3.4374e+06,1.3074e+05,1.3074e+05
0.448,0.208,-4.9984,3.1671,-9.3473e+05,-2.5838e+06,1.3524e+05,1.3524e+05
0.448,0.192,2.2525,6.3419,5.6505e+05,-1.3399e+06,1.2213e+05,1.2213e+05
0.448,0.176,-4.6494,1.954,7.2261e+05,-6.0019e+05,88320,88320
0.448,0.16,0.16565,3.0729,-5.6751e+05,-2.8931e+05,55783,55783
0.448,0.144,0.033071,3.8681,-1.4056e+05,-86148,35035,35035
0.448,0.128,-2.8241,3.3108,-5.8673e+05,-4.7437e+05,29122,29122
0.448,0.112,-2.9924,1.6303,-6.6075e+05,-2.8842e+05,51980,51980
0.448,0.096,2.6869,4.6738,-1.0591e+06,-2.5021e+05,73837,73837
0.448,0.08,24.38,13.469,-6.5192e+05,2.4908e+06,93518,93518
0.448,0.064,5.1193,37.868,-1.4675e+06,3.2074e+06,87079,87079
0.448,0.048,-1.9218,38.889,-9.7833e+05,2.1382e+06,59774,59774
0.448,0.032,-22.7,26.474,-6.4032e+05,1.1426e+06,27202,27202
0.448,0.016,-28.04,26.697,0,0,7141.6,7141.6
0.464,0.496,3.0181,2.3425,90700,21097,-1145,1145
0.464,0.48,4.2617,2.8036,1.1389e+05,1.011e+05,-1969,1969
0.464,0.464,2.2308,3.8413,9186.2,-2069.9,-3182.5,3182.5
0.464,0.448,-0.069306,1.0338,-2.0308e+05,1.7486e+05,2815.4,2815.4
0.464,0.432,0.074729,6.3396,-1.9964e+06,-8.6218e+05,16822,16822
0.464,0.416,-27.258,14.159,-3.4554e+06,-1.9017e+06,38420,38420
0.464,0.4,-27.016,10.507,-3.3793e+06,-2.6474e+06,48024,48024
0.464,0.384,1.852,5.7169,-1.9335e+06,-2.0659e+06,41164,41164
0.464,0.368,-3.1821,13.683,-1.2431e+06,-2.1446e+06,25873,25873
0.464,0.352,-21.467,5.9112,-1.4512e+06,-2.8095e+06,15724,15724
0.464,0.336,-13.941,8.6197,-1.0657e+06,-2.6785e+06,16711,16711
0.464,0.32,-0.46502,4.0537,-4.0706e+05,-1.7579e+06,18412,18412
0.464,0.304,-1.8365,0.92852,-58031,-3.3846e+05,20640,20640
0.464,0.288,-2.1422,2.9174,-2.0696e+06,-1.3201e+06,8125.4,8125.4
0.464,0.272,-57.278,13.729,-3.6732e+06,-3.7505e+06,-10507,10507
0.464,0.256,-136.87,-304.41,-6.9283e+06,-7.4738e+06,-16227,16227
0.464,0.24,-96.513,-135.34,-8.4841e+06,-7.8203e+06,2539.4,2539.4
0.464,0.224,-56.871,2.0958,-7.0912e+06,-5.5288e+06,49627,49627
0.464,0.208,-26.826,7.1802,-4.2448e+06,-4.3227e+06,71602,71602
0.464,0.192,-30.441,15.464,-8.9208e+05,-2.43e+06,87263,87263
0.464,0.176,-13.441,13.052,73334,-8.9813e+05,66094,66094
0.464,0.16,-6.7894,14.655,-7.8347e+05,-51059,44346,44346
0.464,0.144,224.38,-108.21,6489.2,2.5666e+05,18837,18837
0.464,0.128,-0.41443,-1.9603,-5.0508e+05,-2.6919e+05,10913,10913
0.464,0.112,1.6007,-0.074723,-4.3366e+05,-1.2934e+05,29966,29966
0.464,0.096,19.779,18.993,-6.0965e+05,-1.2371e+05,53629,53629
0.464,0.08,360.28,297.62,-1.2295e+06,2.388e+06,72564,72564
0.464,0.064,-15.899,42.87,-2.4254e+06,3.1852e+06,68519,68519
0.464,0.048,-42.557,44.829,-1.617e+06,2.1235e+06,47222,47222
0.464,0.032,-202.05,99.54,-8.6653e+05,9.18e+05,22354,22354
0.464,0.016,-62.598,42.293,0,0,5858.9,5858.9
0.48,0.496,1.0211,1.0182,80622,18753,-515.73,515.73
0.48,0.48,1.8033,0.97562,88585,78632,-1081.2,1081.2
0.48,0.464,0.98651,0.57862,58627,1.011e+05,-2521,2521
0.48,0.448,-0.163,2.4846,-82142,1.626e+05,-1978.1,1978.1
0.48,0.432,-22.502,19.878,-1.6344e+06,-6.4023e+05,3303.3,3303.3
0.48,0.416,-33.247,15.319,-3.0919e+06,-1.8987e+06,13190,13190
0.48,0.4,-36.4,7.2915,-3.0983e+06,-2.5563e+06,20537,20537
0.48,0.384,-36.914,6.9313,-1.8048e+06,-2.0046e+06,15337,15337
0.48,0.368,-5.4214,-1.2822,-1.3383e+06,-2.0259e+06,5471.4,5471.4
0.48,0.352,-14.176,13.335,-1.7476e+06,-2.597e+06,-359.35,359.35
0.48,0.336,-16.966,10.449,-1.3609e+06,-2.5842e+06,5266.2,5266.2
0.48,0.32,0.40699,0.67001,-4.8395e+05,-1.5349e+06,10078,10078
0.48,0.304,-0.5399,0.51632,1.4219e+05,-82867,9488.1,9488.1
0.48,0.288,-6.2375,9.7342,-1.5853e+06,-1.8617e+05,-4729.1,4729.1
0.48,0.272,-89.181,50.38,-2.1406e+06,-1.4603e+05,-22005,22005
0.48,0.256,-80.529,79.558,-2.7967e+06,-3.8682e+05,-29594,29594
0.48,0.24,-115.96,-59.833,-4.341e+06,-1.047e+06,-19402,19402
0.48,0.224,-43.84,0.89355,-4.4968e+06,-1.8761e+06,11630,11630
0.48,0.208,-137.48,-65.343,-4.7118e+06,-2.3583e+06,33488,33488
0.48,0.192,-149.16,63.306,-2.3243e+06,-1.8134e+06,50160,50160
0.48,0.176,-137.75,89.944,-1.6454e+06,-5.5773e+05,41190,41190
0.48,0.16,-63.03,201.55,-7.7417e+05,3.8108e+05,26531,26531
0.48,0.144,0.83695,12.508,-2.14e+05,1.7162e+05,9708,9708
0.48,0.128,1.4703,-1.7411,8852.1,-70635,4674,4674
0.48,0.112,-0.32945,0.37664,29270,-50840,16885,16885
0.48,0.096,1.0383,1.3794,52651,12680,29125,29125
0.48,0.08,6.0701,106.33,-1.3245e+06,5.9788e+05,40126,40126
0.48,0.064,-20.195,47.678,-2.3405e+06,7.6395e+05,36205,36205
0.48,0.048,-0.50678,12.809,-1.8204e+06,5.9418e+05,26427,26427
0.48,0.032,-1.5572,6.9341,-9.1827e+05,2.0534e+05,12362,12362
0.48,0.016,1.1895,0.11157,0,0,3344,3344
0.496,0.496,1.4327,1.3008,14892,-14137,-187.58,187.58
0.496,0.48,0.39013,2.6273,22783,-10656,-531,531
0.496,0.464,-0.91258,0.42601,-2377,22420,-1343.3,1343.3
0.496,0.448,-9.6577,11.533,-19428,41127,-2194,2194
0.496,0.432,-29.274,22.787,-8.7187e+05,-3.3902e+05,-4973.4,4973.4
0.496,0.416,-253.75,219.24,-1.6917e+06,-1.145e+06,-4290.6,4290.6
0.496,0.4,-2.1093,6.4584,-2.2979e+06,-1.7494e+06,-2425.7,2425.7
0.496,0.384,-178.87,-89.626,-1.5743e+06,-1.5907e+06,-979.57,979.57
0.496,0.368,-56.381,-7.9454,-1.2036e+06,-1.2204e+06,-2885.9,2885.9
0.496,0.352,-121.17,97.659,-8.4887e+05,-1.1444e+06,-2055.2,2055.2
0.496,0.336,-40.687,-10.695,-7.3215e+05,-1.0106e+06,2655.9,2655.9
0.496,0.32,-18.447,29.487,-3.4363e+05,-7.1099e+05,5742.7,5742.7
0.496,0.304,-24.726,12.769,-1.1406e+05,25465,5537.6,5537.6
0.496,0.288,-101.86,91.574,-2.3006e+05,75910,-1446.7,1446.7
0.496,0.272,-219.77,123.61,-2.6975e+05,1.0407e+05,-11022,11022
0.496,0.256,-292.79,425.59,0,0,-20426,20426
0.496,0.24,-74.47,-3.6263,-1.3731e+06,-4.5005e+05,-19168,19168
0.496,0.224,-62.769,-14.028,-1.3731e+06,-4.5005e+05,-5408.2,5408.2
0.496,0.208,-2.0442,4.1235,-1.3731e+06,-4.5005e+05,9029.8,9029.8
0.496,0.192,-1.7735,3.3145,0,0,16343,16343
0.496,0.176,11.005,2.3636,0,0,14267,14267
0.496,0.16,0.74338,0.46358,0,0,8075.6,8075.6
0.496,0.144,1.4356,15.208,19370,-23493,3659.1,3659.1
0.496,0.128,0.017149,-0.9965,11563,-15009,968.77,968.77
0.496,0.112,0.53071,-0.38388,29411,-3594.3,3228.4,3228.4
0.496,0.096,0.018205,0.90948,16139,16513,7343.6,7343.6
0.496,0.08,64.848,119.05,-5.3137e+05,1.8138e+05,10789,10789
0.496,0.064,-101.31,-88.187,-5.6797e+05,4.7195e+05,10948,10948
0.496,0.048,-212.83,84.73,-5.0486e+05,4.1951e+05,7655.9,7655.9
0.496,0.032,-287.05,57.853,-13403,2.6803e+05,3789.4,3789.4
0.496,0.016,-26.601,34.97,0,0,977.84,977.84
