0.016,0.496,0.83543,-0.99742,-1018.7,1090.1,-18.024,18.024
0.016,0.48,-0.099965,-0.52311,-593.32,4186.4,3378,3378
0.016,0.464,2.6258,0.21521,-1433.4,5190.9,7894.6,7894.6
0.016,0.448,-1.0475,1.1124,74.394,3679.4,12025,12025
0.016,0.432,0.68575,1.1005,-15146,-3071.5,10324,10324
0.016,0.416,4.1324,0.30917,-21876,-4783.4,6889.8,6889.8
0.016,0.4,2.4866,-0.47837,-23046,-4028.7,3599.7,3599.7
0.016,0.384,4.2537,-0.6745,-7832.1,-970.5,2065.6,2065.6
0.016,0.368,5.4145,-0.86268,-1886.2,-1017.1,880.61,880.61
0.016,0.352,2.9486,-0.28202,-7411.8,-502.85,-1679.8,1679.8
0.016,0.336,5.1585,0.73061,-10885,222.71,-3798.2,3798.2
0.016,0.32,3.156,-0.85687,-8831.6,-704.02,-4858.5,4858.5
0.016,0.304,0.16438,0.41928,-5197.9,-482.74,-3189.5,3189.5
0.016,0.288,0.58935,-0.52393,-5409.5,2263.9,-1205.5,1205.5
0.016,0.272,1.3578,-2.691,-6960.9,3046.1,165.75,165.75
0.016,0.256,0.32736,-0.12798,-7859.1,3397.3,145.2,145.2
0.016,0.24,2.814,1.0072,-16428,-508.88,-141.23,141.23
0.016,0.224,7.3379,0.44925,-15688,-657.92,-725.17,725.17
0.016,0.208,5.6607,-1.2045,-11081,-4383.5,-1118.4,1118.4
0.016,0.192,1.2153,-0.24355,2692.1,-7073.9,-3175.4,3175.4
0.016,0.176,-0.53082,-0.69913,3169,-5815.1,-5989.2,5989.2
0.016,0.16,-0.60744,-1.3789,3876.5,352.39,-9149.3,9149.3
0.016,0.144,-1.046,-0.0037021,3257.9,4253.9,-8811.3,8811.3
0.016,0.128,2.4829,-1.9965,3600.1,3455.4,-5665.5,5665.5
0.016,0.112,6.5361,0.056213,-5198.4,-7663.3,-3309.1,3309.1
0.016,0.096,1.2643,2.7464,-6860.5,-8420.5,-3369,3369
0.016,0.08,-0.04846,-0.073143,-13562,28800,-5887.2,5887.2
0.016,0.064,-1.0009,1.1082,-9999.9,39727,-6402.4,6402.4
0.016,0.048,-1.4879,0.67129,-9658.1,40304,-5209.2,5209.2
0.016,0.032,-1.7669,1.0634,-3393.1,3671,-2668.7,2668.7
0.016,0.016,-1.5303,0.69503,0,0,-823.77,823.77
0.032,0.496,0.518,0.22555,11370,-3213.1,-18.393,18.393
0.032,0.48,0.41267,0.078551,28473,7741.7,-54.992,54.992
0.032,0.464,0.0045153,0.02198,43743,9316.1,-405.9,405.9
0.032,0.448,-0.044357,0.31087,17336,-5159.8,-718.7,718.7
0.032,0.432,-0.027165,0.064323,-12511,-22264,-1836,1836
0.032,0.416,-0.45243,-0.5876,-42366,-24354,-3657.3,3657.3
0.032,0.4,-0.35032,-0.32424,-49812,-24167,-3849.6,3849.6
0.032,0.384,-0.058549,0.174,-49738,-1.0132e+05,3566.7,3566.7
0.032,0.368,0.045028,0.059846,-23338,-1.0516e+05,11515,11515
0.032,0.352,-0.083932,-0.025426,-6073.9,-82730,15003,15003
0.032,0.336,-0.27829,0.3114,2487.5,2029.6,8962.6,8962.6
0.032,0.32,-0.12387,-0.15886,-11400,-840.98,3238,3238
0.032,0.304,-0.10105,-0.38417,-7960.4,-1926.4,431.71,431.71
0.032,0.288,-0.38403,-0.25763,-3622.5,6714.1,326.74,326.74
0.032,0.272,-0.27114,-0.48902,-4154.4,15393,209.43,209.43
0.032,0.256,-0.25409,-0.079292,-7307.2,5701.4,-67.004,67.004
0.032,0.24,-0.51942,0.5315,-25967,-2665,-371.73,371.73
0.032,0.224,-0.2408,0.020272,-26827,-4821.6,-430.24,430.24
0.032,0.208,0.18329,-0.31966,-16536,2137.1,-110.65,110.65
0.032,0.192,0.51235,-0.086681,-2444.9,2527.6,242.27,242.27
0.032,0.176,0.4752,-0.097737,-8897.8,6070.2,462.42,462.42
0.032,0.16,-0.11431,0.14614,-16874,-620.7,402.95,402.95
0.032,0.144,-0.45847,0.30371,-33376,-1389.9,331.38,331.38
0.032,0.128,0.10452,-0.23719,-32848,-7701.2,148.47,148.47
0.032,0.112,0.0090288,-0.081714,-17883,-8334.1,300.42,300.42
0.032,0.096,-0.44337,-0.030054,-22895,-72846,636.1,636.1
0.032,0.08,-0.15512,0.55919,-58098,-30858,1077.6,1077.6
0.032,0.064,-0.5935,2.551,-83638,-19778,1194.4,1194.4
0.032,0.048,-1.1029,1.9342,-57784,43383,899,899
0.032,0.032,-1.4139,1.8652,-13191,4865.2,510.26,510.26
0.032,0.016,-1.3244,-0.55288,0,0,168.12,168.12
0.048,0.496,0.31591,0.50993,4347.2,-1490.7,-41.518,41.518
0.048,0.48,1.1135,0.42996,20272,8996.9,-153.1,153.1
0.048,0.464,1.5339,0.42475,31732,10798,-855,855
0.048,0.448,1.4887,0.25062,34673,90203,-2071.8,2071.8
0.048,0.432,0.57986,1.5996,4125,72823,-5414,5414
0.048,0.416,-0.34336,-0.52548,-26249,65169,-8899.1,8899.1
0.048,0.4,-1.1858,-0.44302,-1.2834e+05,-8.3335e+05,-10977,10977
0.048,0.384,-1.0073,-1.0555,-7.0347e+05,-3.7443e+06,-455.51,455.51
0.048,0.368,1.5706,0.012198,-6.9545e+05,-3.8027e+06,16193,16193
0.048,0.352,1.5094,0.55084,-5.8421e+05,-2.9878e+06,28110,28110
0.048,0.336,-0.1921,0.22468,-1026.5,-69795,24119,24119
0.048,0.32,-0.46463,-0.32472,7514.4,-10946,11919,11919
0.048,0.304,-0.60955,-0.6367,-10505,-2199.6,3519.1,3519.1
0.048,0.288,-0.44543,0.23383,-4797,9957.8,592.87,592.87
0.048,0.272,-0.39588,0.98846,-3908.6,17134,363.72,363.72
0.048,0.256,-0.86703,0.40436,-3935.4,9697.8,170.69,170.69
0.048,0.24,-0.99777,-0.43708,-20625,1119.9,-152.52,152.52
0.048,0.224,-1.1112,-0.040035,-23949,-631,-327.56,327.56
0.048,0.208,-0.5154,-0.27888,-15917,3012.1,201.63,201.63
0.048,0.192,0.24416,0.4457,-4201.2,1319.7,830.68,830.68
0.048,0.176,-0.28444,1.1045,-10231,4260.1,1313.5,1313.5
0.048,0.16,-1.1709,0.30873,-19570,-753.55,1167.4,1167.4
0.048,0.144,-1.2748,-0.68355,-30800,-2692.1,1106,1106
0.048,0.128,-1.5834,-0.46414,-24869,-9152.7,1047.7,1047.7
0.048,0.112,-0.48985,-1.1527,-8652,-2399.1,705.61,705.61
0.048,0.096,0.66278,-1.2888,-21641,-79942,676.3,676.3
0.048,0.08,-2.1348,-1.724,-55310,-30411,1206.6,1206.6
0.048,0.064,-2.5616,1.4726,-99278,30433,2051.6,2051.6
0.048,0.048,-1.7066,2.2311,-69224,1.0792e+05,2002.8,2002.8
0.048,0.032,-1.8096,2.6129,-30661,61840,1154.8,1154.8
0.048,0.016,-1.6214,-4.272,0,0,353.31,353.31
0.064,0.496,-0.34315,1.4173,3136.1,-2951.4,-99.003,99.003
0.064,0.48,-0.62126,1.0495,11997,20239,-345.02,345.02
0.064,0.464,-0.089154,-0.15427,24742,36747,-1595.5,1595.5
0.064,0.448,-0.17816,0.27266,60004,2.3153e+05,-4752.2,4752.2
0.064,0.432,0.70927,5.4656,90524,2.9759e+05,-10234,10234
0.064,0.416,-0.70799,-0.33137,74741,3.1042e+05,-16319,16319
0.064,0.4,-0.81535,-0.16816,-89693,-9.5855e+05,-23507,23507
0.064,0.384,4.6685,2.2264,-7.5719e+05,-4.3859e+06,-14325,14325
0.064,0.368,2.3584,5.3716,-6.8975e+05,-3.9049e+06,8791.8,8791.8
0.064,0.352,0.29773,0.83672,-5.6356e+05,-2.9865e+06,35733,35733
0.064,0.336,1.4992,0.80936,-18142,-33583,40807,40807
0.064,0.32,-0.28049,0.37363,5494.1,-26561,28005,28005
0.064,0.304,-0.21039,0.10627,-15505,-9266.7,11773,11773
0.064,0.288,0.039297,-0.26504,-18332,803.51,3253.1,3253.1
0.064,0.272,0.29309,0.059337,-55376,-33967,254.93,254.93
0.064,0.256,-0.033002,0.29095,-84076,-44034,175.2,175.2
0.064,0.24,-0.33806,-0.074447,-90737,-36598,377.43,377.43
0.064,0.224,-0.030107,0.20699,-56221,-13837,458.86,458.86
0.064,0.208,0.3319,-0.14265,-13978,-4473,1345.3,1345.3
0.064,0.192,-0.19769,-0.10856,-15972,7332.6,2191.1,2191.1
0.064,0.176,-0.36813,0.33925,-24980,26093,3104.6,3104.6
0.064,0.16,-0.12436,-0.16116,-41487,15108,3034.9,3034.9
0.064,0.144,-0.096674,-0.42115,-35766,-39612,3115.7,3115.7
0.064,0.128,0.2628,-0.29664,-28579,-45809,3237.5,3237.5
0.064,0.112,0.16479,0.24688,-34192,-10930,2570.1,2570.1
0.064,0.096,-0.16876,-0.62938,-58109,-45718,2105.6,2105.6
0.064,0.08,-0.1349,-1.1312,-81823,-37364,2342.5,2342.5
0.064,0.064,0.57015,0.66306,-84911,62765,3095,3095
0.064,0.048,-0.41663,3.4053,-46705,1.273e+05,2952.8,2952.8
0.064,0.032,-0.46402,3.3125,-14241,1.2278e+05,1586.5,1586.5
0.064,0.016,-1.088,-4.4798,0,0,561.35,561.35
0.08,0.496,-1.015,2.1938,-10409,1520.9,-107.35,107.35
0.08,0.48,-0.6707,1.9018,-30352,47050,-522.75,522.75
0.08,0.464,-0.82009,2.6956,-37959,1.0844e+05,-2939.9,2939.9
0.08,0.448,-0.41839,3.4557,1877.5,2.7268e+05,-7806.4,7806.4
0.08,0.432,0.61686,7.6757,1.0512e+05,4.366e+05,-15487,15487
0.08,0.416,1.0683,7.7067,1.933e+05,5.1693e+05,-20419,20419
0.08,0.4,19.954,94.783,39939,-8.3384e+05,-29102,29102
0.08,0.384,1.3156,-1.6016,-6.8174e+05,-4.4733e+06,-26926,26926
0.08,0.368,1.6374,-2.0562,-7.2015e+05,-4.0692e+06,-10427,10427
0.08,0.352,0.36626,1.648,-6.7636e+05,-3.0864e+06,16370,16370
0.08,0.336,0.021891,1.2095,-1.6887e+05,-75028,30250,30250
0.08,0.32,-0.26071,0.78951,-1.2156e+05,-65954,23691,23691
0.08,0.304,-0.18818,0.64843,-50716,-28639,10193,10193
0.08,0.288,0.12305,0.38884,-37650,-9924.9,1462.3,1462.3
0.08,0.272,1.182,-0.84793,-96129,-71169,-1942.9,1942.9
0.08,0.256,-0.21858,-2.2926,-1.1892e+05,-1.1864e+05,-1927.5,1927.5
0.08,0.24,1.727,-0.023569,-1.2203e+05,-1.2608e+05,-1119,1119
0.08,0.224,0.74062,0.89529,-55321,-79888,-407.51,407.51
0.08,0.208,0.69058,-1.3689,-29310,-47145,1099.2,1099.2
0.08,0.192,1.1302,0.018924,-6092.2,-16888,1946,1946
0.08,0.176,-0.26401,1.7504,-10354,-3250.3,2677.7,2677.7
0.08,0.16,-0.72797,-0.69995,-15658,5961,2326.8,2326.8
0.08,0.144,-0.56289,-1.1382,11503,-50563,2373.3,2373.3
0.08,0.128,-0.62006,-1.6212,20674,-45579,2968,2968
0.08,0.112,-0.97513,0.28934,-2247.6,-27589,3029.8,3029.8
0.08,0.096,-2.2714,0.14441,2960.2,940.8,2967.3,2967.3
0.08,0.08,-0.72339,0.23358,-5342.4,15516,2668.1,2668.1
0.08,0.064,-0.25164,0.30561,6432,1.4834e+05,2780,2780
0.08,0.048,0.26103,3.6229,-10622,1.5409e+05,2464.1,2464.1
0.08,0.032,0.38993,3.7551,-8553.1,1.4229e+05,1489.8,1489.8
0.08,0.016,-0.78205,-3.2293,0,0,603.45,603.45
0.096,0.496,-1.8192,3.0946,-19752,41129,-439.15,439.15
0.096,0.48,-1.8516,3.4649,-45338,1.6393e+05,-2113.2,2113.2
0.096,0.464,-1.5651,3.943,-83605,2.9324e+05,-6343.3,6343.3
0.096,0.448,-1.1839,4.966,-68411,2.6379e+05,-13432,13432
0.096,0.432,-1.5449,3.5082,1.0369e+05,5.744e+05,-20299,20299
0.096,0.416,0.69714,9.3105,3.2436e+05,7.5397e+05,-25143,25143
0.096,0.4,1.3163,9.259,3.935e+05,5.4955e+05,-31671,31671
0.096,0.384,0.057603,1.4374,2.0245e+05,-3.5832e+05,-32866,32866
0.096,0.368,1.5742,7.1,-1471.7,-5.124e+05,-23348,23348
0.096,0.352,-1.0128,0.22981,-1.4192e+05,-3.8626e+05,-2508.8,2508.8
0.096,0.336,-3.5662,0.67874,-1.5491e+05,16124,11745,11745
0.096,0.32,-2.5572,0.070311,-1.2372e+05,-13933,12927,12927
0.096,0.304,-0.57983,0.41981,-16046,15394,4684.1,4684.1
0.096,0.288,0.67888,1.4038,2492.1,-21000,-1754.9,1754.9
0.096,0.272,0.99783,0.498,-77551,-77102,-5745.5,5745.5
0.096,0.256,2.0881,-0.58581,-63672,-1.8599e+05,-5654.3,5654.3
0.096,0.24,4.7996,-0.14719,-57610,-2.2933e+05,-4036,4036
0.096,0.224,2.4313,0.4478,29223,-1.8482e+05,-1883.1,1883.1
0.096,0.208,0.34617,-0.29763,-7808.2,-1.1682e+05,727.41,727.41
0.096,0.192,0.37495,-0.19455,-57752,4469.9,1874.8,1874.8
0.096,0.176,-0.042429,0.94827,-68562,-1176.9,2421.2,2421.2
0.096,0.16,-0.10874,0.18576,-60830,17418,1635.5,1635.5
0.096,0.144,-0.23745,0.43365,3917,-60399,1816.8,1816.8
0.096,0.128,-0.55141,0.42427,24676,-29577,3152,3152
0.096,0.112,-0.49073,0.30757,-4957.2,-9340.8,4297.8,4297.8
0.096,0.096,0.17404,-0.21622,-21882,27337,4123.8,4123.8
0.096,0.08,1.2575,0.38246,42455,53596,3430,3430
0.096,0.064,-0.99593,1.1024,2.1775e+05,1.1415e+05,2548.6,2548.6
0.096,0.048,-0.85444,2.2707,2.2873e+05,98572,2299.7,2299.7
0.096,0.032,-0.44498,2.418,1.4727e+05,71947,1315.7,1315.7
0.096,0.016,0.11991,-3.6075,0,0,610.15,610.15
0.112,0.496,-4.5097,1.8983,-19707,47481,-1004.7,1004.7
0.112,0.48,-2.7894,3.7748,-12157,2.9138e+05,-4222.1,4222.1
0.112,0.464,-2.3098,5.4355,-91506,5.9702e+05,-10563,10563
0.112,0.448,-3.0024,5.9425,-1.0327e+05,5.3944e+05,-20059,20059
0.112,0.432,-1.6017,2.0232,-10373,7.5197e+05,-27060,27060
0.112,0.416,0.34505,11.966,2.7106e+05,6.2697e+05,-28669,28669
0.112,0.4,2.0595,11.191,4.3632e+05,3.6068e+05,-28001,28001
0.112,0.384,1.3493,11.046,2.7255e+05,-4.8923e+05,-26171,26171
0.112,0.368,0.45849,4.172,24217,-6.8248e+05,-23252,23252
0.112,0.352,0.76035,2.0738,-1.9302e+05,-5.0474e+05,-15520,15520
0.112,0.336,-0.3113,2.1306,-1.9249e+05,37631,-9338.4,9338.4
0.112,0.32,-0.47632,3.0738,-1.7734e+05,1.4646e+05,-6588.7,6588.7
0.112,0.304,-0.72633,0.66728,-32569,1.0539e+05,-7030.1,7030.1
0.112,0.288,0.058243,2.3032,42055,-85281,-7293.1,7293.1
0.112,0.272,3.043,0.78487,49150,-2.0701e+05,-7582.1,7582.1
0.112,0.256,2.7589,1.2124,1.156e+05,-3.3638e+05,-6636.3,6636.3
0.112,0.24,4.7639,1.2809,1.1039e+05,-3.1711e+05,-4544.2,4544.2
0.112,0.224,3.9394,1.1116,1.0807e+05,-2.5642e+05,-2357.8,2357.8
0.112,0.208,2.673,3.2354,-10909,-1.8678e+05,1195.9,1195.9
0.112,0.192,1.062,2.3094,-69559,-93818,2553.9,2553.9
0.112,0.176,-1.5861,2.8996,-52040,-82523,2755.3,2755.3
0.112,0.16,-0.65529,0.26612,-31448,-13818,1254.6,1254.6
0.112,0.144,-0.70485,1.5058,17154,-50904,2169,2169
0.112,0.128,-0.87086,2.644,-31335,44249,5149,5149
0.112,0.112,-0.51727,2.8678,-93914,89781,6154.3,6154.3
0.112,0.096,-1.4118,2.2355,-1.1894e+05,1.1228e+05,6068.8,6068.8
0.112,0.08,-1.939,0.86542,-1.1193e+05,43870,4823.7,4823.7
0.112,0.064,1.4565,1.5829,52408,69649,4136.5,4136.5
0.112,0.048,3.3856,1.5026,82550,67986,2987.5,2987.5
0.112,0.032,1.2995,0.0090663,1.1521e+05,62700,1474.7,1474.7
0.112,0.016,-0.69663,-2.1943,0,0,619.9,619.9
0.128,0.496,-3.6586,4.3707,-19707,47481,-1381.3,1381.3
0.128,0.48,-1.9567,4.2149,681.7,3.0224e+05,-5424.6,5424.6
0.128,0.464,-2.2279,5.8717,-1.0416e+05,7.2105e+05,-10712,10712
0.128,0.448,-4.1181,8.0274,-93608,7.607e+05,-21615,21615
0.128,0.432,-2.7555,10.489,19772,9.6202e+05,-25824,25824
0.128,0.416,-2.3748,9.0197,2.865e+05,7.5895e+05,-29017,29017
0.128,0.4,1.2459,7.523,4.2147e+05,6.4592e+05,-25549,25549
0.128,0.384,1.5166,6.2913,3.1096e+05,-1.1933e+05,-25151,25151
0.128,0.368,0.6049,4.6742,1.2065e+05,-3.2887e+05,-21672,21672
0.128,0.352,0.37607,4.8501,-50638,-3.2813e+05,-16117,16117
0.128,0.336,0.27762,6.399,-44800,46000,-11936,11936
0.128,0.32,-0.82244,7.5993,-51731,1.3204e+05,-10212,10212
0.128,0.304,-0.69828,6.724,12449,-1.6597e+05,-9288.8,9288.8
0.128,0.288,-0.088391,5.2945,92831,-3.9982e+05,-6704,6704
0.128,0.272,1.9491,0.86534,1.404e+05,-5.3236e+05,-4903.6,4903.6
0.128,0.256,3.1707,1.5552,2.0342e+05,-4.7727e+05,-3433.6,3433.6
0.128,0.24,3.4106,2.2666,1.9145e+05,-3.426e+05,-1893.2,1893.2
0.128,0.224,2.1458,3.618,1.7099e+05,-2.5723e+05,373.35,373.35
0.128,0.208,1.053,3.2936,67532,-1.9359e+05,5388.7,5388.7
0.128,0.192,1.1773,1.9671,-57605,-1.1195e+05,7845.4,7845.4
0.128,0.176,-0.085829,0.8829,-88853,-82403,8545.8,8545.8
0.128,0.16,-0.045481,2.3999,-93504,-8079.1,6730,6730
0.128,0.144,-0.11945,3.4336,-55805,47474,8685.2,8685.2
0.128,0.128,-1.3182,2.318,-89585,1.9362e+05,11067,11067
0.128,0.112,-3.6185,5.7009,-1.4987e+05,2.793e+05,13140,13140
0.128,0.096,-3.6001,4.7297,-1.5614e+05,2.3709e+05,12093,12093
0.128,0.08,-2.9644,1.5367,-2.0588e+05,1.6136e+05,11344,11344
0.128,0.064,-3.0825,0.25488,-39663,1.4629e+05,8209,8209
0.128,0.048,-1.552,3.3601,-3261.4,1.3594e+05,5214.2,5214.2
0.128,0.032,-1.4597,3.369,1.0066e+05,81172,2166.3,2166.3
0.128,0.016,-1.3259,0.12723,0,0,749.33,749.33
0.144,0.496,-4.5402,7.3637,0,0,-1024,1024
0.144,0.48,-2.2551,10.532,49448,2.1676e+05,-4223.6,4223.6
0.144,0.464,-1.4656,11.303,-23757,1.0568e+06,-8839.9,8839.9
0.144,0.448,-2.0367,12.894,-28360,1.262e+06,-20909,20909
0.144,0.432,-2.1853,14.998,391.58,1.1595e+06,-23359,23359
0.144,0.416,-0.41491,14.052,2.1968e+05,6.7391e+05,-25032,25032
0.144,0.4,-0.19957,15.243,2.7858e+05,3.3814e+05,-23785,23785
0.144,0.384,-0.72727,17.199,3.1967e+05,-1.4338e+05,-24319,24319
0.144,0.368,0.63688,13.448,1.9633e+05,-1.4018e+05,-21950,21950
0.144,0.352,-0.28159,14.197,1.162e+05,-47463,-16246,16246
0.144,0.336,-0.8702,17.213,-4642.7,-18425,-12636,12636
0.144,0.32,1.0634,14.932,-77683,-1.7361e+05,-10629,10629
0.144,0.304,0.063548,12.082,-68251,-8.3706e+05,-8103.4,8103.4
0.144,0.288,-0.064764,8.7382,34068,-1.1357e+06,-3381.4,3381.4
0.144,0.272,1.6105,4.1944,1.5012e+05,-1.201e+06,883.1,883.1
0.144,0.256,1.7932,4.1007,1.3194e+05,-7.2782e+05,4350.5,4350.5
0.144,0.24,1.468,4.7655,62163,-3.7827e+05,7981.2,7981.2
0.144,0.224,1.4728,4.9998,11580,-2.2213e+05,10506,10506
0.144,0.208,1.3589,5.508,63814,-2.2758e+05,18095,18095
0.144,0.192,1.4286,6.2443,34583,-1.8558e+05,23040,23040
0.144,0.176,0.6546,5.8748,873.34,-1.124e+05,27104,27104
0.144,0.16,0.099621,6.4997,-79753,32677,25530,25530
0.144,0.144,0.16611,7.1502,-1.5407e+05,1.9368e+05,24857,24857
0.144,0.128,-0.73164,8.5971,-2.8744e+05,4.7252e+05,28003,28003
0.144,0.112,-0.79825,9.1093,-4.1075e+05,7.2033e+05,29226,29226
0.144,0.096,-1.1061,9.0863,-4.2569e+05,7.6785e+05,28685,28685
0.144,0.08,-2.9414,5.8943,-5.3807e+05,6.3696e+05,22785,22785
0.144,0.064,-5.5105,4.267,-4.7183e+05,4.8285e+05,15264,15264
0.144,0.048,-3.329,2.5828,-3.5955e+05,2.9831e+05,8369.3,8369.3
0.144,0.032,-2.9602,7.6681,-93042,1.5703e+05,3316.5,3316.5
0.144,0.016,-1.5258,4.0814,0,0,997.13,997.13
0.16,0.496,-4.8927,19.171,0,0,-385.35,385.35
0.16,0.48,-2.9571,21.295,0,0,-1816.9,1816.9
0.16,0.464,-1.0283,22.052,NaN,NaN,-3118.6,3118.6
0.16,0.448,-0.11783,20.283,NaN,NaN,-15204,15204
0.16,0.432,0.057044,21.825,3.8683e+05,1.0447e+06,-15884,15884
0.16,0.416,-0.16623,22.898,3.0827e+05,9.5238e+05,-20584,20584
0.16,0.4,0.74882,23.068,2.2083e+05,1.1278e+06,-32127,32127
0.16,0.384,1.6277,24.921,3.0028e+05,4.8248e+05,-43671,43671
0.16,0.368,0.60257,24.037,2.6102e+05,2.6759e+05,-41729,41729
0.16,0.352,0.12912,25.124,2.632e+05,-18431,-28670,28670
0.16,0.336,1.1932,25.907,65681,-3.2685e+05,-16063,16063
0.16,0.32,-0.11638,19.789,-46470,-8.0441e+05,-10715,10715
0.16,0.304,-0.74535,14.93,-82836,-1.7821e+06,-6871.4,6871.4
0.16,0.288,0.091742,8.9494,83034,-2.2458e+06,-478.04,478.04
0.16,0.272,1.9594,6.768,2.1063e+05,-2.2506e+06,2197.4,2197.4
0.16,0.256,1.0068,7.9455,1.7342e+05,-1.5746e+06,4895.4,4895.4
0.16,0.24,-1.9612,8.1371,72895,-1.0036e+06,8768.1,8768.1
0.16,0.224,0.29686,6.7559,24397,-6.782e+05,15764,15764
0.16,0.208,0.59645,7.1363,34048,-5.0196e+05,29698,29698
0.16,0.192,1.1303,8.288,-36907,-3.5529e+05,40419,40419
0.16,0.176,0.90418,9.1106,-86541,-3.1457e+05,50183,50183
0.16,0.16,0.72562,8.1267,-1.7071e+05,-96498,46013,46013
0.16,0.144,-0.45329,10.575,-2.7068e+05,3.0971e+05,48302,48302
0.16,0.128,-1.9107,11.905,-4.2347e+05,8.2529e+05,51365,51365
0.16,0.112,-3.0063,13.322,-5.3655e+05,1.1185e+06,56490,56490
0.16,0.096,-4.8159,14.003,-5.5453e+05,1.0606e+06,50059,50059
0.16,0.08,-5.5523,13.369,-5.8437e+05,9.1045e+05,38162,38162
0.16,0.064,-5.8549,10.612,-5.2127e+05,7.285e+05,24165,24165
0.16,0.048,-5.9996,8.244,-3.542e+05,4.4782e+05,13024,13024
0.16,0.032,-3.6544,11.664,-1.3326e+05,2.0521e+05,5203.1,5203.1
0.16,0.016,-3.6112,11.463,0,0,1385.1,1385.1
0.176,0.496,-5.8423,24.77,0,0,0,0
0.176,0.48,-3.6721,28.738,0,0,0,0
0.176,0.464,-0.14045,29.211,NaN,NaN,0,0
0.176,0.448,0.97811,26.313,NaN,NaN,-14396,14396
0.176,0.432,2.8843,26.25,NaN,NaN,-14914,14914
0.176,0.416,3.3028,26.652,NaN,NaN,-17861,17861
0.176,0.4,3.4347,25.296,NaN,NaN,-41122,41122
0.176,0.384,2.1815,28.203,6.2896e+05,2.031e+05,-55426,55426
0.176,0.368,1.748,29.441,4.5192e+05,2.8574e+05,-71333,71333
0.176,0.352,2.4801,30.335,3.9104e+05,-19845,-59362,59362
0.176,0.336,2.3956,29.512,-9171.9,-5.5591e+05,-43130,43130
0.176,0.32,1.5341,23.139,-2.1908e+05,-1.2068e+06,-18867,18867
0.176,0.304,1.722,17.775,-2.7973e+05,-2.1073e+06,-7240.1,7240.1
0.176,0.288,2.5526,12.661,-77758,-2.8299e+06,-320.16,320.16
0.176,0.272,3.1522,10.714,1.527e+05,-2.9775e+06,-2844.6,2844.6
0.176,0.256,3.1039,9.6751,2.0995e+05,-2.511e+06,-4671.3,4671.3
0.176,0.24,3.8487,8.9732,1.4276e+05,-1.9405e+06,-4918.7,4918.7
0.176,0.224,2.5821,11.465,27093,-1.4312e+06,5384.8,5384.8
0.176,0.208,1.4617,10.591,-58119,-9.3883e+05,25008,25008
0.176,0.192,1.1631,10.414,-1.4436e+05,-7.2994e+05,43655,43655
0.176,0.176,1.5333,12.679,-1.4468e+05,-8.3436e+05,58202,58202
0.176,0.16,1.7312,11.285,-2.2338e+05,-7.0133e+05,60829,60829
0.176,0.144,0.4334,14.299,-3.5609e+05,-1.063e+05,66558,66558
0.176,0.128,-1.7631,16.732,-6.327e+05,8.0471e+05,76742,76742
0.176,0.112,-3.3375,17.183,-8.4419e+05,1.2875e+06,79857,79857
0.176,0.096,-3.5148,14.994,-9.4469e+05,1.3404e+06,71014,71014
0.176,0.08,-3.7812,14.711,-8.4331e+05,1.1696e+06,52711,52711
0.176,0.064,-3.758,15.648,-6.763e+05,1.0806e+06,34647,34647
0.176,0.048,-3.6445,17.536,-3.816e+05,7.1513e+05,19117,19117
0.176,0.032,-3.2804,20.224,-1.6277e+05,3.7879e+05,7974.6,7974.6
0.176,0.016,-2.2226,20.265,0,0,2081,2081
0.192,0.496,-2.6087,37.345,0,0,0,0
0.192,0.48,-0.77834,34.994,0,0,0,0
0.192,0.464,1.5748,34.19,NaN,NaN,0,0
0.192,0.448,2.5687,32.424,NaN,NaN,NaN,NaN
0.192,0.432,4.2325,29.899,NaN,NaN,NaN,NaN
0.192,0.416,4.7472,30.392,NaN,NaN,NaN,NaN
0.192,0.4,5.1792,28.221,NaN,NaN,-94321,94321
0.192,0.384,4.9103,30.49,NaN,NaN,-98784,98784
0.192,0.368,3.4549,31.564,NaN,NaN,-1.0659e+05,1.0659e+05
0.192,0.352,1.7363,32.866,4.5578e+05,-7.6164e+05,-1.0413e+05,1.0413e+05
0.192,0.336,1.1627,34.177,-1.3211e+05,-1.1289e+06,-83734,83734
0.192,0.32,0.6205,30.362,-3.2858e+05,-1.6415e+06,-53776,53776
0.192,0.304,1.8096,24.077,-3.3332e+05,-2.2854e+06,-21652,21652
0.192,0.288,1.5051,19.646,-1.6295e+05,-3.0468e+06,-2417.9,2417.9
0.192,0.272,1.8655,17.521,84505,-3.2138e+06,-8916.1,8916.1
0.192,0.256,1.7272,18.787,2.294e+05,-2.9592e+06,-15322,15322
0.192,0.24,2.7072,20.722,2.3795e+05,-2.4472e+06,-20941,20941
0.192,0.224,2.4979,19.884,1.9449e+05,-1.9977e+06,-8397.3,8397.3
0.192,0.208,1.1975,17.879,33605,-1.5375e+06,14965,14965
0.192,0.192,0.057365,19.785,-1.1919e+05,-1.6513e+06,36118,36118
0.192,0.176,1.516,16.045,-2.0792e+05,-1.9741e+06,59935,59935
0.192,0.16,2.234,13.785,-2.6239e+05,-2.1408e+06,70468,70468
0.192,0.144,0.36055,15.614,-3.6502e+05,-1.4325e+06,89857,89857
0.192,0.128,-1.66,15.678,-6.1089e+05,-2.6961e+05,1.0317e+05,1.0317e+05
0.192,0.112,-5.3153,16.699,-8.8392e+05,6.807e+05,1.0388e+05,1.0388e+05
0.192,0.096,-5.3327,16.159,-1.0366e+06,1.1686e+06,88000,88000
0.192,0.08,-3.3033,17.073,-9.6521e+05,1.2751e+06,66235,66235
0.192,0.064,-1.8888,20.383,-7.9198e+05,1.4271e+06,47930,47930
0.192,0.048,-0.46999,23.509,-4.5349e+05,1.0112e+06,29345,29345
0.192,0.032,-1.0331,28.005,-1.9738e+05,5.5703e+05,12704,12704
0.192,0.016,-1.9399,28.892,0,0,3206.6,3206.6
0.208,0.496,-2.3638,43.588,0,0,0,0
0.208,0.48,-0.021333,39.335,0,0,0,0
0.208,0.464,3.1426,38.638,NaN,NaN,0,0
0.208,0.448,4.8151,37.322,NaN,NaN,NaN,NaN
0.208,0.432,5.6932,33.715,NaN,NaN,NaN,NaN
0.208,0.416,7.1633,35.662,NaN,NaN,NaN,NaN
0.208,0.4,6.2733,34.763,NaN,NaN,NaN,NaN
0.208,0.384,3.3301,33.664,NaN,NaN,NaN,NaN
0.208,0.368,3.3331,35.38,NaN,NaN,-1.8692e+05,1.8692e+05
0.208,0.352,1.9761,37.454,NaN,NaN,-1.2852e+05,1.2852e+05
0.208,0.336,0.46648,37.691,-2.527e+05,-1.294e+06,-98295,98295
0.208,0.32,1.3185,33.964,-5.0018e+05,-1.7776e+06,-61410,61410
0.208,0.304,2.6665,28.496,-3.4524e+05,-2.0507e+06,-23125,23125
0.208,0.288,2.8155,26.207,-2.1838e+05,-2.3882e+06,4562.6,4562.6
0.208,0.272,4.7352,28.559,215.88,-2.2507e+06,6245.6,6245.6
0.208,0.256,3.6998,31.636,1.016e+05,-1.9958e+06,3304.6,3304.6
0.208,0.24,4.1943,33.816,56970,-1.7063e+06,-3409.7,3409.7
0.208,0.224,4.0675,32.022,13690,-1.5168e+06,5326.7,5326.7
0.208,0.208,3.3131,29.897,-80171,-1.3129e+06,22864,22864
0.208,0.192,4.142,28.334,-1.2066e+05,-1.5978e+06,46705,46705
0.208,0.176,3.6322,21.109,-2.3093e+05,-1.9648e+06,76955,76955
0.208,0.16,1.6795,18.582,-3.5343e+05,-2.37e+06,1.0402e+05,1.0402e+05
0.208,0.144,2.3632,14.803,-5.5089e+05,-1.9451e+06,1.2178e+05,1.2178e+05
0.208,0.128,0.6196,14.458,-8.0447e+05,-9.4879e+05,1.2433e+05,1.2433e+05
0.208,0.112,-2.2918,18.928,-1.0671e+06,3.4777e+05,1.1043e+05,1.1043e+05
0.208,0.096,-3.5798,24.213,-1.2291e+06,1.4778e+06,94566,94566
0.208,0.08,-4.2268,27.141,-1.2889e+06,2.2757e+06,79251,79251
0.208,0.064,-3.6905,27.45,-1.1868e+06,2.6281e+06,62370,62370
0.208,0.048,-2.4441,31.078,-7.6048e+05,1.8841e+06,39256,39256
0.208,0.032,-1.3097,33.88,-3.2168e+05,8.9782e+05,17086,17086
0.208,0.016,-1.2537,33.881,0,0,4263.6,4263.6
0.224,0.496,-0.80112,44.915,0,0,0,0
0.224,0.48,1.1103,41.013,0,0,0,0
0.224,0.464,3.1826,41.497,NaN,NaN,0,0
0.224,0.448,5.1721,42.152,NaN,NaN,NaN,NaN
0.224,0.432,5.5205,40.738,NaN,NaN,NaN,NaN
0.224,0.416,4.3626,40.926,NaN,NaN,NaN,NaN
0.224,0.4,4.8588,39.11,NaN,NaN,NaN,NaN
0.224,0.384,4.433,38.206,NaN,NaN,NaN,NaN
0.224,0.368,3.7598,40.785,NaN,NaN,NaN,NaN
0.224,0.352,1.8432,39.904,NaN,NaN,-1.2177e+05,1.2177e+05
0.224,0.336,1.7522,38.827,-17995,-1.5858e+06,-99773,99773
0.224,0.32,3.6892,37.839,-3.1508e+05,-2.1051e+06,-43900,43900
0.224,0.304,4.3755,38.725,-1.7701e+05,-2.1997e+06,12988,12988
0.224,0.288,4.1419,39.97,-1.1982e+05,-2.1923e+06,44842,44842
0.224,0.272,4.3178,41.586,7259.3,-1.7604e+06,42537,42537
0.224,0.256,4.0095,43.786,5125.8,-1.0626e+06,33703,33703
0.224,0.24,2.9442,44.525,-1.1228e+05,-6.3825e+05,30883,30883
0.224,0.224,2.2513,43.845,-1.7185e+05,-5.7086e+05,27211,27211
0.224,0.208,2.3567,41.294,-2.8989e+05,-6.9928e+05,37532,37532
0.224,0.192,1.3399,38.717,-3.5649e+05,-1.034e+06,66244,66244
0.224,0.176,0.60753,36.734,-5.138e+05,-1.1652e+06,1.1446e+05,1.1446e+05
0.224,0.16,0.12845,34.238,-6.1493e+05,-1.4169e+06,1.4222e+05,1.4222e+05
0.224,0.144,-0.17383,31.045,-7.7024e+05,-1.2247e+06,1.4133e+05,1.4133e+05
0.224,0.128,-1.3911,28.536,-9.3978e+05,-6.4338e+05,1.2665e+05,1.2665e+05
0.224,0.112,-2.1194,31.954,-1.2049e+06,6.392e+05,1.1161e+05,1.1161e+05
0.224,0.096,-3.4572,36.86,-1.4511e+06,2.0356e+06,1.0126e+05,1.0126e+05
0.224,0.08,-6.0269,38.426,-1.6838e+06,3.2211e+06,87721,87721
0.224,0.064,-8.5258,40.275,-1.7763e+06,3.8365e+06,67641,67641
0.224,0.048,-6.5229,40.256,-1.2145e+06,2.74e+06,40808,40808
0.224,0.032,-4.4719,40.133,-5.8637e+05,1.3552e+06,16584,16584
0.224,0.016,-5.3274,41.044,0,0,3832,3832
0.24,0.496,0.24471,48.078,0,0,0,0
0.24,0.48,1.7829,43.12,0,0,0,0
0.24,0.464,2.7902,43.783,NaN,NaN,0,0
0.24,0.448,4.6507,44.254,NaN,NaN,NaN,NaN
0.24,0.432,6.5994,43.901,NaN,NaN,NaN,NaN
0.24,0.416,6.5296,43.35,NaN,NaN,NaN,NaN
0.24,0.4,5.3204,43.301,NaN,NaN,NaN,NaN
0.24,0.384,5.4528,44.199,NaN,NaN,NaN,NaN
0.24,0.368,5.7073,43.857,NaN,NaN,NaN,NaN
0.24,0.352,4.7235,42.9,NaN,NaN,-43284,43284
0.24,0.336,3.5039,43.514,NaN,NaN,-41057,41057
0.24,0.32,4.022,43.586,NaN,NaN,7361.6,7361.6
0.24,0.304,5.1917,44.54,2.1147e+05,-1.5496e+06,48956,48956
0.24,0.288,6.1067,45.646,1.729e+05,-1.1576e+06,69839,69839
0.24,0.272,5.7025,47,1.3346e+05,-7.9376e+05,61838,61838
0.24,0.256,5.0082,47.884,-27547,-2.0634e+05,54333,54333
0.24,0.24,3.5938,48.73,-2.3879e+05,65984,47245,47245
0.24,0.224,2.4652,48.559,-3.7351e+05,97553,38241,38241
0.24,0.208,1.293,47.497,-6.0861e+05,2.0959e+05,52863,52863
0.24,0.192,0.3079,46.292,-7.6732e+05,3.1549e+05,93568,93568
0.24,0.176,-0.93056,47.674,-9.9215e+05,5.7678e+05,1.5037e+05,1.5037e+05
0.24,0.16,-2.5998,47.503,-1.2245e+06,7.7375e+05,1.6845e+05,1.6845e+05
0.24,0.144,-3.453,45.715,-1.4167e+06,9.2435e+05,1.494e+05,1.494e+05
0.24,0.128,-4.5921,44.727,-1.538e+06,1.087e+06,1.2009e+05,1.2009e+05
0.24,0.112,-5.9887,43.179,-1.6327e+06,1.6629e+06,1.0061e+05,1.0061e+05
0.24,0.096,-7.598,43.239,-1.8178e+06,2.5615e+06,92480,92480
0.24,0.08,-8.4052,44.475,-2.1069e+06,3.6951e+06,76767,76767
0.24,0.064,-10.025,46.761,-2.3106e+06,4.3813e+06,51019,51019
0.24,0.048,-11.812,45.73,-1.6192e+06,3.1454e+06,24784,24784
0.24,0.032,-10.6,46.846,-8.0217e+05,1.5489e+06,8074.3,8074.3
0.24,0.016,-5.6783,42.897,0,0,1284,1284
0.256,0.496,0.51438,51.621,0,0,0,0
0.256,0.48,2.5786,46.643,0,0,0,0
0.256,0.464,4.0282,46.377,NaN,NaN,0,0
0.256,0.448,4.5784,45.895,NaN,NaN,NaN,NaN
0.256,0.432,6.3503,46.459,NaN,NaN,NaN,NaN
0.256,0.416,7.1472,45.485,NaN,NaN,NaN,NaN
0.256,0.4,7.0974,44.959,NaN,NaN,NaN,NaN
0.256,0.384,6.4373,46.16,NaN,NaN,NaN,NaN
0.256,0.368,5.364,46.013,NaN,NaN,NaN,NaN
0.256,0.352,4.7115,47.186,NaN,NaN,NaN,NaN
0.256,0.336,4.7123,48.465,NaN,NaN,NaN,NaN
0.256,0.32,4.8309,48.938,NaN,NaN,1.291e+05,1.291e+05
0.256,0.304,5.1497,49.932,NaN,NaN,1.3922e+05,1.3922e+05
0.256,0.288,4.7487,50.732,NaN,NaN,1.1869e+05,1.1869e+05
0.256,0.272,3.539,51.055,NaN,NaN,55205,55205
0.256,0.256,2.8081,50.443,55678,-4.8554e+05,29209,29209
0.256,0.24,2.806,50.277,-1.118e+05,-1.2006e+05,21007,21007
0.256,0.224,2.648,50.096,-2.7633e+05,29608,28389,28389
0.256,0.208,2.0154,50.581,-6.2993e+05,3.4551e+05,61072,61072
0.256,0.192,-0.31192,51.707,-1.017e+06,6.1435e+05,1.037e+05,1.037e+05
0.256,0.176,-2.5733,54.003,-1.3947e+06,1.0315e+06,1.5029e+05,1.5029e+05
0.256,0.16,-4.3866,54.658,-1.6969e+06,1.4797e+06,1.5497e+05,1.5497e+05
0.256,0.144,-7.8165,53.964,-1.8391e+06,1.7793e+06,1.3659e+05,1.3659e+05
0.256,0.128,-9.0316,52.235,-1.8898e+06,1.9102e+06,1.0504e+05,1.0504e+05
0.256,0.112,-9.6223,49.531,-1.966e+06,2.1541e+06,82327,82327
0.256,0.096,-10.956,49.062,-2.14e+06,2.5308e+06,63280,63280
0.256,0.08,-11.081,48.417,-2.3836e+06,2.942e+06,37134,37134
0.256,0.064,-10.342,47.2,-2.5622e+06,3.2124e+06,11420,11420
0.256,0.048,-10.267,47.489,-1.766e+06,2.1854e+06,-1344.5,1344.5
0.256,0.032,-9.6016,48.3,-8.9211e+05,1.1165e+06,-3069.1,3069.1
0.256,0.016,-8.3372,47.577,0,0,-639.84,639.84
0.272,0.496,1.2843,56.567,0,0,0,0
0.272,0.48,2.9266,51.42,0,0,0,0
0.272,0.464,3.8176,50.508,NaN,NaN,0,0
0.272,0.448,3.8793,49.576,NaN,NaN,NaN,NaN
0.272,0.432,4.7339,49.334,NaN,NaN,NaN,NaN
0.272,0.416,6.2109,47.884,NaN,NaN,NaN,NaN
0.272,0.4,7.5539,47.973,NaN,NaN,NaN,NaN
0.272,0.384,7.9378,49.005,NaN,NaN,NaN,NaN
0.272,0.368,6.942,48.487,NaN,NaN,NaN,NaN
0.272,0.352,5.5644,50.214,NaN,NaN,NaN,NaN
0.272,0.336,4.7127,51.291,NaN,NaN,NaN,NaN
0.272,0.32,4.6683,52.238,NaN,NaN,NaN,NaN
0.272,0.304,3.8092,52.735,NaN,NaN,NaN,NaN
0.272,0.288,3.249,52.678,NaN,NaN,-1.4193e+05,1.4193e+05
0.272,0.272,3.2869,52.205,NaN,NaN,-73099,73099
0.272,0.256,3.7382,52.004,4.585e+05,-1.0382e+06,-45724,45724
0.272,0.24,3.1533,51.566,2.9251e+05,-7.0029e+05,-25053,25053
0.272,0.224,2.1695,52.183,88631,-5.198e+05,2654.2,2654.2
0.272,0.208,1.231,50.864,-3.1941e+05,-1.9509e+05,42325,42325
0.272,0.192,0.5878,49.427,-8.7561e+05,37149,76677,76677
0.272,0.176,-1.7671,50.399,-1.4161e+06,3.3002e+05,1.0376e+05,1.0376e+05
0.272,0.16,-4.6489,51.11,-1.896e+06,6.7945e+05,99938,99938
0.272,0.144,-7.2794,49.795,-2.1651e+06,9.7723e+05,93222,93222
0.272,0.128,-9.7475,49.099,-2.2772e+06,1.1572e+06,71419,71419
0.272,0.112,-10.104,51.107,-2.3265e+06,1.2756e+06,48220,48220
0.272,0.096,-10.115,50.966,-2.3722e+06,1.3699e+06,17399,17399
0.272,0.08,-9.3222,50.906,-2.4555e+06,1.3905e+06,-10180,10180
0.272,0.064,-8.4359,47.992,-2.4146e+06,1.2817e+06,-25171,25171
0.272,0.048,-6.6815,48.062,-1.5856e+06,7.7813e+05,-18045,18045
0.272,0.032,-6.0375,46.695,-7.4347e+05,3.3759e+05,-6731.6,6731.6
0.272,0.016,-7.1218,42.105,0,0,-1319.1,1319.1
0.288,0.496,-0.074559,60.043,0,0,0,0
0.288,0.48,0.49975,57.107,0,0,0,0
0.288,0.464,1.1996,55.674,NaN,NaN,0,0
0.288,0.448,1.9133,54.55,NaN,NaN,NaN,NaN
0.288,0.432,3.0484,53.85,NaN,NaN,NaN,NaN
0.288,0.416,3.8177,52.646,NaN,NaN,NaN,NaN
0.288,0.4,6.5878,51.185,NaN,NaN,NaN,NaN
0.288,0.384,7.9665,51.137,NaN,NaN,NaN,NaN
0.288,0.368,6.9081,51.592,NaN,NaN,NaN,NaN
0.288,0.352,5.9106,51.886,NaN,NaN,NaN,NaN
0.288,0.336,4.0785,52.685,NaN,NaN,NaN,NaN
0.288,0.32,3.6338,52.085,NaN,NaN,NaN,NaN
0.288,0.304,2.8107,52.348,NaN,NaN,-1.2088e+05,1.2088e+05
0.288,0.288,2.6304,52.486,NaN,NaN,-1.3349e+05,1.3349e+05
0.288,0.272,3.5879,51.39,1.2619e+06,-1.034e+06,-1.125e+05,1.125e+05
0.288,0.256,4.9842,51.491,9.0818e+05,-1.2676e+06,-92120,92120
0.288,0.24,4.807,50.997,6.9909e+05,-1.1448e+06,-59117,59117
0.288,0.224,3.5942,50.528,3.6592e+05,-1.0496e+06,-22467,22467
0.288,0.208,2.4523,48.007,-87610,-9.0122e+05,16031,16031
0.288,0.192,2.0501,45.621,-7.3561e+05,-8.2069e+05,34782,34782
0.288,0.176,-0.10271,43.795,-1.3397e+06,-7.4538e+05,44460,44460
0.288,0.16,-2.9468,43.449,-1.7917e+06,-6.8033e+05,39458,39458
0.288,0.144,-5.2178,41.92,-2.0182e+06,-5.8604e+05,38040,38040
0.288,0.128,-8.3996,41.188,-2.1339e+06,-3.8749e+05,25396,25396
0.288,0.112,-8.5027,43.957,-2.2648e+06,-1.2992e+05,12179,12179
0.288,0.096,-7.5741,45.487,-2.3232e+06,47693,-16350,16350
0.288,0.08,-7.1886,46.544,-2.3066e+06,34195,-31758,31758
0.288,0.064,-6.3299,47.432,-2.0913e+06,-56058,-35780,35780
0.288,0.048,-4.4445,46.309,-1.2985e+06,-81520,-16276,16276
0.288,0.032,-4.3135,44.111,-5.5763e+05,-67779,-4046.4,4046.4
0.288,0.016,-4.1582,41.782,0,0,11.005,11.005
0.304,0.496,-1.5536,62.774,0,0,0,0
0.304,0.48,-1.7277,60.319,0,0,0,0
0.304,0.464,-1.5763,58.868,NaN,NaN,0,0
0.304,0.448,-0.57535,57.467,NaN,NaN,NaN,NaN
0.304,0.432,1.2553,55.934,NaN,NaN,NaN,NaN
0.304,0.416,1.7975,54.327,NaN,NaN,NaN,NaN
0.304,0.4,3.8992,53.548,NaN,NaN,NaN,NaN
0.304,0.384,5.5382,52.91,NaN,NaN,NaN,NaN
0.304,0.368,4.8755,52.061,NaN,NaN,NaN,NaN
0.304,0.352,4.0756,50.631,NaN,NaN,NaN,NaN
0.304,0.336,3.0457,49.535,NaN,NaN,NaN,NaN
0.304,0.32,1.9342,48.194,NaN,NaN,-55832,55832
0.304,0.304,1.8113,48.622,NaN,NaN,-90078,90078
0.304,0.288,3.679,48.856,1.3469e+06,-4.0864e+05,-99850,99850
0.304,0.272,4.2287,48.164,1.3173e+06,-7.0308e+05,-1.0592e+05,1.0592e+05
0.304,0.256,4.5776,47.418,1.1753e+06,-9.9445e+05,-93168,93168
0.304,0.24,4.1622,46.965,9.5945e+05,-1.2329e+06,-71016,71016
0.304,0.224,2.565,46.139,5.7552e+05,-1.3431e+06,-49132,49132
0.304,0.208,1.9429,45.93,27618,-1.3818e+06,-27105,27105
0.304,0.192,0.82349,45.322,-7.088e+05,-1.3783e+06,-11822,11822
0.304,0.176,-1.5477,43.747,-1.3501e+06,-1.3812e+06,2492.3,2492.3
0.304,0.16,-2.7085,43.29,-1.7784e+06,-1.4126e+06,6306.7,6306.7
0.304,0.144,-3.8689,41.719,-1.9892e+06,-1.3255e+06,7956.8,7956.8
0.304,0.128,-5.0379,41.971,-2.0854e+06,-1.1096e+06,11258,11258
0.304,0.112,-5.9094,43.935,-2.1673e+06,-7.9497e+05,12919,12919
0.304,0.096,-6.4536,45.543,-2.126e+06,-5.0291e+05,-4970.8,4970.8
0.304,0.08,-6.9321,47.321,-1.9782e+06,-1.9981e+05,-14805,14805
0.304,0.064,-5.523,51.128,-1.6355e+06,1.7789e+05,-16661,16661
0.304,0.048,-3.0876,52.209,-9.485e+05,2.7365e+05,-408.67,408.67
0.304,0.032,-2.0822,50.577,-3.7089e+05,1.9365e+05,3717.5,3717.5
0.304,0.016,-2.0466,49.352,0,0,906.16,906.16
0.32,0.496,-1.7842,55.539,0,0,0,0
0.32,0.48,-0.84478,55.911,0,0,0,0
0.32,0.464,-0.26436,55.901,NaN,NaN,0,0
0.32,0.448,-0.39381,54.67,NaN,NaN,NaN,NaN
0.32,0.432,0.59011,52.716,NaN,NaN,NaN,NaN
0.32,0.416,2.2043,51.603,NaN,NaN,NaN,NaN
0.32,0.4,2.846,51.421,NaN,NaN,NaN,NaN
0.32,0.384,2.0946,50.15,NaN,NaN,NaN,NaN
0.32,0.368,1.2949,48.47,NaN,NaN,NaN,NaN
0.32,0.352,0.69267,45.882,NaN,NaN,NaN,NaN
0.32,0.336,0.007932,44.063,NaN,NaN,-2278,2278
0.32,0.32,-0.20532,42.956,NaN,NaN,-32601,32601
0.32,0.304,1.3424,43.795,9.1696e+05,-6.0864e+05,-51370,51370
0.32,0.288,2.8972,44.274,1.1937e+06,-3.5118e+05,-53292,53292
0.32,0.272,4.1632,44.396,1.287e+06,-4.5697e+05,-46679,46679
0.32,0.256,4.7108,44.178,1.3147e+06,-6.2405e+05,-40619,40619
0.32,0.24,4.8325,43.819,1.1309e+06,-9.3724e+05,-41867,41867
0.32,0.224,2.8676,43.236,7.2946e+05,-1.1951e+06,-45872,45872
0.32,0.208,1.2066,43.958,1.2715e+05,-1.3381e+06,-36288,36288
0.32,0.192,-1.9438,44.624,-5.7097e+05,-1.3648e+06,-27624,27624
0.32,0.176,-3.9724,44.375,-1.1498e+06,-1.2792e+06,-5362.3,5362.3
0.32,0.16,-4.3347,46.188,-1.4528e+06,-1.142e+06,12600,12600
0.32,0.144,-4.1314,45.628,-1.5555e+06,-8.9939e+05,29535,29535
0.32,0.128,-4.8643,48.327,-1.5497e+06,-5.7392e+05,33393,33393
0.32,0.112,-4.1745,51.462,-1.5174e+06,-1.3614e+05,31937,31937
0.32,0.096,-4.3381,52.492,-1.3949e+06,3.2335e+05,22110,22110
0.32,0.08,-4.0474,53.87,-1.2273e+06,8.5309e+05,18699,18699
0.32,0.064,-3.4531,57.012,-9.5684e+05,1.4196e+06,16913,16913
0.32,0.048,-2.2732,58.681,-5.3675e+05,1.1761e+06,17888,17888
0.32,0.032,0.26853,59.049,-1.9019e+05,6.8074e+05,9107.2,9107.2
0.32,0.016,1.7153,55.653,0,0,2121.5,2121.5
0.336,0.496,-3.2332,48.562,0,0,0,0
0.336,0.48,-2.7788,50.018,0,0,0,0
0.336,0.464,-1.4568,51.072,NaN,NaN,0,0
0.336,0.448,-1.6973,50.195,NaN,NaN,NaN,NaN
0.336,0.432,-0.90581,49.286,NaN,NaN,NaN,NaN
0.336,0.416,0.48405,48.288,NaN,NaN,NaN,NaN
0.336,0.4,1.0066,46.495,NaN,NaN,NaN,NaN
0.336,0.384,1.1868,44.99,NaN,NaN,56590,56590
0.336,0.368,-0.069305,43.88,NaN,NaN,72972,72972
0.336,0.352,-1.2388,42.714,NaN,NaN,57604,57604
0.336,0.336,-0.87224,41.767,NaN,NaN,30983,30983
0.336,0.32,-0.51252,41.507,7.6673e+05,1.1576e+06,-7336.4,7336.4
0.336,0.304,0.66928,40.84,9.642e+05,5.2005e+05,-11799,11799
0.336,0.288,2.1559,40.466,1.1599e+06,3.2143e+05,-29.84,29.84
0.336,0.272,4.2386,40.34,1.3316e+06,97921,18307,18307
0.336,0.256,5.9906,39.932,1.4559e+06,1.5053e+05,20550,20550
0.336,0.24,7.1617,37.724,1.3841e+06,1.6752e+05,-183.61,183.61
0.336,0.224,5.6057,35.855,1.0569e+06,-27127,-21608,21608
0.336,0.208,2.8938,36.83,4.9728e+05,-3.6797e+05,-33813,33813
0.336,0.192,-0.026919,38.597,-1.1012e+05,-7.6119e+05,-34379,34379
0.336,0.176,-1.8019,40.572,-5.7112e+05,-7.378e+05,-18052,18052
0.336,0.16,-2.0823,43.989,-8.1114e+05,-5.4685e+05,14504,14504
0.336,0.144,-1.7263,46.882,-8.9873e+05,-80644,46325,46325
0.336,0.128,-2.3805,49.857,-8.4362e+05,5.0192e+05,60294,60294
0.336,0.112,-1.9839,52.175,-7.1319e+05,1.1351e+06,55604,55604
0.336,0.096,-0.90537,54.302,-5.4146e+05,1.6426e+06,48245,48245
0.336,0.08,-0.75098,54.946,-4.4001e+05,2.0878e+06,44649,44649
0.336,0.064,-0.58898,58.666,-4.307e+05,2.5073e+06,38012,38012
0.336,0.048,0.1511,58.59,-2.8751e+05,1.8689e+06,26675,26675
0.336,0.032,0.48532,59.483,-1.5141e+05,1.011e+06,11797,11797
0.336,0.016,1.5524,60.599,0,0,3141.3,3141.3
0.352,0.496,-2.3095,39.822,0,0,0,0
0.352,0.48,-3.2786,42.219,0,0,0,0
0.352,0.464,-2.109,43.356,NaN,NaN,0,0
0.352,0.448,-1.523,44.693,NaN,NaN,NaN,NaN
0.352,0.432,-0.73254,45.532,NaN,NaN,NaN,NaN
0.352,0.416,-0.34279,45.329,NaN,NaN,43757,43757
0.352,0.4,-0.086802,43.824,NaN,NaN,49940,49940
0.352,0.384,0.27583,42.282,NaN,NaN,13473,13473
0.352,0.368,-1.0761,40.652,-1.3006e+05,-3.7915e+06,-15065,15065
0.352,0.352,-1.6092,38.813,-1.5801e+05,-3.6384e+06,-34576,34576
0.352,0.336,-1.4244,38.541,-1.5241e+05,-3.5211e+06,-20040,20040
0.352,0.32,-0.030325,39.419,2.1803e+05,-1.9378e+06,-5105.7,5105.7
0.352,0.304,1.821,37.9,6.6026e+05,-7.9245e+05,18941,18941
0.352,0.288,4.251,35.519,9.6425e+05,70848,40138,40138
0.352,0.272,6.1086,34.242,1.1663e+06,4.8677e+05,64330,64330
0.352,0.256,6.6449,31.286,1.3177e+06,9.9617e+05,66682,66682
0.352,0.24,7.8057,29.36,1.3266e+06,1.26e+06,47922,47922
0.352,0.224,6.5706,29.927,1.161e+06,1.2752e+06,15005,15005
0.352,0.208,3.552,31.225,7.8049e+05,8.6473e+05,-15152,15152
0.352,0.192,2.3801,34.826,3.1444e+05,1.32e+05,-36838,36838
0.352,0.176,0.2843,36.982,-68152,-2.7674e+05,-31220,31220
0.352,0.16,-0.6901,40.693,-2.3902e+05,-72985,-1781.1,1781.1
0.352,0.144,-1.0157,43.506,-2.4372e+05,6.7716e+05,37770,37770
0.352,0.128,-0.46694,45.405,-1.0649e+05,1.6319e+06,55973,55973
0.352,0.112,0.58659,47.189,-2273.3,2.4227e+06,51250,51250
0.352,0.096,1.4029,48.521,53215,2.8309e+06,47577,47577
0.352,0.08,1.3358,48.136,-5588.5,2.8529e+06,46282,46282
0.352,0.064,1.8696,49.861,-1.6007e+05,2.581e+06,43327,43327
0.352,0.048,1.5795,48.231,-1.5499e+05,1.6654e+06,26785,26785
0.352,0.032,0.58985,48.571,-1.2766e+05,7.6728e+05,11432,11432
0.352,0.016,-0.032421,48.701,0,0,2441.6,2441.6
0.368,0.496,-2.1591,23.908,0,0,0,0
0.368,0.48,-2.0937,28.889,0,0,0,0
0.368,0.464,-2.1697,34.031,NaN,NaN,0,0
0.368,0.448,-1.8658,37.913,NaN,NaN,NaN,NaN
0.368,0.432,-1.783,40.699,NaN,NaN,13575,13575
0.368,0.416,-2.1138,39.837,NaN,NaN,-552.48,552.48
0.368,0.4,-1.1301,38.106,1.6704e+05,-1.7934e+06,-2908.9,2908.9
0.368,0.384,-0.86672,34.933,37485,-3.3756e+06,-33025,33025
0.368,0.368,-1.7532,28.921,-64760,-3.6686e+06,-56786,56786
0.368,0.352,-2.6633,23.634,-2.5384e+05,-4.2865e+06,-57042,57042
0.368,0.336,-2.6106,24.676,-3.2304e+05,-4.0905e+06,-30463,30463
0.368,0.32,-2.1403,25.466,-48975,-2.8499e+06,3806.8,3806.8
0.368,0.304,1.0781,24.375,3.6618e+05,-1.432e+06,33412,33412
0.368,0.288,2.5442,24.449,7.0033e+05,-2.5263e+05,53925,53925
0.368,0.272,2.9561,20.845,8.7843e+05,7.0596e+05,75356,75356
0.368,0.256,2.3615,20.951,9.345e+05,1.5239e+06,82924,82924
0.368,0.24,2.1032,25.365,9.7926e+05,2.3619e+06,76781,76781
0.368,0.224,2.6833,30.991,9.4298e+05,2.8417e+06,47729,47729
0.368,0.208,2.3278,31.674,8.598e+05,2.7091e+06,7249.1,7249.1
0.368,0.192,-0.58695,33.823,6.0931e+05,2.0325e+06,-27884,27884
0.368,0.176,-2.4526,33.098,3.0821e+05,1.253e+06,-37410,37410
0.368,0.16,-2.6031,35.708,-36636,9.6141e+05,-12410,12410
0.368,0.144,-2.3108,41.002,-2.2537e+05,1.2757e+06,25923,25923
0.368,0.128,-1.5557,43.53,-1.8259e+05,1.9349e+06,52895,52895
0.368,0.112,0.13408,43.758,-87572,2.2749e+06,52838,52838
0.368,0.096,0.85756,40.75,-45753,2.2317e+06,45646,45646
0.368,0.08,1.2517,37.48,-99699,1.8608e+06,38287,38287
0.368,0.064,1.3596,36.479,-2.2363e+05,1.1237e+06,30034,30034
0.368,0.048,-0.099066,33.23,-1.6124e+05,5.674e+05,16991,16991
0.368,0.032,-1.054,31.724,-1.3097e+05,-9736.9,6738.4,6738.4
0.368,0.016,0.37177,29.929,0,0,1352.6,1352.6
0.384,0.496,-2.6088,18.414,0,0,0,0
0.384,0.48,-1.9214,21.862,0,0,0,0
0.384,0.464,-1.5137,24.038,NaN,NaN,0,0
0.384,0.448,-1.2591,30.391,NaN,NaN,-1.0748e+05,1.0748e+05
0.384,0.432,-0.48701,31.493,NaN,NaN,-54868,54868
0.384,0.416,-1.0409,30.604,90401,78559,-37239,37239
0.384,0.4,-1.2859,26.71,61161,-9.0217e+05,-30617,30617
0.384,0.384,-1.1343,19.664,32423,-1.87e+06,-61411,61411
0.384,0.368,-2.1166,11.126,-48156,-2.5671e+06,-98557,98557
0.384,0.352,-2.2269,7.1108,-1.8788e+05,-3.0685e+06,-93516,93516
0.384,0.336,-4.3808,8.0124,-2.5134e+05,-3.012e+06,-48858,48858
0.384,0.32,-4.96,8.683,-1.1456e+05,-2.6357e+06,7598.1,7598.1
0.384,0.304,-2.5276,7.3401,1.915e+05,-1.689e+06,35869,35869
0.384,0.288,-1.007,10.776,4.5562e+05,-4.3218e+05,54288,54288
0.384,0.272,-1.6603,11.25,5.4364e+05,1.0315e+06,75893,75893
0.384,0.256,0.47383,19.348,5.481e+05,2.1695e+06,90842,90842
0.384,0.24,1.7167,27.628,6.0809e+05,3.174e+06,93796,93796
0.384,0.224,2.3738,32.831,6.9772e+05,3.8217e+06,63445,63445
0.384,0.208,3.0385,32.146,7.088e+05,3.6901e+06,20114,20114
0.384,0.192,1.7067,29.175,4.7174e+05,2.6473e+06,-20384,20384
0.384,0.176,0.30602,26.57,1.1551e+05,1.0888e+06,-30771,30771
0.384,0.16,-0.24294,26.481,-2.4983e+05,2.4553e+05,-12784,12784
0.384,0.144,-2.0531,28.069,-4.241e+05,1.5312e+05,23247,23247
0.384,0.128,-2.6829,28.858,-3.959e+05,4.7934e+05,46394,46394
0.384,0.112,-1.4559,30.495,-3.6731e+05,7.7181e+05,46723,46723
0.384,0.096,-0.23095,27.734,-3.0981e+05,1.0635e+06,35111,35111
0.384,0.08,0.47553,26.501,-2.6512e+05,1.1459e+06,24465,24465
0.384,0.064,0.983,25.114,-1.4379e+05,4.2636e+05,20671,20671
0.384,0.048,-1.4446,17.679,-27383,31225,10952,10952
0.384,0.032,-2.5714,13.825,-13044,-3.576e+05,4810,4810
0.384,0.016,-0.19314,10.307,0,0,-311.65,311.65
0.4,0.496,-0.70173,13.56,0,0,0,0
0.4,0.48,-0.51692,15.278,0,0,-71.389,71.389
0.4,0.464,-0.060263,14.931,NaN,NaN,847.02,847.02
0.4,0.448,1.0171,16.867,NaN,NaN,-26497,26497
0.4,0.432,-0.011772,18.601,-95213,3.6159e+05,-33110,33110
0.4,0.416,-1.0281,21.482,27844,2.4611e+05,-42847,42847
0.4,0.4,-0.35291,17.517,91313,-3.2055e+05,-51110,51110
0.4,0.384,0.54169,12.312,60423,-1.1705e+06,-74339,74339
0.4,0.368,0.52704,6.1163,-11419,-1.5999e+06,-81423,81423
0.4,0.352,-0.5716,3.5163,-1.5885e+05,-1.9426e+06,-51569,51569
0.4,0.336,-3.0781,3.8984,-2.0397e+05,-1.8409e+06,-10417,10417
0.4,0.32,-3.4482,4.0793,-1.1017e+05,-1.6329e+06,24517,24517
0.4,0.304,-2.2917,4.5007,1.0627e+05,-8.5553e+05,34543,34543
0.4,0.288,-1.3203,7.2,3.1302e+05,1.3565e+05,46977,46977
0.4,0.272,0.27612,12.836,4.0638e+05,1.4378e+06,65346,65346
0.4,0.256,2.1326,19.815,5.1346e+05,2.5586e+06,79148,79148
0.4,0.24,3.8365,24.808,7.818e+05,3.3665e+06,80291,80291
0.4,0.224,4.8524,28.43,8.4388e+05,3.9109e+06,53234,53234
0.4,0.208,4.4809,28.16,7.3842e+05,3.5427e+06,13452,13452
0.4,0.192,2.147,22.139,3.5102e+05,2.5296e+06,-16716,16716
0.4,0.176,1.6373,16.333,1.1736e+05,8.5375e+05,-25029,25029
0.4,0.16,1.4682,12.972,-1.7095e+05,-2.0627e+05,-5842.4,5842.4
0.4,0.144,-0.20492,10.265,-3.7342e+05,-5.7279e+05,19943,19943
0.4,0.128,-2.3814,7.1286,-4.5161e+05,-6.4838e+05,38730,38730
0.4,0.112,-2.6605,7.1633,-4.1741e+05,-5.7768e+05,39388,39388
0.4,0.096,-1.5814,17.628,-3.8676e+05,-3.5194e+05,32905,32905
0.4,0.08,-0.068655,18.606,-2.7546e+05,1.9269e+05,25665,25665
0.4,0.064,-0.78836,14.587,-77671,-1.2254e+05,20052,20052
0.4,0.048,-0.26932,11.311,69336,-82931,8861.2,8861.2
0.4,0.032,2.3345,5.3957,65906,-4.1319e+05,1951.1,1951.1
0.4,0.016,-6.3402,1.5695,0,0,-907.85,907.85
0.416,0.496,-0.79384,11.08,0,0,0,0
0.416,0.48,0.83813,10.553,0,0,-30791,30791
0.416,0.464,1.2269,11.797,1.5834e+05,-75192,-52989,52989
0.416,0.448,0.95808,13.562,69919,-2.2073e+05,-74469,74469
0.416,0.432,1.2258,13.092,-35646,-1.097e+05,-51967,51967
0.416,0.416,0.24505,11.949,-17074,-59319,-43684,43684
0.416,0.4,1.6565,11.357,29307,-1.2781e+05,-48917,48917
0.416,0.384,3.0954,7.2099,54303,-3.6919e+05,-49024,49024
0.416,0.368,1.6136,2.5233,18733,-4.3154e+05,-43087,43087
0.416,0.352,0.42343,2.5926,-57947,-3.7067e+05,-14506,14506
0.416,0.336,0.071503,3.4542,-84416,-2.3481e+05,9461.6,9461.6
0.416,0.32,-0.92265,2.4621,690.3,-2.3472e+05,28333,28333
0.416,0.304,-1.1285,4.7763,3.0729e+05,-1.8957e+05,33464,33464
0.416,0.288,0.4699,9.3131,5.3065e+05,4.7989e+05,41192,41192
0.416,0.272,2.2867,12.515,6.7703e+05,1.5e+06,51214,51214
0.416,0.256,2.8477,17.439,8.5936e+05,2.7307e+06,58896,58896
0.416,0.24,4.9878,22.264,1.0444e+06,3.1931e+06,54189,54189
0.416,0.224,4.7535,24.155,8.6032e+05,3.2022e+06,30337,30337
0.416,0.208,0.86617,21.683,2.9651e+05,2.2249e+06,-167.51,167.51
0.416,0.192,1.0411,17.536,-1.5807e+05,7.3561e+05,-15187,15187
0.416,0.176,2.3622,12.318,-1.8507e+05,-7.6695e+05,-14622,14622
0.416,0.16,1.3659,7.768,-1.5713e+05,-1.3832e+06,1609.7,1609.7
0.416,0.144,0.2299,5.1614,-1.518e+05,-1.3469e+06,16086,16086
0.416,0.128,-0.86217,3.58,-1.5797e+05,-1.2337e+06,25920,25920
0.416,0.112,-2.2201,3.335,-1.8155e+05,-9.1901e+05,29625,29625
0.416,0.096,-2.4045,7.308,-1.7304e+05,-1.8831e+05,33671,33671
0.416,0.08,-5.0575,12.256,-5.8523e+05,1.7046e+06,32545,32545
0.416,0.064,-3.2799,11.799,-5.805e+05,1.5267e+06,23891,23891
0.416,0.048,-1.8476,8.142,-5.1858e+05,1.2366e+06,5267.3,5267.3
0.416,0.032,-2.2674,6.6059,-1.0711e+05,-2.3478e+05,-3647.3,3647.3
0.416,0.016,-1.6026,-0.35598,0,0,-3881.1,3881.1
0.432,0.496,-0.12564,9.2007,0,0,-13461,13461
0.432,0.48,0.71373,11.133,0,0,-1.034e+05,1.034e+05
0.432,0.464,0.51179,8.5836,4.096e+06,2.96e+05,-1.647e+05,1.647e+05
0.432,0.448,1.5405,8.3684,1.9806e+06,81195,-1.7186e+05,1.7186e+05
0.432,0.432,0.78432,8.059,1.0371e+06,10196,-1.0157e+05,1.0157e+05
0.432,0.416,0.83826,6.183,-1.0418e+05,-1.0964e+05,-54647,54647
0.432,0.4,0.56593,5.2773,-12820,-91056,-43842,43842
0.432,0.384,0.9926,4.1629,25206,-1.5017e+05,-28758,28758
0.432,0.368,1.0501,2.0671,-31637,-1.103e+05,-10684,10684
0.432,0.352,0.7177,1.7937,-1.094e+05,-57022,5841.7,5841.7
0.432,0.336,-0.51539,3.0053,1.5123e+05,-5.0011e+05,19857,19857
0.432,0.32,-2.0261,4.48,2.4444e+05,-5.2461e+05,27214,27214
0.432,0.304,-0.15393,3.8731,4.6939e+05,-4.8498e+05,31952,31952
0.432,0.288,1.8846,8.2285,4.4894e+05,4.1641e+05,34205,34205
0.432,0.272,2.8349,9.1089,6.3151e+05,1.081e+06,35602,35602
0.432,0.256,4.0707,11.51,7.9453e+05,1.8305e+06,32057,32057
0.432,0.24,4.646,16.039,8.2715e+05,1.815e+06,22126,22126
0.432,0.224,0.68412,17.239,4.2378e+05,1.4397e+06,8899.9,8899.9
0.432,0.208,-1.8521,14.11,-2.0901e+05,4.3188e+05,-6368.9,6368.9
0.432,0.192,-1.4856,12.058,-4.5523e+05,-4.3009e+05,-7704.4,7704.4
0.432,0.176,-0.80127,9.966,-1.7549e+05,-9.9979e+05,-4682.8,4682.8
0.432,0.16,0.013883,5.588,32240,-8.93e+05,10332,10332
0.432,0.144,-1.0097,3.495,46135,-5.334e+05,15027,15027
0.432,0.128,-2.5057,2.941,-25476,-2.4237e+05,21636,21636
0.432,0.112,-0.92083,2.7066,-80269,87309,21859,21859
0.432,0.096,-4.2993,3.0474,-9745.4,3.3813e+05,31455,31455
0.432,0.08,0.63482,13.637,-5.064e+05,1.8744e+06,25352,25352
0.432,0.064,-20.316,79.43,-6.4102e+05,1.6114e+06,14769,14769
0.432,0.048,6.1999,3.6947,-6.933e+05,1.4391e+06,-5255.9,5255.9
0.432,0.032,-40.619,-49.153,-1.6188e+05,-2.7701e+05,-7997,7997
0.432,0.016,4.393,-10.453,0,0,-5289.9,5289.9
0.448,0.496,-0.10818,5.5329,0,0,-26922,26922
0.448,0.48,1.3743,7.4875,1.9787e+07,7.5718e+06,-1.5747e+05,1.5747e+05
0.448,0.464,3.1627,6.9473,3.4606e+07,1.1016e+07,-2.5039e+05,2.5039e+05
0.448,0.448,3.0273,7.1764,2.2597e+07,6.8897e+06,-2.6228e+05,2.6228e+05
0.448,0.432,1.835,6.4172,8.9217e+06,1.9392e+06,-1.5969e+05,1.5969e+05
0.448,0.416,0.31861,5.5142,2.278e+06,3.4336e+05,-80676,80676
0.448,0.4,0.38309,4.158,29391,-1.612e+05,-48629,48629
0.448,0.384,0.21794,2.8602,-1.2166e+05,-1.5098e+05,-22684,22684
0.448,0.368,-1.0841,0.83588,-82680,-1.2444e+05,-10775,10775
0.448,0.352,-1.9996,1.6735,-39990,-58839,-3134.6,3134.6
0.448,0.336,-13.665,29.32,-19866,-1.2915e+06,1503.3,1503.3
0.448,0.32,-0.68544,2.2458,31530,-1.3202e+06,10539,10539
0.448,0.304,-0.76536,0.78131,2.398e+05,-1.318e+06,17886,17886
0.448,0.288,0.2586,3.9463,3.8068e+05,54530,22554,22554
0.448,0.272,0.74586,5.1055,5.3816e+05,4.2983e+05,20619,20619
0.448,0.256,1.9865,5.3039,5.9728e+05,8.2558e+05,14344,14344
0.448,0.24,1.2799,5.8174,3.5714e+05,8.1759e+05,4296.1,4296.1
0.448,0.224,-0.94614,6.8229,-81627,3.2527e+05,-2382.2,2382.2
0.448,0.208,-1.695,6.6402,-5.2989e+05,-3.3367e+05,-11569,11569
0.448,0.192,-2.474,7.0841,-4.6624e+05,-8.7603e+05,-14822,14822
0.448,0.176,-2.5978,6.1658,-62089,-9.09e+05,-14973,14973
0.448,0.16,-0.72197,3.3797,1.1717e+05,-5.9894e+05,-5333.4,5333.4
0.448,0.144,-0.17912,2.7337,1.3226e+05,-3.6226e+05,4832.4,4832.4
0.448,0.128,-1.3252,1.7006,-11628,-86676,13851,13851
0.448,0.112,-1.9243,4.6341,-4.0256e+05,8.4057e+05,15746,15746
0.448,0.096,0.055262,7.2436,-5.3267e+05,8.5486e+05,16303,16303
0.448,0.08,3.4527,0.13473,-1.0693e+06,2.3507e+06,-1122.3,1122.3
0.448,0.064,2.2675,6.7872,-1.2027e+06,1.8233e+06,-14556,14556
0.448,0.048,12.367,-15.7,-9.2058e+05,1.725e+06,-24907,24907
0.448,0.032,7.3942,-7.2034,-2.0551e+05,-2.8318e+05,-14776,14776
0.448,0.016,0.047063,-0.34335,0,0,-5639.9,5639.9
0.464,0.496,-21.832,-30.695,0,0,-25643,25643
0.464,0.48,-56.326,5.5297,1.9787e+07,7.5718e+06,-1.3821e+05,1.3821e+05
0.464,0.464,3.2031,3.7072,3.1219e+07,8.9694e+06,-2.3416e+05,2.3416e+05
0.464,0.448,5.727,4.1756,2.0129e+07,5.3052e+06,-2.5042e+05,2.5042e+05
0.464,0.432,4.3633,4.6975,6.7179e+06,5.9577e+05,-1.6314e+05,1.6314e+05
0.464,0.416,2.0592,2.9298,1.2465e+06,41979,-77098,77098
0.464,0.4,-0.32548,4.1013,-6.4218e+05,-1.5489e+05,-36344,36344
0.464,0.384,-2.8704,3.9317,-5.2006e+05,-30244,-14127,14127
0.464,0.368,-0.31603,-0.0040077,-1.3245e+05,-66182,-8587.3,8587.3
0.464,0.352,-0.77782,-0.74351,-8522.7,11928,-12429,12429
0.464,0.336,-0.55245,1.2419,-2.107e+05,-2.3446e+06,-11367,11367
0.464,0.32,-5.2008,-16.159,-2.0443e+05,-2.4484e+06,-3959.7,3959.7
0.464,0.304,-1.222,0.14901,-1.7494e+05,-2.1464e+06,5030.8,5030.8
0.464,0.288,-1.2878,1.3714,60469,56462,7283.7,7283.7
0.464,0.272,0.72522,2.118,15922,1.1368e+05,3234.5,3234.5
0.464,0.256,0.64594,0.83227,-31259,33809,-4650.2,4650.2
0.464,0.24,-0.77081,0.19497,-56418,-4.763e+05,-7489.9,7489.9
0.464,0.224,-1.4915,2.216,-1.7662e+05,-6.2693e+05,-6265.2,6265.2
0.464,0.208,-3.1806,3.2639,-1.7253e+05,-8.7395e+05,-10483,10483
0.464,0.192,-2.3139,3.4079,-1.3937e+05,-5.2934e+05,-19803,19803
0.464,0.176,-1.6074,4.1763,-719.68,-6.1417e+05,-32280,32280
0.464,0.16,0.66257,1.6749,-5.806e+05,-1.3927e+06,-27841,27841
0.464,0.144,0.16348,2.5457,-7.992e+05,-1.6883e+06,-12061,12061
0.464,0.128,16.072,-21.574,-1.086e+06,-1.8527e+06,5552.9,5552.9
0.464,0.112,8.5516,-17.174,-6.0964e+05,1.6421e+06,3307.6,3307.6
0.464,0.096,-1.1081,5.3834,-1.392e+05,7.5405e+05,-10681,10681
0.464,0.08,-2.8405,-0.69745,-1.7987e+05,1.0053e+06,-37018,37018
0.464,0.064,117.86,80.482,-6.2144e+05,-2.0673e+06,-42157,42157
0.464,0.048,-8.8058,-9.3193,-9.4464e+05,-1.6254e+06,-36710,36710
0.464,0.032,-4.2134,6.0815,-6.3317e+05,-1.434e+06,-15726,15726
0.464,0.016,81.585,-49.582,0,0,-4676,4676
0.48,0.496,-247.35,-334.31,0,0,-12182,12182
0.48,0.48,-502,-60.932,1.3191e+07,5.0478e+06,-58781,58781
0.48,0.464,-204.22,-48.387,1.9474e+07,5.8684e+06,-1.0261e+05,1.0261e+05
0.48,0.448,-61.082,-6.2701,1.664e+07,4.5462e+06,-1.1235e+05,1.1235e+05
0.48,0.432,-18.131,2.0048,5.8954e+06,5.3908e+05,-77309,77309
0.48,0.416,-12.78,3.4309,1.3177e+06,91160,-34265,34265
0.48,0.4,-14.771,16.645,-6.0513e+05,-75986,-11940,11940
0.48,0.384,-3.9381,1.7647,-5.0065e+05,39508,-2903.6,2903.6
0.48,0.368,1.0014,-0.32003,-73409,-21296,-9137.9,9137.9
0.48,0.352,0.63114,-0.20945,57708,36772,-18188,18188
0.48,0.336,-1.1231,0.56225,-3.7016e+05,-1.5894e+06,-22039,22039
0.48,0.32,-12.662,-39.995,-4.0703e+05,-1.6542e+06,-17537,17537
0.48,0.304,-0.73094,-0.6657,-4.2256e+05,-1.6759e+06,-9388.3,9388.3
0.48,0.288,-0.43759,-0.058497,11525,-31850,-5912.3,5912.3
0.48,0.272,-1.9196,-0.34236,-69636,-69625,-5594.7,5594.7
0.48,0.256,-3.9103,-1.0196,-1.0546e+05,-1.4915e+05,-8489.3,8489.3
0.48,0.24,-1.3299,-1.444,-19778,-5.6836e+05,-7410.6,7410.6
0.48,0.224,1.1756,1.7133,6733.9,-5.1896e+05,-6079.8,6079.8
0.48,0.208,-0.46293,3.8178,90654,-5.3326e+05,-12212,12212
0.48,0.192,1.2674,1.4017,41386,-98964,-24799,24799
0.48,0.176,2.357,1.5644,38766,-2.5564e+05,-39741,39741
0.48,0.16,-7.7916,3.9152,-6.1997e+05,-1.2057e+06,-41552,41552
0.48,0.144,1.0271,-19.485,-8.5617e+05,-1.5651e+06,-26463,26463
0.48,0.128,95.855,-204.01,-1.0971e+06,-1.8823e+06,-8041.6,8041.6
0.48,0.112,11.972,-21.413,-5.322e+05,1.0773e+06,-4846.1,4846.1
0.48,0.096,3.3413,-0.54265,-2.1429e+05,3.6502e+05,-20213,20213
0.48,0.08,2.4168,-0.9284,-2.1429e+05,3.6502e+05,-41715,41715
0.48,0.064,23.172,11.505,-5.9819e+05,-2.0261e+06,-45151,45151
0.48,0.048,-22.095,0.84833,-7.387e+05,-1.6729e+06,-34303,34303
0.48,0.032,1.0562,-15.127,-5.5403e+05,-1.2547e+06,-15407,15407
0.48,0.016,-7.131,5.5938,0,0,-3836,3836
0.496,0.496,-194.34,137.84,0,0,1276.9,1276.9
0.496,0.48,-138.45,19.231,0,0,-4632.6,4632.6
0.496,0.464,-240.19,-111.61,-1.9126e+06,-1.1805e+06,-17377,17377
0.496,0.448,-96.704,-14.886,-2.1423e+06,-1.4417e+06,-22065,22065
0.496,0.432,-57.299,6.4278,-2.2091e+06,-1.4324e+06,-15381,15381
0.496,0.416,-41.67,29.338,-1.0522e+06,-4.2296e+05,187.67,187.67
0.496,0.4,-142.73,235.67,-6.8783e+05,-92861,5780.5,5780.5
0.496,0.384,-6.6895,1.2808,-3.8947e+05,41884,4540.9,4540.9
0.496,0.368,2.9491,3.5036,-33950,17378,-1179.8,1179.8
0.496,0.352,0.52154,1.4075,22967,61987,-8607.1,8607.1
0.496,0.336,-14.237,-47.337,-2.1464e+05,-8.8336e+05,-12639,12639
0.496,0.32,-154.47,-564.19,-2.3388e+05,-9.5996e+05,-11938,11938
0.496,0.304,-15.25,-51.689,-2.2652e+05,-9.7466e+05,-6834.8,6834.8
0.496,0.288,-15.3,-49.926,-11120,-41086,-5036.6,5036.6
0.496,0.272,-4.9573,-10.402,-1.2057e+05,-1.0505e+05,-4016.3,4016.3
0.496,0.256,-24.637,-32.504,-1.5406e+05,-1.4807e+05,-6472.3,6472.3
0.496,0.24,-27.803,-64.36,2561.4,-5.0849e+05,-4260.8,4260.8
0.496,0.224,-3.7458,48.848,92230,-3.7384e+05,-3841.1,3841.1
0.496,0.208,-0.59305,-1.3263,1.6058e+05,-3.7682e+05,-5114.6,5114.6
0.496,0.192,2.2495,2.1953,65285,45791,-12388,12388
0.496,0.176,3.9291,-6.7804,-60978,-1.3319e+05,-22161,22161
0.496,0.16,3.7041,-30.501,-7.2613e+05,-1.1221e+06,-25326,25326
0.496,0.144,-22.688,11.451,-8.5359e+05,-1.3009e+06,-19109,19109
0.496,0.128,-69.005,-132.75,-7.9509e+05,-1.3349e+06,-7619.6,7619.6
0.496,0.112,-0.62562,0.20836,0,0,-6891.3,6891.3
0.496,0.096,-1.4282,0.25382,5.0133e+05,-1.0644e+05,-15625,15625
0.496,0.08,-0.69762,-1.6781,5.0133e+05,-1.0644e+05,-26390,26390
0.496,0.064,-34.457,-0.37321,-1.1537e+05,-1.3478e+06,-26227,26227
0.496,0.048,-289,-32.361,-5.5403e+05,-1.2547e+06,-18827,18827
0.496,0.032,-66.261,-67.179,-4.9247e+05,-1.1153e+06,-9027.9,9027.9
0.496,0.016,-55.423,20.943,0,0,-2875.6,2875.6
