0.016,0.496,-1.5069,-2.6745,-1730,-2758.5,-0.3625,0.3625
0.016,0.48,0.054215,1.0008,-1224.5,-6441.3,-48.191,48.191
0.016,0.464,3.2012,0.039863,-6735.8,-5326.3,-166.66,166.66
0.016,0.448,-0.63443,0.88309,-5580.7,-4106,-385.74,385.74
0.016,0.432,1.1963,0.6557,-19660,-3689,-929.57,929.57
0.016,0.416,4.4364,0.28641,-25597,-1950.3,-1345.7,1345.7
0.016,0.4,2.603,-1.3087,-30595,3410.5,-1729.9,1729.9
0.016,0.384,5.0071,-0.90624,-17179,7649.3,-1614.8,1614.8
0.016,0.368,6.7664,-0.60714,-9832.5,3707,-1673.3,1673.3
0.016,0.352,4.0823,0.050826,-18668,-1821.4,-1582,1582
0.016,0.336,6.2567,0.44873,-25250,-2343.8,-1340.2,1340.2
0.016,0.32,3.4738,-0.7672,-20505,-254.8,-944.8,944.8
0.016,0.304,-0.042692,0.73561,-8369.5,2225.6,-592.65,592.65
0.016,0.288,0.47665,-0.55881,-6012.9,440.75,-456.44,456.44
0.016,0.272,1.3148,-0.59739,-9393.7,-2165.8,-902.79,902.79
0.016,0.256,0.3987,2.8073,-9674,-7272.8,-1259.1,1259.1
0.016,0.24,3.4196,1.0461,-17932,-7690.8,-1114.1,1114.1
0.016,0.224,7.7529,1.4049,-16222,-7556.9,1027.6,1027.6
0.016,0.208,5.13,0.21452,-12073,-5699.9,3381.2,3381.2
0.016,0.192,1.0235,0.14764,7020.4,-11938,5131.3,5131.3
0.016,0.176,-0.77127,-0.58809,7473.9,-12665,3749.6,3749.6
0.016,0.16,-0.78027,-0.5816,5804.4,-10210,5699.4,5699.4
0.016,0.144,-0.99524,0.61225,-1797.6,-3153.5,5619.4,5619.4
0.016,0.128,2.4842,-2.5043,-3983.9,-645.5,7020.1,7020.1
0.016,0.112,6.1175,0.29103,-15035,-128.03,10466,10466
0.016,0.096,0.45538,-1.3247,-11013,1348.3,12029,12029
0.016,0.08,-0.93836,0.37556,-6624.8,41966,14151,14151
0.016,0.064,-2.4133,1.848,11138,40632,9609.4,9609.4
0.016,0.048,-2.0025,0.64069,8265.4,40090,7511.9,7511.9
0.016,0.032,-0.77071,0.57264,6636.4,-836.58,3872,3872
0.016,0.016,-0.31516,-0.45961,0,0,1183.3,1183.3
0.032,0.496,0.67373,1.0699,-255.78,-18504,-243.91,243.91
0.032,0.48,0.44565,0.72116,-2602.2,-20806,-107.32,107.32
0.032,0.464,-0.014578,-0.52693,-29340,-10213,324.24,324.24
0.032,0.448,-0.22536,0.33934,-41147,35344,569.68,569.68
0.032,0.432,-0.35857,0.26535,-47482,33490,400.86,400.86
0.032,0.416,-0.4119,-0.54074,-34945,24124,351.28,351.28
0.032,0.4,-0.5018,-0.29074,-41192,-2167,551.66,551.66
0.032,0.384,-0.27915,0.33766,-29417,10637,902.62,902.62
0.032,0.368,-0.008239,0.12188,-21527,9073.4,736.98,736.98
0.032,0.352,-0.15245,-0.21772,-24172,-2910,371,371
0.032,0.336,-0.39371,0.20773,-41273,-10596,91.271,91.271
0.032,0.32,-0.20305,0.084598,-42635,-6553.1,171.18,171.18
0.032,0.304,-0.057834,-0.1784,-24921,6532.9,465.86,465.86
0.032,0.288,-0.36269,-0.23983,-14374,-289.72,741.89,741.89
0.032,0.272,-0.31574,-0.28533,-16662,2960.1,909.04,909.04
0.032,0.256,-0.22321,0.10722,-26256,-7715.7,1294.5,1294.5
0.032,0.24,-0.32874,0.59035,-43509,-10292,1788.9,1788.9
0.032,0.224,-0.23588,0.01468,-38317,-22383,2319.9,2319.9
0.032,0.208,0.014103,-0.2531,-19750,-6608.4,2550.1,2550.1
0.032,0.192,0.35079,0.21451,-946.15,1843,1890.5,1890.5
0.032,0.176,0.61199,-0.031597,-21265,10968,1129.5,1129.5
0.032,0.16,0.15443,0.14475,-46117,2772.8,756.04,756.04
0.032,0.144,-0.5118,0.27628,-71704,12711,1339.6,1339.6
0.032,0.128,-0.040921,-0.48036,-86007,10895,1925.3,1925.3
0.032,0.112,-0.064998,-0.033022,-79887,-5907.8,1681.7,1681.7
0.032,0.096,-0.24088,0.41293,-49126,-11696,1557.3,1557.3
0.032,0.08,-0.79249,0.056957,-4193.4,46093,1176,1176
0.032,0.064,-0.80493,2.4593,13448,57760,1013.2,1013.2
0.032,0.048,-1.3717,0.85195,10182,53596,373.38,373.38
0.032,0.032,-0.91522,0.43768,4640.2,-6368,78.191,78.191
0.032,0.016,-0.99488,-6.793,0,0,-173.37,173.37
0.048,0.496,0.19926,3.2795,25413,-76179,110.98,110.98
0.048,0.48,0.31117,0.7221,96764,-1.6151e+05,918.9,918.9
0.048,0.464,0.44178,-0.25865,-1.3504e+05,-75511,1391.1,1391.1
0.048,0.448,1.4402,0.41899,-1.8798e+05,38706,-161.61,161.61
0.048,0.432,0.09882,2.3049,-2.6927e+05,1.1986e+05,-2453.6,2453.6
0.048,0.416,-0.083929,-0.53517,-53623,39848,-2670.5,2670.5
0.048,0.4,-1.1946,-0.39538,4741.6,-40304,185.24,185.24
0.048,0.384,-1.5421,-0.0023223,85593,-40675,2736.6,2736.6
0.048,0.368,-0.44685,0.9575,86523,-48995,2962.9,2962.9
0.048,0.352,-0.59119,-0.11129,34521,-30704,1581.8,1581.8
0.048,0.336,-1.1266,-0.42299,-52365,-26378,609.08,609.08
0.048,0.32,-1.0843,0.35752,-38003,-26770,471.48,471.48
0.048,0.304,-1.0094,-0.027515,10226,-38045,922.65,922.65
0.048,0.288,-0.71765,-0.17191,24907,-54995,1419.9,1419.9
0.048,0.272,-0.56955,-0.4944,18992,-49678,1659.1,1659.1
0.048,0.256,-1.1141,0.80651,-16233,-31944,2214.2,2214.2
0.048,0.24,-1.2559,-0.19499,-18010,-36567,3237.6,3237.6
0.048,0.224,-0.88376,-0.48009,-3212,-72729,4675.9,4675.9
0.048,0.208,-0.69473,0.20825,-8738,-24880,5097.8,5097.8
0.048,0.192,-0.28766,1.4005,-29704,8463.8,3613.8,3613.8
0.048,0.176,-0.95602,1.3828,-1.0823e+05,44321,1166.7,1166.7
0.048,0.16,-1.6449,0.79334,-1.2546e+05,25194,-812.38,812.38
0.048,0.144,-1.7639,0.36332,-1.3409e+05,30367,-358.17,358.17
0.048,0.128,-2.0367,0.77571,-96649,33937,869.97,869.97
0.048,0.112,-2.2215,-0.1095,-82504,6156,1352.1,1352.1
0.048,0.096,-0.54201,-1.0566,-37518,-14089,1343.5,1343.5
0.048,0.08,-0.37292,0.65612,9070.2,1.1622e+05,1004.9,1004.9
0.048,0.064,-0.18931,1.9887,28472,1.205e+05,1157.4,1157.4
0.048,0.048,-0.73994,0.60058,16159,1.2403e+05,533.3,533.3
0.048,0.032,-0.37076,0.64293,2638.7,-12134,123.27,123.27
0.048,0.016,0.041794,-3.3036,0,0,-101.33,101.33
0.064,0.496,2.8041,1.2941,34519,-82632,114.79,114.79
0.064,0.48,4.9214,-0.039176,1.0425e+05,-2.285e+05,47.978,47.978
0.064,0.464,6.7237,-0.93276,-1.4937e+05,-2.0005e+05,-2143.1,2143.1
0.064,0.448,4.4129,-0.30694,-1.2291e+06,4.1479e+05,-4275.5,4275.5
0.064,0.432,0.34945,0.48006,-1.3166e+06,6.0393e+05,-4623.2,4623.2
0.064,0.416,-0.42442,0.14417,-1.0462e+06,3.072e+05,-1936.5,1936.5
0.064,0.4,-0.39166,-0.045284,83057,-3.1471e+05,2622.3,2622.3
0.064,0.384,3.8394,-1.4112,2.0382e+05,-3.641e+05,6548.5,6548.5
0.064,0.368,4.2617,0.35375,1.7154e+05,-1.0224e+05,9574.2,9574.2
0.064,0.352,0.42653,0.37574,82122,-39360,9950.5,9950.5
0.064,0.336,1.1176,0.20776,-31600,-34689,9217.7,9217.7
0.064,0.32,0.74909,0.53818,-6627.7,-36184,8646.5,8646.5
0.064,0.304,1.3656,0.37962,27412,-38724,9080.8,9080.8
0.064,0.288,2.2542,-0.18265,53453,-57872,9687.2,9687.2
0.064,0.272,0.25182,-0.53415,50473,-39249,10463,10463
0.064,0.256,-0.24848,0.23906,16237,-57405,13287,13287
0.064,0.24,-0.60041,0.79547,-2184.2,-3040,16055,16055
0.064,0.224,0.29972,1.296,-15075,6716.6,18225,18225
0.064,0.208,0.44893,0.86757,-74616,1.5349e+05,16673,16673
0.064,0.192,-1.6136,2.2558,-1.623e+05,2.0311e+05,12995,12995
0.064,0.176,-2.0302,2.3637,-3.1017e+05,2.0855e+05,8359.1,8359.1
0.064,0.16,-3.3506,0.73733,-3.0575e+05,1.453e+05,3577.7,3577.7
0.064,0.144,-2.4194,1.5906,-2.6365e+05,1.041e+05,2271.4,2271.4
0.064,0.128,-2.1393,1.1948,-1.4553e+05,97704,2557,2557
0.064,0.112,-1.4105,0.86624,-88832,54621,3568.4,3568.4
0.064,0.096,-0.80864,-0.36187,-25763,-25180,3734.4,3734.4
0.064,0.08,0.54199,-0.24973,20697,1.4863e+05,3061.2,3061.2
0.064,0.064,0.44592,3.4038,22680,1.4638e+05,2618.7,2618.7
0.064,0.048,0.11525,0.45664,8300.1,1.8398e+05,1245.6,1245.6
0.064,0.032,0.073734,1.2605,-2011.9,-9333.1,347.93,347.93
0.064,0.016,-0.31816,-1.034,0,0,-12.373,12.373
0.08,0.496,3.1691,0.25096,37176,-75248,861.59,861.59
0.08,0.48,3.045,1.1959,64370,-2.5412e+05,1141.9,1141.9
0.08,0.464,2.9189,-0.71358,-1.7119e+05,-3.4382e+05,1129.9,1129.9
0.08,0.448,4.618,0.32883,-1.8619e+05,-1.0555e+06,3457.8,3457.8
0.08,0.432,3.4794,0.17023,-2.1091e+05,-9.6958e+05,9665.9,9665.9
0.08,0.416,-1.5365,-0.42849,76906,-1.2486e+06,11386,11386
0.08,0.4,1.2906,-10.609,1.2282e+05,-4.8015e+05,11364,11364
0.08,0.384,2.6043,-0.34598,1.9888e+05,-4.1933e+05,8789.1,8789.1
0.08,0.368,1.6944,0.76379,55085,-60024,12905,12905
0.08,0.352,0.36512,0.8967,20627,-31323,18914,18914
0.08,0.336,0.46334,1.1183,-41325,-17403,24837,24837
0.08,0.32,-0.085359,0.50527,31147,-32563,28812,28812
0.08,0.304,0.86662,0.73328,50680,-57249,29976,29976
0.08,0.288,0.5005,1.5166,72163,-56395,31191,31191
0.08,0.272,1.0742,2.1508,95710,31851,33594,33594
0.08,0.256,0.98873,3.1947,20465,1.1477e+05,41751,41751
0.08,0.24,-0.18219,1.6397,-82766,2.5106e+05,46963,46963
0.08,0.224,-1.0878,4.4404,-2.0113e+05,3.4369e+05,48206,48206
0.08,0.208,-1.7897,5.0589,-2.8841e+05,5.0245e+05,40084,40084
0.08,0.192,-2.5102,5.4004,-3.0688e+05,4.3581e+05,31113,31113
0.08,0.176,-3.8685,4.6836,-3.7852e+05,3.2276e+05,22652,22652
0.08,0.16,-5.5648,2.1232,-3.226e+05,2.1831e+05,14449,14449
0.08,0.144,-4.0701,2.2261,-3.2748e+05,1.3163e+05,9490.4,9490.4
0.08,0.128,-3.2636,2.7448,-1.6592e+05,1.5346e+05,6569.8,6569.8
0.08,0.112,-2.4278,2.0369,-65334,47352,5179.1,5179.1
0.08,0.096,-1.5292,1.9076,59075,15681,4373.7,4373.7
0.08,0.08,0.11936,-1.0811,64735,1.167e+05,3283.1,3283.1
0.08,0.064,-0.17453,3.4742,46103,1.2757e+05,3029.6,3029.6
0.08,0.048,0.86444,-0.0063008,13244,1.7371e+05,1485.3,1485.3
0.08,0.032,0.72346,1.514,5359.6,-2395,374.11,374.11
0.08,0.016,-0.28594,-3.2255,0,0,122.5,122.5
0.096,0.496,-0.21105,-2.1814,93372,-2.8432e+05,2238.3,2238.3
0.096,0.48,3.6633,3.5107,1.4001e+05,-6.4988e+05,5805.5,5805.5
0.096,0.464,2.0725,2.7797,2.7337e+05,-1.1685e+06,9363.7,9363.7
0.096,0.448,4.9363,1.9041,2.6346e+05,-1.8124e+06,20478,20478
0.096,0.432,48.044,-21.455,2.9443e+05,-1.6289e+06,32552,32552
0.096,0.416,4.1643,0.35506,3.0127e+05,-1.6678e+06,35468,35468
0.096,0.4,4.0789,-2.1955,1.3019e+05,-6.2277e+05,27375,27375
0.096,0.384,0.17908,1.5037,81962,-5.078e+05,15723,15723
0.096,0.368,-1.1233,0.84889,-1.1542e+05,6979.6,15220,15220
0.096,0.352,-2.0309,1.7761,-38530,-25013,22318,22318
0.096,0.336,-0.45174,1.9454,-50554,-7082.8,34600,34600
0.096,0.32,1.0402,2.331,33180,-24913,49012,49012
0.096,0.304,0.23832,2.0423,36079,-80265,58636,58636
0.096,0.288,-0.071841,1.1359,69087,-93372,65753,65753
0.096,0.272,1.4557,2.7465,54413,93223,69937,69937
0.096,0.256,0.75793,5.272,-58345,4.0533e+05,81919,81919
0.096,0.24,-1.6097,6.5773,-2.8841e+05,8.5119e+05,85437,85437
0.096,0.224,-3.0307,7.3853,-5.1232e+05,1.1436e+06,82064,82064
0.096,0.208,-4.3287,8.2,-6.5127e+05,1.3047e+06,67077,67077
0.096,0.192,-4.0756,8.3232,-6.404e+05,1.1138e+06,55176,55176
0.096,0.176,-2.8128,5.826,-6.7203e+05,8.5395e+05,45431,45431
0.096,0.16,-4.1223,5.8744,-6.4875e+05,6.5645e+05,35438,35438
0.096,0.144,-5.967,3.5041,-5.6194e+05,4.5733e+05,27466,27466
0.096,0.128,-5.6313,-0.35581,-2.2026e+05,3.3503e+05,16942,16942
0.096,0.112,-3.5812,4.7784,69124,1.4881e+05,6791.6,6791.6
0.096,0.096,-0.055728,1.7522,1.1776e+05,1.2088e+05,1071.6,1071.6
0.096,0.08,0.74852,1.3538,-31793,1.5288e+05,96.512,96.512
0.096,0.064,0.23975,1.6243,-1.1804e+05,1.3714e+05,1762.3,1762.3
0.096,0.048,0.85667,-0.061301,-79469,1.3088e+05,343.77,343.77
0.096,0.032,1.243,0.49099,-13129,5007.4,-162.43,162.43
0.096,0.016,-0.024185,-3.9452,0,0,451.8,451.8
0.112,0.496,1.8433,-0.63434,97226,-3.131e+05,3987,3987
0.112,0.48,3.7524,2.4848,1.7729e+05,-7.5635e+05,13663,13663
0.112,0.464,3.9299,6.3218,5.2939e+05,-1.9613e+06,28912,28912
0.112,0.448,5.2552,4.7335,1.4977e+06,-2.9601e+06,47045,47045
0.112,0.432,5.1776,1.9381,1.3537e+06,-2.5656e+06,61895,61895
0.112,0.416,4.037,3.1077,1.2241e+06,-2.0968e+06,62620,62620
0.112,0.4,3.4124,0.95252,46065,-5.3689e+05,52472,52472
0.112,0.384,-0.58211,1.8559,-36415,-3.6078e+05,33619,33619
0.112,0.368,0.81072,1.2073,-1.9816e+05,-41740,22425,22425
0.112,0.352,0.01075,2.2228,-88004,-15006,22069,22069
0.112,0.336,0.23758,2.1327,-55452,-32101,33667,33667
0.112,0.32,0.41092,1.6965,16731,-53477,53534,53534
0.112,0.304,1.5863,2.6686,57526,-1.403e+05,75941,75941
0.112,0.288,2.0079,1.4885,49927,-27253,96610,96610
0.112,0.272,1.7892,2.4092,6923.4,3.8238e+05,1.1067e+05,1.1067e+05
0.112,0.256,-0.059755,6.999,-1.6594e+05,1.0282e+06,1.2593e+05,1.2593e+05
0.112,0.24,-1.9188,10.748,-4.2473e+05,1.7131e+06,1.2453e+05,1.2453e+05
0.112,0.224,-4.1533,13.502,-7.4477e+05,2.2612e+06,1.1765e+05,1.1765e+05
0.112,0.208,-5.2769,14.839,-9.5648e+05,2.5903e+06,99067,99067
0.112,0.192,-5.4563,14.35,-9.8615e+05,2.5678e+06,88082,88082
0.112,0.176,-6.0743,11.538,-1.0391e+06,2.2648e+06,76799,76799
0.112,0.16,-7.6616,11.159,-1.103e+06,1.93e+06,65016,65016
0.112,0.144,-9.2302,8.6647,-1.0509e+06,1.4551e+06,54763,54763
0.112,0.128,-5.7122,4.8238,-5.8753e+05,1.0389e+06,38792,38792
0.112,0.112,-2.4295,5.9343,-25985,5.4845e+05,15476,15476
0.112,0.096,-1.8346,4.9366,1.1938e+05,4.0765e+05,-1842.7,1842.7
0.112,0.08,-2.7189,3.5704,-81819,2.9361e+05,-8433.5,8433.5
0.112,0.064,-2.8914,2.6822,-2.6839e+05,2.2877e+05,-4491.8,4491.8
0.112,0.048,-0.86978,-0.066993,-1.8489e+05,1.0514e+05,-3520.5,3520.5
0.112,0.032,1.4647,1.5988,-46645,17418,-2355.1,2355.1
0.112,0.016,0.0081464,-2.8003,0,0,-182.09,182.09
0.128,0.496,1.0629,9.7537,97226,-3.131e+05,4280.7,4280.7
0.128,0.48,1.0835,7.0915,2.9989e+05,-8.8648e+05,18396,18396
0.128,0.464,2.8562,13.149,8.5125e+05,-2.6934e+06,41890,41890
0.128,0.448,2.9197,5.8216,5.2944e+05,-2.3878e+06,69885,69885
0.128,0.432,0.10148,3.6263,4.2587e+05,-2.2555e+06,83830,83830
0.128,0.416,0.67176,11.323,2.6146e+05,-1.9193e+06,87179,87179
0.128,0.4,2.2253,4.0006,1.7063e+05,-1.589e+06,79404,79404
0.128,0.384,1.2189,3.4841,70440,-1.1897e+06,66315,66315
0.128,0.368,0.5777,4.4331,-49994,-7.2944e+05,48584,48584
0.128,0.352,0.42234,2.8602,-53853,-4.8678e+05,33811,33811
0.128,0.336,-0.85666,3.7,-53488,-3.8831e+05,32649,32649
0.128,0.32,-0.23551,2.5621,8603.3,-3.2154e+05,45886,45886
0.128,0.304,2.5657,3.3717,83580,-3.1218e+05,72251,72251
0.128,0.288,1.5864,4.7875,57847,-49173,1.0607e+05,1.0607e+05
0.128,0.272,0.31163,7.3172,-27237,4.8077e+05,1.3897e+05,1.3897e+05
0.128,0.256,-0.093548,11.317,-1.8403e+05,1.3561e+06,1.6809e+05,1.6809e+05
0.128,0.24,-1.5025,15.845,-4.1507e+05,2.3983e+06,1.7302e+05,1.7302e+05
0.128,0.224,-2.9993,19.723,-7.2009e+05,3.3356e+06,1.6084e+05,1.6084e+05
0.128,0.208,-6.0529,24.675,-1.0196e+06,3.9665e+06,1.3905e+05,1.3905e+05
0.128,0.192,-7.1422,27.645,-1.1986e+06,4.2114e+06,1.2475e+05,1.2475e+05
0.128,0.176,-6.9873,27.55,-1.4013e+06,3.967e+06,1.1468e+05,1.1468e+05
0.128,0.16,-9.8707,21.654,-1.56e+06,3.5511e+06,1.0254e+05,1.0254e+05
0.128,0.144,-11.326,19.616,-1.4978e+06,2.9315e+06,89050,89050
0.128,0.128,-9.6226,17.499,-1.0037e+06,2.2792e+06,64345,64345
0.128,0.112,-5.8239,13.964,-3.0861e+05,1.4191e+06,28746,28746
0.128,0.096,-4.5276,10.135,80832,6.9787e+05,-2143.3,2143.3
0.128,0.08,-5.4384,7.724,29928,3.2642e+05,-15792,15792
0.128,0.064,-4.8361,5.6386,-1.0226e+05,1.379e+05,-13336,13336
0.128,0.048,-2.1685,0.47075,-1.3491e+05,92881,-8916.7,8916.7
0.128,0.032,0.96115,1.7721,-21604,-14165,-4451.9,4451.9
0.128,0.016,0.57106,0.30467,0,0,-805.45,805.45
0.144,0.496,-2.1601,33.333,0,0,2548.8,2548.8
0.144,0.48,-1.8675,28.815,0,0,14307,14307
0.144,0.464,-1.2875,24.144,7.9984e+05,-3.5883e+06,44480,44480
0.144,0.448,-0.11736,17.724,1.5045e+05,-2.5151e+06,79259,79259
0.144,0.432,-0.54642,12.684,1.7099e+05,-2.5776e+06,94768,94768
0.144,0.416,2.4421,12.279,83656,-2.2737e+06,92105,92105
0.144,0.4,1.4404,13.173,2.0112e+05,-2.4224e+06,81679,81679
0.144,0.384,1.5447,11.764,1.5922e+05,-2.213e+06,61814,61814
0.144,0.368,2.0736,8.6273,92967,-2.0854e+06,46574,46574
0.144,0.352,0.77709,6.9464,-18404,-1.6288e+06,29565,29565
0.144,0.336,0.82823,7.1223,-32133,-1.2735e+06,22499,22499
0.144,0.32,2.0298,5.4634,-16171,-9.1308e+05,28337,28337
0.144,0.304,1.6296,6.7315,54988,-6.9632e+05,54547,54547
0.144,0.288,1.4249,8.9586,16029,-2.9419e+05,93806,93806
0.144,0.272,1.6348,9.113,-25568,3.1243e+05,1.3828e+05,1.3828e+05
0.144,0.256,0.98495,13.557,-1.48e+05,1.2257e+06,1.7914e+05,1.7914e+05
0.144,0.24,-0.80116,19.49,-3.6115e+05,2.356e+06,1.9727e+05,1.9727e+05
0.144,0.224,-2.8266,24.147,-6.7037e+05,3.5036e+06,1.9808e+05,1.9808e+05
0.144,0.208,-3.8523,29.219,-9.9642e+05,4.4441e+06,1.8052e+05,1.8052e+05
0.144,0.192,-5.5977,31.564,-1.2236e+06,5.0289e+06,1.7171e+05,1.7171e+05
0.144,0.176,-5.8865,31.22,-1.4701e+06,5.015e+06,1.6791e+05,1.6791e+05
0.144,0.16,-7.1243,26.688,-1.622e+06,4.6993e+06,1.6112e+05,1.6112e+05
0.144,0.144,-8.1748,26.444,-1.6523e+06,4.1076e+06,1.4233e+05,1.4233e+05
0.144,0.128,-8.6164,26.906,-1.3476e+06,3.5461e+06,1.0231e+05,1.0231e+05
0.144,0.112,-8.1432,25.649,-7.753e+05,2.5035e+06,51993,51993
0.144,0.096,-6.1306,20.381,-1.7507e+05,1.219e+06,7768.2,7768.2
0.144,0.08,-4.2495,14.854,1.1206e+05,2.1562e+05,-16573,16573
0.144,0.064,-5.1305,12.33,2.4111e+05,-4.5141e+05,-19583,19583
0.144,0.048,-3.1319,8.2881,1.342e+05,-3.7098e+05,-15201,15201
0.144,0.032,0.79386,5.0283,1.2269e+05,-3.0616e+05,-7479.7,7479.7
0.144,0.016,3.0865,2.9591,0,0,-2136.5,2136.5
0.16,0.496,-1.4124,43.524,0,0,796.9,796.9
0.16,0.48,-1.3964,41.995,0,0,7368,7368
0.16,0.464,-1.0209,38.801,NaN,NaN,35262,35262
0.16,0.448,-0.93374,34.77,2.6181e+05,-3.5233e+06,86429,86429
0.16,0.432,-0.67336,31.26,4.622e+05,-4.3904e+06,1.0147e+05,1.0147e+05
0.16,0.416,0.69094,28.21,4.5343e+05,-4.0566e+06,1.0513e+05,1.0513e+05
0.16,0.4,-0.095402,24.545,4.3387e+05,-3.8227e+06,83595,83595
0.16,0.384,0.74228,21.532,3.3124e+05,-3.335e+06,61508,61508
0.16,0.368,1.121,17.868,2.6333e+05,-3.3534e+06,37678,37678
0.16,0.352,1.2853,14.847,2.0963e+05,-3.1906e+06,24208,24208
0.16,0.336,0.72781,12.883,1.8932e+05,-2.6994e+06,17310,17310
0.16,0.32,0.63177,10.12,1.6668e+05,-1.9558e+06,20533,20533
0.16,0.304,1.2213,9.772,1.2769e+05,-1.2848e+06,42393,42393
0.16,0.288,2.2451,10.041,56314,-7.3385e+05,78262,78262
0.16,0.272,1.9125,10.501,-42790,-1.9269e+05,1.2012e+05,1.2012e+05
0.16,0.256,1.3269,13.531,-1.5645e+05,6.1895e+05,1.6769e+05,1.6769e+05
0.16,0.24,-0.19622,17.005,-4.0177e+05,1.6702e+06,2.0128e+05,2.0128e+05
0.16,0.224,-3.6157,20.97,-6.8756e+05,2.8671e+06,2.1907e+05,2.1907e+05
0.16,0.208,-4.2631,23.532,-1.0134e+06,3.9432e+06,2.0749e+05,2.0749e+05
0.16,0.192,-5.5299,25.89,-1.2628e+06,4.7724e+06,2.0265e+05,2.0265e+05
0.16,0.176,-6.7067,29.199,-1.4651e+06,5.1518e+06,2.1811e+05,2.1811e+05
0.16,0.16,-5.479,28.756,-1.5658e+06,5.2465e+06,2.2914e+05,2.2914e+05
0.16,0.144,-5.0528,29.406,-1.592e+06,5.0537e+06,2.1552e+05,2.1552e+05
0.16,0.128,-5.7036,30.169,-1.4384e+06,4.7704e+06,1.5014e+05,1.5014e+05
0.16,0.112,-6.1959,31.618,-1.1313e+06,3.9088e+06,81818,81818
0.16,0.096,-5.57,29.672,-5.9339e+05,2.3475e+06,20262,20262
0.16,0.08,-6.6123,24.428,-1.2889e+05,7.4897e+05,-6890.3,6890.3
0.16,0.064,-3.9994,21.27,4.1765e+05,-6.1863e+05,-17959,17959
0.16,0.048,-0.89756,16.973,3.906e+05,-6.7859e+05,-14436,14436
0.16,0.032,-0.14034,14.422,3.2072e+05,-5.238e+05,-8293.3,8293.3
0.16,0.016,1.7382,8.1195,0,0,-2159,2159
0.176,0.496,-1.7982,43.488,0,0,0,0
0.176,0.48,-1.2491,43.767,0,0,0,0
0.176,0.464,-0.57482,44.446,NaN,NaN,15585,15585
0.176,0.448,0.2276,44.228,NaN,NaN,75596,75596
0.176,0.432,0.30768,43.324,NaN,NaN,92781,92781
0.176,0.416,1.6006,42.089,NaN,NaN,97648,97648
0.176,0.4,2.3307,37.968,3.5185e+05,-4.2827e+06,62102,62102
0.176,0.384,1.3871,30.927,4.2496e+05,-4.0851e+06,35152,35152
0.176,0.368,0.68227,25.882,4.3972e+05,-4.3903e+06,15025,15025
0.176,0.352,2.1069,20.402,4.3531e+05,-4.3683e+06,8831.4,8831.4
0.176,0.336,2.6508,18.383,4.2873e+05,-3.9596e+06,8134.5,8134.5
0.176,0.32,3.243,13.543,3.9498e+05,-3.0618e+06,15198,15198
0.176,0.304,2.8554,11.551,3.1826e+05,-2.1668e+06,40100,40100
0.176,0.288,1.9214,12.724,1.8604e+05,-1.4007e+06,74398,74398
0.176,0.272,2.408,15.726,-38690,-6.7838e+05,1.0499e+05,1.0499e+05
0.176,0.256,0.38626,13.857,-2.3735e+05,1.1484e+05,1.3867e+05,1.3867e+05
0.176,0.24,-0.37891,14.402,-5.3884e+05,9.3831e+05,1.6872e+05,1.6872e+05
0.176,0.224,-2.7373,17.155,-8.2887e+05,1.9609e+06,2.0389e+05,2.0389e+05
0.176,0.208,-4.9627,21.574,-1.1525e+06,3.0877e+06,2.0785e+05,2.0785e+05
0.176,0.192,-6.862,26.076,-1.4372e+06,4.2098e+06,2.176e+05,2.176e+05
0.176,0.176,-8.7738,30.679,-1.6696e+06,5.0892e+06,2.5738e+05,2.5738e+05
0.176,0.16,-8.8119,33.673,-1.8095e+06,5.7417e+06,2.9564e+05,2.9564e+05
0.176,0.144,-7.1944,36.64,-1.8065e+06,6.0014e+06,3.0007e+05,3.0007e+05
0.176,0.128,-6.1531,37.048,-1.6392e+06,5.9544e+06,2.101e+05,2.101e+05
0.176,0.112,-5.0165,37.475,-1.4095e+06,5.443e+06,1.0699e+05,1.0699e+05
0.176,0.096,-5.8114,36.268,-1.1175e+06,4.18e+06,19358,19358
0.176,0.08,-7.9265,32.831,-7.5271e+05,2.7412e+06,-10433,10433
0.176,0.064,-6.228,28.792,-45173,1.0108e+06,-14173,14173
0.176,0.048,-1.3179,25.169,2.3499e+05,2.3348e+05,-9842.9,9842.9
0.176,0.032,-1.0808,24.175,3.3071e+05,-2.0379e+05,-5873.4,5873.4
0.176,0.016,0.051412,14.507,0,0,-1503,1503
0.192,0.496,-0.37204,44.199,0,0,0,0
0.192,0.48,-1.4202,43.608,0,0,0,0
0.192,0.464,-1.8856,43.613,NaN,NaN,0,0
0.192,0.448,-1.7221,45.332,NaN,NaN,NaN,NaN
0.192,0.432,-1.0607,45.425,NaN,NaN,NaN,NaN
0.192,0.416,-0.96659,43.715,NaN,NaN,1.5666e+05,1.5666e+05
0.192,0.4,-0.88279,39.079,NaN,NaN,61818,61818
0.192,0.384,-0.31253,30.537,4.3515e+05,-4.2038e+06,43791,43791
0.192,0.368,0.64357,24.178,5.3189e+05,-4.6818e+06,22722,22722
0.192,0.352,2.0919,19.316,6.0092e+05,-4.7703e+06,17386,17386
0.192,0.336,2.4368,18.737,6.7034e+05,-4.6067e+06,17081,17081
0.192,0.32,3.9069,17.141,6.5572e+05,-3.8744e+06,23178,23178
0.192,0.304,4.2017,18.076,5.3812e+05,-3.0007e+06,47440,47440
0.192,0.288,2.3944,20.887,3.7579e+05,-2.1986e+06,81525,81525
0.192,0.272,0.92785,19.816,88843,-1.4828e+06,1.111e+05,1.111e+05
0.192,0.256,-0.50622,19.214,-1.9697e+05,-7.7064e+05,1.3577e+05,1.3577e+05
0.192,0.24,-1.343,22.047,-4.9418e+05,-1.1955e+05,1.5356e+05,1.5356e+05
0.192,0.224,-3.7527,25.415,-7.7026e+05,7.5302e+05,1.798e+05,1.798e+05
0.192,0.208,-5.4936,30.224,-1.119e+06,1.7594e+06,1.8683e+05,1.8683e+05
0.192,0.192,-6.5213,35.765,-1.4884e+06,2.9358e+06,2.0415e+05,2.0415e+05
0.192,0.176,-8.5865,38.037,-1.7897e+06,4.1041e+06,2.616e+05,2.616e+05
0.192,0.16,-10.216,40.384,-1.9628e+06,5.2473e+06,3.2273e+05,3.2273e+05
0.192,0.144,-10.331,46.132,-2.0083e+06,6.0915e+06,3.5105e+05,3.5105e+05
0.192,0.128,-9.5721,47.627,-1.8699e+06,6.3926e+06,2.4169e+05,2.4169e+05
0.192,0.112,-7.2206,47.083,-1.6488e+06,6.3589e+06,1.1061e+05,1.1061e+05
0.192,0.096,-5.6079,44.627,-1.4195e+06,5.7155e+06,-3945.7,3945.7
0.192,0.08,-6.1173,42.027,-1.1978e+06,4.9215e+06,-22872,22872
0.192,0.064,-5.8522,40.7,-6.2976e+05,3.4066e+06,-16127,16127
0.192,0.048,-2.0641,37.74,-1.9916e+05,1.814e+06,-4685.7,4685.7
0.192,0.032,2.4008,33.475,1.1014e+05,5.3766e+05,-1839.5,1839.5
0.192,0.016,0.7516,29.66,0,0,692.2,692.2
0.208,0.496,1.127,48.013,0,0,0,0
0.208,0.48,0.32559,44.762,0,0,0,0
0.208,0.464,-0.21223,45.247,NaN,NaN,0,0
0.208,0.448,-0.46636,46.649,NaN,NaN,NaN,NaN
0.208,0.432,-0.071155,46.831,NaN,NaN,NaN,NaN
0.208,0.416,-0.13145,43.65,NaN,NaN,NaN,NaN
0.208,0.4,0.23863,38.286,NaN,NaN,45274,45274
0.208,0.384,0.54622,32.429,3.7389e+05,-4.3933e+06,47643,47643
0.208,0.368,1.5365,26.27,4.9733e+05,-4.7871e+06,52592,52592
0.208,0.352,2.6978,22.124,5.9014e+05,-4.8121e+06,45581,45581
0.208,0.336,4.3141,24.345,6.1759e+05,-4.4979e+06,38494,38494
0.208,0.32,2.8528,24.695,6.3894e+05,-3.9262e+06,33352,33352
0.208,0.304,3.1872,26.106,6.3702e+05,-3.4041e+06,56866,56866
0.208,0.288,3.7121,27.938,5.7532e+05,-2.77e+06,90946,90946
0.208,0.272,2.2331,27.81,3.1258e+05,-2.0437e+06,1.2275e+05,1.2275e+05
0.208,0.256,-0.1291,33.072,-54278,-1.2731e+06,1.4595e+05,1.4595e+05
0.208,0.24,-2.9182,38.178,-3.4499e+05,-6.428e+05,1.5526e+05,1.5526e+05
0.208,0.224,-3.0768,40.836,-5.6336e+05,40617,1.6465e+05,1.6465e+05
0.208,0.208,-3.9232,41.509,-8.5086e+05,7.9895e+05,1.5819e+05,1.5819e+05
0.208,0.192,-5.9454,44.322,-1.1896e+06,1.7439e+06,1.709e+05,1.709e+05
0.208,0.176,-6.7288,46.912,-1.5171e+06,2.8222e+06,2.2482e+05,2.2482e+05
0.208,0.16,-7.5757,47.998,-1.7195e+06,4.0076e+06,2.9548e+05,2.9548e+05
0.208,0.144,-8.6502,51.296,-1.8474e+06,5.1119e+06,3.3293e+05,3.3293e+05
0.208,0.128,-9.5089,52.952,-1.8117e+06,5.8429e+06,2.2339e+05,2.2339e+05
0.208,0.112,-8.0278,52.088,-1.6305e+06,6.3514e+06,80975,80975
0.208,0.096,-4.798,51.54,-1.4315e+06,6.4529e+06,-39439,39439
0.208,0.08,-3.9364,51.155,-1.3424e+06,6.4167e+06,-48549,48549
0.208,0.064,-3.7237,50.448,-1.0817e+06,5.5472e+06,-20105,20105
0.208,0.048,-1.2431,49.129,-6.316e+05,3.3989e+06,704.09,704.09
0.208,0.032,-1.5026,48.58,-1.7333e+05,1.3588e+06,8542.3,8542.3
0.208,0.016,-2.3212,47.982,0,0,3526.9,3526.9
0.224,0.496,2.1121,51.032,0,0,0,0
0.224,0.48,1.6714,47.795,0,0,0,0
0.224,0.464,0.57079,47.918,NaN,NaN,0,0
0.224,0.448,-0.2447,47.071,NaN,NaN,NaN,NaN
0.224,0.432,0.34961,46.242,NaN,NaN,NaN,NaN
0.224,0.416,1.2644,44.449,NaN,NaN,NaN,NaN
0.224,0.4,1.1979,42.102,NaN,NaN,52645,52645
0.224,0.384,-0.16897,39.754,2.282e+05,-4.5261e+06,58846,58846
0.224,0.368,-0.90923,36.892,4.1893e+05,-4.7412e+06,67432,67432
0.224,0.352,-0.71752,34.807,6.0176e+05,-4.6966e+06,67334,67334
0.224,0.336,0.44981,34.289,5.9561e+05,-4.2547e+06,59174,59174
0.224,0.32,1.4498,32.684,5.6343e+05,-3.569e+06,54341,54341
0.224,0.304,2.406,32.785,5.6395e+05,-3.198e+06,69505,69505
0.224,0.288,3.6645,31.312,5.6347e+05,-2.7995e+06,98554,98554
0.224,0.272,2.186,36.504,4.1718e+05,-2.3654e+06,1.2934e+05,1.2934e+05
0.224,0.256,-0.027665,39.784,96443,-1.81e+06,1.5688e+05,1.5688e+05
0.224,0.24,-1.6949,41.898,-1.5461e+05,-1.2829e+06,1.6693e+05,1.6693e+05
0.224,0.224,-1.3838,44.326,-3.502e+05,-7.3855e+05,1.6677e+05,1.6677e+05
0.224,0.208,-2.0453,45.903,-5.8237e+05,-1.8906e+05,1.4065e+05,1.4065e+05
0.224,0.192,-4.1899,47.609,-8.637e+05,5.049e+05,1.3615e+05,1.3615e+05
0.224,0.176,-4.8849,49.627,-1.1085e+06,1.3357e+06,1.6684e+05,1.6684e+05
0.224,0.16,-5.336,50.202,-1.2369e+06,2.3408e+06,2.2367e+05,2.2367e+05
0.224,0.144,-6.2051,51.596,-1.3318e+06,3.4421e+06,2.673e+05,2.673e+05
0.224,0.128,-7.1608,52.465,-1.3607e+06,4.4213e+06,1.6893e+05,1.6893e+05
0.224,0.112,-6.938,53.659,-1.2741e+06,5.2973e+06,47038,47038
0.224,0.096,-4.2255,53.992,-1.1604e+06,5.8587e+06,-59273,59273
0.224,0.08,-3.5356,54.596,-1.1343e+06,6.1207e+06,-39812,39812
0.224,0.064,-3.6425,55.488,-1.0966e+06,5.7148e+06,-363.31,363.31
0.224,0.048,-2.8263,54.828,-7.3471e+05,3.6163e+06,18180,18180
0.224,0.032,-2.0885,55.081,-3.2379e+05,1.6049e+06,15236,15236
0.224,0.016,-1.0956,56.092,0,0,5141.9,5141.9
0.24,0.496,1.0456,52.313,0,0,0,0
0.24,0.48,0.27977,48.836,0,0,0,0
0.24,0.464,-0.86701,48.404,NaN,NaN,0,0
0.24,0.448,-1.2482,47.448,NaN,NaN,NaN,NaN
0.24,0.432,-0.24738,45.546,NaN,NaN,NaN,NaN
0.24,0.416,0.21915,44.511,NaN,NaN,NaN,NaN
0.24,0.4,0.47747,44.794,NaN,NaN,68776,68776
0.24,0.384,-0.16606,44.554,NaN,NaN,85488,85488
0.24,0.368,-0.54331,42.45,NaN,NaN,1.0416e+05,1.0416e+05
0.24,0.352,-0.50479,41.723,NaN,NaN,97844,97844
0.24,0.336,0.21467,41.163,1.987e+05,-3.179e+06,73991,73991
0.24,0.32,2.0839,38.75,3.9895e+05,-2.8878e+06,66702,66702
0.24,0.304,1.6967,37.521,4.9388e+05,-2.6216e+06,79051,79051
0.24,0.288,1.7359,36.662,4.9712e+05,-2.2928e+06,1.0575e+05,1.0575e+05
0.24,0.272,1.3578,38.263,3.7485e+05,-2.0099e+06,1.3142e+05,1.3142e+05
0.24,0.256,-0.30385,39.358,1.6605e+05,-1.7249e+06,1.6091e+05,1.6091e+05
0.24,0.24,-1.5017,38.674,-23206,-1.4576e+06,1.7641e+05,1.7641e+05
0.24,0.224,-1.4638,39.917,-1.8687e+05,-1.1086e+06,1.7844e+05,1.7844e+05
0.24,0.208,-1.8309,42.308,-3.4855e+05,-6.9904e+05,1.4471e+05,1.4471e+05
0.24,0.192,-2.4412,43.839,-5.0656e+05,-1.602e+05,1.2311e+05,1.2311e+05
0.24,0.176,-3.2495,45.433,-5.9859e+05,4.7428e+05,1.1267e+05,1.1267e+05
0.24,0.16,-3.2203,48.185,-6.6189e+05,1.2307e+06,1.3405e+05,1.3405e+05
0.24,0.144,-4.0152,50.577,-7.1405e+05,2.0449e+06,1.6029e+05,1.6029e+05
0.24,0.128,-4.264,50.548,-7.8694e+05,2.9317e+06,1.012e+05,1.012e+05
0.24,0.112,-4.3875,52.165,-8.1877e+05,3.8439e+06,36130,36130
0.24,0.096,-4.2675,54.202,-8.4988e+05,4.5953e+06,-21207,21207
0.24,0.08,-4.1929,56.128,-9.1723e+05,5.0116e+06,8619.1,8619.1
0.24,0.064,-3.8421,56.713,-1.0251e+06,5.0257e+06,34687,34687
0.24,0.048,-3.4908,56.266,-7.2929e+05,3.2975e+06,32882,32882
0.24,0.032,-3.0289,56.986,-3.7722e+05,1.5921e+06,19202,19202
0.24,0.016,-1.5406,56.62,0,0,4884.8,4884.8
0.256,0.496,-0.98394,51.368,0,0,0,0
0.256,0.48,-0.052179,47.512,0,0,0,0
0.256,0.464,0.38183,46.715,NaN,NaN,0,0
0.256,0.448,0.42974,47.197,NaN,NaN,NaN,NaN
0.256,0.432,0.57971,46.378,NaN,NaN,NaN,NaN
0.256,0.416,-0.82686,46.345,NaN,NaN,NaN,NaN
0.256,0.4,-1.3108,47.379,NaN,NaN,NaN,NaN
0.256,0.384,-1.1933,47.57,NaN,NaN,NaN,NaN
0.256,0.368,-1.4654,45.998,NaN,NaN,NaN,NaN
0.256,0.352,-0.36384,43.935,NaN,NaN,1.1378e+05,1.1378e+05
0.256,0.336,0.28127,43.59,NaN,NaN,76797,76797
0.256,0.32,1.0786,41.712,3.914e+05,-2.395e+06,63446,63446
0.256,0.304,1.8395,40.759,3.8215e+05,-2.0924e+06,75807,75807
0.256,0.288,2.2673,39.502,2.9176e+05,-1.8221e+06,97046,97046
0.256,0.272,1.4927,38.698,1.8739e+05,-1.6891e+06,1.2362e+05,1.2362e+05
0.256,0.256,0.11169,36.566,82357,-1.6553e+06,1.4153e+05,1.4153e+05
0.256,0.24,-0.15009,34.98,-22214,-1.6427e+06,1.5239e+05,1.5239e+05
0.256,0.224,-1.2981,35.741,-1.0057e+05,-1.5255e+06,1.6133e+05,1.6133e+05
0.256,0.208,-2.1271,36.037,-1.435e+05,-1.3211e+06,1.3606e+05,1.3606e+05
0.256,0.192,-1.8935,37.532,-1.6706e+05,-9.96e+05,1.1402e+05,1.1402e+05
0.256,0.176,-1.8925,41.526,-1.5596e+05,-5.0942e+05,91098,91098
0.256,0.16,-1.4993,45.905,-1.7094e+05,1.4489e+05,84526,84526
0.256,0.144,-1.2579,48.991,-1.7918e+05,8.3103e+05,94182,94182
0.256,0.128,-1.5733,50.724,-2.5049e+05,1.5423e+06,59172,59172
0.256,0.112,-2.6411,52.955,-3.6711e+05,2.3187e+06,43918,43918
0.256,0.096,-3.3889,54.621,-5.4646e+05,3.0257e+06,25657,25657
0.256,0.08,-3.5245,55.532,-7.1767e+05,3.5081e+06,53597,53597
0.256,0.064,-3.4784,56.039,-9.2509e+05,3.7485e+06,55420,55420
0.256,0.048,-3.8366,55.742,-6.7649e+05,2.535e+06,35477,35477
0.256,0.032,-4.0507,56.003,-3.8228e+05,1.2902e+06,13257,13257
0.256,0.016,-2.5757,54.906,0,0,2897,2897
0.272,0.496,-0.16728,51.737,0,0,0,0
0.272,0.48,1.2599,47.946,0,0,0,0
0.272,0.464,1.9951,46.797,NaN,NaN,0,0
0.272,0.448,1.6011,47.509,NaN,NaN,NaN,NaN
0.272,0.432,0.63971,48.656,NaN,NaN,NaN,NaN
0.272,0.416,0.28402,49.988,NaN,NaN,NaN,NaN
0.272,0.4,-1.6859,51.654,NaN,NaN,NaN,NaN
0.272,0.384,-2.5878,51.575,NaN,NaN,NaN,NaN
0.272,0.368,-2.8931,50.736,NaN,NaN,NaN,NaN
0.272,0.352,-2.9357,49.036,NaN,NaN,NaN,NaN
0.272,0.336,-2.3885,48.145,NaN,NaN,51774,51774
0.272,0.32,-1.4268,47.177,NaN,NaN,41341,41341
0.272,0.304,0.18538,46.263,3.5805e+05,-1.7167e+06,47946,47946
0.272,0.288,0.67359,44.175,1.7512e+05,-1.4917e+06,78334,78334
0.272,0.272,0.53978,42.89,47297,-1.4613e+06,1.0425e+05,1.0425e+05
0.272,0.256,0.33998,41.084,-66278,-1.4015e+06,1.3421e+05,1.3421e+05
0.272,0.24,-0.33793,40.046,-1.6154e+05,-1.3726e+06,1.3701e+05,1.3701e+05
0.272,0.224,-0.65269,40.8,-1.9465e+05,-1.3645e+06,1.4135e+05,1.4135e+05
0.272,0.208,-0.24101,40.944,-1.379e+05,-1.4252e+06,1.2274e+05,1.2274e+05
0.272,0.192,-0.30173,40.64,26464,-1.5026e+06,1.0823e+05,1.0823e+05
0.272,0.176,-0.1504,42.478,1.8448e+05,-1.4138e+06,78275,78275
0.272,0.16,-0.26277,45.543,2.6871e+05,-1.1451e+06,61526,61526
0.272,0.144,-0.25235,47.615,2.6632e+05,-7.2775e+05,49666,49666
0.272,0.128,-0.93389,49.907,1.5999e+05,-1.5238e+05,32119,32119
0.272,0.112,-1.7883,52.376,-6254.7,6.1678e+05,39787,39787
0.272,0.096,-2.5232,53.67,-2.5584e+05,1.4104e+06,45412,45412
0.272,0.08,-3.2085,53.902,-4.6626e+05,1.9915e+06,58502,58502
0.272,0.064,-2.9183,53.726,-7.3637e+05,2.4254e+06,42604,42604
0.272,0.048,-3.1177,54.503,-5.6472e+05,1.7252e+06,16681,16681
0.272,0.032,-3.5095,54.526,-3.4604e+05,9.4865e+05,4112.9,4112.9
0.272,0.016,-2.7539,53.166,0,0,-454.8,454.8
0.288,0.496,0.72193,54.718,0,0,0,0
0.288,0.48,1.7863,49.705,0,0,0,0
0.288,0.464,3.1144,48.198,NaN,NaN,0,0
0.288,0.448,2.9238,48.733,NaN,NaN,NaN,NaN
0.288,0.432,1.6497,49.71,NaN,NaN,NaN,NaN
0.288,0.416,0.70653,50.807,NaN,NaN,NaN,NaN
0.288,0.4,-1.4624,53.333,NaN,NaN,NaN,NaN
0.288,0.384,-2.3561,54.034,NaN,NaN,NaN,NaN
0.288,0.368,-2.2918,54.247,NaN,NaN,NaN,NaN
0.288,0.352,-3.6535,54.389,NaN,NaN,NaN,NaN
0.288,0.336,-3.8087,53.511,NaN,NaN,NaN,NaN
0.288,0.32,-2.6428,52.59,NaN,NaN,-18808,18808
0.288,0.304,-1.0481,51.787,NaN,NaN,10950,10950
0.288,0.288,-0.20339,49.286,-37663,-1.1173e+06,38306,38306
0.288,0.272,0.12954,47.403,-1.4911e+05,-1.0969e+06,56161,56161
0.288,0.256,0.2363,47.123,-2.4508e+05,-1.0462e+06,90247,90247
0.288,0.24,-1.6133,46.311,-3.6919e+05,-7.7782e+05,1.1047e+05,1.1047e+05
0.288,0.224,-2.0709,46.27,-4.4936e+05,-6.1299e+05,1.2531e+05,1.2531e+05
0.288,0.208,-1.5172,46.222,-3.954e+05,-6.9353e+05,1.0208e+05,1.0208e+05
0.288,0.192,-1.7982,45.439,-1.749e+05,-1.1085e+06,91230,91230
0.288,0.176,-0.29502,44.032,73032,-1.5474e+06,83238,83238
0.288,0.16,0.13845,42.989,2.5314e+05,-1.833e+06,85580,85580
0.288,0.144,-0.32449,41.761,3.118e+05,-1.8418e+06,74768,74768
0.288,0.128,0.38175,43.516,3.0722e+05,-1.5122e+06,44822,44822
0.288,0.112,-0.56852,46.4,2.2819e+05,-8.514e+05,27007,27007
0.288,0.096,-1.4799,51.232,42121,-52682,15962,15962
0.288,0.08,-1.9224,52.479,-1.3688e+05,5.3191e+05,19797,19797
0.288,0.064,-1.8786,54.178,-3.4546e+05,1.0172e+06,11697,11697
0.288,0.048,-3.1912,54.554,-2.8337e+05,7.9021e+05,347.07,347.07
0.288,0.032,-3.1454,54.906,-1.8993e+05,4.9628e+05,-2688.8,2688.8
0.288,0.016,-1.5648,53.332,0,0,-1945.8,1945.8
0.304,0.496,-0.36622,52.001,0,0,0,0
0.304,0.48,0.67053,47.951,0,0,0,0
0.304,0.464,2.1122,46.475,NaN,NaN,0,0
0.304,0.448,2.6569,46.147,NaN,NaN,NaN,NaN
0.304,0.432,2.4029,46.511,NaN,NaN,NaN,NaN
0.304,0.416,2.1232,47.646,NaN,NaN,NaN,NaN
0.304,0.4,1.4057,49.752,NaN,NaN,NaN,NaN
0.304,0.384,0.92686,51.058,NaN,NaN,NaN,NaN
0.304,0.368,0.86901,52.209,NaN,NaN,NaN,NaN
0.304,0.352,-0.79269,54.943,NaN,NaN,NaN,NaN
0.304,0.336,-1.1692,56.69,NaN,NaN,NaN,NaN
0.304,0.32,-0.79869,56.951,NaN,NaN,NaN,NaN
0.304,0.304,-1.2562,57.226,NaN,NaN,-65998,65998
0.304,0.288,-0.99665,54.634,NaN,NaN,3781.9,3781.9
0.304,0.272,-0.6518,53.786,-2.0273e+05,-9.5024e+05,26500,26500
0.304,0.256,-0.77145,53.624,-4.5856e+05,-5.935e+05,98794,98794
0.304,0.24,-1.6364,52.981,-5.8116e+05,-2.217e+05,1.2916e+05,1.2916e+05
0.304,0.224,-2.0165,53.292,-7.9485e+05,3.2626e+05,1.3845e+05,1.3845e+05
0.304,0.208,-3.0556,51.937,-8.4966e+05,3.188e+05,1.0499e+05,1.0499e+05
0.304,0.192,-4.5537,49.492,-7.2189e+05,16723,90701,90701
0.304,0.176,-2.8113,46.821,-4.8746e+05,-6.5771e+05,85367,85367
0.304,0.16,-2.6939,43.937,-2.1401e+05,-1.3095e+06,1.0176e+05,1.0176e+05
0.304,0.144,-1.1933,40.861,-41090,-1.6643e+06,96352,96352
0.304,0.128,0.85622,40.613,1.0221e+05,-1.569e+06,62781,62781
0.304,0.112,1.7936,43.86,2.2651e+05,-1.145e+06,21357,21357
0.304,0.096,0.94393,47.568,2.5234e+05,-6.9923e+05,-7800.4,7800.4
0.304,0.08,1.072,50.992,2.3192e+05,-4.1138e+05,-9369.7,9369.7
0.304,0.064,0.65535,52.478,86733,-1.9339e+05,-9005.9,9005.9
0.304,0.048,-0.62314,54.932,11011,-51010,-10631,10631
0.304,0.032,-0.20759,54.983,-52173,29812,-7260,7260
0.304,0.016,0.74871,60.152,0,0,-3916.4,3916.4
0.32,0.496,-0.73152,49.603,0,0,0,0
0.32,0.48,-0.053521,45.658,0,0,0,0
0.32,0.464,0.81244,44.483,NaN,NaN,0,0
0.32,0.448,1.7649,43.579,NaN,NaN,NaN,NaN
0.32,0.432,2.4845,43.428,NaN,NaN,NaN,NaN
0.32,0.416,3.4403,44.501,NaN,NaN,NaN,NaN
0.32,0.4,3.1933,45.71,NaN,NaN,NaN,NaN
0.32,0.384,2.7461,47.63,NaN,NaN,NaN,NaN
0.32,0.368,2.4869,48.933,NaN,NaN,NaN,NaN
0.32,0.352,1.407,51.029,NaN,NaN,NaN,NaN
0.32,0.336,0.49544,54.869,NaN,NaN,NaN,NaN
0.32,0.32,0.059065,57.878,NaN,NaN,NaN,NaN
0.32,0.304,-0.66017,60.447,NaN,NaN,NaN,NaN
0.32,0.288,-0.45029,61.29,NaN,NaN,27070,27070
0.32,0.272,-0.90942,62.115,NaN,NaN,40644,40644
0.32,0.256,-1.0626,60.29,NaN,NaN,97277,97277
0.32,0.24,-2.4428,59.639,-6.8291e+05,1.0931e+06,1.3072e+05,1.3072e+05
0.32,0.224,-2.3766,57.795,-9.3613e+05,1.2462e+06,1.4245e+05,1.4245e+05
0.32,0.208,-3.4546,55.326,-1.0492e+06,1.1225e+06,1.0611e+05,1.0611e+05
0.32,0.192,-4.9349,54.346,-1.1129e+06,8.4155e+05,93807,93807
0.32,0.176,-4.274,52.817,-1.0099e+06,2.8161e+05,93293,93293
0.32,0.16,-3.2538,50.391,-8.0355e+05,-3.1425e+05,1.1751e+05,1.1751e+05
0.32,0.144,-2.4159,49.203,-5.9102e+05,-6.7472e+05,1.2124e+05,1.2124e+05
0.32,0.128,-0.1828,49.237,-3.4704e+05,-6.9681e+05,87268,87268
0.32,0.112,1.5308,50.232,-66604,-5.1349e+05,39270,39270
0.32,0.096,2.3064,50.309,1.5819e+05,-4.7922e+05,-3477.6,3477.6
0.32,0.08,1.8034,49.544,3.0611e+05,-5.7731e+05,-12766,12766
0.32,0.064,2.0008,50.503,2.9832e+05,-6.9037e+05,-17561,17561
0.32,0.048,0.41988,51.383,1.9305e+05,-4.5083e+05,-16496,16496
0.32,0.032,0.5714,52.887,66398,-2.2014e+05,-11019,11019
0.32,0.016,1.5539,56.146,0,0,-3700.2,3700.2
0.336,0.496,-0.52818,47.807,0,0,0,0
0.336,0.48,0.20647,44.279,0,0,0,0
0.336,0.464,0.58442,43.615,NaN,NaN,0,0
0.336,0.448,2.1853,42.305,NaN,NaN,NaN,NaN
0.336,0.432,3.6227,41.02,NaN,NaN,NaN,NaN
0.336,0.416,4.7532,42.485,NaN,NaN,NaN,NaN
0.336,0.4,4.9189,43.818,NaN,NaN,NaN,NaN
0.336,0.384,4.8031,44.941,NaN,NaN,NaN,NaN
0.336,0.368,3.4053,46.38,NaN,NaN,45878,45878
0.336,0.352,1.7199,47.459,NaN,NaN,44500,44500
0.336,0.336,0.62567,50.084,NaN,NaN,43429,43429
0.336,0.32,0.10202,52.918,NaN,NaN,47481,47481
0.336,0.304,-0.11506,55.189,NaN,NaN,64001,64001
0.336,0.288,0.47248,58.083,NaN,NaN,1.0706e+05,1.0706e+05
0.336,0.272,-0.42324,59.377,-3.0784e+05,5.1483e+05,1.3245e+05,1.3245e+05
0.336,0.256,-0.96358,57.477,-5.1745e+05,7.0966e+05,1.5398e+05,1.5398e+05
0.336,0.24,-2.3315,56.239,-6.9453e+05,9.8479e+05,1.5118e+05,1.5118e+05
0.336,0.224,-2.5175,53.193,-9.8304e+05,1.212e+06,1.4285e+05,1.4285e+05
0.336,0.208,-3.3477,51.266,-1.1593e+06,1.196e+06,1.1259e+05,1.1259e+05
0.336,0.192,-3.5222,49.882,-1.264e+06,9.8096e+05,98831,98831
0.336,0.176,-5.0546,50.207,-1.2509e+06,6.6799e+05,99678,99678
0.336,0.16,-4.3409,50.506,-1.0979e+06,3.6912e+05,1.1806e+05,1.1806e+05
0.336,0.144,-3.6343,50.062,-8.6163e+05,3.2143e+05,1.2756e+05,1.2756e+05
0.336,0.128,-2.1859,51.054,-5.7662e+05,4.669e+05,98275,98275
0.336,0.112,-0.53048,52.068,-2.3925e+05,6.8436e+05,60103,60103
0.336,0.096,0.46828,50.797,17011,5.2319e+05,23118,23118
0.336,0.08,1.0807,48.296,2.2641e+05,2.921e+05,5767.1,5767.1
0.336,0.064,1.8755,47.775,2.9935e+05,5884.5,-10944,10944
0.336,0.048,1.5663,48.466,2.3402e+05,16897,-19606,19606
0.336,0.032,1.9363,49.045,1.0735e+05,-12018,-14736,14736
0.336,0.016,1.7955,51.255,0,0,-4451.6,4451.6
0.352,0.496,0.56815,46.121,0,0,0,0
0.352,0.48,1.7616,42.973,0,0,0,0
0.352,0.464,3.1966,42.106,NaN,NaN,0,0
0.352,0.448,4.0796,40.467,NaN,NaN,NaN,NaN
0.352,0.432,4.4942,39.231,NaN,NaN,NaN,NaN
0.352,0.416,6.0367,40.031,NaN,NaN,NaN,NaN
0.352,0.4,5.6003,41.094,NaN,NaN,82067,82067
0.352,0.384,3.8619,42.37,NaN,NaN,78134,78134
0.352,0.368,2.6985,42.727,NaN,NaN,57157,57157
0.352,0.352,1.0865,41.684,5.5397e+05,-7.7263e+05,42531,42531
0.352,0.336,1.0413,41.41,4.6936e+05,-5.871e+05,27689,27689
0.352,0.32,1.7122,43.003,4.6936e+05,-5.871e+05,17443,17443
0.352,0.304,0.87626,45.355,1.4646e+05,-41331,23629,23629
0.352,0.288,0.41112,47.173,-3.6907e+05,4.1409e+05,73756,73756
0.352,0.272,0.30413,47.777,-6.1408e+05,3.1037e+05,1.146e+05,1.146e+05
0.352,0.256,-0.71932,48,-9.6379e+05,1.0717e+05,1.3801e+05,1.3801e+05
0.352,0.24,-1.8177,47.437,-1.0163e+06,11456,1.2976e+05,1.2976e+05
0.352,0.224,-1.8131,45.239,-1.0912e+06,-24883,1.2346e+05,1.2346e+05
0.352,0.208,-1.6106,43.732,-1.078e+06,1.1576e+05,1.0504e+05,1.0504e+05
0.352,0.192,-2.1101,44.067,-1.1246e+06,2.2886e+05,97939,97939
0.352,0.176,-2.2894,43.031,-1.0969e+06,3.6653e+05,1.0787e+05,1.0787e+05
0.352,0.16,-2.2879,43.989,-1.0202e+06,5.1959e+05,1.2369e+05,1.2369e+05
0.352,0.144,-1.8865,45.342,-8.3075e+05,7.5947e+05,1.328e+05,1.328e+05
0.352,0.128,-0.7931,46.115,-6.0116e+05,1.0536e+06,1.0144e+05,1.0144e+05
0.352,0.112,-0.39208,47.465,-3.4123e+05,1.242e+06,75672,75672
0.352,0.096,0.27045,48.343,-1.2931e+05,1.162e+06,56531,56531
0.352,0.08,0.94237,47.049,98924,1.1943e+06,41967,41967
0.352,0.064,2.2961,47.813,2.9895e+05,1.3783e+06,9791.2,9791.2
0.352,0.048,2.6587,49.091,2.7096e+05,1.0994e+06,-12952,12952
0.352,0.032,2.5502,48.858,1.5589e+05,6.2042e+05,-16363,16363
0.352,0.016,3.635,48.672,0,0,-3435.7,3435.7
0.368,0.496,1.3682,41.345,0,0,0,0
0.368,0.48,2.5452,37.632,0,0,0,0
0.368,0.464,3.7024,37.713,NaN,NaN,0,0
0.368,0.448,4.5453,37.215,NaN,NaN,65455,65455
0.368,0.432,5.4588,37.337,NaN,NaN,71894,71894
0.368,0.416,6.792,37.045,NaN,NaN,79651,79651
0.368,0.4,6.0239,37.354,NaN,NaN,73382,73382
0.368,0.384,4.0948,38.378,5.3713e+05,2.8813e+05,62590,62590
0.368,0.368,3.0483,35.913,6.3514e+05,3.8131e+05,44897,44897
0.368,0.352,3.4955,30.629,5.9771e+05,2.2575e+05,35047,35047
0.368,0.336,3.6445,28.388,5.3115e+05,2.035e+05,24695,24695
0.368,0.32,2.7332,32.597,4.3663e+05,3.4664e+05,15959,15959
0.368,0.304,2.0255,38.194,1.2839e+05,5.7502e+05,18602,18602
0.368,0.288,1.2102,40.34,-2.3903e+05,7.2978e+05,53213,53213
0.368,0.272,-0.071798,41.848,-5.3499e+05,3.3442e+05,91687,91687
0.368,0.256,-2.5123,39.198,-8.2869e+05,-3.5821e+05,1.1579e+05,1.1579e+05
0.368,0.24,-3.5689,34.703,-9.9239e+05,-1.2614e+06,1.0948e+05,1.0948e+05
0.368,0.224,-3.5282,31.04,-1.1721e+06,-2.2424e+06,1.0849e+05,1.0849e+05
0.368,0.208,-3.0425,32.398,-1.1586e+06,-2.3049e+06,1.0543e+05,1.0543e+05
0.368,0.192,-2.2427,34.754,-1.068e+06,-1.6989e+06,1.0116e+05,1.0116e+05
0.368,0.176,-1.1311,37.123,-8.9436e+05,-7.2253e+05,1.163e+05,1.163e+05
0.368,0.16,-1.6227,37.699,-7.4559e+05,92743,1.2317e+05,1.2317e+05
0.368,0.144,-0.98776,37.703,-5.4587e+05,7.9811e+05,1.2936e+05,1.2936e+05
0.368,0.128,0.87258,38.496,-3.2963e+05,1.3576e+06,97704,97704
0.368,0.112,0.87276,40.966,-1.5305e+05,1.7293e+06,84883,84883
0.368,0.096,0.18046,42.971,18380,2.0849e+06,82234,82234
0.368,0.08,1.3468,42.739,2.9058e+05,2.6772e+06,74107,74107
0.368,0.064,2.6821,45.035,6.2716e+05,3.3836e+06,39684,39684
0.368,0.048,3.7389,48.127,5.3626e+05,2.529e+06,5902.5,5902.5
0.368,0.032,5.8829,49.448,3.0823e+05,1.3949e+06,-8920.7,8920.7
0.368,0.016,7.6749,47.953,0,0,-1794.8,1794.8
0.384,0.496,-0.10797,31.727,0,0,0,0
0.384,0.48,0.26386,30.762,0,0,0,0
0.384,0.464,2.0087,31.511,NaN,NaN,27959,27959
0.384,0.448,3.5738,31.257,NaN,NaN,60000,60000
0.384,0.432,4.6261,30.937,2.3028e+05,-1.6124e+06,55808,55808
0.384,0.416,4.3783,28.373,1.2025e+05,-1.27e+06,48459,48459
0.384,0.4,4.6026,26.902,63959,-1.0543e+06,52446,52446
0.384,0.384,4.45,26.529,1.2994e+05,-2.34e+05,48286,48286
0.384,0.368,3.3258,24.615,2.1993e+05,2.7943e+05,35968,35968
0.384,0.352,3.5614,22.611,2.8946e+05,5.0066e+05,25850,25850
0.384,0.336,3.241,20.302,3.1048e+05,5.6566e+05,19423,19423
0.384,0.32,2.6412,25.213,3.2119e+05,9.3571e+05,15579,15579
0.384,0.304,2.3882,28.766,1.8572e+05,1.2688e+06,12188,12188
0.384,0.288,1.572,29.309,-60305,1.3304e+06,32910,32910
0.384,0.272,1.2145,25.429,-3.8234e+05,4.9093e+05,48570,48570
0.384,0.256,0.49167,18.561,-6.8421e+05,-7.8679e+05,74248,74248
0.384,0.24,-2.1729,15.865,-8.581e+05,-2.2476e+06,76546,76546
0.384,0.224,-5.5003,15.818,-8.8612e+05,-3.4244e+06,99111,99111
0.384,0.208,-8.505,14.737,-7.9344e+05,-3.2107e+06,1.0256e+05,1.0256e+05
0.384,0.192,-3.9818,19.935,-6.6849e+05,-2.1226e+06,1.032e+05,1.032e+05
0.384,0.176,-1.9773,22.545,-4.5015e+05,-5.879e+05,1.1427e+05,1.1427e+05
0.384,0.16,-0.98062,26.561,-1.8341e+05,5.6687e+05,1.2382e+05,1.2382e+05
0.384,0.144,0.69294,30.651,-62640,1.4229e+06,1.3549e+05,1.3549e+05
0.384,0.128,1.5645,33.117,1.1898e+05,2.1161e+06,1.0296e+05,1.0296e+05
0.384,0.112,1.0154,34.843,1.2781e+05,2.2475e+06,85282,85282
0.384,0.096,1.0373,35.07,2.7473e+05,2.3479e+06,74705,74705
0.384,0.08,2.9338,34.102,3.6492e+05,2.5113e+06,79735,79735
0.384,0.064,4.6528,36.285,7.8027e+05,3.6193e+06,59259,59259
0.384,0.048,5.4009,40.294,6.6734e+05,2.7989e+06,28425,28425
0.384,0.032,8.0845,39.257,4.5887e+05,1.7911e+06,3701,3701
0.384,0.016,7.6553,34.125,0,0,622.66,622.66
0.4,0.496,1.5635,21.925,0,0,0,0
0.4,0.48,-0.93905,23.232,0,0,0,0
0.4,0.464,-0.78526,20.759,NaN,NaN,22443,22443
0.4,0.448,-0.30754,18.477,-3.6082e+05,-6.8539e+05,38048,38048
0.4,0.432,0.45482,13.293,-1.0893e+05,-9.5475e+05,37730,37730
0.4,0.416,1.0993,10.103,-89789,-7.8282e+05,36450,36450
0.4,0.4,1.4395,8.0161,-56310,-5.9439e+05,36469,36469
0.4,0.384,0.80142,8.5957,-23259,-9911.2,30633,30633
0.4,0.368,1.633,13.905,74746,2.709e+05,20007,20007
0.4,0.352,0.80484,15.41,1.9579e+05,6.3309e+05,17803,17803
0.4,0.336,0.47888,15.504,4.0774e+05,9.4689e+05,25098,25098
0.4,0.32,1.856,13.037,5.8234e+05,1.6006e+06,34775,34775
0.4,0.304,3.1128,18.884,5.1424e+05,1.9603e+06,35725,35725
0.4,0.288,2.0694,21.275,1.6665e+05,1.7278e+06,33454,33454
0.4,0.272,1.6656,17.611,-2.8135e+05,5.0132e+05,24004,24004
0.4,0.256,0.39599,11.824,-5.2817e+05,-1.0923e+06,31030,31030
0.4,0.24,-1.3598,6.6135,-6.0404e+05,-2.366e+06,52027,52027
0.4,0.224,-3.3859,4.5994,-5.7622e+05,-3.1146e+06,88037,88037
0.4,0.208,-4.1497,5.1332,-4.6145e+05,-2.7362e+06,1.0678e+05,1.0678e+05
0.4,0.192,-2.487,10.071,-2.5405e+05,-1.8369e+06,1.0742e+05,1.0742e+05
0.4,0.176,-1.9188,12.458,8600.9,-5.0814e+05,1.3312e+05,1.3312e+05
0.4,0.16,0.39472,13.083,3.2669e+05,4.7807e+05,1.4894e+05,1.4894e+05
0.4,0.144,2.6833,19.193,4.4326e+05,1.3101e+06,1.7826e+05,1.7826e+05
0.4,0.128,-0.042644,26.574,6.3299e+05,2.0452e+06,1.1946e+05,1.1946e+05
0.4,0.112,3.0462,26.874,6.6719e+05,2.4396e+06,77285,77285
0.4,0.096,1.2488,18.411,4.8826e+05,2.5423e+06,32964,32964
0.4,0.08,3.2542,14.867,6.1624e+05,2.8847e+06,47163,47163
0.4,0.064,3.6179,15.125,9.5525e+05,3.9094e+06,51602,51602
0.4,0.048,5.6445,32.507,9.9848e+05,3.1213e+06,37031,37031
0.4,0.032,3.3698,39.71,5.9273e+05,1.9046e+06,14948,14948
0.4,0.016,2.9644,40.742,0,0,3663.5,3663.5
0.416,0.496,1.258,14.838,0,0,796.9,796.9
0.416,0.48,0.98699,15.112,0,0,1690.1,1690.1
0.416,0.464,1.1801,12.83,NaN,NaN,17586,17586
0.416,0.448,3.1051,10.939,-1.1556e+05,-3.7288e+05,18327,18327
0.416,0.432,3.1177,6.6153,-73372,-6.1485e+05,17271,17271
0.416,0.416,2.2409,4.8221,-57855,-5.1385e+05,10557,10557
0.416,0.4,1.191,2.0221,-80266,-3.47e+05,14052,14052
0.416,0.384,0.62078,3.9593,-1.3461e+05,79991,14157,14157
0.416,0.368,-0.69313,6.6428,-1.2212e+05,3.1765e+05,10969,10969
0.416,0.352,0.23354,4.5647,93515,7.1253e+05,10196,10196
0.416,0.336,3.1233,8.5724,5.0241e+05,1.0736e+06,18339,18339
0.416,0.32,6.494,12.635,8.2219e+05,1.7965e+06,30247,30247
0.416,0.304,6.7433,15.863,6.9624e+05,2.1092e+06,30937,30937
0.416,0.288,2.0858,18.168,1.1557e+05,1.6451e+06,23532,23532
0.416,0.272,-0.94596,14.512,-4.1831e+05,2.1502e+05,4402.6,4402.6
0.416,0.256,-3.1024,9.0672,-5.9781e+05,-1.1294e+06,1599.7,1599.7
0.416,0.24,-3.3125,6.2256,-4.6145e+05,-1.6692e+06,19804,19804
0.416,0.224,-3.4875,4.1107,-2.4184e+05,-1.4417e+06,57115,57115
0.416,0.208,-3.0748,4.0747,-63836,-9.1126e+05,87120,87120
0.416,0.192,-2.0871,5.3538,1.5758e+05,-3.9227e+05,97036,97036
0.416,0.176,0.70631,7.4994,3.813e+05,1.9409e+05,1.6401e+05,1.6401e+05
0.416,0.16,0.40353,8.5957,6.734e+05,7.1042e+05,2.2427e+05,2.2427e+05
0.416,0.144,1.778,10.934,7.9918e+05,1.3533e+06,2.5582e+05,2.5582e+05
0.416,0.128,3.0521,14.827,8.2512e+05,2.1823e+06,1.536e+05,1.536e+05
0.416,0.112,4.2841,16.151,9.2678e+05,2.8284e+06,53823,53823
0.416,0.096,5.6982,22.868,1.7486e+06,2.6083e+06,-5896,5896
0.416,0.08,4.6673,7.7551,2.9417e+06,1.7062e+06,13135,13135
0.416,0.064,7.9794,32.87,3.1676e+06,2.4913e+06,34259,34259
0.416,0.048,5.2665,34.838,2.1033e+06,1.9317e+06,35796,35796
0.416,0.032,3.6561,37.87,6.5886e+05,1.9597e+06,19465,19465
0.416,0.016,1.5187,38.126,0,0,5869.4,5869.4
0.432,0.496,1.2025,8.8467,0,0,1593.8,1593.8
0.432,0.48,2.7874,9.1875,0,0,2977.9,2977.9
0.432,0.464,4.7334,9.9182,64991,5.9442e+05,3140.5,3140.5
0.432,0.448,5.1346,9.9217,79122,29952,2725,2725
0.432,0.432,3.6482,6.912,98517,-1.5217e+05,2653.3,2653.3
0.432,0.416,3.4348,3.3496,1.1918e+05,-2.8112e+05,5126.7,5126.7
0.432,0.4,2.2782,0.17774,6592.8,-1.0193e+05,6020.4,6020.4
0.432,0.384,0.45979,3.0667,-1.0594e+05,1.8294e+05,6262,6262
0.432,0.368,-0.72043,4.692,-1.1448e+05,3.4242e+05,4868.8,4868.8
0.432,0.352,0.57594,5.4545,2.1842e+05,5.2111e+05,5683.5,5683.5
0.432,0.336,4.6848,9.8891,6.8629e+05,8.4664e+05,9103.7,9103.7
0.432,0.32,6.8486,10.501,1.0361e+06,1.3567e+06,12360,12360
0.432,0.304,5.4838,11.65,7.4732e+05,1.4991e+06,12212,12212
0.432,0.288,1.1182,11.826,24325,8.6839e+05,6006.1,6006.1
0.432,0.272,-1.9016,8.3772,-5.2555e+05,-1.8099e+05,4637.2,4637.2
0.432,0.256,-2.4815,6.3874,-6.0631e+05,-1.0092e+06,-8735.3,8735.3
0.432,0.24,-2.5368,6.9261,-3.7135e+05,-1.0066e+06,8666.4,8666.4
0.432,0.224,-3.8057,7.9818,-2.0283e+05,-5.5952e+05,30401,30401
0.432,0.208,-3.6149,6.8899,17685,-2.5276e+05,72722,72722
0.432,0.192,-2.1518,4.6012,1.9803e+05,-87523,89223,89223
0.432,0.176,-0.76845,3.4011,2.459e+05,1.8701e+05,1.8906e+05,1.8906e+05
0.432,0.16,1.7863,6.4341,-5.4901e+06,1.4341e+07,2.7508e+05,2.7508e+05
0.432,0.144,11.374,-3.4017,-6.2418e+06,1.6755e+07,3.1947e+05,3.1947e+05
0.432,0.128,13.384,-3.2125,-7.2176e+06,1.9853e+07,1.8329e+05,1.8329e+05
0.432,0.112,-0.93034,13.111,8.7276e+05,2.6033e+06,56872,56872
0.432,0.096,3.9645,34.288,2.2688e+06,2.8651e+06,-23970,23970
0.432,0.08,11.361,33.655,4.2702e+06,2.0934e+06,-4897.4,4897.4
0.432,0.064,13.58,27.768,4.4121e+06,2.6669e+06,13474,13474
0.432,0.048,7.8919,40.905,2.438e+06,1.6761e+06,23575,23575
0.432,0.032,6.839,40.191,5.1903e+05,1.5406e+06,15994,15994
0.432,0.016,-28.851,46.308,0,0,6290.5,6290.5
0.448,0.496,1.0952,6.066,0,0,2091.9,2091.9
0.448,0.48,1.2812,6.6277,-1.681e+05,8236.2,3755,3755
0.448,0.464,2.188,7.2439,-2.8447e+05,1.7027e+05,3682.5,3682.5
0.448,0.448,3.5294,6.8393,-58086,1.0411e+05,1735.5,1735.5
0.448,0.432,4.1518,4.3161,13932,38704,128.81,128.81
0.448,0.416,3.8005,1.5174,66073,-38487,1613.5,1613.5
0.448,0.4,2.6398,0.22555,-57668,42501,1854.6,1854.6
0.448,0.384,-0.59744,2.109,1462.4,1.3709e+05,1281,1281
0.448,0.368,-0.67251,3.233,69810,2.2845e+05,-170.72,170.72
0.448,0.352,0.76504,4.6488,3.0965e+05,3.5381e+05,-649.78,649.78
0.448,0.336,4.963,2.8054,5.4394e+05,5.7038e+05,-2257.1,2257.1
0.448,0.32,5.4202,4.7513,7.7905e+05,8.3004e+05,-5408.5,5408.5
0.448,0.304,5.2974,4.4321,5.4793e+05,7.5447e+05,-9287,9287
0.448,0.288,1.7595,4.3558,38129,2.5748e+05,-5106.2,5106.2
0.448,0.272,-1.8755,3.8624,-4.6836e+05,-3.3244e+05,4064.8,4064.8
0.448,0.256,-0.35203,4.0807,-5.6532e+05,-8.0807e+05,1766.8,1766.8
0.448,0.24,-2.9872,5.3324,-4.391e+05,-7.2481e+05,12148,12148
0.448,0.224,-2.8214,7.6467,5.3875e+05,-2.751e+05,28352,28352
0.448,0.208,-2.4311,7.0378,1.1639e+06,-3.4782e+05,64976,64976
0.448,0.192,-1.3263,5.3751,1.4303e+06,-2.6427e+05,88592,88592
0.448,0.176,0.057457,2.4431,77870,-1.3088e+06,1.779e+05,1.779e+05
0.448,0.16,1.0674,3.7233,-8.3027e+06,1.7449e+07,2.6613e+05,2.6613e+05
0.448,0.144,8.1028,-1.5599,-9.9844e+06,2.1209e+07,2.9092e+05,2.9092e+05
0.448,0.128,-0.94142,8.9514,-1.0247e+07,2.7376e+07,1.6582e+05,1.6582e+05
0.448,0.112,12.113,-6.143,1.4197e+06,3.8287e+05,38992,38992
0.448,0.096,16.876,19.298,3.5995e+06,7.2704e+05,-19039,19039
0.448,0.08,23.226,41.839,5.8495e+06,3.0124e+05,3484.5,3484.5
0.448,0.064,21.372,56.776,5.3116e+06,6.5202e+05,19757,19757
0.448,0.048,18.42,50.158,1.7517e+06,-46425,22359,22359
0.448,0.032,7.8024,36.279,-34879,6.6622e+05,13450,13450
0.448,0.016,-16.39,13.973,0,0,5423.4,5423.4
0.464,0.496,2.5967,7.0925,0,0,1435.8,1435.8
0.464,0.48,2.9044,4.0352,-1.681e+05,8236.2,2598.4,2598.4
0.464,0.464,1.1786,3.9111,-2.8447e+05,1.7027e+05,2580.3,2580.3
0.464,0.448,0.57565,2.9805,29706,85763,1202.2,1202.2
0.464,0.432,0.6873,2.3444,26761,1.6269e+05,-59.107,59.107
0.464,0.416,-1.6781,5.7907,56862,1.2097e+05,762.35,762.35
0.464,0.4,-0.22319,6.1797,-1.845e+05,1.7787e+05,457.24,457.24
0.464,0.384,-0.11108,3.5735,-11504,75033,-246.42,246.42
0.464,0.368,0.76435,2.8453,1.0773e+05,72607,-2015.2,2015.2
0.464,0.352,2.956,2.4871,2.8972e+05,12721,-2471,2471
0.464,0.336,1.4012,2.3357,3.0821e+05,1.6179e+05,-3828.4,3828.4
0.464,0.32,1.2668,-0.14534,3.2668e+05,2.3703e+05,-7646.4,7646.4
0.464,0.304,2.7553,0.65871,2.561e+05,2.7451e+05,-9561.6,9561.6
0.464,0.288,1.7575,0.80024,-1.9172e+05,28853,-6353.2,6353.2
0.464,0.272,-0.35018,0.31044,-7.4282e+05,-4.4985e+05,4429.8,4429.8
0.464,0.256,-2.6149,6.1189,-9.6509e+05,-7.797e+05,8533.8,8533.8
0.464,0.24,-6.2811,6.0532,-2.3114e+06,-1.4864e+06,24539,24539
0.464,0.224,-6.0762,5.1264,-1.0853e+06,-9.6174e+05,40699,40699
0.464,0.208,2.3098,2.0275,-1.1957e+06,-1.8267e+06,59747,59747
0.464,0.192,1.9445,1.4271,6.362e+05,-1.2986e+06,72779,72779
0.464,0.176,18.022,-24.586,-1.2884e+06,-2.7146e+06,1.1501e+05,1.1501e+05
0.464,0.16,-12.218,-15.255,-1.2701e+07,2.6247e+07,1.6171e+05,1.6171e+05
0.464,0.144,90.909,-113.6,-1.2659e+07,2.649e+07,1.8026e+05,1.8026e+05
0.464,0.128,-236.77,214.52,-1.0243e+07,2.7052e+07,1.0703e+05,1.0703e+05
0.464,0.112,1.4081,0.54131,1.1498e+06,-1.0395e+06,41667,41667
0.464,0.096,2.6074,-1.1936,3.4037e+06,-2.64e+05,2365.3,2365.3
0.464,0.08,48.578,44.704,3.8712e+06,1.0524e+06,21884,21884
0.464,0.064,40.981,272.52,2.3615e+06,3.1995e+06,27172,27172
0.464,0.048,-8.0067,11.154,-8.0446e+05,9.1112e+05,22214,22214
0.464,0.032,15.32,4.1982,-5.0279e+05,5.6945e+05,11537,11537
0.464,0.016,-7.7206,5.8807,0,0,4385,4385
0.48,0.496,-8.6912,13.886,0,0,638.91,638.91
0.48,0.48,9.6259,1.7688,-1.1206e+05,5490.8,1229.4,1229.4
0.48,0.464,5.3735,3.7189,-1.8368e+05,-16722,879.26,879.26
0.48,0.448,3.9027,2.797,-52767,-50142,-5.1212,5.1212
0.48,0.432,2.1105,3.3325,-1.3408e+05,1.131e+05,-1303.8,1303.8
0.48,0.416,-0.31793,7.1973,-1.4047e+05,2.2756e+05,-770.32,770.32
0.48,0.4,-0.12073,6.0717,-2.9268e+05,2.8423e+05,-1346.2,1346.2
0.48,0.384,-3.544,5.2279,-38247,1.081e+05,-2085,2085
0.48,0.368,-1.5705,2.9251,1.1905e+05,-22672,-3671.3,3671.3
0.48,0.352,2.1889,0.49493,2.0533e+05,-84925,-3973.1,3973.1
0.48,0.336,1.6044,0.24432,1.4344e+05,-986.08,-4912.8,4912.8
0.48,0.32,0.10454,1.2022,69821,37693,-5976.2,5976.2
0.48,0.304,-2.0656,-0.68482,1.1127e+05,76272,-6280.3,6280.3
0.48,0.288,-0.50387,1.296,-1.7967e+05,28365,-3755,3755
0.48,0.272,-5.8868,8.4492,-6.3515e+05,-3.4187e+05,602.11,602.11
0.48,0.256,-15.319,-5.9314,-8.8512e+05,-5.6545e+05,5648.3,5648.3
0.48,0.24,-47.786,51.079,-2.3021e+06,-1.4166e+06,17083,17083
0.48,0.224,-71.575,-21.447,-1.0603e+06,-9.2969e+05,32097,32097
0.48,0.208,-21.674,-36.158,-1.2294e+06,-1.7964e+06,40246,40246
0.48,0.192,-37.471,17.686,6.2692e+05,-1.2649e+06,49318,49318
0.48,0.176,-30.909,54.722,-1.1338e+06,-2.9343e+06,57973,57973
0.48,0.16,-204.44,136.38,-8.3824e+05,-2.0814e+06,75390,75390
0.48,0.144,79.641,-178.99,-8.3824e+05,-2.0814e+06,70475,70475
0.48,0.128,20.114,-22.159,1.081e+06,-8.9543e+05,43623,43623
0.48,0.112,1.5223,0.5653,8.4452e+05,-9.09e+05,22951,22951
0.48,0.096,1.9188,0.067384,2.1273e+06,-1.65e+05,21350,21350
0.48,0.08,1.2591,20.346,1.9356e+06,5.262e+05,36539,36539
0.48,0.064,305.7,376.32,1.1808e+06,1.5998e+06,36297,36297
0.48,0.048,-3.237,29.422,-5.7462e+05,6.508e+05,26147,26147
0.48,0.032,-0.89889,13.41,-4.4692e+05,5.0618e+05,12251,12251
0.48,0.016,0.9864,-0.63704,0,0,3979.1,3979.1
0.496,0.496,-142.25,-90.289,0,0,141.08,141.08
0.496,0.48,-45.831,-13.454,0,0,109.62,109.62
0.496,0.464,-11.358,1.2775,0,0,-75.638,75.638
0.496,0.448,-8.32,7.4079,93778,-24350,-512.93,512.93
0.496,0.432,-4.1163,8.0955,7822.3,97731,-1354,1354
0.496,0.416,-57.511,66.571,-10755,1.376e+05,-1395.6,1395.6
0.496,0.4,8.1499,-6.9053,-1.6956e+05,1.8462e+05,-1912,1912
0.496,0.384,27.755,14.094,-69807,57656,-2101.6,2101.6
0.496,0.368,7.5629,-2.7951,-9500.1,5741.8,-2968.6,2968.6
0.496,0.352,0.35199,-0.57035,81902,-75475,-3370.8,3370.8
0.496,0.336,0.45237,3.3674,49722,-38343,-3264.6,3264.6
0.496,0.32,9.0895,28.333,-74250,-74084,-3217.2,3217.2
0.496,0.304,-0.13547,3.939,-71039,-2438.3,-2721.2,2721.2
0.496,0.288,-4.6878,5.8657,-3.3171e+05,2006.9,-2954.5,2954.5
0.496,0.272,-12.008,12.437,-5.5461e+05,-2.8155e+05,-2517.5,2517.5
0.496,0.256,-46.423,31.401,-6.3377e+05,-3.3757e+05,-788.51,788.51
0.496,0.24,-36.373,66.748,-1.9696e+06,-1.1181e+06,4916.9,4916.9
0.496,0.224,-88.441,-182.26,-1.8598e+06,-8.6574e+05,13650,13650
0.496,0.208,-86.097,62.202,-2.5162e+06,-1.5531e+06,15157,15157
0.496,0.192,-89.497,-11.412,-1.0159e+06,-9.0926e+05,16283,16283
0.496,0.176,-168.58,110.45,-1.0159e+06,-9.0926e+05,9785.6,9785.6
0.496,0.16,-73.669,159.78,0,0,12601,12601
0.496,0.144,305.22,-708.22,0,0,11085,11085
0.496,0.128,-0.58497,3.0447,-32141,76341,13037,13037
0.496,0.112,-0.56262,0.016379,18819,43976,20523,20523
0.496,0.096,-0.61357,-0.66977,1.2508e+06,5.9943e+05,25532,25532
0.496,0.08,-7.6585,31.098,1.4353e+06,6.0756e+05,31324,31324
0.496,0.064,-50.163,311.07,1.2166e+06,1.4043e+06,24097,24097
0.496,0.048,30.284,64.335,-1.7177e+05,7.7395e+05,17453,17453
0.496,0.032,-159.96,-132.43,-1.5269e+05,6.8796e+05,8083.1,8083.1
0.496,0.016,-29.536,67.426,0,0,2491.5,2491.5
