0.016,0.496,-1.4203,-3.4952,13130,-5232.9,223.44,223.44
0.016,0.48,0.30573,-0.054186,13027,-7343.7,214.23,214.23
0.016,0.464,3.2538,-0.44278,10081,-6638.9,-77.533,77.533
0.016,0.448,-0.14056,-0.49536,-5490.6,-1063.7,-1206,1206
0.016,0.432,1.3859,0.007898,-24866,-3013.9,-3332.8,3332.8
0.016,0.416,4.5529,-0.092349,-38244,-892.09,-8178.9,8178.9
0.016,0.4,3.0738,-1.4843,-39890,1211.9,-12666,12666
0.016,0.384,5.1256,-0.8235,-20655,4585.2,-17501,17501
0.016,0.368,6.2418,-0.63202,-10408,207.24,-16996,16996
0.016,0.352,3.0474,0.40226,-19690,-3159,-15696,15696
0.016,0.336,5.0198,1.9594,-28509,-1357,-14151,14151
0.016,0.32,3.4213,-0.23815,-22220,-1064.1,-12100,12100
0.016,0.304,0.5852,0.256,-12767,1259.4,-5038.4,5038.4
0.016,0.288,1.0487,-1.0094,-6845,5352.6,3910.3,3910.3
0.016,0.272,1.4895,-2.2425,-8032.2,10092,9758.7,9758.7
0.016,0.256,-0.034698,1.062,-4141,7388.8,7019.7,7019.7
0.016,0.24,2.7552,0.8413,462.79,-5076.3,3763,3763
0.016,0.224,7.5328,0.34751,10675,-28393,774.55,774.55
0.016,0.208,5.2131,-0.29184,16050,-33295,820.07,820.07
0.016,0.192,0.93566,-0.0097191,29671,-32959,714.54,714.54
0.016,0.176,-0.92468,-0.57486,31753,-19532,525.54,525.54
0.016,0.16,-1.2176,-0.27002,30073,-10664,278.89,278.89
0.016,0.144,-1.1665,0.60165,16148,-5051,44.653,44.653
0.016,0.128,2.354,-2.0554,6593.4,958.45,-554.39,554.39
0.016,0.112,5.8146,0.067923,-2407.1,-734.56,-340.23,340.23
0.016,0.096,-0.0021764,0.10707,-12967,-10840,818.04,818.04
0.016,0.08,-0.074584,0.51438,-12832,11932,2878.3,2878.3
0.016,0.064,-1.7694,0.52586,-5416.9,12115,3453.3,3453.3
0.016,0.048,-1.5882,0.24072,3982.4,23528,2701.1,2701.1
0.016,0.032,2.1013,0.35786,2083.3,1156.4,1143,1143
0.016,0.016,2.6545,-0.041693,0,0,340.41,340.41
0.032,0.496,0.74082,0.53647,-3151.2,-11129,199.93,199.93
0.032,0.48,1.099,0.92394,-6323.5,-19550,548.19,548.19
0.032,0.464,-0.011971,-0.49055,-11919,-13923,1006.4,1006.4
0.032,0.448,-0.10528,0.19619,-12554,50.487,1348.3,1348.3
0.032,0.432,-0.36485,0.20485,-26601,4156.6,1266.7,1266.7
0.032,0.416,-0.546,-0.59653,-43790,-1737.9,1347.7,1347.7
0.032,0.4,-0.6188,-0.25654,-79167,-19026,1538.4,1538.4
0.032,0.384,-0.19157,0.29335,-67747,-14483,2082.1,2082.1
0.032,0.368,-0.0066051,-0.055332,-55136,-20011,1952,1952
0.032,0.352,-0.17391,0.042162,-38216,-3360.2,1733.1,1733.1
0.032,0.336,-0.48538,0.38025,-53411,-1716,1392.4,1392.4
0.032,0.32,-0.33092,-0.13355,-38830,-20796,1553.5,1553.5
0.032,0.304,-0.048147,-0.41219,-23601,-28030,1903.7,1903.7
0.032,0.288,-0.37127,-0.29186,-7622.6,-31624,2662.5,2662.5
0.032,0.272,-0.26069,-0.21042,-20991,12079,2542.1,2542.1
0.032,0.256,-0.14195,0.15442,-15361,1704.8,1821,1821
0.032,0.24,-0.24641,0.45826,-2932.7,-14385,726.42,726.42
0.032,0.224,0.4916,0.076049,-9756,-5728.8,304.12,304.12
0.032,0.208,0.72983,0.012659,-25410,23305,77.827,77.827
0.032,0.192,0.41857,0.66346,-39568,43142,-422.55,422.55
0.032,0.176,0.58393,0.9534,-34097,11795,-858.53,858.53
0.032,0.16,0.39839,0.75006,-24375,838.04,-1093,1093
0.032,0.144,-0.15287,1.0822,-20302,-6984.6,-964.61,964.61
0.032,0.128,0.048202,-0.49182,-23701,-8041.3,-711.59,711.59
0.032,0.112,0.062621,-0.045733,-29362,-21531,-340.6,340.6
0.032,0.096,-0.12811,0.41723,-32544,-29567,-19.144,19.144
0.032,0.08,-0.86311,-0.3414,-24535,40196,470.63,470.63
0.032,0.064,-0.31186,1.7638,-5586.8,42934,671.18,671.18
0.032,0.048,-0.6493,0.47666,267.47,56768,531.91,531.91
0.032,0.032,0.25973,0.67298,5971.9,-8074.3,150.61,150.61
0.032,0.016,-0.091711,-6.1635,0,0,-9.021,9.021
0.048,0.496,1.5448,1.9821,-6694,-5518.3,327.37,327.37
0.048,0.48,0.012197,1.5758,52416,-70756,1194.9,1194.9
0.048,0.464,-0.75049,-0.71221,70256,-98215,2474.7,2474.7
0.048,0.448,-0.72024,0.54607,75213,-91030,3653.8,3653.8
0.048,0.432,-0.69506,0.48546,-1660.9,-30001,4238.7,4238.7
0.048,0.416,-0.093348,-0.2953,-50590,-3593.4,4773.6,4773.6
0.048,0.4,-1.4251,-0.78791,-57795,-51177,5398.1,5398.1
0.048,0.384,-1.8757,-0.83793,-65458,-24298,5468.6,5468.6
0.048,0.368,-0.041759,-0.23309,-47731,-43333,4880.6,4880.6
0.048,0.352,0.30889,0.35595,-5437.1,-24430,4122.4,4122.4
0.048,0.336,0.71274,1.0134,10300,-48441,4099.5,4099.5
0.048,0.32,0.36039,1.2131,10261,-30985,4702.1,4702.1
0.048,0.304,0.81806,0.54551,-22688,23219,5705.4,5705.4
0.048,0.288,-0.64417,-0.54392,-42149,26409,8490,8490
0.048,0.272,-0.53487,0.14914,-62799,1.2751e+05,10580,10580
0.048,0.256,-0.95391,1.6666,-1.0028e+05,1.8329e+05,8074.4,8074.4
0.048,0.24,-0.72169,0.93313,-94698,2.3265e+05,3170.5,3170.5
0.048,0.224,-0.085717,0.5696,-75306,1.8547e+05,-1585.6,1585.6
0.048,0.208,-1.1086,2.9086,-1.0957e+05,1.4894e+05,-2846.1,2846.1
0.048,0.192,-1.3725,2.6586,-2.143e+05,1.4997e+05,-4053.4,4053.4
0.048,0.176,-1.6918,2.112,-2.9414e+05,65721,-4798.3,4798.3
0.048,0.16,-1.7301,1.4786,-2.3063e+05,38696,-4475.5,4475.5
0.048,0.144,-1.2727,1.0804,-1.091e+05,-17989,-3100.9,3100.9
0.048,0.128,-0.78984,0.92247,-30052,12139,-1852.9,1852.9
0.048,0.112,-1.4657,-0.39327,-32122,-14960,-857.43,857.43
0.048,0.096,-0.98074,-0.90992,-30740,-16531,-355.27,355.27
0.048,0.08,-0.48587,-0.25936,-1386.9,1.1841e+05,402.16,402.16
0.048,0.064,-1.0999,2.2585,9957.2,97380,678.15,678.15
0.048,0.048,-0.25593,0.85129,15347,1.034e+05,472.88,472.88
0.048,0.032,0.4143,0.86284,1447.8,-28710,9.8875,9.8875
0.048,0.016,0.45191,-6.7865,0,0,-115.95,115.95
0.064,0.496,2.4418,0.90728,-20110,-17186,486.64,486.64
0.064,0.48,3.7094,1.2076,32039,-1.1097e+05,1873,1873
0.064,0.464,5.5316,0.32931,67990,-1.7401e+05,5068.2,5068.2
0.064,0.448,3.3524,0.44069,84246,-1.5681e+05,9220.2,9220.2
0.064,0.432,-0.2158,0.023581,24262,-66333,12967,12967
0.064,0.416,-0.57316,0.23433,-18661,-58753,15799,15799
0.064,0.4,-1.2895,-0.64626,-10312,-1.0912e+05,15633,15633
0.064,0.384,2.3056,0.12545,-26440,-90408,14330,14330
0.064,0.368,1.2042,1.8093,-38676,-61460,11767,11767
0.064,0.352,0.40323,1.0839,8145.7,-22572,11247,11247
0.064,0.336,2.3394,0.88263,6284.7,-45081,11963,11963
0.064,0.32,1.0578,1.2065,18263,-13726,13822,13822
0.064,0.304,0.010407,2.5039,-54528,1.3461e+05,16044,16044
0.064,0.288,0.54257,3.8585,-1.1585e+05,2.8806e+05,22154,22154
0.064,0.272,-0.95904,3.3603,-2.1529e+05,5.3727e+05,27665,27665
0.064,0.256,-1.7835,5.1697,-3.1866e+05,6.2866e+05,27780,27780
0.064,0.24,-2.2916,6.0281,-3.4645e+05,6.7517e+05,14964,14964
0.064,0.224,-2.5271,5.9916,-3.3865e+05,6.2549e+05,923.49,923.49
0.064,0.208,-1.6552,5.3806,-3.5557e+05,5.1735e+05,-9421.2,9421.2
0.064,0.192,-3.4255,3.9927,-4.7659e+05,4.3549e+05,-11590,11590
0.064,0.176,-5.617,3.579,-4.9197e+05,2.04e+05,-11692,11692
0.064,0.16,-4.786,-0.022047,-3.813e+05,13248,-10587,10587
0.064,0.144,-2.1218,2.3552,-1.6098e+05,-61883,-7216.6,7216.6
0.064,0.128,-1.5005,1.5487,-66624,-36825,-4482,4482
0.064,0.112,-0.72498,0.50992,-43123,37667,-1702.1,1702.1
0.064,0.096,-0.76037,0.012253,-25570,-39620,-846.5,846.5
0.064,0.08,-0.38045,0.82135,7190.3,1.7076e+05,82.3,82.3
0.064,0.064,0.55218,3.4046,20944,1.1307e+05,471.42,471.42
0.064,0.048,0.062407,0.95852,19009,1.5449e+05,324.12,324.12
0.064,0.032,-0.22794,1.622,6149,-53822,-91.294,91.294
0.064,0.016,0.52135,-3.8415,0,0,-187.97,187.97
0.08,0.496,4.6056,0.088175,-4308.3,-12701,811.51,811.51
0.08,0.48,3.3666,1.4202,14772,-97799,2595.9,2595.9
0.08,0.464,3.1272,2.1737,35008,-2.1366e+05,6806.2,6806.2
0.08,0.448,2.7423,1.5571,4.2744e+05,-7.8304e+05,13955,13955
0.08,0.432,0.21334,1.3534,2.9314e+05,-6.4679e+05,22018,22018
0.08,0.416,-1.05,0.73786,2.8225e+05,-6.2298e+05,27476,27476
0.08,0.4,0.53581,-1.2077,-97737,-4044.8,27030,27030
0.08,0.384,0.57045,1.7162,21923,-86780,23376,23376
0.08,0.368,0.75708,1.8558,11643,-41789,19765,19765
0.08,0.352,-0.45614,1.4755,49224,-52007,19547,19547
0.08,0.336,-0.312,2.4735,20721,-11063,21889,21889
0.08,0.32,-1.1683,1.4916,1112.6,49900,25632,25632
0.08,0.304,-0.4585,2.2575,-97278,3.2927e+05,29323,29323
0.08,0.288,-1.2198,6.5583,-2.1225e+05,6.8681e+05,42045,42045
0.08,0.272,-2.2209,8.4122,-4.1172e+05,1.1965e+06,54742,54742
0.08,0.256,-3.224,9.7406,-6.6429e+05,1.4958e+06,61150,61150
0.08,0.24,-3.9189,9.8623,-8.0248e+05,1.6215e+06,45834,45834
0.08,0.224,-5.0487,8.5389,-7.9475e+05,1.4228e+06,16369,16369
0.08,0.208,-4.7678,9.8275,-7.0143e+05,1.0152e+06,-8514.1,8514.1
0.08,0.192,-4.6448,7.1536,-6.8952e+05,6.5481e+05,-21700,21700
0.08,0.176,-5.7833,5.8603,-5.6124e+05,2.7509e+05,-19889,19889
0.08,0.16,-4.7519,3.2005,-3.2866e+05,-35611,-18728,18728
0.08,0.144,-2.7443,-1.3998,-60034,-98066,-13256,13256
0.08,0.128,-2.306,3.1196,41336,-22385,-8720,8720
0.08,0.112,-1.5775,2.0917,44933,99223,-2622.3,2622.3
0.08,0.096,-1.1016,2.0581,36245,-18702,-1080.5,1080.5
0.08,0.08,-0.5629,-1.17,44617,1.1964e+05,-336.24,336.24
0.08,0.064,-0.56311,3.8057,17538,73395,199.66,199.66
0.08,0.048,0.62723,0.89209,25033,1.1217e+05,174.71,174.71
0.08,0.032,0.46268,1.8023,1530.2,-59921,-165.49,165.49
0.08,0.016,0.023574,-5.0919,0,0,-43.916,43.916
0.096,0.496,2.5794,-0.15616,22895,-94244,1135.2,1135.2
0.096,0.48,3.8474,3.7228,1308.4,-1.2999e+05,3214.7,3214.7
0.096,0.464,2.5221,3.1094,-8035.1,-2.6525e+05,8687.8,8687.8
0.096,0.448,2.4582,2.908,3.5392e+05,-8.0917e+05,18666,18666
0.096,0.432,19.55,-9.5256,2.7012e+05,-7.7934e+05,31703,31703
0.096,0.416,1.6673,2.3396,2.8042e+05,-7.5895e+05,41290,41290
0.096,0.4,1.1806,2.362,-1.2294e+05,-68817,42027,42027
0.096,0.384,-0.87984,4.6616,4561.5,-1.5008e+05,36979,36979
0.096,0.368,0.31186,3.2127,33489,-97422,31171,31171
0.096,0.352,1.2609,2.4922,42578,-70407,31332,31332
0.096,0.336,0.62763,3.4624,-23441,1.0812e+05,35626,35626
0.096,0.32,-0.15159,4.2452,-76713,3.1017e+05,42585,42585
0.096,0.304,-1.1245,4.0778,-1.8847e+05,7.3841e+05,47948,47948
0.096,0.288,-1.6825,9.2275,-3.8348e+05,1.3799e+06,68999,68999
0.096,0.272,-3.0314,12.528,-6.7509e+05,2.1549e+06,88942,88942
0.096,0.256,-4.8137,14.951,-9.6096e+05,2.6899e+06,1.0449e+05,1.0449e+05
0.096,0.24,-6.8156,16.48,-1.1258e+06,2.8904e+06,82551,82551
0.096,0.224,-7.0572,15.995,-1.1417e+06,2.69e+06,49205,49205
0.096,0.208,-7.5199,11.807,-9.9373e+05,2.0979e+06,4409.6,4409.6
0.096,0.192,-6.375,10.044,-8.506e+05,1.4743e+06,-19598,19598
0.096,0.176,-5.7534,8.9804,-5.8859e+05,8.5975e+05,-29238,29238
0.096,0.16,-4.1481,7.3927,-2.7487e+05,2.5728e+05,-30321,30321
0.096,0.144,-1.3283,3.1217,25365,3365.8,-23875,23875
0.096,0.128,-2.5841,5.4374,1.2946e+05,-59180,-19515,19515
0.096,0.112,-0.9631,4.8379,59694,61196,-7967.3,7967.3
0.096,0.096,1.1597,-0.79603,-39347,-8618.5,-5323.1,5323.1
0.096,0.08,-0.92704,1.3678,-75265,34840,-3605.6,3605.6
0.096,0.064,-0.42989,1.532,-17732,36390,-1781.4,1781.4
0.096,0.048,0.78778,0.52842,39304,46443,-415.1,415.1
0.096,0.032,-0.071465,2.432,38979,-49417,-20.291,20.291
0.096,0.016,-0.15576,-1.5974,0,0,279.67,279.67
0.112,0.496,3.2843,-1.3369,26535,-85979,1381.7,1381.7
0.112,0.48,4.4069,2.1818,12770,-1.0198e+05,3897.4,3897.4
0.112,0.464,4.6186,5.0192,-39924,-3.394e+05,10392,10392
0.112,0.448,3.1837,4.9627,3.2763e+05,-9.9921e+05,20609,20609
0.112,0.432,2.6827,4.8476,1.5352e+05,-9.1301e+05,34259,34259
0.112,0.416,2.1598,4.0425,1.7823e+05,-8.6296e+05,47956,47956
0.112,0.4,0.80891,4.384,-2.0366e+05,-1.1838e+05,56761,56761
0.112,0.384,0.38685,4.313,-30252,-1.8978e+05,57932,57932
0.112,0.368,0.37468,2.8261,21485,-1.2719e+05,52924,52924
0.112,0.352,1.426,1.8501,56496,-74756,52002,52002
0.112,0.336,0.45944,3.611,59725,1.0528e+05,57826,57826
0.112,0.32,0.72155,5.6567,7910.4,4.6943e+05,68016,68016
0.112,0.304,0.0519,9.2377,-1.4892e+05,1.0928e+06,74043,74043
0.112,0.288,-2.4733,14.052,-4.6746e+05,2.0744e+06,1.0057e+05,1.0057e+05
0.112,0.272,-4.6737,18.858,-9.0483e+05,3.2097e+06,1.244e+05,1.244e+05
0.112,0.256,-4.9855,24.178,-1.2128e+06,4.0464e+06,1.4382e+05,1.4382e+05
0.112,0.24,-5.8637,26.306,-1.3777e+06,4.3822e+06,1.1328e+05,1.1328e+05
0.112,0.224,-7.2742,24.552,-1.3571e+06,4.1139e+06,77865,77865
0.112,0.208,-6.3335,21.267,-1.207e+06,3.4398e+06,29635,29635
0.112,0.192,-6.3302,19.711,-1.0076e+06,2.6882e+06,-3690.8,3690.8
0.112,0.176,-7.5435,18.394,-6.9965e+05,1.8184e+06,-27924,27924
0.112,0.16,-7.5025,14.847,-2.8618e+05,8.3391e+05,-48623,48623
0.112,0.144,-4.5954,8.7278,75708,72398,-44657,44657
0.112,0.128,-3.1755,8.2719,3.2055e+05,-3.4767e+05,-41883,41883
0.112,0.112,-1.7439,7.4222,2.2447e+05,-3.3399e+05,-22876,22876
0.112,0.096,-2.8981,3.0418,74495,-2.3735e+05,-17066,17066
0.112,0.08,-2.256,2.0953,-31561,-1.9132e+05,-10817,10817
0.112,0.064,0.035103,0.40377,28466,-1.3208e+05,-5415.6,5415.6
0.112,0.048,2.3604,1.1784,73826,-1.1571e+05,-911.83,911.83
0.112,0.032,2.0508,4.0964,54326,-57402,88.663,88.663
0.112,0.016,0.42328,-3.756,0,0,532.49,532.49
0.128,0.496,3.671,1.4593,26535,-85979,1066.9,1066.9
0.128,0.48,3.4609,7.0937,84190,-1.4367e+05,3957.1,3957.1
0.128,0.464,3.7401,7.7233,72576,-4.5691e+05,13549,13549
0.128,0.448,2.4778,6.848,-30896,-1.1606e+06,28694,28694
0.128,0.432,0.66095,6.6854,-48269,-1.4915e+06,43467,43467
0.128,0.416,-0.12338,6.7018,-70878,-1.4609e+06,56617,56617
0.128,0.4,-0.10417,4.1525,-82240,-9.8143e+05,69513,69513
0.128,0.384,-0.54569,3.8001,-59116,-6.3828e+05,83816,83816
0.128,0.368,-0.44812,3.2176,5039.4,-4.677e+05,89341,89341
0.128,0.352,-0.24639,2.8577,32244,-2.4803e+05,92788,92788
0.128,0.336,0.28227,4.6003,5311,98019,98909,98909
0.128,0.32,2.4033,6.3538,-60148,6.6354e+05,1.1113e+05,1.1113e+05
0.128,0.304,0.67177,11.106,-2.2972e+05,1.4164e+06,1.1802e+05,1.1802e+05
0.128,0.288,-2.8046,19.023,-5.2511e+05,2.5317e+06,1.396e+05,1.396e+05
0.128,0.272,-4.708,25.292,-9.4501e+05,3.77e+06,1.5746e+05,1.5746e+05
0.128,0.256,-5.7751,31.83,-1.2562e+06,4.8258e+06,1.7287e+05,1.7287e+05
0.128,0.24,-6.1007,32.334,-1.4706e+06,5.4008e+06,1.2614e+05,1.2614e+05
0.128,0.224,-6.5812,30.826,-1.4808e+06,5.3555e+06,91984,91984
0.128,0.208,-6.6532,29.028,-1.362e+06,4.8104e+06,38911,38911
0.128,0.192,-5.6475,27.389,-1.1366e+06,3.861e+06,8348.9,8348.9
0.128,0.176,-5.0876,26.567,-7.5869e+05,2.4648e+06,-35907,35907
0.128,0.16,-6.402,23.732,-3.21e+05,9.8471e+05,-73396,73396
0.128,0.144,-5.5225,20.145,91758,-1.8958e+05,-76760,76760
0.128,0.128,-3.3087,16.52,2.9606e+05,-7.2005e+05,-73642,73642
0.128,0.112,-2.6272,11.869,2.4915e+05,-8.8686e+05,-49172,49172
0.128,0.096,-2.6512,7.6466,1.2937e+05,-7.633e+05,-36886,36886
0.128,0.08,-1.6917,5.9502,58009,-6.5825e+05,-22091,22091
0.128,0.064,0.21786,2.3285,98850,-4.0717e+05,-10551,10551
0.128,0.048,1.314,1.095,90333,-2.2143e+05,-1600.4,1600.4
0.128,0.032,0.35805,3.493,53277,-70507,184.93,184.93
0.128,0.016,-0.36469,-0.91959,0,0,605.62,605.62
0.144,0.496,2.2913,13.163,0,0,600.02,600.02
0.144,0.48,2.5633,14.431,0,0,2990.2,2990.2
0.144,0.464,1.6891,16.721,-1.0493e+05,-6.5625e+05,10272,10272
0.144,0.448,2.121,10.095,-1.0454e+05,-1.9695e+06,26186,26186
0.144,0.432,3.6935,7.9324,-80699,-2.0864e+06,38685,38685
0.144,0.416,4.0356,7.501,-1.1207e+05,-2.2393e+06,46846,46846
0.144,0.4,2.162,7.8072,-1.4098e+05,-1.8743e+06,54820,54820
0.144,0.384,2.1625,7.143,-1.0951e+05,-1.6387e+06,74312,74312
0.144,0.368,2.5728,5.8168,-72669,-1.2757e+06,1.0309e+05,1.0309e+05
0.144,0.352,1.1587,8.156,-43389,-7.9526e+05,1.2044e+05,1.2044e+05
0.144,0.336,0.81115,9.1073,-97410,-2.5699e+05,1.3267e+05,1.3267e+05
0.144,0.32,0.17534,9.6308,-1.6189e+05,3.987e+05,1.4266e+05,1.4266e+05
0.144,0.304,-0.38276,13.416,-3.1424e+05,1.0331e+06,1.5525e+05,1.5525e+05
0.144,0.288,-1.5387,17.259,-4.852e+05,1.8865e+06,1.7611e+05,1.7611e+05
0.144,0.272,-3.1291,22.21,-8.2345e+05,2.9577e+06,1.9051e+05,1.9051e+05
0.144,0.256,-5.3626,29.962,-1.114e+06,4.1553e+06,2.0194e+05,2.0194e+05
0.144,0.24,-8.0106,34.622,-1.4901e+06,5.1547e+06,1.4717e+05,1.4717e+05
0.144,0.224,-8.984,35.457,-1.6672e+06,5.6481e+06,1.0161e+05,1.0161e+05
0.144,0.208,-8.3008,33.482,-1.6644e+06,5.4757e+06,48313,48313
0.144,0.192,-6.2788,29.461,-1.3505e+06,4.5281e+06,19044,19044
0.144,0.176,-4.5569,25.9,-7.8979e+05,2.7741e+06,-23187,23187
0.144,0.16,-3.6013,24.053,-2.4814e+05,7.5647e+05,-78850,78850
0.144,0.144,-5.2288,24.697,1.5624e+05,-7.4675e+05,-1.0344e+05,1.0344e+05
0.144,0.128,-4.9921,22.409,2.9204e+05,-1.4102e+06,-1.0679e+05,1.0679e+05
0.144,0.112,-5.5739,18.304,3.0577e+05,-1.4987e+06,-80692,80692
0.144,0.096,-2.8384,12.838,3.1758e+05,-1.3683e+06,-57576,57576
0.144,0.08,-1.4592,9.3689,3.2105e+05,-1.1171e+06,-34311,34311
0.144,0.064,-0.69947,5.5038,2.769e+05,-7.7165e+05,-14387,14387
0.144,0.048,-0.44484,3.1635,1.4206e+05,-3.6715e+05,1702.3,1702.3
0.144,0.032,1.1891,5.9255,39053,-1.2865e+05,1558.8,1558.8
0.144,0.016,1.5191,3.855,0,0,830.04,830.04
0.16,0.496,4.3816,31.908,0,0,144.65,144.65
0.16,0.48,2.9182,31.457,0,0,1578.1,1578.1
0.16,0.464,1.5359,29.933,NaN,NaN,7122.8,7122.8
0.16,0.448,1.4891,25.917,2.1871e+05,-4.5957e+06,28275,28275
0.16,0.432,3.6164,19.594,3.1821e+05,-4.4374e+06,20645,20645
0.16,0.416,3.1465,16.896,48022,-3.5586e+06,16924,16924
0.16,0.4,1.2957,14.591,-4969.8,-3.1289e+06,15612,15612
0.16,0.384,0.86941,15.46,-13253,-2.8169e+06,41862,41862
0.16,0.368,1.3884,14.455,39572,-2.5098e+06,86451,86451
0.16,0.352,2.8018,14.333,-62136,-1.7267e+06,1.2446e+05,1.2446e+05
0.16,0.336,1.3552,13.672,-2.8138e+05,-7.6116e+05,1.5124e+05,1.5124e+05
0.16,0.32,-1.0328,13.292,-4.8046e+05,1.4104e+05,1.6389e+05,1.6389e+05
0.16,0.304,-0.94784,14.306,-5.7886e+05,6.9569e+05,1.7473e+05,1.7473e+05
0.16,0.288,-0.73259,14.202,-5.8905e+05,1.106e+06,1.9218e+05,1.9218e+05
0.16,0.272,-1.0191,14.529,-6.8066e+05,1.5936e+06,2.0286e+05,2.0286e+05
0.16,0.256,-2.3287,18.645,-9.1517e+05,2.5936e+06,2.0913e+05,2.0913e+05
0.16,0.24,-5.0182,25.8,-1.3737e+06,3.9237e+06,1.535e+05,1.535e+05
0.16,0.224,-10.845,32.077,-1.7185e+06,5.1316e+06,1.004e+05,1.004e+05
0.16,0.208,-10.835,33.947,-1.846e+06,5.6691e+06,39349,39349
0.16,0.192,-8.7204,30.89,-1.5765e+06,5.0688e+06,14065,14065
0.16,0.176,-4.9429,27.467,-9.8111e+05,3.4733e+06,-18537,18537
0.16,0.16,-3.5732,24.284,-3.8981e+05,1.5866e+06,-65365,65365
0.16,0.144,-5.0974,22.645,1.0051e+05,95630,-1.0538e+05,1.0538e+05
0.16,0.128,-5.9846,21.196,3.3388e+05,-8.6351e+05,-1.2689e+05,1.2689e+05
0.16,0.112,-5.2261,18.154,4.9563e+05,-1.6826e+06,-1.1028e+05,1.1028e+05
0.16,0.096,-1.9313,14.105,5.6966e+05,-2.1712e+06,-80953,80953
0.16,0.08,-1.4033,11.597,4.8873e+05,-2.1647e+06,-40760,40760
0.16,0.064,-0.29404,9.0697,3.5464e+05,-1.7541e+06,-13279,13279
0.16,0.048,0.46806,7.5374,1.7077e+05,-9.8672e+05,7774.8,7774.8
0.16,0.032,1.4776,8.828,56551,-4.3479e+05,4256.2,4256.2
0.16,0.016,1.6586,6.0944,0,0,1456.7,1456.7
0.176,0.496,-1.1494,46.364,0,0,0,0
0.176,0.48,-0.32947,43.928,0,0,0,0
0.176,0.464,1.1643,41.898,NaN,NaN,-2361.1,2361.1
0.176,0.448,1.2991,39.658,NaN,NaN,7112.2,7112.2
0.176,0.432,1.7908,33.18,NaN,NaN,-32980,32980
0.176,0.416,2.7516,26.926,-2.2423e+05,-3.7673e+06,-36171,36171
0.176,0.4,2.2521,21.068,2.8269e+05,-4.0114e+06,-30227,30227
0.176,0.384,1.46,18.398,3.0747e+05,-3.6951e+06,1883.6,1883.6
0.176,0.368,1.958,17.425,3.1499e+05,-3.3752e+06,52046,52046
0.176,0.352,1.9093,17.036,83167,-2.6034e+06,99431,99431
0.176,0.336,0.34697,16.407,-2.0951e+05,-1.7837e+06,1.475e+05,1.475e+05
0.176,0.32,-1.1877,17.401,-4.9065e+05,-8.4505e+05,1.6461e+05,1.6461e+05
0.176,0.304,-2.8534,19.026,-6.9764e+05,-1.8246e+05,1.7656e+05,1.7656e+05
0.176,0.288,-2.3588,17.596,-8.0382e+05,2.8364e+05,1.914e+05,1.914e+05
0.176,0.272,-2.1433,17.471,-8.9438e+05,7.1321e+05,2.0938e+05,2.0938e+05
0.176,0.256,-2.5377,16.783,-1.0015e+06,1.5922e+06,2.1892e+05,2.1892e+05
0.176,0.24,-4.5412,19.708,-1.3018e+06,2.8641e+06,1.6401e+05,1.6401e+05
0.176,0.224,-9.0158,26.411,-1.5795e+06,4.1881e+06,1.0706e+05,1.0706e+05
0.176,0.208,-9.4587,33.712,-1.7715e+06,5.0972e+06,47162,47162
0.176,0.192,-9.2956,37.159,-1.6413e+06,5.1376e+06,30549,30549
0.176,0.176,-7.2393,36.921,-1.2275e+06,4.3139e+06,9392.4,9392.4
0.176,0.16,-4.3227,33.22,-6.3879e+05,2.8359e+06,-32283,32283
0.176,0.144,-2.4699,29.105,-2125.3,1.1507e+06,-77712,77712
0.176,0.128,-2.0439,25.414,5.0359e+05,-3.7609e+05,-1.1597e+05,1.1597e+05
0.176,0.112,-1.3354,22.111,7.7606e+05,-1.8269e+06,-1.1223e+05,1.1223e+05
0.176,0.096,0.16774,17.375,9.2565e+05,-2.8653e+06,-91122,91122
0.176,0.08,1.4024,14.642,9.1842e+05,-3.2783e+06,-39853,39853
0.176,0.064,2.196,13.141,8.4385e+05,-3.117e+06,-5134.4,5134.4
0.176,0.048,3.4582,12.846,5.1302e+05,-1.9004e+06,18303,18303
0.176,0.032,3.1025,12.246,1.9922e+05,-9.0929e+05,9010.9,9010.9
0.176,0.016,0.40266,9.7837,0,0,2718.5,2718.5
0.192,0.496,-3.4516,48.253,0,0,0,0
0.192,0.48,-2.4226,45.509,0,0,0,0
0.192,0.464,-1.4784,43.075,NaN,NaN,0,0
0.192,0.448,-0.28799,38.222,NaN,NaN,NaN,NaN
0.192,0.432,-0.013284,30.739,NaN,NaN,-94855,94855
0.192,0.416,0.42953,23.951,8.2569e+05,-4.6272e+06,-58420,58420
0.192,0.4,2.2635,19.731,7.9318e+05,-4.4814e+06,-35041,35041
0.192,0.384,2.6417,16.112,7.2273e+05,-4.1367e+06,9549.5,9549.5
0.192,0.368,2.7152,16.203,6.3049e+05,-3.7447e+06,44497,44497
0.192,0.352,1.0368,19.754,4.1464e+05,-3.0915e+06,85753,85753
0.192,0.336,-0.21701,23.834,87870,-2.4181e+06,1.3359e+05,1.3359e+05
0.192,0.32,-1.542,28.122,-3.3042e+05,-1.4465e+06,1.6876e+05,1.6876e+05
0.192,0.304,-2.9617,34.471,-7.4606e+05,-4.6758e+05,1.814e+05,1.814e+05
0.192,0.288,-4.4299,33.801,-9.2479e+05,67514,1.9722e+05,1.9722e+05
0.192,0.272,-4.8241,33.684,-1.0389e+06,4.0832e+05,2.1264e+05,2.1264e+05
0.192,0.256,-4.3402,33.461,-1.1626e+06,1.0613e+06,2.2176e+05,2.2176e+05
0.192,0.24,-4.4239,34.082,-1.2511e+06,1.989e+06,1.6054e+05,1.6054e+05
0.192,0.224,-4.8666,34.19,-1.3265e+06,3.0974e+06,98816,98816
0.192,0.208,-5.2445,36.864,-1.4353e+06,4.2295e+06,45307,45307
0.192,0.192,-6.0223,40.691,-1.434e+06,4.9391e+06,46595,46595
0.192,0.176,-5.5612,42.351,-1.2771e+06,5.0418e+06,34242,34242
0.192,0.16,-3.679,40.756,-9.1327e+05,4.4469e+06,5357.6,5357.6
0.192,0.144,-1.7271,39.083,-3.034e+05,2.9399e+06,-35420,35420
0.192,0.128,0.16597,35.61,4.2469e+05,9.9358e+05,-78661,78661
0.192,0.112,0.56505,31.794,9.8913e+05,-1.158e+06,-88234,88234
0.192,0.096,2.4333,23.991,1.2649e+06,-2.5831e+06,-80128,80128
0.192,0.08,4.7784,21.038,1.2682e+06,-3.2023e+06,-26231,26231
0.192,0.064,5.3923,26.278,1.2034e+06,-3.1705e+06,9098.9,9098.9
0.192,0.048,3.8312,24.127,7.7365e+05,-2.0157e+06,29554,29554
0.192,0.032,3.051,22.663,3.5263e+05,-9.926e+05,14778,14778
0.192,0.016,-0.147,20.177,0,0,4492.6,4492.6
0.208,0.496,-4.391,46.156,0,0,0,0
0.208,0.48,-4.741,43.873,0,0,0,0
0.208,0.464,-4.064,39.181,NaN,NaN,0,0
0.208,0.448,-1.9611,33.009,NaN,NaN,NaN,NaN
0.208,0.432,0.19117,25.648,NaN,NaN,-32439,32439
0.208,0.416,0.94823,19.567,8.2569e+05,-4.6272e+06,-3596.3,3596.3
0.208,0.4,1.663,18.314,9.1096e+05,-4.3968e+06,18824,18824
0.208,0.384,2.1643,19.252,8.6551e+05,-4.0518e+06,63356,63356
0.208,0.368,2.6177,19.507,7.974e+05,-3.6943e+06,94706,94706
0.208,0.352,3.307,24.086,6.3836e+05,-3.2317e+06,1.0034e+05,1.0034e+05
0.208,0.336,1.6831,28.201,3.8059e+05,-2.96e+06,1.2589e+05,1.2589e+05
0.208,0.32,-1.4517,34.915,42043,-2.0433e+06,1.51e+05,1.51e+05
0.208,0.304,-3.1327,38.077,-4.2206e+05,-1.0174e+06,1.8974e+05,1.8974e+05
0.208,0.288,-4.1731,40.494,-6.3813e+05,-3.7631e+05,2.1206e+05,2.1206e+05
0.208,0.272,-6.0759,43.164,-8.7093e+05,2.3663e+05,2.31e+05,2.31e+05
0.208,0.256,-6.4988,44.967,-9.9917e+05,9.9211e+05,2.3185e+05,2.3185e+05
0.208,0.24,-5.4393,45.136,-9.6646e+05,1.7474e+06,1.6436e+05,1.6436e+05
0.208,0.224,-4.4008,44.992,-9.3701e+05,2.5137e+06,99158,99158
0.208,0.208,-4.1798,45.568,-1.016e+06,3.3749e+06,51890,51890
0.208,0.192,-4.5926,47.197,-1.1172e+06,4.3037e+06,64387,64387
0.208,0.176,-3.9045,48.307,-1.1815e+06,4.9863e+06,59477,59477
0.208,0.16,-3.0994,46.358,-1.0429e+06,5.0339e+06,38244,38244
0.208,0.144,-2.3392,44.757,-6.6685e+05,3.9908e+06,7121.8,7121.8
0.208,0.128,-0.11224,42.106,-1.0285e+05,2.3175e+06,-20700,20700
0.208,0.112,0.16667,38.463,5.3108e+05,3.3683e+05,-32634,32634
0.208,0.096,2.1679,36.298,1.0197e+06,-1.0438e+06,-35349,35349
0.208,0.08,2.8512,37.74,1.3533e+06,-1.7715e+06,-4199.9,4199.9
0.208,0.064,2.982,38.569,1.4328e+06,-1.8877e+06,24344,24344
0.208,0.048,3.9154,38.597,9.5947e+05,-1.2164e+06,36492,36492
0.208,0.032,3.5355,36.704,4.4606e+05,-6.1876e+05,19457,19457
0.208,0.016,-0.4176,33.59,0,0,4893.9,4893.9
0.224,0.496,-2.1094,44.536,0,0,0,0
0.224,0.48,-1.6602,42.129,0,0,0,0
0.224,0.464,-0.51305,39.925,NaN,NaN,0,0
0.224,0.448,1.3487,33.268,NaN,NaN,NaN,NaN
0.224,0.432,1.3886,29.137,NaN,NaN,17913,17913
0.224,0.416,0.6765,27.675,8.2569e+05,-4.6272e+06,42668,42668
0.224,0.4,0.63355,29.051,8.0993e+05,-4.457e+06,58343,58343
0.224,0.384,0.83367,31.486,7.7253e+05,-4.2511e+06,99560,99560
0.224,0.368,0.91958,30.128,8.0111e+05,-3.7692e+06,1.2434e+05,1.2434e+05
0.224,0.352,1.7241,32.062,8.4591e+05,-3.2245e+06,1.1202e+05,1.1202e+05
0.224,0.336,1.3209,32.565,9.2e+05,-2.9171e+06,1.0879e+05,1.0879e+05
0.224,0.32,-0.22298,36.414,5.3198e+05,-1.5711e+06,1.338e+05,1.338e+05
0.224,0.304,-1.7161,38.045,60506,-9.0918e+05,1.7702e+05,1.7702e+05
0.224,0.288,-3.6997,38.604,-1.9728e+05,-5.9588e+05,2.2384e+05,2.2384e+05
0.224,0.272,-4.7314,41.8,-4.9638e+05,-92757,2.4465e+05,2.4465e+05
0.224,0.256,-4.2761,43.358,-6.8497e+05,5.7349e+05,2.3865e+05,2.3865e+05
0.224,0.24,-4.0943,44.447,-7.0341e+05,1.3182e+06,1.6319e+05,1.6319e+05
0.224,0.224,-3.7415,46.914,-7.296e+05,2.1859e+06,94073,94073
0.224,0.208,-4.2282,49.177,-8.4564e+05,3.1716e+06,52392,52392
0.224,0.192,-5.2209,50.686,-9.6459e+05,4.1958e+06,73802,73802
0.224,0.176,-4.9833,50.642,-1.0783e+06,5.0302e+06,79115,79115
0.224,0.16,-4.6028,50.348,-1.1424e+06,5.4285e+06,66317,66317
0.224,0.144,-3.998,50.207,-1.0732e+06,4.9806e+06,35633,35633
0.224,0.128,-3.4592,48.759,-7.4101e+05,3.6745e+06,18223,18223
0.224,0.112,-2.0833,46.374,-1.3366e+05,2.0738e+06,12771,12771
0.224,0.096,0.99855,43.007,4.3549e+05,8.891e+05,13565,13565
0.224,0.08,1.8813,42.508,8.1166e+05,3.8685e+05,26093,26093
0.224,0.064,2.1268,43.361,9.651e+05,2.6971e+05,35303,35303
0.224,0.048,3.0897,43.108,6.7316e+05,1.5786e+05,35394,35394
0.224,0.032,4.6216,40.726,3.5157e+05,56143,17440,17440
0.224,0.016,2.7294,39.952,0,0,4356.5,4356.5
0.24,0.496,-2.9271,47.535,0,0,0,0
0.24,0.48,-4.3559,45.751,0,0,0,0
0.24,0.464,-2.7949,44.763,NaN,NaN,0,0
0.24,0.448,-0.82397,43.164,NaN,NaN,NaN,NaN
0.24,0.432,0.24901,40.426,NaN,NaN,85479,85479
0.24,0.416,1.322,39.077,NaN,NaN,1.0099e+05,1.0099e+05
0.24,0.4,2.0146,38.546,NaN,NaN,1.1896e+05,1.1896e+05
0.24,0.384,2.1554,38.253,NaN,NaN,1.5378e+05,1.5378e+05
0.24,0.368,3.8883,36.709,NaN,NaN,1.8718e+05,1.8718e+05
0.24,0.352,4.4931,35.627,NaN,NaN,1.3979e+05,1.3979e+05
0.24,0.336,3.5149,36.938,NaN,NaN,1.2676e+05,1.2676e+05
0.24,0.32,1.7113,36.648,3.3369e+05,-1.0302e+06,1.096e+05,1.096e+05
0.24,0.304,-0.76617,37.971,2.0484e+05,-9.0213e+05,1.5124e+05,1.5124e+05
0.24,0.288,-1.5446,38.556,68605,-6.4224e+05,1.9502e+05,1.9502e+05
0.24,0.272,-2.6683,40.567,-93981,-2.0382e+05,2.4412e+05,2.4412e+05
0.24,0.256,-2.6681,40.606,-1.7311e+05,2.5768e+05,2.3952e+05,2.3952e+05
0.24,0.24,-2.1925,42.527,-2.6654e+05,9.4209e+05,1.6855e+05,1.6855e+05
0.24,0.224,-2.504,44.906,-4.2327e+05,1.7134e+06,1.0597e+05,1.0597e+05
0.24,0.208,-2.9539,46.821,-6.4373e+05,2.5397e+06,72689,72689
0.24,0.192,-3.723,48.307,-8.5963e+05,3.3907e+06,87854,87854
0.24,0.176,-4.158,49.194,-1.0319e+06,4.2309e+06,87532,87532
0.24,0.16,-4.3353,50.707,-1.1846e+06,4.8117e+06,73076,73076
0.24,0.144,-5.2461,51.149,-1.2823e+06,4.8103e+06,53158,53158
0.24,0.128,-5.0373,50.871,-1.2156e+06,4.0403e+06,48226,48226
0.24,0.112,-2.7577,48.927,-8.502e+05,2.8815e+06,52019,52019
0.24,0.096,-1.2726,46.549,-3.3385e+05,1.8211e+06,52765,52765
0.24,0.08,-0.66801,45.944,1.2027e+05,1.259e+06,47472,47472
0.24,0.064,-0.52743,46.905,3.702e+05,1.0766e+06,38500,38500
0.24,0.048,0.093673,47.667,2.9856e+05,7.0159e+05,27489,27489
0.24,0.032,1.3559,46.843,1.6949e+05,3.3275e+05,12620,12620
0.24,0.016,1.4948,45.465,0,0,2724.8,2724.8
0.256,0.496,-3.1267,50.029,0,0,0,0
0.256,0.48,-4.7819,49.102,0,0,0,0
0.256,0.464,-4.5167,48.834,NaN,NaN,0,0
0.256,0.448,-3.4402,47.502,NaN,NaN,NaN,NaN
0.256,0.432,-1.5762,45.462,NaN,NaN,NaN,NaN
0.256,0.416,1.2607,43.624,NaN,NaN,NaN,NaN
0.256,0.4,3.7499,41.388,NaN,NaN,NaN,NaN
0.256,0.384,4.6419,40.576,NaN,NaN,NaN,NaN
0.256,0.368,5.4518,40.802,NaN,NaN,NaN,NaN
0.256,0.352,5.7217,40.066,NaN,NaN,NaN,NaN
0.256,0.336,3.0755,40.534,NaN,NaN,1.3205e+05,1.3205e+05
0.256,0.32,0.16356,40.451,3.7763e+05,-1.2296e+06,1.0603e+05,1.0603e+05
0.256,0.304,-0.75471,40.735,2.782e+05,-9.7197e+05,1.1432e+05,1.1432e+05
0.256,0.288,-0.10232,42.781,1.5058e+05,-6.4346e+05,1.6538e+05,1.6538e+05
0.256,0.272,-1.2828,44.08,-7214.2,-2.1593e+05,2.1891e+05,2.1891e+05
0.256,0.256,-2.1999,43.786,-58931,99860,2.442e+05,2.442e+05
0.256,0.24,-1.9416,44.926,-1.3377e+05,5.9731e+05,1.8825e+05,1.8825e+05
0.256,0.224,-2.5947,46.969,-2.1193e+05,1.1224e+06,1.3349e+05,1.3349e+05
0.256,0.208,-2.674,47.823,-3.5456e+05,1.81e+06,1.0108e+05,1.0108e+05
0.256,0.192,-2.5413,48.101,-5.2806e+05,2.4502e+06,1.0246e+05,1.0246e+05
0.256,0.176,-3.4862,50.032,-7.7861e+05,3.1388e+06,91128,91128
0.256,0.16,-4.5389,51.842,-1.1064e+06,3.6873e+06,75998,75998
0.256,0.144,-4.8089,51.744,-1.3892e+06,3.8454e+06,64309,64309
0.256,0.128,-4.5359,50.978,-1.4971e+06,3.4025e+06,65672,65672
0.256,0.112,-3.6003,48.687,-1.3037e+06,2.6502e+06,72575,72575
0.256,0.096,-3.5275,46.807,-8.5614e+05,1.8712e+06,69609,69609
0.256,0.08,-3.1537,45.308,-3.7329e+05,1.3582e+06,58023,58023
0.256,0.064,-2.261,46.596,4418.9,1.0955e+06,37017,37017
0.256,0.048,-1.4133,47.651,81191,6.9304e+05,20911,20911
0.256,0.032,0.57176,50.187,78798,3.3945e+05,7545,7545
0.256,0.016,1.8721,51.553,0,0,2106,2106
0.272,0.496,-2.7856,52.316,0,0,0,0
0.272,0.48,-3.1899,51.288,0,0,0,0
0.272,0.464,-2.6902,51.576,NaN,NaN,0,0
0.272,0.448,-1.6883,50.804,NaN,NaN,NaN,NaN
0.272,0.432,-0.039941,49.396,NaN,NaN,NaN,NaN
0.272,0.416,2.407,48.205,NaN,NaN,NaN,NaN
0.272,0.4,4.5605,47.01,NaN,NaN,NaN,NaN
0.272,0.384,5.1506,46.088,NaN,NaN,NaN,NaN
0.272,0.368,3.8587,46.115,NaN,NaN,NaN,NaN
0.272,0.352,3.1746,45.604,NaN,NaN,NaN,NaN
0.272,0.336,1.5387,44.852,NaN,NaN,1.981e+05,1.981e+05
0.272,0.32,-0.068073,44.974,NaN,NaN,99161,99161
0.272,0.304,-0.42572,45.873,NaN,NaN,91781,91781
0.272,0.288,-1.9684,47.041,4.0195e+05,-7.8766e+05,1.3849e+05,1.3849e+05
0.272,0.272,-2.7771,47.892,3.8126e+05,-5.9269e+05,2.0101e+05,2.0101e+05
0.272,0.256,-3.067,48.544,2.8465e+05,-3.2227e+05,2.2772e+05,2.2772e+05
0.272,0.24,-2.7827,49.88,1.7267e+05,89771,2.1065e+05,2.1065e+05
0.272,0.224,-2.6157,51.626,85635,4.2906e+05,1.6668e+05,1.6668e+05
0.272,0.208,-2.8002,53.212,-9444.8,8.2539e+05,1.3517e+05,1.3517e+05
0.272,0.192,-2.9939,54.117,-1.8592e+05,1.3184e+06,1.0678e+05,1.0678e+05
0.272,0.176,-3.163,54.751,-4.8834e+05,1.94e+06,89068,89068
0.272,0.16,-4.7726,55.307,-9.0031e+05,2.526e+06,79323,79323
0.272,0.144,-5.9122,54.476,-1.3126e+06,2.8405e+06,81348,81348
0.272,0.128,-5.3153,52.775,-1.6058e+06,2.7751e+06,87664,87664
0.272,0.112,-4.8594,50.337,-1.5659e+06,2.3782e+06,82439,82439
0.272,0.096,-4.2158,49.081,-1.1307e+06,1.854e+06,71607,71607
0.272,0.08,-2.699,47.824,-5.4164e+05,1.3404e+06,53126,53126
0.272,0.064,-1.2159,47.914,-34454,1.0552e+06,37912,37912
0.272,0.048,0.50761,49.749,85805,6.5635e+05,20688,20688
0.272,0.032,1.9292,53.247,91359,3.3624e+05,8167.9,8167.9
0.272,0.016,2.0203,53.729,0,0,2065.5,2065.5
0.288,0.496,-1.3897,51.931,0,0,0,0
0.288,0.48,-2.1405,49.886,0,0,0,0
0.288,0.464,-0.65583,50.301,NaN,NaN,0,0
0.288,0.448,-0.1119,50.738,NaN,NaN,NaN,NaN
0.288,0.432,0.30488,51.081,NaN,NaN,NaN,NaN
0.288,0.416,1.9954,51.514,NaN,NaN,NaN,NaN
0.288,0.4,2.9505,51.713,NaN,NaN,NaN,NaN
0.288,0.384,2.8345,50.786,NaN,NaN,NaN,NaN
0.288,0.368,1.8545,49.359,NaN,NaN,NaN,NaN
0.288,0.352,1.2168,48.255,NaN,NaN,NaN,NaN
0.288,0.336,0.15716,47.585,NaN,NaN,NaN,NaN
0.288,0.32,-0.83572,47.227,NaN,NaN,NaN,NaN
0.288,0.304,-1.2021,48.434,NaN,NaN,1.1317e+05,1.1317e+05
0.288,0.288,-2.27,48.886,NaN,NaN,1.5148e+05,1.5148e+05
0.288,0.272,-2.7821,49.444,-3.7126e+05,-9.3459e+05,1.7545e+05,1.7545e+05
0.288,0.256,-3.1445,49.998,-1.6678e+05,-4.7037e+05,1.9901e+05,1.9901e+05
0.288,0.24,-2.8419,50.533,-84696,-1.8678e+05,2.1172e+05,2.1172e+05
0.288,0.224,-2.2434,51.631,-456.43,1.7282e+05,1.9734e+05,1.9734e+05
0.288,0.208,-2.2912,53.962,9969.4,5.0988e+05,1.628e+05,1.628e+05
0.288,0.192,-2.4964,56.453,-41532,8.6034e+05,1.1945e+05,1.1945e+05
0.288,0.176,-1.9233,56.379,-2.3833e+05,1.2811e+06,92734,92734
0.288,0.16,-3.4619,58.16,-5.7181e+05,1.7677e+06,93876,93876
0.288,0.144,-5.7133,58.402,-9.4711e+05,2.2083e+06,1.0165e+05,1.0165e+05
0.288,0.128,-4.7398,58.059,-1.2437e+06,2.4469e+06,93549,93549
0.288,0.112,-4.5771,59.056,-1.2379e+06,2.3262e+06,72386,72386
0.288,0.096,-2.3593,58.056,-8.9836e+05,2.0408e+06,56463,56463
0.288,0.08,-0.83208,55.136,-3.548e+05,1.6423e+06,50493,50493
0.288,0.064,-0.20835,53.91,1.5838e+05,1.4593e+06,45111,45111
0.288,0.048,0.53811,54.791,2.4654e+05,9.213e+05,27726,27726
0.288,0.032,0.80218,55.712,1.8153e+05,4.8618e+05,11095,11095
0.288,0.016,0.71811,54.657,0,0,2827,2827
0.304,0.496,-0.058724,48.033,0,0,0,0
0.304,0.48,-0.11187,44.51,0,0,0,0
0.304,0.464,0.67764,45.799,NaN,NaN,0,0
0.304,0.448,0.38025,47.261,NaN,NaN,NaN,NaN
0.304,0.432,0.028306,49.032,NaN,NaN,NaN,NaN
0.304,0.416,0.84698,50.891,NaN,NaN,NaN,NaN
0.304,0.4,1.8989,52.131,NaN,NaN,NaN,NaN
0.304,0.384,2.038,51.786,NaN,NaN,NaN,NaN
0.304,0.368,1.3585,50.503,NaN,NaN,NaN,NaN
0.304,0.352,0.0099924,49.957,NaN,NaN,NaN,NaN
0.304,0.336,-1.3411,49.283,NaN,NaN,NaN,NaN
0.304,0.32,-2.413,47.439,NaN,NaN,NaN,NaN
0.304,0.304,-4.2559,46.859,NaN,NaN,1.863e+05,1.863e+05
0.304,0.288,-4.5742,46.798,-7.8521e+05,-1.1109e+06,1.5924e+05,1.5924e+05
0.304,0.272,-4.8711,47.397,-7.5336e+05,-1.0969e+06,1.6788e+05,1.6788e+05
0.304,0.256,-4.0771,47.863,-7.3915e+05,-8.9444e+05,1.651e+05,1.651e+05
0.304,0.24,-3.3772,47.402,-5.6719e+05,-5.5409e+05,1.884e+05,1.884e+05
0.304,0.224,-2.6862,48.489,-3.5516e+05,-1.5688e+05,1.9312e+05,1.9312e+05
0.304,0.208,-1.1234,49.008,-1.6705e+05,1.9206e+05,1.8445e+05,1.8445e+05
0.304,0.192,-0.55568,50.188,-52363,4.9973e+05,1.503e+05,1.503e+05
0.304,0.176,0.26011,51.264,-57830,8.1937e+05,1.2619e+05,1.2619e+05
0.304,0.16,0.3793,53.592,-1.7736e+05,1.1785e+06,1.2019e+05,1.2019e+05
0.304,0.144,-0.22073,56.758,-3.6352e+05,1.6166e+06,1.1333e+05,1.1333e+05
0.304,0.128,-0.40871,60.252,-5.5341e+05,2.0326e+06,80252,80252
0.304,0.112,-0.62448,62.767,-5.7242e+05,2.1782e+06,44349,44349
0.304,0.096,0.71802,62.089,-3.677e+05,2.1968e+06,37129,37129
0.304,0.08,0.96056,63.436,28824,2.1271e+06,51352,51352
0.304,0.064,1.0841,60.093,4.486e+05,2.1897e+06,55989,55989
0.304,0.048,0.75173,60.234,4.3311e+05,1.4829e+06,37712,37712
0.304,0.032,0.17022,57.045,2.7037e+05,7.6777e+05,15194,15194
0.304,0.016,0.30307,57.659,0,0,3859.7,3859.7
0.32,0.496,1.4359,44.412,0,0,0,0
0.32,0.48,2.1542,41.668,0,0,0,0
0.32,0.464,2.275,42.927,NaN,NaN,0,0
0.32,0.448,1.177,44.345,NaN,NaN,NaN,NaN
0.32,0.432,0.19872,46.092,NaN,NaN,NaN,NaN
0.32,0.416,0.4482,48.64,NaN,NaN,NaN,NaN
0.32,0.4,0.63945,50.435,NaN,NaN,NaN,NaN
0.32,0.384,0.64126,50.881,NaN,NaN,NaN,NaN
0.32,0.368,0.055101,50.567,NaN,NaN,NaN,NaN
0.32,0.352,-1.0998,50.009,NaN,NaN,NaN,NaN
0.32,0.336,-2.997,49.343,NaN,NaN,NaN,NaN
0.32,0.32,-4.3969,47.119,NaN,NaN,87597,87597
0.32,0.304,-5.9738,45.828,NaN,NaN,1.4695e+05,1.4695e+05
0.32,0.288,-5.0116,45.118,-9.6228e+05,-7.6865e+05,1.494e+05,1.494e+05
0.32,0.272,-5.4128,44.403,-9.3847e+05,-9.3276e+05,1.6374e+05,1.6374e+05
0.32,0.256,-7.312,44.039,-9.3521e+05,-8.5367e+05,1.5531e+05,1.5531e+05
0.32,0.24,-6.0669,45.336,-8.3885e+05,-7.0848e+05,1.5134e+05,1.5134e+05
0.32,0.224,-2.682,44.938,-5.9146e+05,-3.5251e+05,1.623e+05,1.623e+05
0.32,0.208,0.27785,44.952,-2.6762e+05,70681,1.77e+05,1.77e+05
0.32,0.192,1.4311,47.174,4481.2,4.2118e+05,1.8263e+05,1.8263e+05
0.32,0.176,2.0046,48.74,1.245e+05,7.5035e+05,1.6562e+05,1.6562e+05
0.32,0.16,1.6725,50.374,1.5599e+05,1.0446e+06,1.4229e+05,1.4229e+05
0.32,0.144,1.4442,52.596,1.5287e+05,1.4372e+06,99663,99663
0.32,0.128,1.7947,55.066,1.4693e+05,1.8752e+06,43329,43329
0.32,0.112,1.8325,56.656,1.7734e+05,2.1505e+06,12390,12390
0.32,0.096,1.521,57.94,2.6378e+05,2.3689e+06,26766,26766
0.32,0.08,1.9992,58.115,4.659e+05,2.4765e+06,58786,58786
0.32,0.064,2.6233,58.846,7.4585e+05,2.6416e+06,64825,64825
0.32,0.048,2.1609,59.374,6.1182e+05,1.8005e+06,45096,45096
0.32,0.032,1.4482,56.667,3.5576e+05,9.1712e+05,18183,18183
0.32,0.016,0.8045,54.64,0,0,4576.2,4576.2
0.336,0.496,2.244,41.06,0,0,0,0
0.336,0.48,2.4808,38.821,0,0,0,0
0.336,0.464,3.2225,39.515,NaN,NaN,0,0
0.336,0.448,2.78,40.903,NaN,NaN,NaN,NaN
0.336,0.432,1.3548,42.732,NaN,NaN,NaN,NaN
0.336,0.416,0.74846,45.32,NaN,NaN,NaN,NaN
0.336,0.4,0.30024,46.737,NaN,NaN,NaN,NaN
0.336,0.384,0.28126,46.995,NaN,NaN,2.7074e+05,2.7074e+05
0.336,0.368,-0.07364,46.375,NaN,NaN,2.43e+05,2.43e+05
0.336,0.352,-0.94348,45.118,NaN,NaN,2.3657e+05,2.3657e+05
0.336,0.336,-2.4157,44.739,NaN,NaN,1.674e+05,1.674e+05
0.336,0.32,-3.6491,44.649,NaN,NaN,1.0963e+05,1.0963e+05
0.336,0.304,-4.7426,44.96,-1.4746e+06,-3.6825e+05,1.113e+05,1.113e+05
0.336,0.288,-5.0403,43.828,-1.2023e+06,-6.9723e+05,1.3443e+05,1.3443e+05
0.336,0.272,-5.1548,41.829,-1.2041e+06,-9.3517e+05,1.6626e+05,1.6626e+05
0.336,0.256,-5.2034,40.952,-1.1499e+06,-9.8433e+05,1.5398e+05,1.5398e+05
0.336,0.24,-5.4764,41.606,-9.7501e+05,-8.7609e+05,1.3302e+05,1.3302e+05
0.336,0.224,-2.7203,42.368,-5.8249e+05,-3.4958e+05,1.2333e+05,1.2333e+05
0.336,0.208,0.29854,43.552,-1.2904e+05,3.8483e+05,1.6512e+05,1.6512e+05
0.336,0.192,1.5674,46.027,1.9012e+05,1.1177e+06,1.9766e+05,1.9766e+05
0.336,0.176,1.4619,47.432,3.4655e+05,1.7027e+06,1.9514e+05,1.9514e+05
0.336,0.16,1.7577,48.351,4.3579e+05,2.0596e+06,1.3674e+05,1.3674e+05
0.336,0.144,1.7137,49.855,4.7967e+05,2.2923e+06,63418,63418
0.336,0.128,1.561,50.37,5.2356e+05,2.6098e+06,4715.5,4715.5
0.336,0.112,2.0733,52.791,5.3873e+05,2.7285e+06,-6429.3,6429.3
0.336,0.096,1.8861,52.29,5.936e+05,2.781e+06,30905,30905
0.336,0.08,2.271,52.908,7.2547e+05,2.6765e+06,68316,68316
0.336,0.064,2.3404,53.635,9.497e+05,2.6535e+06,72934,72934
0.336,0.048,2.4327,54.332,7.2737e+05,1.7963e+06,49864,49864
0.336,0.032,2.024,51.978,4.0482e+05,8.8921e+05,19745,19745
0.336,0.016,0.3536,50.79,0,0,4835.8,4835.8
0.352,0.496,3.1275,40.441,0,0,0,0
0.352,0.48,3.9241,35.606,0,0,0,0
0.352,0.464,4.1138,36.78,NaN,NaN,0,0
0.352,0.448,2.307,37.656,NaN,NaN,NaN,NaN
0.352,0.432,0.4136,39.481,NaN,NaN,NaN,NaN
0.352,0.416,-0.065095,40.314,NaN,NaN,4.0716e+05,4.0716e+05
0.352,0.4,-0.6328,39.044,NaN,NaN,4.088e+05,4.088e+05
0.352,0.384,-0.82554,38.574,NaN,NaN,2.9393e+05,2.9393e+05
0.352,0.368,-1.1053,37.777,-8.1115e+05,-1.2092e+06,2.1131e+05,2.1131e+05
0.352,0.352,-1.755,37.132,-8.6482e+05,-9.5619e+05,1.5278e+05,1.5278e+05
0.352,0.336,-1.8814,38.211,-8.3388e+05,-6.1159e+05,1.0959e+05,1.0959e+05
0.352,0.32,-2.5727,38.608,-6.8707e+05,-3.0646e+05,81867,81867
0.352,0.304,-4.1754,39.732,-7.5669e+05,-5.7603e+05,91970,91970
0.352,0.288,-5.3389,39.049,-8.9801e+05,-1.0593e+06,1.1922e+05,1.1922e+05
0.352,0.272,-4.716,38.172,-1.0963e+06,-1.5077e+06,1.5763e+05,1.5763e+05
0.352,0.256,-4.7494,36.67,-1.0917e+06,-1.5586e+06,1.4849e+05,1.4849e+05
0.352,0.24,-3.4367,38.283,-8.5755e+05,-1.1402e+06,1.3258e+05,1.3258e+05
0.352,0.224,-1.5073,38.756,-4.0664e+05,44491,1.1929e+05,1.1929e+05
0.352,0.208,0.26857,42.077,65247,1.4468e+06,1.4759e+05,1.4759e+05
0.352,0.192,1.6835,45.116,3.9124e+05,2.6518e+06,1.7829e+05,1.7829e+05
0.352,0.176,2.8003,45.805,5.856e+05,3.4231e+06,1.8424e+05,1.8424e+05
0.352,0.16,3.2746,46.976,6.5731e+05,3.7791e+06,1.2843e+05,1.2843e+05
0.352,0.144,3.3303,47.88,6.2851e+05,3.8496e+06,46827,46827
0.352,0.128,2.6702,47.247,5.8951e+05,3.963e+06,-10994,10994
0.352,0.112,3.3965,49.605,5.7346e+05,3.8247e+06,-8469.3,8469.3
0.352,0.096,2.5943,49.243,6.7447e+05,3.7639e+06,42269,42269
0.352,0.08,1.5425,48.855,8.3361e+05,3.5165e+06,77253,77253
0.352,0.064,1.2629,48.432,1.0359e+06,3.2607e+06,77671,77671
0.352,0.048,1.0011,47.364,7.517e+05,2.0693e+06,49598,49598
0.352,0.032,1.5477,46.074,4.033e+05,9.1381e+05,18738,18738
0.352,0.016,0.93907,42.814,0,0,4307.9,4307.9
0.368,0.496,3.1675,37.183,0,0,0,0
0.368,0.48,4.8531,33.664,0,0,0,0
0.368,0.464,3.5793,33.528,NaN,NaN,0,0
0.368,0.448,1.8175,32.234,NaN,NaN,2.5349e+05,2.5349e+05
0.368,0.432,1.2591,30.977,NaN,NaN,2.8723e+05,2.8723e+05
0.368,0.416,1.3051,29.468,NaN,NaN,2.8008e+05,2.8008e+05
0.368,0.4,0.6219,28.811,21189,-6.5749e+05,2.8173e+05,2.8173e+05
0.368,0.384,-0.35679,28.375,9455.5,-3.874e+05,2.1892e+05,2.1892e+05
0.368,0.368,-0.41639,27.688,-1.5661e+05,-5.0071e+05,1.6862e+05,1.6862e+05
0.368,0.352,-0.34773,27.704,-2.5781e+05,-2.8542e+05,1.2723e+05,1.2723e+05
0.368,0.336,-0.65159,30.219,-3.3014e+05,-1.4988e+05,94514,94514
0.368,0.32,-0.018318,31.793,-3.6622e+05,-1.2748e+05,71917,71917
0.368,0.304,-0.65178,30.61,-5.491e+05,-6.8619e+05,83270,83270
0.368,0.288,-2.3097,28.151,-7.0708e+05,-1.4546e+06,1.0483e+05,1.0483e+05
0.368,0.272,-4.0137,26.721,-8.6833e+05,-1.9332e+06,1.4639e+05,1.4639e+05
0.368,0.256,-6.4044,27.503,-8.6269e+05,-1.8914e+06,1.4539e+05,1.4539e+05
0.368,0.24,-4.6884,28.263,-6.741e+05,-1.0102e+06,1.5938e+05,1.5938e+05
0.368,0.224,-0.93055,30.771,-2.8156e+05,6.0693e+05,1.518e+05,1.518e+05
0.368,0.208,1.7955,37.726,2.0902e+05,2.5073e+06,1.6012e+05,1.6012e+05
0.368,0.192,3.9133,40.37,6.1707e+05,4.0887e+06,1.5429e+05,1.5429e+05
0.368,0.176,5.3013,43.158,8.1394e+05,4.9675e+06,1.4602e+05,1.4602e+05
0.368,0.16,5.2624,44.279,7.9056e+05,5.1061e+06,1.0867e+05,1.0867e+05
0.368,0.144,4.9418,44.257,6.9341e+05,4.9263e+06,52990,52990
0.368,0.128,4.0567,44.718,6.2629e+05,4.7967e+06,9254.9,9254.9
0.368,0.112,3.0998,45.509,6.6902e+05,4.6199e+06,8717.3,8717.3
0.368,0.096,2.1126,44.756,8.2559e+05,4.5496e+06,53435,53435
0.368,0.08,3.1995,45.276,9.5819e+05,4.153e+06,80940,80940
0.368,0.064,2.6022,45.595,9.3744e+05,3.3271e+06,73907,73907
0.368,0.048,0.69096,43.84,5.5994e+05,1.8283e+06,42557,42557
0.368,0.032,0.68849,41.293,2.4063e+05,6.2017e+05,15415,15415
0.368,0.016,-0.91793,37.759,0,0,4122.6,4122.6
0.384,0.496,3.706,35.61,0,0,0,0
0.384,0.48,3.4293,30.655,0,0,1377.4,1377.4
0.384,0.464,3.2903,27.037,NaN,NaN,5832.4,5832.4
0.384,0.448,2.9575,25.132,NaN,NaN,78534,78534
0.384,0.432,1.0595,24.401,-3.7211e+05,-1.5601e+06,1.3395e+05,1.3395e+05
0.384,0.416,0.74598,21.546,-2.7427e+05,-1.5399e+06,1.7869e+05,1.7869e+05
0.384,0.4,0.77045,19.782,-2.2195e+05,-1.2183e+06,1.9588e+05,1.9588e+05
0.384,0.384,2.6958,18.049,-1.0614e+05,-6.1718e+05,1.6061e+05,1.6061e+05
0.384,0.368,2.7482,19.199,-81348,-1.5767e+05,1.1777e+05,1.1777e+05
0.384,0.352,2.2642,19.066,-46744,2.9636e+05,71302,71302
0.384,0.336,2.217,21.31,-1.1975e+05,3.5192e+05,61538,61538
0.384,0.32,0.61365,22.844,-2.999e+05,1.1586e+05,52861,52861
0.384,0.304,-1.8759,19.996,-4.879e+05,-6.6319e+05,72976,72976
0.384,0.288,-3.2658,16.98,-6.2931e+05,-1.6489e+06,84995,84995
0.384,0.272,-3.2045,13.96,-7.0191e+05,-2.2236e+06,1.2925e+05,1.2925e+05
0.384,0.256,-2.8751,16.778,-6.8788e+05,-1.9737e+06,1.3786e+05,1.3786e+05
0.384,0.24,-2.8667,20.321,-5.5523e+05,-6.831e+05,1.606e+05,1.606e+05
0.384,0.224,-0.91953,23.383,-2.1534e+05,1.1164e+06,1.5224e+05,1.5224e+05
0.384,0.208,2.0114,30.184,2.3563e+05,3.1108e+06,1.3223e+05,1.3223e+05
0.384,0.192,5.7211,37.241,6.4827e+05,4.4869e+06,1.0175e+05,1.0175e+05
0.384,0.176,6.1069,38.117,9.0372e+05,5.088e+06,72026,72026
0.384,0.16,4.8025,39.059,9.0767e+05,4.8846e+06,62650,62650
0.384,0.144,3.3055,37.105,8.5171e+05,4.608e+06,41099,41099
0.384,0.128,3.0667,37.872,7.611e+05,4.3881e+06,24855,24855
0.384,0.112,1.1468,39.326,8.7456e+05,4.2929e+06,20354,20354
0.384,0.096,2.2856,39.505,9.2507e+05,4.1775e+06,48542,48542
0.384,0.08,4.4496,39.94,8.0411e+05,3.6869e+06,56946,56946
0.384,0.064,3.0086,37.069,2.6082e+05,2.3283e+06,49380,49380
0.384,0.048,3.708,32.248,-57751,9.2544e+05,23742,23742
0.384,0.032,2.6418,30.375,-1.6484e+05,-5285,10202,10202
0.384,0.016,-1.5419,27.058,0,0,2600.7,2600.7
0.4,0.496,3.5844,25.821,0,0,-185.23,185.23
0.4,0.48,1.5656,22.584,0,0,304.67,304.67
0.4,0.464,2.6134,19.831,84468,-6.6207e+05,3015.7,3015.7
0.4,0.448,1.4275,18.141,58083,-5.5795e+05,43555,43555
0.4,0.432,0.16592,14.814,-76000,-7.4797e+05,85033,85033
0.4,0.416,0.72324,10.132,-1.3545e+05,-7.9974e+05,96870,96870
0.4,0.4,0.6098,9.1096,-1.7521e+05,-6.522e+05,90968,90968
0.4,0.384,-0.3171,12.558,-1.0709e+05,-2.9186e+05,72513,72513
0.4,0.368,1.2067,14.807,44343,1.929e+05,67580,67580
0.4,0.352,2.2096,14.895,3.2166e+05,7.253e+05,57659,57659
0.4,0.336,2.1311,14.991,4.374e+05,9.5958e+05,45575,45575
0.4,0.32,-0.17497,15.142,1.3141e+05,5.8421e+05,37093,37093
0.4,0.304,-2.522,14.737,-3.4801e+05,-2.8298e+05,51934,51934
0.4,0.288,-4.0003,12.872,-7.1729e+05,-1.1946e+06,59168,59168
0.4,0.272,-4.0262,10.743,-7.1066e+05,-1.5215e+06,93776,93776
0.4,0.256,-3.2531,11.955,-5.6662e+05,-1.2401e+06,99521,99521
0.4,0.24,-1.7852,14.724,-3.5777e+05,-2.9608e+05,1.1548e+05,1.1548e+05
0.4,0.224,0.99669,20.899,-74529,8.1272e+05,1.0641e+05,1.0641e+05
0.4,0.208,2.9289,23.78,2.702e+05,2.2313e+06,86396,86396
0.4,0.192,4.4181,29.704,5.89e+05,3.2679e+06,56763,56763
0.4,0.176,4.8672,30.407,7.9898e+05,3.8207e+06,19359,19359
0.4,0.16,4.3209,28.868,8.7186e+05,3.6507e+06,11103,11103
0.4,0.144,2.9073,26.728,1.029e+06,3.5042e+06,5823.7,5823.7
0.4,0.128,2.8481,29.666,1.1694e+06,3.3604e+06,11565,11565
0.4,0.112,2.8889,28.293,1.1711e+06,2.9053e+06,14513,14513
0.4,0.096,4.7475,25.19,8.1536e+05,2.4273e+06,26239,26239
0.4,0.08,-0.081191,30.332,1.3396e+05,1.6353e+06,28635,28635
0.4,0.064,-8.5036,37.272,-9.0212e+05,3.9691e+05,23434,23434
0.4,0.048,-7.5131,27.979,-9.7204e+05,-3.213e+05,14999,14999
0.4,0.032,-7.8519,27.211,-7.324e+05,-6.1165e+05,8787.7,8787.7
0.4,0.016,-2.94,19.498,0,0,3199.6,3199.6
0.416,0.496,-0.36021,14.646,0,0,-484.29,484.29
0.416,0.48,-0.2029,13.184,0,0,-738.66,738.66
0.416,0.464,-0.43382,10.11,-1.1969e+05,-4.587e+05,225.27,225.27
0.416,0.448,1.643,8.5896,-1.3605e+05,-4.2647e+05,3384.3,3384.3
0.416,0.432,1.8686,5.6654,-1.1663e+05,-5.0401e+05,8404.9,8404.9
0.416,0.416,0.37687,1.7572,-2.1249e+05,-7.2631e+05,16295,16295
0.416,0.4,-0.53712,3.7782,-2.8521e+05,-6.5613e+05,28283,28283
0.416,0.384,-0.014575,8.7262,-11367,-3.0053e+05,40882,40882
0.416,0.368,-0.77799,6.439,4.7196e+05,4.922e+05,40297,40297
0.416,0.352,0.53884,8.4744,1.2258e+06,1.1602e+06,30629,30629
0.416,0.336,2.5275,10.526,1.1895e+06,1.3943e+06,18533,18533
0.416,0.32,2.1278,13.062,6.311e+05,1.0493e+06,21042,21042
0.416,0.304,-1.3357,12.793,-3.0984e+05,2.8106e+05,43548,43548
0.416,0.288,-2.6237,11.186,-8.0146e+05,-4.7912e+05,52565,52565
0.416,0.272,-3.4445,11.243,-7.4778e+05,-8.6657e+05,63325,63325
0.416,0.256,-3.5224,11.225,-4.9109e+05,-8.3575e+05,46486,46486
0.416,0.24,-3.6486,11.112,-2.3615e+05,-3.9336e+05,28092,28092
0.416,0.224,-2.3514,11.846,-1.0201e+05,10589,12029,12029
0.416,0.208,-0.77627,13.291,-1.8038e+05,2.3126e+05,2558.2,2558.2
0.416,0.192,-0.91098,19.048,-3.0751e+05,2.0605e+05,6492.7,6492.7
0.416,0.176,-0.23364,21.816,-2.1004e+05,9.4707e+05,-7343.3,7343.3
0.416,0.16,1.2502,22.997,1.0905e+06,1.4923e+06,-18330,18330
0.416,0.144,2.3367,22.771,5.0148e+06,1.3191e+06,-26777,26777
0.416,0.128,5.4125,22.274,5.6574e+06,4.1112e+05,-13710,13710
0.416,0.112,4.6635,15.621,4.6017e+06,-3.7792e+05,977.51,977.51
0.416,0.096,2.2342,8.952,3.0608e+05,-4.1252e+05,12661,12661
0.416,0.08,-9.106,30.055,-8.3952e+05,-4.782e+05,13151,13151
0.416,0.064,-15.16,38.63,-2.6025e+06,-1.233e+06,15337,15337
0.416,0.048,-22.334,38.314,-2.0087e+06,-1.049e+06,14596,14596
0.416,0.032,-20.656,28.554,-1.4612e+06,-8.6158e+05,9400.8,9400.8
0.416,0.016,-9.2379,16.838,0,0,2323.9,2323.9
0.432,0.496,1.6798,11.215,0,0,-640.53,640.53
0.432,0.48,3.9506,9.8118,1.7869e+05,1.0419e+05,-2752,2752
0.432,0.464,3.9975,7.3495,2.1905e+05,-33404,-5402.1,5402.1
0.432,0.448,2.5241,5.3746,32553,-92660,-8044,8044
0.432,0.432,0.84393,2.914,-54385,-1.5917e+05,-6678.9,6678.9
0.432,0.416,0.086777,-0.023194,-93121,-2.8607e+05,-2248.9,2248.9
0.432,0.4,-4.4566,0.06019,-3.193e+05,-4.9635e+05,9927.8,9927.8
0.432,0.384,-3.6957,3.6658,88767,-2.7827e+05,23318,23318
0.432,0.368,1.987,4.4178,1.5348e+06,4.9436e+05,19863,19863
0.432,0.352,2.7564,7.3337,3.01e+06,1.3681e+06,9440.3,9440.3
0.432,0.336,5.018,8.228,3.6249e+06,2.0569e+06,-119.94,119.94
0.432,0.32,3.0499,10.176,2.3184e+06,1.9987e+06,22638,22638
0.432,0.304,-0.018393,11.072,8.64e+05,1.3384e+06,58370,58370
0.432,0.288,-1.5531,9.9818,-3.6937e+05,3.0798e+05,82619,82619
0.432,0.272,-2.2149,9.4708,-8.1621e+05,-1.1525e+06,82011,82011
0.432,0.256,-2.0512,9.3026,-5.8985e+05,-1.2259e+06,57890,57890
0.432,0.24,-4.7592,9.3518,2.6908e+05,-1.0791e+06,9658.7,9658.7
0.432,0.224,-5.1352,8.4666,1.8313e+06,-6.9338e+05,-24857,24857
0.432,0.208,-5.1427,7.3796,2.8086e+06,-1.4831e+06,-40185,40185
0.432,0.192,-7.3165,4.3469,1.9992e+06,-1.8851e+06,-8497,8497
0.432,0.176,-9.313,6.3777,3.9518e+05,-1.2647e+06,8878.8,8878.8
0.432,0.16,-8.2767,28.344,1.84e+05,2.6587e+05,3413.9,3413.9
0.432,0.144,4.7177,16.353,3.8957e+06,5.2779e+05,-26142,26142
0.432,0.128,7.2379,15.919,5.2804e+06,-1.378e+05,-33056,33056
0.432,0.112,6.0416,7.3436,4.6319e+06,-8.7876e+05,-14221,14221
0.432,0.096,-2.1425,13.136,4.3873e+05,-1.3865e+05,8579.3,8579.3
0.432,0.08,-23.186,35.135,-1.0314e+06,4.9408e+05,21692,21692
0.432,0.064,-48.013,118.49,-3.1788e+06,-6.3281e+05,19257,19257
0.432,0.048,-37.006,35.376,-2.3525e+06,-1.3819e+06,16970,16970
0.432,0.032,-36.949,32.051,-1.6036e+06,-1.004e+06,7436.9,7436.9
0.432,0.016,-22.98,18.409,0,0,1748.2,1748.2
0.448,0.496,1.3671,6.8509,0,0,-551.16,551.16
0.448,0.48,3.5955,7.0197,2.2002e+05,87886,-2505.6,2505.6
0.448,0.464,5.0961,5.7499,4.4296e+05,1.8849e+05,-6026.8,6026.8
0.448,0.448,4.0441,4.8254,5.2631e+05,2.1862e+05,-8503.2,8503.2
0.448,0.432,2.7888,3.2671,1.292e+06,4.7498e+05,-5590.3,5590.3
0.448,0.416,2.2645,1.0046,1.6867e+05,-6.3684e+05,2060.7,2060.7
0.448,0.4,-0.57673,-0.12621,-1.2762e+06,-2.0349e+06,14964,14964
0.448,0.384,-9.1953,0.3613,-2.0984e+06,-2.5614e+06,17054,17054
0.448,0.368,-1.3997,3.5373,-3.3025e+05,-2.4292e+06,3302.8,3302.8
0.448,0.352,2.9958,6.1871,1.4967e+06,-1.9984e+06,-10177,10177
0.448,0.336,5.8896,3.5402,1.8154e+06,-2.5227e+06,-2680,2680
0.448,0.32,4.5657,4.3853,1.684e+06,-4.1521e+05,41917,41917
0.448,0.304,1.7212,5.7725,1.0073e+06,3.9931e+05,94727,94727
0.448,0.288,-0.8496,5.09,2.1195e+05,6.7051e+05,1.2867e+05,1.2867e+05
0.448,0.272,-1.0986,5.2525,-2.1655e+06,-1.0278e+06,1.328e+05,1.328e+05
0.448,0.256,-15.454,0.19904,-2.4061e+06,-1.1645e+06,1.0163e+05,1.0163e+05
0.448,0.24,-2.6864,9.3557,-1.5061e+06,-7.5187e+05,37265,37265
0.448,0.224,0.026184,6.5113,2.6227e+06,-9.5238e+05,-19743,19743
0.448,0.208,1.2633,4.3309,1.8363e+06,-1.1869e+06,-40604,40604
0.448,0.192,1.7933,2.9164,7.5932e+05,-2.0058e+06,-2465.1,2465.1
0.448,0.176,-0.46879,4.5514,-1.3432e+06,-1.5098e+06,28966,28966
0.448,0.16,-20.944,25.869,-1.067e+05,-6.9575e+05,34735,34735
0.448,0.144,-14.752,43.503,5.2463e+06,-4.2376e+05,5467.3,5467.3
0.448,0.128,-6.9069,28.486,5.951e+06,-1.5674e+06,-9442.3,9442.3
0.448,0.112,0.44625,11.473,4.3881e+06,-1.4791e+06,-820.01,820.01
0.448,0.096,0.42717,26.256,46423,-2.1387e+05,25288,25288
0.448,0.08,-4.4891,51.338,-1.1413e+06,1.6658e+06,36424,36424
0.448,0.064,-114.05,132.76,-3.7777e+06,-1.7313e+05,27055,27055
0.448,0.048,-15.427,23.417,-2.0982e+06,-1.3433e+06,11563,11563
0.448,0.032,-22.89,27.482,-1.3114e+06,-8.3959e+05,1831.2,1831.2
0.448,0.016,-116.54,9.9977,0,0,-428.62,428.62
0.464,0.496,0.069281,4.636,-1.4937e+05,17873,-59.547,59.547
0.464,0.48,0.82293,4.3231,-7128.3,72166,-1463.8,1463.8
0.464,0.464,3.5571,2.8613,1.8286e+05,1.7803e+05,-4126.9,4126.9
0.464,0.448,4.429,1.6448,3.4846e+05,1.9078e+05,-5674.4,5674.4
0.464,0.432,3.7638,1.7786,1.8399e+05,-6.2886e+05,-71.03,71.03
0.464,0.416,2.6549,1.3321,-2.0434e+06,-2.2261e+06,6678.3,6678.3
0.464,0.4,-43.726,-9.3859,-4.2963e+06,-4.5948e+06,13505,13505
0.464,0.384,-40.448,-7.0222,-4.5183e+06,-4.1797e+06,6855.8,6855.8
0.464,0.368,-10.68,0.022874,-2.2138e+06,-4.0774e+06,-10561,10561
0.464,0.352,-30.549,-14.101,-1.9077e+05,-3.7025e+06,-15401,15401
0.464,0.336,-19.277,-20.191,-1.5335e+05,-5.8777e+06,6790,6790
0.464,0.32,-15.176,-24.137,-2.9974e+05,-5.1646e+06,63475,63475
0.464,0.304,0.96737,2.0207,-4.7031e+05,-3.405e+06,1.1569e+05,1.1569e+05
0.464,0.288,0.76579,1.5854,-1.8428e+06,-1.1287e+06,1.4371e+05,1.4371e+05
0.464,0.272,-14.045,1.8016,-4.1005e+06,-9.9426e+05,1.5445e+05,1.5445e+05
0.464,0.256,-65.469,19.52,-5.0449e+06,-1.0659e+06,1.3343e+05,1.3343e+05
0.464,0.24,-92.611,25.641,-2.4647e+06,-7.5512e+05,80710,80710
0.464,0.224,-101.46,37.335,5.677e+06,-6.9446e+05,26240,26240
0.464,0.208,-81.374,39.077,4.0232e+06,-62154,-48.774,48.774
0.464,0.192,-52.904,43.181,2.6679e+06,-3.4673e+05,24635,24635
0.464,0.176,-71.203,82.689,-8.9833e+05,-4.742e+05,35121,35121
0.464,0.16,-39.893,80.037,-1.7319e+06,-2.8345e+05,35262,35262
0.464,0.144,37.362,2.3917,-2.1531e+06,7.9621e+05,10621,10621
0.464,0.128,27.16,5.197,-66319,3.5769e+05,-3613,3613
0.464,0.112,-3.503,0.76063,8.8123e+05,14965,1304.4,1304.4
0.464,0.096,-10.443,23.538,3.5662e+05,6.8933e+05,19212,19212
0.464,0.08,-128.72,81.831,-77157,1.9554e+06,30673,30673
0.464,0.064,-160.87,23.801,-2.1611e+06,1.6179e+06,20249,20249
0.464,0.048,6.9929,15.25,-9.1135e+05,-4.1235e+05,6371.9,6371.9
0.464,0.032,-42.717,-14.32,-5.6959e+05,-2.5772e+05,-903.39,903.39
0.464,0.016,-36.215,0.49261,0,0,-951.87,951.87
0.48,0.496,6.9378,4.5618,-1.307e+05,15639,254.78,254.78
0.48,0.48,1.8768,3.054,-95583,11049,-410.9,410.9
0.48,0.464,0.67689,1.5725,20559,57803,-1921.1,1921.1
0.48,0.448,-0.56219,-0.088254,2.6268e+05,73308,-2231.7,2231.7
0.48,0.432,-5.4248,-0.31365,1.8901e+05,-6.8835e+05,1153,1153
0.48,0.416,-44.752,-14.403,-2.0782e+06,-2.2434e+06,2674.7,2674.7
0.48,0.4,-53.989,-11.921,-4.1612e+06,-4.2861e+06,1676.2,1676.2
0.48,0.384,-48.938,-11.574,-4.5573e+06,-3.9452e+06,-13549,13549
0.48,0.368,-5.4503,1.2795,-3.283e+06,-4.1794e+06,-29161,29161
0.48,0.352,-10.608,-1.5099,-2.0767e+06,-4.3323e+06,-32962,32962
0.48,0.336,-18.374,-11.626,-2.6891e+06,-6.9922e+06,-11588,11588
0.48,0.32,-21.99,-27.852,-1.9313e+06,-6.3147e+06,29802,29802
0.48,0.304,-25.052,-29.96,-1.4195e+06,-4.2919e+06,74068,74068
0.48,0.288,-13.491,9.7646,-1.9536e+06,-1.4209e+06,95720,95720
0.48,0.272,-58.429,21.245,-3.6973e+06,6360.1,1.0444e+05,1.0444e+05
0.48,0.256,-104.79,86.825,-4.5749e+06,2.1388e+05,83671,83671
0.48,0.24,-282.81,130.19,-3.2958e+06,8.0155e+05,56139,56139
0.48,0.224,-163.18,0.2239,0,0,26712,26712
0.48,0.208,-636.53,40.695,-2.8007e+06,1.5989e+06,16880,16880
0.48,0.192,-355.91,385.88,-2.8007e+06,1.5989e+06,25062,25062
0.48,0.176,-170.28,414.03,-2.8007e+06,1.5989e+06,26842,26842
0.48,0.16,-260.32,274.3,0,0,26415,26415
0.48,0.144,170.54,-87.706,0,0,17265,17265
0.48,0.128,15.243,-4.1105,-1.0388e+05,-5.016e+05,10010,10010
0.48,0.112,2.0662,-1.0149,2.5086e+05,-6.6849e+05,7554.7,7554.7
0.48,0.096,3.2186,-1.4269,-1.818e+05,-5.852e+05,14998,14998
0.48,0.08,-20.748,39.53,-1.5583e+05,-3.6226e+05,22198,22198
0.48,0.064,187.63,209.23,-8.0004e+05,5.2472e+05,16592,16592
0.48,0.048,-1.062,11.7,-1.3163e+05,4.3763e+05,7047.6,7047.6
0.48,0.032,-12.849,10.386,-98722,3.2822e+05,321.54,321.54
0.48,0.016,-0.14568,-0.16492,0,0,-166.16,166.16
0.496,0.496,8.6555,-3.3196,-1.1617e+05,13901,366.45,366.45
0.496,0.48,7.1147,3.4611,-1.2778e+05,7303.6,176.88,176.88
0.496,0.464,2.1018,1.2048,-1.3985e+05,5380.6,-382.39,382.39
0.496,0.448,-0.61672,-0.715,-1.9274e+05,-69103,-762.74,762.74
0.496,0.432,-28.872,-7.246,-1.165e+06,-1.1634e+06,-1200.1,1200.1
0.496,0.416,-49.891,-30.72,-2.3257e+06,-1.7906e+06,-4899.5,4899.5
0.496,0.4,-222.36,-44.175,-3.1666e+06,-2.7817e+06,-11166,11166
0.496,0.384,-359.86,-169,-2.334e+06,-1.7455e+06,-19782,19782
0.496,0.368,-163.73,38.09,-1.4355e+06,-1.437e+06,-25833,25833
0.496,0.352,-14.997,-5.1711,-7.3441e+05,-1.2152e+06,-22759,22759
0.496,0.336,5.7406,19.972,-1.1588e+06,-2.8164e+06,-10418,10418
0.496,0.32,-193.83,-416.04,-1.4992e+06,-4.2671e+06,11283,11283
0.496,0.304,-34.868,-35.707,-1.5302e+06,-3.518e+06,32778,32778
0.496,0.288,-58.701,-15.622,-2.2953e+06,-1.7179e+06,42962,42962
0.496,0.272,-75.903,23.909,-1.8907e+06,60048,45854,45854
0.496,0.256,-216.82,169.97,-1.7237e+06,1.7255e+05,36013,36013
0.496,0.24,-100.04,-20.178,0,0,24359,24359
0.496,0.224,-269.37,-18.453,0,0,17196,17196
0.496,0.208,3.8684,-6.9001,0,0,13745,13745
0.496,0.192,3.6625,4.5913,0,0,16312,16312
0.496,0.176,-223.94,283.31,0,0,8764.7,8764.7
0.496,0.16,-4.2611,485.49,0,0,3761.6,3761.6
0.496,0.144,-13.801,-153.16,0,0,-953.94,953.94
0.496,0.128,0.21538,0.29483,45940,-6206.8,-1582.5,1582.5
0.496,0.112,-0.3915,0.73258,5.6261e+05,-4.2859e+05,-769.56,769.56
0.496,0.096,-0.49266,-1.9679,1.4338e+05,-3.8121e+05,2311.5,2311.5
0.496,0.08,-24.277,44.8,1.2111e+05,-4.2343e+05,7099.9,7099.9
0.496,0.064,-11.685,204.56,-5.0003e+05,3.2795e+05,7892.7,7892.7
0.496,0.048,-206.63,-2.9721,-98722,3.2822e+05,5698.2,5698.2
0.496,0.032,-105.02,-56.716,-87753,2.9175e+05,1999.9,1999.9
0.496,0.016,-67.15,52.298,0,0,329.27,329.27
