0.016,0.496,0.66502,3.8188,-1489.7,-48908,101.52,101.52
0.016,0.48,1.0627,1.6647,16183,-43959,61.158,61.158
0.016,0.464,-1.916,1.4205,20190,-60458,284.56,284.56
0.016,0.448,-0.94362,1.4564,24447,-18504,577.51,577.51
0.016,0.432,1.519,0.60906,8880.3,-28368,803.01,803.01
0.016,0.416,0.8525,0.67434,1727.8,-11188,885.13,885.13
0.016,0.4,3.4927,-0.9224,419.62,-4087.8,590.63,590.63
0.016,0.384,4.9977,-0.69683,-5964.7,707.07,58.894,58.894
0.016,0.368,5.6152,-0.51151,-5754.2,-628.39,-2674.9,2674.9
0.016,0.352,3.52,0.042796,-13015,173.56,-4919.9,4919.9
0.016,0.336,5.4848,0.16102,-13624,-702.25,-7503.3,7503.3
0.016,0.32,3.5662,1.7451,-11388,-1704.3,-4267.2,4267.2
0.016,0.304,0.31792,0.48082,-11935,-98.774,-4366.8,4366.8
0.016,0.288,1.2373,-0.90788,-10678,2180.5,-9413.3,9413.3
0.016,0.272,2.2433,-1.9917,-12811,5353.3,-16891,16891
0.016,0.256,0.7526,1.4426,-15488,2277.1,-18852,18852
0.016,0.24,3.1092,0.48883,-36370,-2218.8,-12299,12299
0.016,0.224,7.8235,0.84413,-35712,-5010.1,-5521.5,5521.5
0.016,0.208,6.4186,0.46736,-25743,-5133.7,-1356.2,1356.2
0.016,0.192,0.96002,-0.16944,1059.6,-3735.6,-0.33319,0.33319
0.016,0.176,-0.87559,-0.49943,3375.7,-2907.4,-214.11,214.11
0.016,0.16,-0.66046,-0.73621,3224.8,578.41,-351.83,351.83
0.016,0.144,-1.0303,0.076084,-302.62,4337,-461.32,461.32
0.016,0.128,2.0622,-2.5303,-9950.7,6437.3,-596.22,596.22
0.016,0.112,6.0779,-0.20385,-22207,-7577.4,-383.06,383.06
0.016,0.096,1.7092,2.8034,-28670,-9613.2,-348.72,348.72
0.016,0.08,6.3954,-0.21674,-19304,-11962,-61.916,61.916
0.016,0.064,8.3927,-0.040563,-15663,2538.7,62.003,62.003
0.016,0.048,1.1211,-1.7815,-7962.1,2629.9,271.18,271.18
0.016,0.032,2.4394,0.10916,-7822.3,3326.1,184.09,184.09
0.016,0.016,4.5858,-10.655,0,0,108.43,108.43
0.032,0.496,-0.73171,5.3498,-1675.9,-55021,574.04,574.04
0.032,0.48,-0.33314,2.3307,13395,-55773,1219.5,1219.5
0.032,0.464,0.99646,2.8818,6961.3,-92946,2298.3,2298.3
0.032,0.448,1.238,0.9347,-4307.9,-32220,2793.7,2793.7
0.032,0.432,0.85907,1.0428,-2384,-52001,2718.3,2718.3
0.032,0.416,1.3045,0.9783,-17457,-6328.2,2004.2,2004.2
0.032,0.4,-0.14194,-0.27659,-31512,-23853,1271.5,1271.5
0.032,0.384,0.045977,0.060997,-44177,368.03,843.71,843.71
0.032,0.368,-0.11283,0.036431,-27300,-10733,466.37,466.37
0.032,0.352,-0.11832,-0.19886,-12281,6262.1,77.909,77.909
0.032,0.336,-0.22193,0.28352,-25103,-631.2,-272.91,272.91
0.032,0.32,-0.17279,-0.060814,-28744,-4857.8,-585.31,585.31
0.032,0.304,-0.21843,-0.25976,-29607,291.1,-649,649
0.032,0.288,-0.56161,0.041043,-26898,2437,-734.21,734.21
0.032,0.272,-0.21141,-0.27496,-37509,-1306.6,-830.17,830.17
0.032,0.256,-0.19428,0.11742,-49374,-29919,-448.93,448.93
0.032,0.24,-0.63238,0.50217,-82148,-39286,-106.8,106.8
0.032,0.224,-0.41842,-0.10273,-73614,-30850,221.67,221.67
0.032,0.208,-0.028646,-0.27778,-48578,-5530.4,159.94,159.94
0.032,0.192,0.42503,-0.023533,-5973.2,8699.5,122.05,122.05
0.032,0.176,0.42691,-0.1069,-3837.1,4794.4,94.643,94.643
0.032,0.16,-0.015513,0.12882,-17752,-9282,-68.051,68.051
0.032,0.144,-0.48966,0.39975,-40397,-11566,-304.97,304.97
0.032,0.128,-0.12988,-0.16016,-68171,-2806.5,-676.91,676.91
0.032,0.112,-0.2751,0.088002,-86096,-10718,-1081.3,1081.3
0.032,0.096,-0.68856,0.026521,-1.2377e+05,7471.2,-613.72,613.72
0.032,0.08,-0.16873,-0.085763,-1.1749e+05,-5463.5,-73.176,73.176
0.032,0.064,0.0035114,0.044287,-92403,-12098,490.28,490.28
0.032,0.048,-0.45799,-0.46328,-34462,-31890,371.45,371.45
0.032,0.032,0.33114,-0.22815,-5464.2,-25805,224.04,224.04
0.032,0.016,0.36567,-5.3168,0,0,221.15,221.15
0.048,0.496,-1.1704,5.8549,-1915.3,-62882,412.68,412.68
0.048,0.48,0.61143,3.3758,4975.1,-68227,1022.5,1022.5
0.048,0.464,1.0813,2.9979,-4154.5,-1.7187e+05,2056.4,2056.4
0.048,0.448,1.1024,1.3321,-51179,-51635,3249,3249
0.048,0.432,0.051399,2.0694,-49244,-80573,3808.1,3808.1
0.048,0.416,1.6376,1.399,-60693,-25179,3475,3475
0.048,0.4,-0.45753,1.8192,-38769,-89890,2463.1,2463.1
0.048,0.384,-1.6349,-0.75278,-40933,-63999,1536.4,1536.4
0.048,0.368,0.045623,0.46547,-27728,-35080,1009.7,1009.7
0.048,0.352,-0.19824,0.33514,-12321,-3481.4,383.8,383.8
0.048,0.336,-0.86692,0.25051,-27799,-541.22,-196.15,196.15
0.048,0.32,-0.86537,-0.015379,-29659,-7867.2,-625.36,625.36
0.048,0.304,-1.0367,0.0095445,-28766,-3212,-945.38,945.38
0.048,0.288,-0.89793,0.78035,-34688,7299.8,-868.32,868.32
0.048,0.272,-0.81872,-0.29627,-46563,4970.9,-768.14,768.14
0.048,0.256,-1.5839,-0.69249,-57422,-19564,-191.81,191.81
0.048,0.24,-1.7568,-1.0025,-79522,-33547,417.45,417.45
0.048,0.224,-1.6252,-0.52518,-67673,-24278,1144.9,1144.9
0.048,0.208,-0.99551,-0.033651,-44611,-2967.6,1559.3,1559.3
0.048,0.192,-0.13218,0.26446,-2764.3,11113,1592.6,1592.6
0.048,0.176,-0.14759,0.89021,-3356.2,6566.6,1233,1233
0.048,0.16,-1.0615,-0.081746,-16277,-6732.2,971.8,971.8
0.048,0.144,-1.7009,-0.66416,-39964,-11400,782.21,782.21
0.048,0.128,-1.7814,-0.19304,-62390,-3517,544.9,544.9
0.048,0.112,-2.0874,0.36695,-72713,-9187.9,914.73,914.73
0.048,0.096,-2.1288,-0.32355,-1.0286e+05,11311,1966.9,1966.9
0.048,0.08,-2.8637,0.95463,-79272,-41027,2685.4,2685.4
0.048,0.064,-1.5327,-0.70759,-57616,-50180,2423.3,2423.3
0.048,0.048,0.47522,-1.1053,-7255.3,-72357,1505.3,1505.3
0.048,0.032,1.595,0.073403,-599.72,-26670,724.6,724.6
0.048,0.016,-0.12216,-3.3498,0,0,413.04,413.04
0.064,0.496,0.70528,2.5207,0,0,128.17,128.17
0.064,0.48,2.3988,3.3513,-31999,-27231,297.19,297.19
0.064,0.464,2.5168,3.1695,-47972,-1.635e+05,1062.2,1062.2
0.064,0.448,2.389,1.0918,-81950,-92278,2197.7,2197.7
0.064,0.432,0.61684,3.0442,-58565,-1.2878e+05,3895.7,3895.7
0.064,0.416,1.9883,2.2026,-81402,-62534,4813.6,4813.6
0.064,0.4,4.2512,0.87685,-1.3547e+05,-82084,4594.2,4594.2
0.064,0.384,2.571,1.7992,-1.3819e+05,-26914,2828.2,2828.2
0.064,0.368,1.8709,1.7237,-1.0714e+05,-42721,1587.5,1587.5
0.064,0.352,-0.42529,0.42135,-4454.1,-72764,628.07,628.07
0.064,0.336,-0.33999,-0.23297,-40825,-34177,505.84,505.84
0.064,0.32,-0.33015,-0.21636,-65768,-17132,1167.5,1167.5
0.064,0.304,-0.49439,0.13658,-82103,21758,1311.8,1311.8
0.064,0.288,-0.15656,0.011473,-64919,-13922,2404.9,2404.9
0.064,0.272,0.10659,-0.14219,1.0267e+05,-3.4529e+05,2364.2,2364.2
0.064,0.256,-0.33201,0.12382,2.4959e+05,-6.8126e+05,3337.6,3337.6
0.064,0.24,-0.68025,0.047154,1.5296e+05,-5.4547e+05,3571.4,3571.4
0.064,0.224,-0.34918,0.30435,18663,-2.0924e+05,3730.2,3730.2
0.064,0.208,-0.16218,-0.18857,-96857,94116,3911,3911
0.064,0.192,-0.4291,-0.17025,-13899,40231,3907.6,3907.6
0.064,0.176,-0.1033,0.50102,-10286,21893,4215.5,4215.5
0.064,0.16,-0.18562,-0.22985,-21218,-10556,4322.4,4322.4
0.064,0.144,-0.30113,-0.50502,-47298,-19266,4124,4124
0.064,0.128,0.077994,-0.17514,-59112,-12564,3705.3,3705.3
0.064,0.112,-0.37192,0.047635,-52315,-1976.8,4149.1,4149.1
0.064,0.096,-0.79643,-0.13381,-66473,35514,5827.1,5827.1
0.064,0.08,-0.67035,0.38238,-58825,-3555.1,6848.9,6848.9
0.064,0.064,0.92312,-0.81028,-89362,85235,6086.5,6086.5
0.064,0.048,-0.43518,0.19061,-50543,45279,3933.7,3933.7
0.064,0.032,-1.4179,3.7599,-37279,77660,1804.1,1804.1
0.064,0.016,-1.2811,-4.4354,0,0,625.76,625.76
0.08,0.496,2.8663,2.5495,0,0,17.826,17.826
0.08,0.48,3.1329,3.1227,-51377,-23660,-155.26,155.26
0.08,0.464,2.863,3.7933,-95713,-1.1095e+05,-38.936,38.936
0.08,0.448,2.6756,3.1457,-98132,-81711,1020.1,1020.1
0.08,0.432,2.1303,3.8132,-1.0027e+05,-92789,3638.9,3638.9
0.08,0.416,4.0823,1.6964,-391.13,-1.7069e+05,6913.6,6913.6
0.08,0.4,2.9547,3.0894,-84842,-1.5598e+05,7153.3,7153.3
0.08,0.384,2.0497,3.6073,-63001,-1.5676e+05,4728.7,4728.7
0.08,0.368,1.8953,3.6062,-1.4224e+05,-86838,1991.3,1991.3
0.08,0.352,2.0244,-1.2034,-30734,-1.4656e+05,1070.8,1070.8
0.08,0.336,2.1737,-0.17989,-60007,-90316,1848.3,1848.3
0.08,0.32,0.57149,2.3027,-1.5266e+05,6845.4,4980.4,4980.4
0.08,0.304,-1.8165,-0.90052,60527,-3.3273e+05,11135,11135
0.08,0.288,-1.4243,0.3818,3.2547e+05,-7.5776e+05,14535,14535
0.08,0.272,151.36,-154.9,6.8826e+05,-1.2528e+06,13830,13830
0.08,0.256,7.4158,-6.4155,4.6374e+05,-9.7023e+05,10723,10723
0.08,0.24,6.5765,-5.4043,1.5213e+05,-4.5748e+05,8758.2,8758.2
0.08,0.224,0.040403,1.2594,-1.655e+05,59136,7077.8,7077.8
0.08,0.208,-0.2619,1.7412,-1.3306e+05,1.8759e+05,4840.9,4840.9
0.08,0.192,-0.32849,1.7055,-54254,1.0033e+05,4607.5,4607.5
0.08,0.176,-0.30131,1.1424,46629,-9474.3,5733.5,5733.5
0.08,0.16,-0.4808,-0.30235,8894.9,-2906,7470.1,7470.1
0.08,0.144,-0.58026,-0.61417,2651.9,1035.6,8160.4,8160.4
0.08,0.128,-0.87221,0.42974,6714.3,6254.7,8231.4,8231.4
0.08,0.112,-0.12093,0.20439,16316,6314.5,8683.6,8683.6
0.08,0.096,0.11541,-0.52525,31234,9961.7,9745.9,9745.9
0.08,0.08,0.29024,1.1424,21032,8191.5,10779,10779
0.08,0.064,-0.852,1.6587,-91450,2.2669e+05,9678.2,9678.2
0.08,0.048,-2.5373,5.2554,-1.0381e+05,2.1362e+05,7029.6,7029.6
0.08,0.032,-3.3131,6.1085,-1.0182e+05,2.1239e+05,3399.9,3399.9
0.08,0.016,-1.8102,-2.8279,0,0,1104.9,1104.9
0.096,0.496,3.1991,4.2557,0,0,36.415,36.415
0.096,0.48,3.4617,4.3515,-95305,-29425,-279.05,279.05
0.096,0.464,2.6819,4.5203,-1.3834e+05,-65059,6.7939,6.7939
0.096,0.448,1.9242,5.3524,-71882,-1.7645e+05,1506.2,1506.2
0.096,0.432,3.5897,3.8305,26668,-3.2997e+05,4937.4,4937.4
0.096,0.416,3.2214,2.9912,1.5251e+05,-4.5013e+05,7050.2,7050.2
0.096,0.4,5.5547,2.1454,-2191.5,-3.0819e+05,7518.6,7518.6
0.096,0.384,2.3995,3.3792,-64096,-2.0488e+05,4984.4,4984.4
0.096,0.368,1.9903,3.0791,-1.572e+05,-1.5558e+05,4020.5,4020.5
0.096,0.352,1.9965,2.4248,-31891,-2.3433e+05,3195.1,3195.1
0.096,0.336,1.6677,2.1736,-50762,-1.709e+05,4796.7,4796.7
0.096,0.32,1.513,1.8652,53223,-5.9525e+05,10085,10085
0.096,0.304,1.1216,-0.4358,4.8852e+05,-1.4616e+06,22632,22632
0.096,0.288,8.5251,-6.3394,9.5634e+05,-2.211e+06,32035,32035
0.096,0.272,7.4033,-5.448,9.6806e+05,-2.0123e+06,33322,33322
0.096,0.256,2.898,-0.17824,2.4226e+05,-8.3187e+05,25699,25699
0.096,0.24,-0.548,3.1392,-2.5296e+05,38267,17068,17068
0.096,0.224,-0.24195,2.8121,-4.3688e+05,5.2595e+05,10815,10815
0.096,0.208,-2.4272,3.8341,-1.8331e+05,3.2805e+05,6198,6198
0.096,0.192,0.03195,2.2815,-15424,69456,5156.4,5156.4
0.096,0.176,0.13778,1.9911,51835,-86883,6377.1,6377.1
0.096,0.16,0.67799,1.3589,15767,-5253.9,8456.4,8456.4
0.096,0.144,-0.26594,0.20798,-220.04,2816.1,10000,10000
0.096,0.128,0.5373,0.64448,-4420.2,26032,10295,10295
0.096,0.112,1.3591,0.29663,-5284.6,25486,9938.6,9938.6
0.096,0.096,0.77831,0.25384,1015.2,26341,10044,10044
0.096,0.08,0.76784,-0.12814,-30875,60686,10690,10690
0.096,0.064,-0.82165,2.1321,-1.7323e+05,3.0586e+05,10176,10176
0.096,0.048,-2.8493,5.8664,-1.7893e+05,2.8793e+05,7909.3,7909.3
0.096,0.032,-3.183,6.0435,-1.4463e+05,2.4135e+05,3989.5,3989.5
0.096,0.016,-2.2926,-2.33,0,0,1294.5,1294.5
0.112,0.496,3.7099,4.867,0,0,369.15,369.15
0.112,0.48,3.7271,4.3706,16415,-2.0151e+05,745.14,745.14
0.112,0.464,2.917,4.8104,1.4521e+05,-4.2968e+05,2187.4,2187.4
0.112,0.448,3.6209,4.5405,1.8104e+05,-5.3097e+05,5313.5,5313.5
0.112,0.432,4.5756,2.3483,1.469e+05,-5.3139e+05,7598.2,7598.2
0.112,0.416,5.5349,0.92707,92653,-4.6294e+05,6941.2,6941.2
0.112,0.4,3.5663,4.2354,-48219,-2.7066e+05,4049.3,4049.3
0.112,0.384,1.8786,4.946,-45866,-2.8785e+05,3379.9,3379.9
0.112,0.368,2.4869,3.8122,-96656,-3.156e+05,5592.6,5592.6
0.112,0.352,2.329,4.1376,-54699,-3.4803e+05,7737.8,7737.8
0.112,0.336,2.0359,4.0386,-55115,-2.8634e+05,9539.1,9539.1
0.112,0.32,2.1914,3.3398,56018,-6.5522e+05,14749,14749
0.112,0.304,8.7681,-3.2304,4.377e+05,-1.4231e+06,29487,29487
0.112,0.288,8.1332,-3.171,6.8571e+05,-1.7339e+06,40812,40812
0.112,0.272,3.5991,1.227,2.9033e+05,-1.0063e+06,42909,42909
0.112,0.256,-0.44199,2.5513,-5.1497e+05,3.6979e+05,33158,33158
0.112,0.24,-2.2299,6.6873,-7.5189e+05,9.2462e+05,19932,19932
0.112,0.224,-0.72564,8.3428,-4.1379e+05,7.9124e+05,10471,10471
0.112,0.208,-0.077471,7.3978,78666,1.387e+05,3695.2,3695.2
0.112,0.192,-0.085634,2.9386,96377,-28116,3145.6,3145.6
0.112,0.176,0.6494,2.7963,76769,-1.0212e+05,4512.3,4512.3
0.112,0.16,0.49998,2.2015,50443,-4869,6522.7,6522.7
0.112,0.144,0.5373,0.03828,47107,22480,8534,8534
0.112,0.128,0.77525,0.049555,26731,-35351,9676.7,9676.7
0.112,0.112,0.90744,0.45863,-11389,3120.4,9595.7,9595.7
0.112,0.096,0.69371,0.74728,-16293,7999.8,8976.9,8976.9
0.112,0.08,0.88602,1.6555,-37870,58715,8574,8574
0.112,0.064,0.65097,1.9431,-1.1631e+05,1.8801e+05,7750.9,7750.9
0.112,0.048,-2.1191,3.5079,-1.156e+05,1.6886e+05,6121.9,6121.9
0.112,0.032,-2.2363,4.5107,-88721,1.3603e+05,3172.1,3172.1
0.112,0.016,-1.0678,-1.876,0,0,1106.4,1106.4
0.128,0.496,5.1255,5.1091,0,0,850.93,850.93
0.128,0.48,4.3971,4.7738,36302,-4.1117e+05,2711.4,2711.4
0.128,0.464,3.2879,4.95,2.6283e+05,-8.6744e+05,6396.9,6396.9
0.128,0.448,4.6239,4.6874,2.9675e+05,-8.5427e+05,9892.5,9892.5
0.128,0.432,4.2173,4.1758,3.1783e+05,-7.6695e+05,10404,10404
0.128,0.416,1.2688,6.2799,1.369e+05,-5.2792e+05,5157.6,5157.6
0.128,0.4,0.44317,8.5495,29629,-4.0482e+05,395.84,395.84
0.128,0.384,2.5098,7.4524,-26225,-4.2659e+05,-573.09,573.09
0.128,0.368,1.579,5.7373,23709,-5.917e+05,6580,6580
0.128,0.352,1.575,5.4299,77828,-7.4517e+05,12922,12922
0.128,0.336,2.1283,5.6021,1.3507e+05,-7.3865e+05,18581,18581
0.128,0.32,2.3256,4.8413,2.5798e+05,-1.0128e+06,22403,22403
0.128,0.304,0.76709,6.3621,3.0292e+05,-1.0431e+06,33459,33459
0.128,0.288,-1.1243,8.4494,2.2378e+05,-7.4388e+05,43336,43336
0.128,0.272,-2.1494,8.6748,-3.8136e+05,2.7129e+05,44669,44669
0.128,0.256,-3.1891,8.0382,-8.3654e+05,1.0107e+06,33300,33300
0.128,0.24,-1.5605,9.4697,-7.9594e+05,9.7859e+05,19633,19633
0.128,0.224,1.6904,8.8109,-1.8766e+05,4.589e+05,9556.7,9556.7
0.128,0.208,2.2979,8.6052,2.091e+05,-1.3841e+05,5834.9,5834.9
0.128,0.192,1.5235,5.6428,1.8245e+05,-2.3154e+05,5337.4,5337.4
0.128,0.176,0.18131,1.393,36998,-1.5777e+05,7457.8,7457.8
0.128,0.16,0.70956,3.6102,20267,255.8,8187.9,8187.9
0.128,0.144,2.0954,2.4492,48666,1211.9,8320.2,8320.2
0.128,0.128,0.24089,-0.23661,40409,-1.0579e+05,8707.3,8707.3
0.128,0.112,1.3076,-0.098642,38626,-1.5845e+05,8844.8,8844.8
0.128,0.096,1.2042,0.067367,-26467,-1840.6,8159,8159
0.128,0.08,0.6245,2.2248,-20728,18104,6920.8,6920.8
0.128,0.064,0.79419,1.9539,-60471,1.4815e+05,5277.7,5277.7
0.128,0.048,1.5116,2.5281,-5240.4,18657,3743.7,3743.7
0.128,0.032,1.1128,3.1369,-3345.3,40855,1803.7,1803.7
0.128,0.016,0.62022,0.045682,0,0,687.19,687.19
0.144,0.496,0.18663,11.998,0,0,846.42,846.42
0.144,0.48,-0.12216,8.0757,1.1074e+05,-4.802e+05,4692.7,4692.7
0.144,0.464,0.12645,6.6306,4.7938e+05,-1.2551e+06,9627.7,9627.7
0.144,0.448,1.4827,7.5712,4.7606e+05,-1.1102e+06,13827,13827
0.144,0.432,1.5423,9.6569,3.6597e+05,-1.0177e+06,12299,12299
0.144,0.416,1.547,9.7972,1.3618e+05,-8.2332e+05,6611.9,6611.9
0.144,0.4,1.8666,9.7734,84720,-7.0744e+05,165.21,165.21
0.144,0.384,2.8511,10.059,87462,-5.4617e+05,-1898.1,1898.1
0.144,0.368,2.1056,9.4808,43390,-4.8086e+05,3707.6,3707.6
0.144,0.352,2.3255,8.3601,5052.4,-6.3827e+05,13785,13785
0.144,0.336,3.318,7.281,8071.8,-7.1652e+05,24121,24121
0.144,0.32,2.3876,7.247,6328.3,-5.8146e+05,31130,31130
0.144,0.304,0.59699,10.494,-1.2808e+05,-12421,38557,38557
0.144,0.288,0.57776,14.334,-3.9598e+05,7.2609e+05,42534,42534
0.144,0.272,-0.35727,15.387,-7.5781e+05,1.4055e+06,39610,39610
0.144,0.256,-1.4223,13.851,-8.3523e+05,1.5344e+06,26208,26208
0.144,0.24,-1.7844,11.332,-5.5027e+05,9.0445e+05,14837,14837
0.144,0.224,-0.84022,9.2621,-4583.4,58996,7421.8,7421.8
0.144,0.208,-0.77882,8.4106,3.1259e+05,-6.7088e+05,10615,10615
0.144,0.192,1.0815,4.8748,2.7435e+05,-6.8318e+05,12508,12508
0.144,0.176,-0.13583,1.631,1.7422e+05,-4.8737e+05,14807,14807
0.144,0.16,0.81583,5.1955,1.0991e+05,-2.6673e+05,13012,13012
0.144,0.144,1.1386,4.3596,1.0726e+05,-2.0388e+05,11538,11538
0.144,0.128,1.6134,3.5932,59692,-2.5721e+05,11493,11493
0.144,0.112,1.1944,3.7806,15411,-2.5273e+05,10713,10713
0.144,0.096,2.4169,-1.2962,-1.0524e+05,-24177,9447.9,9447.9
0.144,0.08,-0.72401,3.8926,-1.0269e+05,42804,7246.8,7246.8
0.144,0.064,0.10664,2.4411,-78874,2.0495e+05,4469.7,4469.7
0.144,0.048,0.99678,4.1784,31051,52540,2473.4,2473.4
0.144,0.032,-0.62304,5.3042,50222,40055,896.48,896.48
0.144,0.016,-2.5174,5.8891,0,0,353.28,353.28
0.16,0.496,-1.5791,20.749,0,0,571.32,571.32
0.16,0.48,-0.73271,15.283,-8859.1,-3.2177e+05,4353.5,4353.5
0.16,0.464,-1.488,15.965,1.4664e+05,-1.2554e+06,9827.7,9827.7
0.16,0.448,-1.202,17.988,2.1232e+05,-9.7932e+05,-6233.3,6233.3
0.16,0.432,0.10256,16.113,3.7092e+05,-1.1555e+06,-21474,21474
0.16,0.416,1.4485,13.965,3.5979e+05,-1.2069e+06,-34479,34479
0.16,0.4,1.657,14.553,3.4054e+05,-1.123e+06,-32895,32895
0.16,0.384,0.51133,16.093,3.2256e+05,-1.1262e+06,-30813,30813
0.16,0.368,0.49185,17.748,2.2667e+05,-1.0309e+06,-19615,19615
0.16,0.352,-1.0809,14.791,1.8556e+05,-1.1341e+06,-2337.9,2337.9
0.16,0.336,-0.29365,13.604,1.253e+05,-1.0046e+06,18287,18287
0.16,0.32,0.98424,15.06,1.1263e+05,-8.7825e+05,33043,33043
0.16,0.304,2.2438,17.081,-20311,-2.3808e+05,42639,42639
0.16,0.288,0.77208,19.664,-3.5413e+05,9.1348e+05,43736,43736
0.16,0.272,-1.8535,22.246,-6.3563e+05,1.8951e+06,33745,33745
0.16,0.256,-1.4789,22.797,-7.4764e+05,2.0928e+06,12415,12415
0.16,0.24,-1.475,21.096,-5.3177e+05,1.2474e+06,39.173,39.173
0.16,0.224,-0.98113,15.601,-2.2325e+05,74597,4982.3,4982.3
0.16,0.208,-0.93975,13.135,2.0658e+05,-1.103e+06,18736,18736
0.16,0.192,0.75356,10.32,3.6827e+05,-1.4497e+06,25414,25414
0.16,0.176,0.54996,8.9717,3.7656e+05,-1.2294e+06,21018,21018
0.16,0.16,0.96993,7.3673,2.1115e+05,-7.7148e+05,16519,16519
0.16,0.144,2.0067,5.7926,1.3482e+05,-5.4131e+05,12629,12629
0.16,0.128,1.0602,6.3447,84309,-4.1307e+05,11341,11341
0.16,0.112,0.51513,6.4816,43964,-3.3585e+05,11133,11133
0.16,0.096,0.44207,5.5813,-1.088e+05,-92144,10920,10920
0.16,0.08,-1.3553,6.1643,-1.649e+05,-55466,8742,8742
0.16,0.064,-0.73791,5.938,-1.7032e+05,1.2892e+05,5024.2,5024.2
0.16,0.048,-0.17972,6.7886,-38703,23659,2210.4,2210.4
0.16,0.032,-2.0096,8.04,23099,36482,782.02,782.02
0.16,0.016,-4.1779,8.953,0,0,247.96,247.96
0.176,0.496,-1.1713,32.359,0,0,37.23,37.23
0.176,0.48,-0.13585,33.787,0,0,2568.2,2568.2
0.176,0.464,-0.65585,36.487,NaN,NaN,6421.6,6421.6
0.176,0.448,-1.2011,35.576,NaN,NaN,-21501,21501
0.176,0.432,-0.47186,31.428,4.2198e+05,-2.6134e+06,-41576,41576
0.176,0.416,0.33295,26.451,4.2216e+05,-2.26e+06,-53824,53824
0.176,0.4,1.5851,25.689,3.9145e+05,-1.5626e+06,-65631,65631
0.176,0.384,1.5809,23.845,4.371e+05,-1.3657e+06,-71759,71759
0.176,0.368,1.8399,22.859,2.4798e+05,-1.0548e+06,-69413,69413
0.176,0.352,1.1096,25.847,1.1787e+05,-1.0038e+06,-49766,49766
0.176,0.336,0.15431,28.79,-51344,-7.4437e+05,-28424,28424
0.176,0.32,0.26535,28.833,22373,-8.1227e+05,687.14,687.14
0.176,0.304,1.139,27.603,-15733,-3.9599e+05,26720,26720
0.176,0.288,-1.3424,28.665,-3.7496e+05,1.0723e+06,38950,38950
0.176,0.272,-4.4113,32.258,-7.0751e+05,2.1991e+06,23953,23953
0.176,0.256,-4.419,31,-8.63e+05,2.4041e+06,-7672.7,7672.7
0.176,0.24,-4.0051,26.415,-6.5164e+05,1.1678e+06,-22765,22765
0.176,0.224,-2.0534,22.201,-1.7471e+05,-7.3616e+05,-7948.1,7948.1
0.176,0.208,-0.94659,16.93,3.7525e+05,-2.4665e+06,24235,24235
0.176,0.192,0.12272,14.107,6.687e+05,-2.9131e+06,40779,40779
0.176,0.176,0.63384,11.39,6.1703e+05,-2.4192e+06,36018,36018
0.176,0.16,1.1609,9.9559,4.8729e+05,-1.7561e+06,23139,23139
0.176,0.144,1.284,7.4972,3.1829e+05,-1.1606e+06,15420,15420
0.176,0.128,0.80491,9.3214,1.9624e+05,-8.0368e+05,11104,11104
0.176,0.112,1.0229,11.787,-5224.4,-5.4674e+05,10638,10638
0.176,0.096,1.265,10.289,-1.5839e+05,-3.6244e+05,11529,11529
0.176,0.08,-0.0044697,8.3996,-2.0945e+05,-1.8731e+05,10468,10468
0.176,0.064,-0.57329,6.9936,-1.3586e+05,28864,6822.6,6822.6
0.176,0.048,-0.67939,6.9405,-35214,37440,3334.5,3334.5
0.176,0.032,-1.7057,8.087,10324,30874,1382.7,1382.7
0.176,0.016,-2.3985,7.8841,0,0,385.45,385.45
0.192,0.496,-2.2076,44.706,0,0,18.615,18.615
0.192,0.48,-1.8114,46.126,0,0,27.923,27.923
0.192,0.464,-1.8713,46.145,NaN,NaN,55.845,55.845
0.192,0.448,-2.129,43.506,NaN,NaN,-1.342e+05,1.342e+05
0.192,0.432,-1.0065,40.992,NaN,NaN,-1.2498e+05,1.2498e+05
0.192,0.416,-0.31059,37.992,NaN,NaN,-1.1757e+05,1.1757e+05
0.192,0.4,0.61822,35.805,NaN,NaN,-1.1812e+05,1.1812e+05
0.192,0.384,2.6146,34.855,7.0587e+05,-3.3744e+06,-1.1426e+05,1.1426e+05
0.192,0.368,3.0491,34.397,6.0063e+05,-2.7168e+06,-1.0364e+05,1.0364e+05
0.192,0.352,2.8969,32.409,4.5766e+05,-2.0358e+06,-79529,79529
0.192,0.336,1.4138,38.135,2.5866e+05,-1.3137e+06,-55381,55381
0.192,0.32,-0.04844,39.842,1.848e+05,-1.1032e+06,-19561,19561
0.192,0.304,-1.415,42.356,-24963,-4.8676e+05,16100,16100
0.192,0.288,-2.3879,43.311,-5.0596e+05,1.4646e+06,25829,25829
0.192,0.272,-3.4844,40.818,-9.6654e+05,2.7983e+06,2658.8,2658.8
0.192,0.256,-4.1146,36.784,-1.0779e+06,2.6109e+06,-34174,34174
0.192,0.24,-2.7412,31.721,-9.2424e+05,1.1821e+06,-48674,48674
0.192,0.224,0.67076,23.397,-3.9428e+05,-1.1918e+06,-23859,23859
0.192,0.208,2.0305,15.459,2.7002e+05,-3.2438e+06,20118,20118
0.192,0.192,-0.24428,17.579,8.1741e+05,-4.0526e+06,47337,47337
0.192,0.176,-0.010983,15.482,9.348e+05,-3.6711e+06,47131,47131
0.192,0.16,0.2819,15.535,7.8674e+05,-2.863e+06,35324,35324
0.192,0.144,2.0313,15.835,4.2433e+05,-1.8848e+06,25050,25050
0.192,0.128,2.2257,14.929,2.0393e+05,-1.2365e+06,16934,16934
0.192,0.112,1.322,7.7045,4674,-7.6693e+05,12826,12826
0.192,0.096,-0.38845,6.7317,-66552,-4.8926e+05,12554,12554
0.192,0.08,-0.0067262,7.014,-1.1877e+05,-1.3396e+05,12644,12644
0.192,0.064,0.70858,6.3453,-88363,1.9723e+05,9701.1,9701.1
0.192,0.048,0.37669,7.4262,-31573,2.0989e+05,5419.2,5419.2
0.192,0.032,-0.15626,7.8315,-17229,1.4267e+05,2292,2292
0.192,0.016,-1.6189,6.9739,0,0,585.84,585.84
0.208,0.496,-2.7677,51.158,0,0,0,0
0.208,0.48,-2.097,49.703,0,0,0,0
0.208,0.464,-1.5197,49.067,NaN,NaN,0,0
0.208,0.448,-1.4801,46.89,NaN,NaN,NaN,NaN
0.208,0.432,0.018142,45.136,NaN,NaN,NaN,NaN
0.208,0.416,1.4611,44.039,NaN,NaN,NaN,NaN
0.208,0.4,3.4899,42.463,NaN,NaN,-1.6667e+05,1.6667e+05
0.208,0.384,4.8835,40.714,NaN,NaN,-1.5536e+05,1.5536e+05
0.208,0.368,4.1598,41.171,NaN,NaN,-1.4406e+05,1.4406e+05
0.208,0.352,4.8139,41.655,NaN,NaN,-1.2485e+05,1.2485e+05
0.208,0.336,2.4181,43.391,NaN,NaN,-1.0913e+05,1.0913e+05
0.208,0.32,0.36549,46.643,NaN,NaN,-63589,63589
0.208,0.304,-2.0182,47.057,NaN,NaN,-3430.3,3430.3
0.208,0.288,-4.8573,46.938,-6.1793e+05,2.2468e+06,2957.4,2957.4
0.208,0.272,-6.5025,46.241,-1.0101e+06,2.2124e+06,-11559,11559
0.208,0.256,-7.2697,44.711,-1.0461e+06,1.7338e+06,-43806,43806
0.208,0.24,-5.8824,39.133,-1.02e+06,5.9739e+05,-53299,53299
0.208,0.224,-3.1893,29.646,-6.9149e+05,-1.2635e+06,-37859,37859
0.208,0.208,-1.6522,23.354,-2.9678e+05,-2.8709e+06,7771.4,7771.4
0.208,0.192,-0.23114,20.394,2.4056e+05,-3.7209e+06,45228,45228
0.208,0.176,1.4073,17.057,6.1614e+05,-3.8651e+06,58783,58783
0.208,0.16,2.5611,13.035,8.5728e+05,-3.5856e+06,53414,53414
0.208,0.144,1.1902,10.075,7.0844e+05,-2.8571e+06,46161,46161
0.208,0.128,0.051132,7.892,4.9288e+05,-2.1418e+06,38667,38667
0.208,0.112,0.31788,5.5744,2.3705e+05,-1.5336e+06,29868,29868
0.208,0.096,0.059122,8.1232,6496.2,-8.3579e+05,21657,21657
0.208,0.08,-0.21678,11.603,-1.9136e+05,-37191,17021,17021
0.208,0.064,-0.04185,13.042,-2.4023e+05,4.7515e+05,13141,13141
0.208,0.048,-0.20246,12.277,-1.2317e+05,4.003e+05,7916.3,7916.3
0.208,0.032,1.3069,8.0062,-33552,1.5794e+05,3224.3,3224.3
0.208,0.016,2.0873,5.2821,0,0,713.91,713.91
0.224,0.496,-3.0695,54.917,0,0,0,0
0.224,0.48,-3.0428,51.55,0,0,0,0
0.224,0.464,-2.0561,50.356,NaN,NaN,0,0
0.224,0.448,-0.61117,49.147,NaN,NaN,NaN,NaN
0.224,0.432,1.3327,47.936,NaN,NaN,NaN,NaN
0.224,0.416,3.2198,47.21,NaN,NaN,NaN,NaN
0.224,0.4,4.1433,46.611,NaN,NaN,NaN,NaN
0.224,0.384,4.1332,46.028,NaN,NaN,NaN,NaN
0.224,0.368,4.026,46.248,NaN,NaN,NaN,NaN
0.224,0.352,2.8602,46.876,NaN,NaN,NaN,NaN
0.224,0.336,0.88004,47.781,NaN,NaN,NaN,NaN
0.224,0.32,-0.6568,48.976,NaN,NaN,-94200,94200
0.224,0.304,-2.2651,48.722,NaN,NaN,-44751,44751
0.224,0.288,-4.2881,48.151,-6.1909e+05,-1.0397e+06,-37558,37558
0.224,0.272,-6.2273,46.356,-9.7733e+05,5.5027e+05,-25423,25423
0.224,0.256,-6.9672,45.161,-1.0034e+06,4.6834e+05,-30677,30677
0.224,0.24,-5.8249,43.064,-1.1431e+06,2.8455e+05,-39765,39765
0.224,0.224,-4.9544,39.096,-1.1704e+06,-5.9295e+05,-36058,36058
0.224,0.208,-4.3574,36.429,-1.0515e+06,-1.4804e+06,-9897.2,9897.2
0.224,0.192,-3.1557,34.756,-6.4938e+05,-2.2333e+06,26849,26849
0.224,0.176,-1.634,31.482,-1.8961e+05,-2.718e+06,49931,49931
0.224,0.16,-0.33101,26.731,50527,-2.7671e+06,59285,59285
0.224,0.144,-0.6547,25.128,-16701,-2.382e+06,63598,63598
0.224,0.128,-1.3304,22.17,-83459,-1.8714e+06,62743,62743
0.224,0.112,-0.83568,22.584,-96890,-1.3836e+06,56552,56552
0.224,0.096,-1.1049,23.664,-1.1771e+05,-8.3323e+05,42977,42977
0.224,0.08,-3.373,21.784,-2.1105e+05,-1.7759e+05,29371,29371
0.224,0.064,-4.113,22.659,-2.1987e+05,2.5424e+05,17644,17644
0.224,0.048,-2.0188,19.611,-1.0246e+05,2.6706e+05,9735.3,9735.3
0.224,0.032,0.62445,17.425,-9203.6,1.0292e+05,4086,4086
0.224,0.016,1.7653,19.383,0,0,1165.2,1165.2
0.24,0.496,-3.8793,53.519,0,0,0,0
0.24,0.48,-4.6426,50.519,0,0,0,0
0.24,0.464,-4.1208,49.396,NaN,NaN,0,0
0.24,0.448,-1.3754,48.804,NaN,NaN,NaN,NaN
0.24,0.432,0.45849,48.366,NaN,NaN,NaN,NaN
0.24,0.416,2.7873,47.617,NaN,NaN,NaN,NaN
0.24,0.4,4.1039,47.373,NaN,NaN,NaN,NaN
0.24,0.384,3.5447,47.957,NaN,NaN,NaN,NaN
0.24,0.368,2.8169,48.605,NaN,NaN,NaN,NaN
0.24,0.352,1.5487,48.649,NaN,NaN,NaN,NaN
0.24,0.336,-0.35372,47.717,NaN,NaN,-1.0182e+05,1.0182e+05
0.24,0.32,-1.3513,47.565,NaN,NaN,-1.3006e+05,1.3006e+05
0.24,0.304,-2.44,46.81,2.7751e+05,-2.0598e+06,-96093,96093
0.24,0.288,-3.9721,45.445,-1.9183e+05,-1.6724e+06,-77524,77524
0.24,0.272,-5.6027,44.626,-5.6049e+05,-1.163e+06,-39471,39471
0.24,0.256,-5.188,43.824,-7.8749e+05,-8.9552e+05,-21806,21806
0.24,0.24,-3.8672,42.292,-1.0239e+06,-6.8561e+05,-17458,17458
0.24,0.224,-4.7421,40.876,-1.222e+06,-6.7325e+05,-18176,18176
0.24,0.208,-5.0483,41.526,-1.4381e+06,-6.9637e+05,-8403.3,8403.3
0.24,0.192,-4.4005,42.554,-1.4715e+06,-8.8145e+05,18178,18178
0.24,0.176,-4.4673,42.154,-1.2683e+06,-1.2175e+06,40475,40475
0.24,0.16,-4.8484,41.116,-1.0111e+06,-1.4286e+06,53349,53349
0.24,0.144,-5.2256,40.517,-8.4253e+05,-1.4028e+06,65114,65114
0.24,0.128,-5.5322,42.671,-7.4387e+05,-1.1836e+06,72953,72953
0.24,0.112,-4.6722,43.126,-6.4206e+05,-9.4283e+05,75686,75686
0.24,0.096,-5.8817,42.513,-5.5518e+05,-5.9683e+05,65061,65061
0.24,0.08,-7.1961,41.325,-4.5395e+05,-1.6752e+05,46436,46436
0.24,0.064,-6.6774,39.657,-2.5503e+05,1.2039e+05,29681,29681
0.24,0.048,-4.2986,37.852,-58346,1.5189e+05,15310,15310
0.24,0.032,-1.817,37.333,46336,44863,7117.7,7117.7
0.24,0.016,-0.80686,35.796,0,0,1535.6,1535.6
0.256,0.496,-4.8226,47.572,0,0,0,0
0.256,0.48,-5.1592,45.003,0,0,0,0
0.256,0.464,-4.9478,45.534,NaN,NaN,0,0
0.256,0.448,-3.7409,46.658,NaN,NaN,NaN,NaN
0.256,0.432,-1.9554,48.256,NaN,NaN,NaN,NaN
0.256,0.416,-0.13178,48.532,NaN,NaN,NaN,NaN
0.256,0.4,1.2721,48.265,NaN,NaN,NaN,NaN
0.256,0.384,2.1119,48.109,NaN,NaN,NaN,NaN
0.256,0.368,2.1255,47.8,NaN,NaN,-1.2528e+05,1.2528e+05
0.256,0.352,2.2451,46.688,NaN,NaN,-1.1762e+05,1.1762e+05
0.256,0.336,1.7646,44.175,NaN,NaN,-1.3133e+05,1.3133e+05
0.256,0.32,-0.30673,42.563,9.0231e+05,-1.0733e+06,-1.379e+05,1.379e+05
0.256,0.304,-1.8232,39.813,3.6739e+05,-2.0226e+06,-1.1878e+05,1.1878e+05
0.256,0.288,-2.8292,39.041,-1.388e+05,-2.1422e+06,-90760,90760
0.256,0.272,-3.9117,39.061,-5.8585e+05,-2.2638e+06,-49697,49697
0.256,0.256,-4.3193,38.979,-8.4568e+05,-2.0792e+06,-16699,16699
0.256,0.24,-3.3442,40.12,-9.7823e+05,-1.7909e+06,721.1,721.1
0.256,0.224,-3.0945,40.762,-1.0124e+06,-1.4077e+06,8667,8667
0.256,0.208,-2.7137,41.305,-1.1442e+06,-1.0132e+06,10426,10426
0.256,0.192,-3.6615,42.848,-1.3526e+06,-6.7137e+05,19803,19803
0.256,0.176,-5.5048,44.421,-1.568e+06,-4.3265e+05,32497,32497
0.256,0.16,-5.8188,45.19,-1.7182e+06,-2.0043e+05,38589,38589
0.256,0.144,-6.2824,47.334,-1.739e+06,9503.6,51297,51297
0.256,0.128,-6.6499,48.08,-1.6673e+06,1.5916e+05,68594,68594
0.256,0.112,-6.5027,49.015,-1.4879e+06,2.2889e+05,85789,85789
0.256,0.096,-6.1821,49.746,-1.1535e+06,2.4692e+05,88386,88386
0.256,0.08,-5.9039,48.42,-7.1814e+05,4.1855e+05,72413,72413
0.256,0.064,-4.291,47.608,-2.745e+05,7.1029e+05,49315,49315
0.256,0.048,-3.2722,46.848,-32164,6.0609e+05,27594,27594
0.256,0.032,-2.9002,45.904,38271,3.6631e+05,12053,12053
0.256,0.016,-2.1831,46.19,0,0,2972,2972
0.272,0.496,-4.4443,41.276,0,0,0,0
0.272,0.48,-5.2967,38.744,0,0,0,0
0.272,0.464,-6.2912,40.55,NaN,NaN,0,0
0.272,0.448,-5.7797,43.489,NaN,NaN,NaN,NaN
0.272,0.432,-4.0273,46.866,NaN,NaN,NaN,NaN
0.272,0.416,-1.9947,47.34,NaN,NaN,NaN,NaN
0.272,0.4,0.1613,47.495,NaN,NaN,NaN,NaN
0.272,0.384,2.2431,47.21,NaN,NaN,-32998,32998
0.272,0.368,3.0228,45.716,NaN,NaN,-79709,79709
0.272,0.352,2.3862,43.607,7.8831e+05,6.6586e+05,-88886,88886
0.272,0.336,2.0392,40.614,7.4983e+05,-4.4389e+05,-1.103e+05,1.103e+05
0.272,0.32,0.89201,38.52,6.523e+05,-1.3786e+06,-1.0939e+05,1.0939e+05
0.272,0.304,-0.53372,35.778,3.0456e+05,-2.5355e+06,-87688,87688
0.272,0.288,-2.2898,32.334,-1.291e+05,-2.9697e+06,-61978,61978
0.272,0.272,-3.6363,29.241,-5.5702e+05,-3.1309e+06,-32190,32190
0.272,0.256,-4.1196,29.937,-8.278e+05,-2.9755e+06,-12892,12892
0.272,0.24,-3.5018,32.984,-8.4107e+05,-2.4902e+06,8779.8,8779.8
0.272,0.224,-2.6997,38.067,-7.4305e+05,-1.9158e+06,25548,25548
0.272,0.208,-1.7944,41.674,-7.5432e+05,-1.3273e+06,31616,31616
0.272,0.192,-2.4797,43.857,-8.8318e+05,-7.6208e+05,32160,32160
0.272,0.176,-3.8675,45.663,-1.1142e+06,-3.0746e+05,26936,26936
0.272,0.16,-4.5821,47.729,-1.3404e+06,1.1051e+05,22558,22558
0.272,0.144,-4.7704,49.839,-1.5021e+06,4.1663e+05,30722,30722
0.272,0.128,-5.264,50.89,-1.6163e+06,7.1439e+05,52758,52758
0.272,0.112,-7.1023,52.397,-1.6121e+06,9.7345e+05,80409,80409
0.272,0.096,-6.6554,54.129,-1.4353e+06,1.2402e+06,96238,96238
0.272,0.08,-4.4412,54.704,-1.0846e+06,1.6245e+06,89863,89863
0.272,0.064,-3.0076,54.818,-6.756e+05,2.1182e+06,69242,69242
0.272,0.048,-2.2942,54.506,-3.0989e+05,1.6167e+06,42445,42445
0.272,0.032,-1.6989,57.003,-94303,9.1092e+05,19803,19803
0.272,0.016,-1.1608,55.499,0,0,5048.9,5048.9
0.288,0.496,-3.3379,33.566,0,0,0,0
0.288,0.48,-3.0795,29.674,0,0,0,0
0.288,0.464,-3.5942,30.623,NaN,NaN,0,0
0.288,0.448,-4.1111,34.436,NaN,NaN,NaN,NaN
0.288,0.432,-3.24,39.984,NaN,NaN,NaN,NaN
0.288,0.416,-2.0618,41.665,NaN,NaN,98466,98466
0.288,0.4,-1.5234,42.204,NaN,NaN,93891,93891
0.288,0.384,-1.2543,41.284,NaN,NaN,23387,23387
0.288,0.368,-0.20088,37.814,30717,-8.381e+05,-48116,48116
0.288,0.352,0.84236,32.834,3.1227e+05,-4.6321e+05,-80981,80981
0.288,0.336,1.2941,29.629,3.6109e+05,-1.2585e+06,-97300,97300
0.288,0.32,0.084601,27.431,4.5831e+05,-1.8682e+06,-59928,59928
0.288,0.304,-1.1853,26.222,2.5713e+05,-2.783e+06,-20457,20457
0.288,0.288,-1.449,24.032,-1.0444e+05,-3.049e+06,21115,21115
0.288,0.272,-2.5445,22.443,-5.1515e+05,-3.1612e+06,16628,16628
0.288,0.256,-2.1942,24.204,-7.0075e+05,-2.9217e+06,8677.3,8677.3
0.288,0.24,-1.9143,27.96,-6.3087e+05,-2.4462e+06,6442.4,6442.4
0.288,0.224,-2.2012,32.91,-5.1489e+05,-1.8937e+06,20640,20640
0.288,0.208,-1.6659,37.195,-4.5612e+05,-1.2107e+06,32186,32186
0.288,0.192,-1.6142,41.288,-5.5007e+05,-5.334e+05,34276,34276
0.288,0.176,-1.3475,45.152,-7.4325e+05,80995,21920,21920
0.288,0.16,-2.2622,47.927,-9.4674e+05,5.9215e+05,16780,16780
0.288,0.144,-3.167,50.229,-1.1079e+06,1.0029e+06,30172,30172
0.288,0.128,-3.8816,51.583,-1.2132e+06,1.4781e+06,63588,63588
0.288,0.112,-4.8099,54.439,-1.2684e+06,1.9923e+06,94894,94894
0.288,0.096,-4.8568,56.207,-1.1828e+06,2.6269e+06,1.0272e+05,1.0272e+05
0.288,0.08,-4.0457,57.778,-1.002e+06,3.2827e+06,90042,90042
0.288,0.064,-3.2217,59.635,-7.8323e+05,3.9795e+06,67197,67197
0.288,0.048,-2.4971,61.605,-4.4713e+05,2.9015e+06,47716,47716
0.288,0.032,-3.2752,64.024,-1.9392e+05,1.5628e+06,23786,23786
0.288,0.016,-1.9037,60.538,0,0,7378.9,7378.9
0.304,0.496,-2.4252,30.004,0,0,0,0
0.304,0.48,-2.1798,25.371,0,0,0,0
0.304,0.464,-1.7275,22.578,NaN,NaN,0,0
0.304,0.448,-1.9105,23.033,NaN,NaN,NaN,NaN
0.304,0.432,-0.49249,26.56,NaN,NaN,NaN,NaN
0.304,0.416,-1.3778,31.02,NaN,NaN,78416,78416
0.304,0.4,-2.5678,31.787,-3.2191e+05,-1.1706e+06,58879,58879
0.304,0.384,-3.0884,28.156,-3.9929e+05,-1.0615e+06,13770,13770
0.304,0.368,-3.8793,26.758,-2.9932e+05,-8.4851e+05,-36807,36807
0.304,0.352,-2.9017,24.737,-5985.8,-4.3615e+05,-66109,66109
0.304,0.336,-1.014,22.192,1.6058e+05,-8.6211e+05,-72032,72032
0.304,0.32,-1.3394,18.281,2.9221e+05,-1.4893e+06,-5677.2,5677.2
0.304,0.304,-1.0356,16.2,2.4972e+05,-2.3357e+06,49081,49081
0.304,0.288,-1.7126,16.361,32681,-2.6316e+06,88243,88243
0.304,0.272,-1.323,14.839,-2.2409e+05,-2.4328e+06,53672,53672
0.304,0.256,-1.2877,15.386,-4.2778e+05,-2.1999e+06,18654,18654
0.304,0.24,-2.3225,15.808,-4.2956e+05,-1.8204e+06,-4827.7,4827.7
0.304,0.224,-2.8619,16.731,-3.7506e+05,-1.4471e+06,1938.1,1938.1
0.304,0.208,-3.1875,20.634,-2.9272e+05,-8.1266e+05,18532,18532
0.304,0.192,-2.5076,24.768,-2.8126e+05,-1.1421e+05,33676,33676
0.304,0.176,-3.4445,31.252,-3.528e+05,5.6799e+05,27310,27310
0.304,0.16,-3.4016,37.957,-4.9723e+05,1.1624e+06,33143,33143
0.304,0.144,-3.1931,42.724,-6.3959e+05,1.7082e+06,57243,57243
0.304,0.128,-3.9539,46.272,-7.2297e+05,2.3716e+06,92359,92359
0.304,0.112,-2.9306,48.808,-7.3972e+05,3.0573e+06,1.088e+05,1.088e+05
0.304,0.096,-2.6784,51.183,-6.901e+05,3.7884e+06,93674,93674
0.304,0.08,-2.4253,53.469,-6.0129e+05,4.4691e+06,71815,71815
0.304,0.064,-1.8691,56,-5.1734e+05,5.1885e+06,54423,54423
0.304,0.048,-2.0423,58.128,-3.1101e+05,3.7109e+06,43982,43982
0.304,0.032,-3.1877,60.041,-1.4781e+05,1.9767e+06,24542,24542
0.304,0.016,-1.7404,61.31,0,0,7978.5,7978.5
0.32,0.496,-1.1899,35.928,0,0,0,0
0.32,0.48,-1.3534,29.067,0,0,0,0
0.32,0.464,-2.0293,23.886,NaN,NaN,0,0
0.32,0.448,-1.9822,19.47,NaN,NaN,NaN,NaN
0.32,0.432,-0.60683,19.225,NaN,NaN,NaN,NaN
0.32,0.416,-2.5738,22.551,NaN,NaN,58138,58138
0.32,0.4,-3.0598,20.435,-3.2191e+05,-1.1706e+06,43304,43304
0.32,0.384,-3.6336,17.728,-3.9929e+05,-1.0615e+06,13991,13991
0.32,0.368,-4.5329,19.585,-2.7016e+05,-9.4447e+05,-28748,28748
0.32,0.352,-3.88,21.203,-1.4256e+05,-7.7655e+05,-59246,59246
0.32,0.336,-1.8258,22.307,-37870,-9.0993e+05,-64204,64204
0.32,0.32,-1.0778,21.65,1.1835e+05,-9.7839e+05,16343,16343
0.32,0.304,-1.2573,19.123,2.461e+05,-1.1724e+06,71769,71769
0.32,0.288,-1.0694,16.498,2.3072e+05,-1.2204e+06,1.0913e+05,1.0913e+05
0.32,0.272,-1.539,13.572,63706,-1.22e+06,53298,53298
0.32,0.256,-3.1443,12.124,-2.0828e+05,-1.2495e+06,10522,10522
0.32,0.24,-4.3017,11.097,-3.2541e+05,-1.0971e+06,-19113,19113
0.32,0.224,-2.9708,10.345,-3.0053e+05,-9.4105e+05,-16689,16689
0.32,0.208,-2.0808,11.631,-1.5775e+05,-5.3657e+05,1487.7,1487.7
0.32,0.192,-1.568,14.259,-99032,-85966,27979,27979
0.32,0.176,-1.3679,18.054,-1.2215e+05,4.8986e+05,42682,42682
0.32,0.16,-2.3413,22.306,-2.013e+05,1.1167e+06,65860,65860
0.32,0.144,-3.5208,28.241,-2.1428e+05,1.7347e+06,98745,98745
0.32,0.128,-1.9961,34.353,-2.0055e+05,2.4088e+06,1.2816e+05,1.2816e+05
0.32,0.112,-2.5794,39.362,-1.682e+05,3.0043e+06,1.2484e+05,1.2484e+05
0.32,0.096,-1.4575,43.78,-1.48e+05,3.7015e+06,86509,86509
0.32,0.08,-1.0016,47.338,-1.4188e+05,4.4641e+06,53366,53366
0.32,0.064,-0.68306,51.067,-1.2235e+05,5.277e+06,38057,38057
0.32,0.048,-0.94744,51.193,-75816,3.8186e+06,36372,36372
0.32,0.032,-0.32682,52.556,-25276,2.007e+06,21619,21619
0.32,0.016,-1.7602,53.299,0,0,7249.6,7249.6
0.336,0.496,-0.9271,39.878,0,0,0,0
0.336,0.48,-1.413,34.645,0,0,0,0
0.336,0.464,-0.93156,31.722,NaN,NaN,0,0
0.336,0.448,-0.85088,24.982,NaN,NaN,NaN,NaN
0.336,0.432,-1.8857,22.09,NaN,NaN,-2.9944e+05,2.9944e+05
0.336,0.416,-2.0934,23.104,NaN,NaN,-85981,85981
0.336,0.4,-1.9654,25.634,-3.2191e+05,-1.1706e+06,-50328,50328
0.336,0.384,-2.3826,27.195,-3.9929e+05,-1.0615e+06,-17649,17649
0.336,0.368,-3.0079,24.515,-3.4537e+05,-9.7106e+05,-29793,29793
0.336,0.352,-1.587,24.523,-2.2928e+05,-6.7607e+05,-48067,48067
0.336,0.336,-0.90817,27.19,-28558,-6.2719e+05,-55118,55118
0.336,0.32,-0.74748,28.998,1.5729e+05,-4.2362e+05,6603.9,6603.9
0.336,0.304,-0.44502,29.113,2.8046e+05,-3.8676e+05,48837,48837
0.336,0.288,0.78908,27.032,2.5032e+05,-2.6453e+05,72807,72807
0.336,0.272,-0.47,24.605,1.0623e+05,-3.6842e+05,24606,24606
0.336,0.256,-2.5716,19.117,-1.5314e+05,-6.467e+05,-7067,7067
0.336,0.24,-3.2167,15.985,-3.1742e+05,-8.3402e+05,-26983,26983
0.336,0.224,-2.9682,13.298,-3.3741e+05,-8.9282e+05,-26229,26229
0.336,0.208,-2.1175,10.603,-1.4659e+05,-7.1313e+05,-9664.8,9664.8
0.336,0.192,-1.4587,9.444,1.081e+05,-5.0505e+05,24059,24059
0.336,0.176,-1.3593,10.156,2.8822e+05,-1.5664e+05,57762,57762
0.336,0.16,-1.6713,13.911,2.9759e+05,3.7311e+05,93215,93215
0.336,0.144,-1.4787,17.874,2.9007e+05,1.0019e+06,1.236e+05,1.236e+05
0.336,0.128,-0.72445,21.54,2.3298e+05,1.6517e+06,1.3673e+05,1.3673e+05
0.336,0.112,-0.47935,27.014,2.4181e+05,2.1816e+06,1.1889e+05,1.1889e+05
0.336,0.096,0.74145,34.404,2.0021e+05,2.7783e+06,77526,77526
0.336,0.08,0.75025,40.561,2.0164e+05,3.4994e+06,47462,47462
0.336,0.064,-0.38902,44.113,1.9381e+05,4.3398e+06,35846,35846
0.336,0.048,0.0738,45.062,1.3047e+05,3.1894e+06,33639,33639
0.336,0.032,0.22839,44.374,72807,1.7172e+06,19678,19678
0.336,0.016,-0.22681,43.392,0,0,5764.3,5764.3
0.352,0.496,-0.54076,44.437,0,0,0,0
0.352,0.48,-0.7346,38.064,0,0,0,0
0.352,0.464,-0.62533,36.308,NaN,NaN,0,0
0.352,0.448,0.33253,32.587,NaN,NaN,NaN,NaN
0.352,0.432,-0.34121,27.302,NaN,NaN,-2.9442e+05,2.9442e+05
0.352,0.416,-1.7151,23.871,-5.6642e+05,-5.2628e+06,-1.5506e+05,1.5506e+05
0.352,0.4,-1.6507,24.881,-5.6642e+05,-5.2628e+06,-98629,98629
0.352,0.384,-0.72647,30.822,-5.1075e+05,-4.3465e+06,-33301,33301
0.352,0.368,-0.57355,31.151,-3.1939e+05,-2.5524e+06,-30717,30717
0.352,0.352,0.67228,31.53,-2.1875e+05,-2.1906e+06,-48529,48529
0.352,0.336,0.98344,34.171,-7603.3,-1.5696e+06,-55594,55594
0.352,0.32,1.2698,35.179,1.2098e+05,-9.4393e+05,-16675,16675
0.352,0.304,1.1844,35.497,1.9631e+05,-4.2843e+05,9526.8,9526.8
0.352,0.288,-0.19056,35.528,1.9799e+05,1.4448e+05,24124,24124
0.352,0.272,-0.88405,33.785,1.4066e+05,67948,-5227.7,5227.7
0.352,0.256,-1.3487,29.637,-34584,-3.334e+05,-21144,21144
0.352,0.24,-1.8192,25.193,-2.7418e+05,-1.0003e+06,-31849,31849
0.352,0.224,-3.5298,21.656,-4.0208e+05,-1.4356e+06,-28350,28350
0.352,0.208,-3.8746,15.045,-2.6519e+05,-1.5761e+06,-12507,12507
0.352,0.192,-2.7577,8.2042,69901,-1.4909e+06,17269,17269
0.352,0.176,-0.66627,6.8965,3.7311e+05,-1.056e+06,54125,54125
0.352,0.16,0.55676,7.7617,4.6317e+05,-5.3159e+05,87810,87810
0.352,0.144,0.60729,8.58,4.1067e+05,31628,1.1323e+05,1.1323e+05
0.352,0.128,0.61128,10.973,3.103e+05,5.2151e+05,1.1959e+05,1.1959e+05
0.352,0.112,0.80791,12.34,2.5262e+05,9.5241e+05,99609,99609
0.352,0.096,0.24761,17.635,2.1024e+05,1.56e+06,67207,67207
0.352,0.08,-0.25798,21.049,2.7203e+05,2.1471e+06,43855,43855
0.352,0.064,-0.30939,27.005,3.9985e+05,2.7691e+06,35788,35788
0.352,0.048,-0.20082,27.876,3.3249e+05,1.992e+06,31606,31606
0.352,0.032,1.1554,30.426,1.9555e+05,1.0799e+06,16807,16807
0.352,0.016,1.6242,28.864,0,0,4378.6,4378.6
0.368,0.496,-1.7246,41.326,0,0,0,0
0.368,0.48,-0.98433,39.69,0,0,0,0
0.368,0.464,-0.41933,39.555,NaN,NaN,0,0
0.368,0.448,0.033714,36.49,NaN,NaN,-4.3963e+05,4.3963e+05
0.368,0.432,-0.94174,29.708,NaN,NaN,-3.1867e+05,3.1867e+05
0.368,0.416,-3.7446,22.923,-7.2761e+05,-5.1076e+06,-2.3163e+05,2.3163e+05
0.368,0.4,-3.4508,18.11,-6.4823e+05,-4.7257e+06,-1.3467e+05,1.3467e+05
0.368,0.384,-2.9982,21.966,-4.1124e+05,-3.8865e+06,-54244,54244
0.368,0.368,-2.8473,23.322,-67210,-2.5232e+06,-36723,36723
0.368,0.352,-1.7629,21.704,1.3104e+05,-1.8557e+06,-52120,52120
0.368,0.336,-0.44112,24.607,3.6201e+05,-1.2267e+06,-56551,56551
0.368,0.32,0.48282,28.64,4.7162e+05,-7.0461e+05,-36014,36014
0.368,0.304,0.75031,29.215,4.3664e+05,-1.979e+05,-21794,21794
0.368,0.288,-0.1695,29.475,2.4395e+05,3.5292e+05,-16350,16350
0.368,0.272,-0.6985,26.439,1331.6,1.851e+05,-27288,27288
0.368,0.256,-1.0279,22.829,-1.7864e+05,-3.1442e+05,-32103,32103
0.368,0.24,-1.107,20.903,-3.0949e+05,-1.0696e+06,-34076,34076
0.368,0.224,-2.0241,20.581,-4.1266e+05,-1.6351e+06,-27091,27091
0.368,0.208,-3.4239,17.178,-3.8627e+05,-1.931e+06,-12193,12193
0.368,0.192,-2.7518,11.164,-1.359e+05,-1.9119e+06,11704,11704
0.368,0.176,-0.96788,7.3537,2.4586e+05,-1.4637e+06,37108,37108
0.368,0.16,0.19178,4.8013,4.1457e+05,-9.6136e+05,60883,60883
0.368,0.144,0.60011,2.814,3.6752e+05,-4.5078e+05,80919,80919
0.368,0.128,-0.21134,3.9182,1.7527e+05,37846,89102,89102
0.368,0.112,-0.27478,6.4008,79416,4.486e+05,73499,73499
0.368,0.096,-0.56945,9.3859,54814,1.0504e+06,52658,52658
0.368,0.08,0.43079,14.257,2.081e+05,1.4658e+06,36882,36882
0.368,0.064,2.9651,9.3788,4.2247e+05,1.841e+06,32500,32500
0.368,0.048,4.5069,9.7709,3.8546e+05,1.2148e+06,25496,25496
0.368,0.032,3.5658,9.1698,2.2137e+05,6.4593e+05,12106,12106
0.368,0.016,1.6078,10.006,0,0,2769.1,2769.1
0.384,0.496,-3.9505,22.875,0,0,0,0
0.384,0.48,-3.8725,27.595,0,0,0,0
0.384,0.464,-1.4656,35.356,NaN,NaN,-85324,85324
0.384,0.448,0.63483,34.49,NaN,NaN,-3.4196e+05,3.4196e+05
0.384,0.432,-1.5894,25.314,-9.2167e+05,-5.3254e+06,-2.9703e+05,2.9703e+05
0.384,0.416,-3.4177,16.924,-7.7487e+05,-4.9523e+06,-2.2754e+05,2.2754e+05
0.384,0.4,-4.276,11.155,-6.0725e+05,-4.3814e+06,-1.3759e+05,1.3759e+05
0.384,0.384,-2.9049,11.352,-3.0831e+05,-3.3714e+06,-66590,66590
0.384,0.368,-1.9367,8.117,6341,-2.078e+06,-46781,46781
0.384,0.352,-0.41485,8.8992,1.6156e+05,-1.4064e+06,-51553,51553
0.384,0.336,1.0561,10.152,3.3759e+05,-8.0707e+05,-51963,51963
0.384,0.32,3.2682,12.072,5.2453e+05,-3.0321e+05,-38286,38286
0.384,0.304,3.9118,12.642,5.0224e+05,1.0037e+05,-31110,31110
0.384,0.288,2.281,13.223,1.5298e+05,1.1682e+05,-33543,33543
0.384,0.272,-0.0065096,11.95,-1.8755e+05,-2.9403e+05,-37506,37506
0.384,0.256,-0.56246,9.5533,-3.2554e+05,-7.3563e+05,-36530,36530
0.384,0.24,-0.13102,10.265,-2.435e+05,-1.0408e+06,-28560,28560
0.384,0.224,-0.35985,11.772,-2.2622e+05,-1.2685e+06,-16773,16773
0.384,0.208,-2.6259,12.778,-2.4801e+05,-1.3608e+06,-2920.2,2920.2
0.384,0.192,-3.596,13.998,-1.6991e+05,-1.2404e+06,10254,10254
0.384,0.176,-1.8735,10.724,34056,-8.0029e+05,19461,19461
0.384,0.16,-0.76311,7.1138,1.898e+05,-5.4741e+05,28955,28955
0.384,0.144,0.022053,4.2957,1.8759e+05,-4.311e+05,44765,44765
0.384,0.128,0.58029,3.7188,21617,-2.7097e+05,53553,53553
0.384,0.112,-0.68908,3.4431,-1.3611e+05,-23041,44671,44671
0.384,0.096,-1.9612,4.4402,-1.7605e+05,4.6203e+05,32413,32413
0.384,0.08,-0.27451,9.006,-30762,7.624e+05,25250,25250
0.384,0.064,-0.19669,9.2794,2.364e+05,9.1855e+05,24070,24070
0.384,0.048,0.83398,9.3062,2.6327e+05,5.5362e+05,16865,16865
0.384,0.032,-0.0080317,7.2097,1.7859e+05,2.4739e+05,6885.3,6885.3
0.384,0.016,-1.9217,5.3986,0,0,1614.9,1614.9
0.4,0.496,-2.7766,9.3248,0,0,0,0
0.4,0.48,-3.0618,12.5,0,0,717.42,717.42
0.4,0.464,-1.3475,19.078,NaN,NaN,-64684,64684
0.4,0.448,-0.50284,20.183,-4.9208e+05,-3.0947e+06,-1.8976e+05,1.8976e+05
0.4,0.432,-1.8134,16.476,-9.0132e+05,-4.4434e+06,-2.0696e+05,2.0696e+05
0.4,0.416,-4.8373,10.097,-8.0628e+05,-4.2206e+06,-1.7589e+05,1.7589e+05
0.4,0.4,-4.2108,7.9017,-5.8266e+05,-3.6985e+06,-1.0384e+05,1.0384e+05
0.4,0.384,-2.7401,8.9865,-1.3508e+05,-2.4665e+06,-56753,56753
0.4,0.368,-1.8281,6.0091,1.8791e+05,-1.3248e+06,-31057,31057
0.4,0.352,-1.7106,4.9374,2.8941e+05,-5.2074e+05,-27319,27319
0.4,0.336,-0.66845,6.5984,3.3257e+05,-57424,-24478,24478
0.4,0.32,1.6858,8.1138,4.0963e+05,3.0986e+05,-11823,11823
0.4,0.304,2.0853,7.367,2.9569e+05,3.9991e+05,-8109.9,8109.9
0.4,0.288,0.69357,7.2721,-1.4308e+05,1423.7,-9201.8,9201.8
0.4,0.272,-3.2874,7.7129,-3.9086e+05,-5.0067e+05,-15379,15379
0.4,0.256,-2.5827,4.9776,-3.6528e+05,-7.5068e+05,-10621,10621
0.4,0.24,-1.5847,4.9205,-82052,-5.6464e+05,-542.66,542.66
0.4,0.224,-0.78753,6.2901,-25367,-4.0501e+05,8716.8,8716.8
0.4,0.208,-0.73606,7.6942,-84243,-3.2799e+05,15572,15572
0.4,0.192,-1.2905,11.013,-1.7989e+05,-2.2872e+05,19432,19432
0.4,0.176,-1.9614,12.885,-98770,-2381,18419,18419
0.4,0.16,-1.2443,11.664,76373,95191,18021,18021
0.4,0.144,0.22493,8.8685,2.101e+05,-43960,22766,22766
0.4,0.128,0.58429,6.3527,90531,-2.1133e+05,25170,25170
0.4,0.112,-0.12828,5.3976,-74364,-2.6939e+05,22519,22519
0.4,0.096,-0.97303,4.8786,-1.8883e+05,-51729,19952,19952
0.4,0.08,-0.58618,5.5018,-1.5526e+05,2.5768e+05,18859,18859
0.4,0.064,-1.0009,7.9948,-29539,4.0508e+05,17986,17986
0.4,0.048,-0.71683,7.474,22169,2.9269e+05,11283,11283
0.4,0.032,-1.3065,2.1636,55173,90338,5153.8,5153.8
0.4,0.016,-0.87222,1.0823,0,0,1344.6,1344.6
0.416,0.496,-1.7912,7.8546,0,0,17.634,17.634
0.416,0.48,-2.1083,6.3823,0,0,1225.8,1225.8
0.416,0.464,-1.2599,9.1982,-80084,-3.3326e+05,-46955,46955
0.416,0.448,-1.7665,10.211,-2.437e+05,-1.4638e+06,-86818,86818
0.416,0.432,-5.0119,9.2596,-5.2264e+05,-2.7782e+06,-1.0749e+05,1.0749e+05
0.416,0.416,-6.7747,5.1997,-5.2572e+05,-3.054e+06,-82806,82806
0.416,0.4,-5.3158,5.5801,-2.9792e+05,-2.6578e+06,-55711,55711
0.416,0.384,-3.8553,6.0658,1.3303e+05,-1.3955e+06,-31913,31913
0.416,0.368,-1.3232,5.3996,2.8182e+05,-6.6419e+05,-14062,14062
0.416,0.352,-1.5287,5.0859,1.5826e+05,-3.1263e+05,-3767.3,3767.3
0.416,0.336,-3.4958,5.3678,71231,-1.9831e+05,1847.5,1847.5
0.416,0.32,-2.3311,5.7556,1.1761e+05,-14651,15658,15658
0.416,0.304,-2.9547,6.7084,17156,-99433,22903,22903
0.416,0.288,-3.0831,5.7712,-2.7859e+05,-4.1213e+05,31139,31139
0.416,0.272,-3.6202,3.6667,-4.1238e+05,-6.4693e+05,30230,30230
0.416,0.256,-1.8074,3.0726,6.8814e+05,-4.7358e+05,36848,36848
0.416,0.24,-0.69374,2.7186,9.8438e+05,-1.1101e+05,45189,45189
0.416,0.224,-0.038528,3.5651,9.2263e+05,2.1672e+05,47803,47803
0.416,0.208,-0.74161,5.835,-1.1507e+05,3.2617e+05,46289,46289
0.416,0.192,-1.2466,6.5824,-2.8588e+05,4.9575e+05,41015,41015
0.416,0.176,-2.0962,9.0166,-2.0327e+05,7.1705e+05,34345,34345
0.416,0.16,-1.083,11.474,-58979,7.4783e+05,24525,24525
0.416,0.144,0.24869,11.15,1.1343e+05,4.5667e+05,18565,18565
0.416,0.128,-0.28283,9.6652,1.0722e+05,-39176,13858,13858
0.416,0.112,-0.44367,7.4218,-57411,-3.1545e+05,14140,14140
0.416,0.096,-0.33937,6.1305,-1.4286e+05,-2.9123e+05,16177,16177
0.416,0.08,-1.1502,3.8779,-96081,68648,18527,18527
0.416,0.064,-2.0622,5.1313,-3.6294e+05,3.5045e+05,18233,18233
0.416,0.048,-0.83186,3.8915,-3.563e+05,3.8551e+05,12604,12604
0.416,0.032,-0.72987,3.3153,-3.5133e+05,1.9182e+05,6409.1,6409.1
0.416,0.016,0.011042,2.4686,0,0,1917.8,1917.8
0.432,0.496,-0.20606,5.3168,0,0,563.68,563.68
0.432,0.48,-0.030353,6.0819,-99712,-1.0908e+05,2864.8,2864.8
0.432,0.464,-1.3686,6.6499,-2.1018e+05,-3.9396e+05,-1029.1,1029.1
0.432,0.448,-1.2671,5.5949,-2.3255e+05,-9.2661e+05,-8668.4,8668.4
0.432,0.432,-1.9797,4.7734,-3.0622e+05,-1.5296e+06,-13474,13474
0.432,0.416,-4.8917,2.8098,-2.5549e+05,-1.7136e+06,-8142,8142
0.432,0.4,-5.0704,3.6061,-1.0718e+05,-1.4323e+06,215.82,215.82
0.432,0.384,-1.9503,3.8793,2.8446e+05,-6.1926e+05,410.42,410.42
0.432,0.368,-0.52111,4.8417,3.0794e+05,-2.7547e+05,-1494.7,1494.7
0.432,0.352,-1.3377,4.219,1.91e+05,-1.4153e+05,657.62,657.62
0.432,0.336,-1.8461,3.919,-17567,-2.2033e+05,7258,7258
0.432,0.32,-2.0252,3.0775,-93778,-2.312e+05,31941,31941
0.432,0.304,-1.5913,4.4243,-2.6282e+05,-4.0712e+05,50010,50010
0.432,0.288,-3.0535,4.1647,-7.6078e+05,-7.0667e+05,68445,68445
0.432,0.272,-3.1,2.5012,-9.413e+05,-8.1591e+05,71686,71686
0.432,0.256,-5.7168,3.1115,7.0258e+05,-1.2e+05,74452,74452
0.432,0.24,8.1754,4.6423,1.6087e+06,6.5796e+05,72877,72877
0.432,0.224,1.4992,4.876,1.669e+06,9.6016e+05,63385,63385
0.432,0.208,0.4032,5.793,1.5377e+05,6.5694e+05,54731,54731
0.432,0.192,-1.81,6.0969,-4.0207e+05,4.7089e+05,46990,46990
0.432,0.176,-1.8809,7.9991,-2.6905e+05,7.6592e+05,37605,37605
0.432,0.16,-1.717,11.039,-1.5916e+05,9.1719e+05,24825,24825
0.432,0.144,-1.277,11.682,26292,6.9439e+05,13489,13489
0.432,0.128,-1.1084,10.128,46211,1.3297e+05,8104.4,8104.4
0.432,0.112,-1.3351,8.5311,-24363,-2.8239e+05,9387.8,9387.8
0.432,0.096,-2.5427,6.4796,-71727,-4.2616e+05,14765,14765
0.432,0.08,0.82256,7.8224,-2.1579e+05,1.7001e+05,17832,17832
0.432,0.064,1.5848,12.829,-7.5918e+05,6.3826e+05,18296,18296
0.432,0.048,-15.134,18.152,-7.7121e+05,7.6856e+05,11569,11569
0.432,0.032,-15.619,15.275,-5.9809e+05,3.4972e+05,5236.7,5236.7
0.432,0.016,-1.3377,2.3761,0,0,793.52,793.52
0.448,0.496,-2.1563,4.2601,-28886,-82487,220.6,220.6
0.448,0.48,-1.9135,4.2303,-1.1803e+05,-2.1872e+05,2353.3,2353.3
0.448,0.464,-2.6018,3.8157,-1.5721e+05,-3.902e+05,4945.2,4945.2
0.448,0.448,-2.0604,3.6498,-1.2629e+05,-3.9866e+05,5585.3,5585.3
0.448,0.432,-1.8536,3.1765,-84166,-5.3365e+05,6499.3,6499.3
0.448,0.416,-2.2204,3.2088,1766.3,-5.7902e+05,7885.3,7885.3
0.448,0.4,-4.4874,3.1735,86974,-5.6909e+05,7939.1,7939.1
0.448,0.384,-4.6726,1.0356,3.4946e+05,-1.6131e+05,-618.02,618.02
0.448,0.368,-0.067283,3.1162,5.701e+05,-83058,-16444,16444
0.448,0.352,-0.2372,3.1733,4.9832e+05,-15708,-20491,20491
0.448,0.336,-0.84103,2.0166,2.9307e+05,-1.9516e+05,-14721,14721
0.448,0.32,0.09349,1.807,6876.8,-2.3616e+05,21836,21836
0.448,0.304,-3.4822,0.84545,-2.2543e+06,3.6406e+05,51484,51484
0.448,0.288,-7.1145,-0.058681,-4.3852e+06,5.9748e+05,73595,73595
0.448,0.272,-15.292,5.9716,-4.8666e+06,-7.5234e+05,85581,85581
0.448,0.256,-11.517,-1.2048,-1.267e+06,-4.7058e+05,85667,85667
0.448,0.24,1.7064,2.9728,1.2485e+06,-2.1385e+05,84559,84559
0.448,0.224,4.1681,4.7663,1.98e+06,1.1683e+06,67795,67795
0.448,0.208,0.72706,4.6399,2.9577e+05,5.7661e+05,58556,58556
0.448,0.192,1.0619,6.8156,-3.6596e+05,4.1606e+05,48205,48205
0.448,0.176,-0.1977,9.2383,-1.3662e+05,6.9571e+05,35246,35246
0.448,0.16,-0.70913,10.148,-69418,7.3443e+05,20086,20086
0.448,0.144,-0.7179,10.103,-33878,4.8786e+05,11018,11018
0.448,0.128,-0.60367,8.7005,-37489,85352,7080.6,7080.6
0.448,0.112,-0.40359,7.8124,-46964,-1.0309e+05,9197.4,9197.4
0.448,0.096,-0.27873,7.8174,-42121,-2.7654e+05,14209,14209
0.448,0.08,0.39157,2.785,-4.7997e+05,5.4977e+05,18372,18372
0.448,0.064,-9.4492,21.082,-1.1587e+06,1.0707e+06,19267,19267
0.448,0.048,-11.122,13.917,-1.1916e+06,1.2383e+06,13036,13036
0.448,0.032,-49.353,-4.5467,-6.7885e+05,4.4399e+05,5789.2,5789.2
0.448,0.016,-6.7941,1.5569,0,0,671.09,671.09
0.464,0.496,-2.0075,1.5213,-17736,-78218,-237.83,237.83
0.464,0.48,-2.8035,1.4858,-2.5391e+05,-2.7041e+05,1261.8,1261.8
0.464,0.464,-2.2799,2.41,-2.62e+05,-3.831e+05,3538.5,3538.5
0.464,0.448,-1.9478,1.9614,-2.1387e+05,-3.95e+05,5835.5,5835.5
0.464,0.432,-1.59,2.361,-1.4032e+05,-1.9783e+05,7465.6,7465.6
0.464,0.416,-2.1436,1.9028,-78686,-1.972e+05,7977.1,7977.1
0.464,0.4,-2.7976,1.6343,-86435,-2.0444e+05,4809.3,4809.3
0.464,0.384,-3.4256,-0.19548,1.4766e+05,3976,-5986,5986
0.464,0.368,-1.3295,5.0633,5.3585e+05,86509,-25807,25807
0.464,0.352,3.1226,3.3251,1.4761e+06,-785.01,-36153,36153
0.464,0.336,0.51486,0.071188,9.5523e+05,-5.2409e+05,-33168,33168
0.464,0.32,-0.24594,3.356,6.1638e+05,-7.6174e+05,3749.9,3749.9
0.464,0.304,-107.84,31.804,-4.3959e+06,-1.0851e+06,35851,35851
0.464,0.288,-84.292,30.132,-7.2872e+06,-4.9124e+05,51158,51158
0.464,0.272,-66.433,39.432,-7.1962e+06,-3.2758e+06,66146,66146
0.464,0.256,-34.454,-24.938,-3.9584e+06,-4.0272e+06,66420,66420
0.464,0.24,0.0068375,-0.71152,-1.2052e+06,-3.4506e+06,69121,69121
0.464,0.224,4.8467,-0.89543,2.711e+05,-8.1617e+05,48117,48117
0.464,0.208,-1.8306,2.0093,2.9381e+05,4.265e+05,39578,39578
0.464,0.192,-1.6688,4.4059,-84632,2.6296e+05,30969,30969
0.464,0.176,2.2424,5.827,80399,4.5424e+05,19045,19045
0.464,0.16,0.50274,5.8345,1.2222e+05,4.0342e+05,7263.3,7263.3
0.464,0.144,0.34239,5.3553,94384,1.9565e+05,3086.8,3086.8
0.464,0.128,0.42659,5.5421,-14503,-17486,2297.2,2297.2
0.464,0.112,0.88466,3.755,-62169,-23863,4584.5,4584.5
0.464,0.096,1.6923,6.5457,-1.3189e+05,-1.8244e+05,8613,8613
0.464,0.08,0.53058,1.3957,-5.8901e+05,5.0098e+05,12433,12433
0.464,0.064,-14.997,22.786,-9.8828e+05,8.4327e+05,13291,13291
0.464,0.048,-146.88,357.21,-9.5627e+05,1.0655e+06,8331.6,8331.6
0.464,0.032,-2.3652,-21.32,-3.1816e+05,2.6033e+05,3378.6,3378.6
0.464,0.016,-97.551,-37.141,0,0,-411.13,411.13
0.48,0.496,-1.3107,0.96003,-15766,-69527,-1093.7,1093.7
0.48,0.48,-0.96836,1.4306,-1.8138e+05,-1.9189e+05,-1313.3,1313.3
0.48,0.464,-8.491,0.6951,-1.7172e+05,-2.4624e+05,-294.8,294.8
0.48,0.448,-0.87148,-0.65737,-1.4007e+05,-2.6519e+05,1559.7,1559.7
0.48,0.432,-1.7054,-0.4586,-1.1415e+05,-98609,2655.5,2655.5
0.48,0.416,-7.4145,6.3657,-1.0781e+05,-1.3225e+05,2034.1,2034.1
0.48,0.4,-2.5228,-2.104,-88414,-84207,-1003.5,1003.5
0.48,0.384,-0.57678,0.22983,41824,65301,-8668.2,8668.2
0.48,0.368,-8.2291,8.1212,4.6675e+05,1.4313e+05,-24520,24520
0.48,0.352,-0.55711,5.3247,1.3691e+06,-2595.8,-34535,34535
0.48,0.336,3.0685,2.7943,9.3837e+05,-4.7074e+05,-36708,36708
0.48,0.32,-17.598,3.9886,6.3958e+05,-5.9216e+05,-8932.5,8932.5
0.48,0.304,-101.82,48.858,-4.2369e+06,-7.8158e+05,11796,11796
0.48,0.288,-48.784,-3.0595,-6.4796e+06,1.4777e+05,14345,14345
0.48,0.272,-123.64,17.073,-6.3806e+06,-2.7465e+06,19120,19120
0.48,0.256,-28.869,-38.819,-3.7687e+06,-4.03e+06,20348,20348
0.48,0.24,-31.621,-45.845,-1.8035e+06,-4.0268e+06,33872,33872
0.48,0.224,-4.5019,0.39366,-4.9946e+05,-1.5342e+06,27129,27129
0.48,0.208,-0.11512,0.36242,11990,-31691,26440,26440
0.48,0.192,-1.7145,1.5436,64825,74521,21220,21220
0.48,0.176,1.385,1.3984,1.946e+05,1.5664e+05,12245,12245
0.48,0.16,2.5544,2.4014,2.1883e+05,1.1733e+05,3777.5,3777.5
0.48,0.144,2.2607,1.7491,1.2658e+05,32865,2338.3,2338.3
0.48,0.128,2.51,1.6763,2305.9,-10052,1808.5,1808.5
0.48,0.112,0.62865,2.2207,-66770,71540,3306.4,3306.4
0.48,0.096,-1.7959,3.4093,-1.3921e+05,-29997,5658.8,5658.8
0.48,0.08,-1.3621,1.0408,-4.087e+05,3.0441e+05,8395.1,8395.1
0.48,0.064,-0.83341,2.9931,-4.3948e+05,3.0083e+05,9313.1,9313.1
0.48,0.048,79.317,51.006,-4.0094e+05,4.1958e+05,6971.8,6971.8
0.48,0.032,-4.222,-4.8107,0,0,3537.3,3537.3
0.48,0.016,0.12797,11.692,0,0,311.49,311.49
0.496,0.496,-1.0783,0.40596,6701,-5370.7,-584.76,584.76
0.496,0.48,-1.6459,1.1269,-1.4701e+05,-94550,-1041.4,1041.4
0.496,0.464,-11.28,2.133,-1.3698e+05,-1.1743e+05,-553.42,553.42
0.496,0.448,-120.09,5.2237,-1.2817e+05,-1.847e+05,307.53,307.53
0.496,0.432,-2.6324,0.42619,-1.0414e+05,-35158,1179.9,1179.9
0.496,0.416,-2.1211,1.2208,-1.0899e+05,-69405,1334.6,1334.6
0.496,0.4,0.37064,5.7962,-1.0655e+05,3867.8,869.02,869.02
0.496,0.384,0.15295,0.31682,-48656,42963,-2074.6,2074.6
0.496,0.368,-0.66588,0.77587,1.1172e+05,1.3156e+05,-9828.9,9828.9
0.496,0.352,-23.051,-3.948,1.0362e+06,-36332,-16933,16933
0.496,0.336,-108.29,113.65,6.7431e+05,-4.4537e+05,-20019,20019
0.496,0.32,-93.961,25.358,5.7234e+05,-5.3645e+05,-7747,7747
0.496,0.304,-222.22,1382.9,-1.5485e+06,-1.4504e+06,0.14645,0.14645
0.496,0.288,-512.4,-302.62,-1.2121e+06,-1.2596e+06,-4161.5,4161.5
0.496,0.272,-493.16,-397.84,-1.7932e+06,-2.5979e+06,-6351.4,6351.4
0.496,0.256,-155.75,-77.521,-1.5211e+06,-3.4652e+06,-5199.6,5199.6
0.496,0.24,-74.188,-38.702,-1.5149e+06,-3.1158e+06,5645.2,5645.2
0.496,0.224,-28.762,-22.066,-8.5402e+05,-1.7943e+06,5519.9,5519.9
0.496,0.208,-11.926,-5.9378,-1.4368e+05,-45849,6246.6,6246.6
0.496,0.192,-2.8055,-0.012482,70362,-18742,5544.8,5544.8
0.496,0.176,-0.79689,1.9333,1.1435e+05,-4688.1,2934.6,2934.6
0.496,0.16,0.42997,2.9384,1.298e+05,-5933.5,339.18,339.18
0.496,0.144,0.5909,0.76498,1.2044e+05,-1467,14.471,14.471
0.496,0.128,-0.12209,2.6814,34861,-3047.7,50.552,50.552
0.496,0.112,-0.27842,2.4464,-52579,3594.5,854.27,854.27
0.496,0.096,-0.89312,0.3805,-1.2033e+05,-34663,1682.6,1682.6
0.496,0.08,-0.7346,0.89192,-86279,-12904,2414,2414
0.496,0.064,-0.51267,0.10631,-26712,-18201,2530.7,2530.7
0.496,0.048,-23.286,45.88,2420.3,29447,1680.4,1680.4
0.496,0.032,-424.31,-187.77,0,0,795.17,795.17
0.496,0.016,-106.57,112.11,0,0,-96.388,96.388
