0.016,0.496,0.47897,-1.3444,3499.5,787.57,-582.24,582.24
0.016,0.48,-0.39702,-0.065971,2532.7,4394,892.14,892.14
0.016,0.464,1.9547,0.77915,1976.7,4685.7,4726.8,4726.8
0.016,0.448,-1.0665,0.57068,-1403.8,4085.8,9809,9809
0.016,0.432,0.69588,1.4237,-8888.3,-2069.3,10200,10200
0.016,0.416,4.3535,0.23344,-14017,-2975.5,8079.9,8079.9
0.016,0.4,2.3693,-0.51168,-15960,-2857.9,4879.7,4879.7
0.016,0.384,4.3353,-1.2429,-8673,-1382.5,3619,3619
0.016,0.368,5.8692,-1.1274,-4393.6,-2858.7,1311.7,1311.7
0.016,0.352,3.3471,-0.6404,-10967,-2286.4,-1236.4,1236.4
0.016,0.336,5.511,-0.56228,-13554,597.33,-3116.2,3116.2
0.016,0.32,3.1021,-0.54345,-11530,2011.9,-3134.1,3134.1
0.016,0.304,0.084871,0.28235,-5468.4,1685.6,-1853.8,1853.8
0.016,0.288,0.38627,-0.53493,-4440,1722.2,-684.05,684.05
0.016,0.272,1.0175,-1.8431,-6044.5,2741.2,89.538,89.538
0.016,0.256,0.22717,-0.22089,-7930.6,4739.2,150.55,150.55
0.016,0.24,2.6983,1.621,-19841,1470.4,179.87,179.87
0.016,0.224,7.5272,0.38587,-19169,-757.38,-84.824,84.824
0.016,0.208,5.7857,-0.91981,-13981,-5904.4,-133.01,133.01
0.016,0.192,1.1879,-0.081537,1084.3,-7001.8,-178.48,178.48
0.016,0.176,-0.6763,-0.59207,1547.3,-4819.6,-653.95,653.95
0.016,0.16,-0.82363,-1.3012,2516,812.84,-1431.5,1431.5
0.016,0.144,-1.1519,0.34413,3742.5,4213.4,-1611.9,1611.9
0.016,0.128,2.5476,-2.2398,3499.1,4576.6,-987.53,987.53
0.016,0.112,6.8263,-0.084207,-8051.3,-12193,-183.47,183.47
0.016,0.096,1.3173,3.4501,-7116.1,-12936,92.3,92.3
0.016,0.08,1.3981,-1.5041,-14192,17794,144.18,144.18
0.016,0.064,-0.75511,0.79723,-15598,45608,306.97,306.97
0.016,0.048,-1.0346,0.69236,-18191,45470,412.98,412.98
0.016,0.032,-1.3111,1.1203,-11021,14079,304.89,304.89
0.016,0.016,-1.4905,0.96267,0,0,89.465,89.465
0.032,0.496,0.3658,0.54004,-1446.1,3828,-37.074,37.074
0.032,0.48,0.66186,0.42262,6894.6,15550,-119.18,119.18
0.032,0.464,0.18294,0.52027,30586,19908,-198.05,198.05
0.032,0.448,-0.027071,0.33143,21618,13452,-202.36,202.36
0.032,0.432,-0.056289,0.11848,10315,1485.8,-251.04,251.04
0.032,0.416,-0.27325,-0.55303,-29764,-3351.8,-221.31,221.31
0.032,0.4,-0.28467,-0.32685,-54361,-26958,81.723,81.723
0.032,0.384,-0.089518,0.13202,-41762,-47363,618.3,618.3
0.032,0.368,0.050251,-0.053048,-4280.7,-49552,909,909
0.032,0.352,-0.070559,-0.25096,14818,-18598,808.09,808.09
0.032,0.336,-0.29949,0.21434,-966.69,9172.3,443.73,443.73
0.032,0.32,-0.15793,-0.10428,-26936,7856.8,233.3,233.3
0.032,0.304,-0.096679,-0.41014,-14099,3402.3,143.87,143.87
0.032,0.288,-0.361,-0.31058,-8993.4,-2445.8,197.72,197.72
0.032,0.272,-0.27656,-0.48735,-9144.7,36.641,183.46,183.46
0.032,0.256,-0.28759,-0.061594,-12560,-6742,71.867,71.867
0.032,0.24,-0.57098,0.51778,-33693,-10564,-171.3,171.3
0.032,0.224,-0.27103,-0.067449,-33113,-15303,-274.32,274.32
0.032,0.208,0.17512,-0.36694,-23631,-7830.8,-189.69,189.69
0.032,0.192,0.45475,-0.094176,-12028,5829.8,3.0913,3.0913
0.032,0.176,0.22777,-0.16465,-16701,18037,290.59,290.59
0.032,0.16,-0.14994,0.036055,-20311,6489.8,440.87,440.87
0.032,0.144,-0.3254,0.27118,-23657,666.26,567.75,567.75
0.032,0.128,0.17453,-0.25994,-34561,-6316.7,511.55,511.55
0.032,0.112,-0.0074487,-0.043802,-33242,-8971.4,971.78,971.78
0.032,0.096,-0.6613,0.019385,2451.7,-77729,1381.3,1381.3
0.032,0.08,-0.0029558,0.4779,-14531,-24657,1730.4,1730.4
0.032,0.064,-0.37064,2.2465,-35341,3468.3,1590.9,1590.9
0.032,0.048,-1.3635,2.3839,-57115,66938,1169.7,1169.7
0.032,0.032,-1.9163,1.9503,-20107,14881,658.91,658.91
0.032,0.016,-1.4339,0.9467,0,0,176.7,176.7
0.048,0.496,0.098216,1.0698,-4799.3,3792.2,-54.713,54.713
0.048,0.48,-0.01776,0.90343,3760.1,14235,-278.8,278.8
0.048,0.464,1.0054,0.73766,24181,22234,-540.91,540.91
0.048,0.448,1.6737,0.65552,8078.4,-2124.5,-803.82,803.82
0.048,0.432,0.15856,0.77629,-3815.7,-10135,-879.31,879.31
0.048,0.416,-0.20013,-0.43606,-44669,-13907,-859.49,859.49
0.048,0.4,-1.2814,-0.6145,-30813,-52131,-480.67,480.67
0.048,0.384,-0.909,-1.5179,-48048,-43026,201.44,201.44
0.048,0.368,1.766,0.053561,-14295,-51121,857.68,857.68
0.048,0.352,1.8189,0.49076,-15050,5709.8,1169.2,1169.2
0.048,0.336,-0.081673,0.69869,-2292.4,1399.6,1026.1,1026.1
0.048,0.32,-0.57856,0.27849,-20750,3035.2,771.45,771.45
0.048,0.304,-0.73376,-0.5953,-17494,4178.6,581.22,581.22
0.048,0.288,-0.38365,0.068881,-11333,-1950.5,508.87,508.87
0.048,0.272,-0.096618,0.60339,-12836,-1655.8,497.27,497.27
0.048,0.256,-0.8333,-0.021764,-13815,-7474.8,424.37,424.37
0.048,0.24,-0.93323,-0.50872,-33953,-10532,219.83,219.83
0.048,0.224,-1.1469,0.021301,-32902,-13640,-38.329,38.329
0.048,0.208,-0.48945,-0.36096,-22315,-7135.1,-154.82,154.82
0.048,0.192,0.22015,0.51267,-11076,8838.4,-130.37,130.37
0.048,0.176,-0.65385,1.4633,-12912,20673,729.39,729.39
0.048,0.16,-1.1425,0.55551,-18587,10169,1421.2,1421.2
0.048,0.144,-1.0626,-0.89759,-20459,4246.5,2118.7,2118.7
0.048,0.128,-1.4082,-0.057882,-26980,-4551.2,1898,1898
0.048,0.112,-0.96206,-0.92011,-22023,-2918.6,1892.3,1892.3
0.048,0.096,0.89458,-1.1715,16240,-76819,2406.2,2406.2
0.048,0.08,-0.65814,-1.8249,-5012.1,-17359,3075.2,3075.2
0.048,0.064,-2.1183,2.0343,-46491,75565,3413.3,3413.3
0.048,0.048,-1.5931,2.3067,-72332,1.4137e+05,2646.5,2646.5
0.048,0.032,-1.6902,2.9239,-37133,83921,1431.4,1431.4
0.048,0.016,-1.606,-4.643,0,0,448.91,448.91
0.064,0.496,-0.63864,1.9422,2763.9,-8106.5,-77.488,77.488
0.064,0.48,-0.65662,1.0575,-5107.2,12619,-327.29,327.29
0.064,0.464,-0.013186,-0.20256,-5512,49380,-875.56,875.56
0.064,0.448,-0.264,0.54924,-33170,38703,-1688.1,1688.1
0.064,0.432,-0.50621,0.2893,-24578,1277.9,-2347.6,2347.6
0.064,0.416,-0.6119,-0.20858,-15089,-74066,-2505,2505
0.064,0.4,-0.77622,-0.26265,6958.5,-1.4684e+05,-1816,1816
0.064,0.384,2.4407,-3.2681,-5268.6,-1.4011e+05,-730.7,730.7
0.064,0.368,0.44313,0.82866,-10567,-84313,182.35,182.35
0.064,0.352,-0.099075,0.81998,-10710,4183.2,724.26,724.26
0.064,0.336,0.99702,0.33895,-9017.2,20329,828.24,828.24
0.064,0.32,-0.40086,0.3485,-18091,1486.6,835.51,835.51
0.064,0.304,-0.33293,0.2452,-18457,3322,771.05,771.05
0.064,0.288,0.0061192,-0.34029,-14418,6453.9,655.99,655.99
0.064,0.272,0.2942,0.01634,-65020,-50150,663.37,663.37
0.064,0.256,-0.067688,0.2442,-81219,-72225,961.22,961.22
0.064,0.24,-0.23751,-0.13082,-92504,-64407,1190.2,1190.2
0.064,0.224,-0.0068054,0.25521,-49300,-24025,1052.6,1052.6
0.064,0.208,0.32393,-0.19517,-22028,-4360.1,505.78,505.78
0.064,0.192,0.081262,-0.16083,-21236,9707.3,67.394,67.394
0.064,0.176,-0.22922,0.55568,-18581,42517,1515.3,1515.3
0.064,0.16,-0.15591,0.0058236,-32472,32877,3092.1,3092.1
0.064,0.144,-0.035926,-0.37796,-36550,-12778,4752.4,4752.4
0.064,0.128,0.32752,-0.15739,-31096,-38101,4677.8,4677.8
0.064,0.112,0.66372,-0.040347,-19274,-12416,4055.3,4055.3
0.064,0.096,0.17083,-0.0031035,6527.2,-51337,4157.8,4157.8
0.064,0.08,0.34202,-0.70759,-21982,-35827,4321.1,4321.1
0.064,0.064,0.34806,0.41399,-59107,1.093e+05,4667.1,4667.1
0.064,0.048,-1.0869,3.5409,-64562,1.6268e+05,3562.2,3562.2
0.064,0.032,-1.386,3.5437,-31475,1.5754e+05,1880,1880
0.064,0.016,-1.5734,-2.9828,0,0,674.58,674.58
0.08,0.496,-1.0952,2.7163,8673.2,-12540,-147.3,147.3
0.08,0.48,-0.27451,1.462,-60283,65439,-715.67,715.67
0.08,0.464,-1.6686,2.1591,-1.294e+05,1.5983e+05,-2098,2098
0.08,0.448,-1.7113,2.513,-1.5837e+05,1.7741e+05,-4158.9,4158.9
0.08,0.432,-1.0988,2.1895,-1.1114e+05,1.0411e+05,-6394.2,6394.2
0.08,0.416,-0.78217,1.9268,-34208,-36640,-7090.8,7090.8
0.08,0.4,-0.72732,1.3727,11204,-2.1799e+05,-6341,6341
0.08,0.384,0.84344,-1.7287,6118.4,-1.9644e+05,-4630.2,4630.2
0.08,0.368,0.66014,-1.4775,-33189,-1.0533e+05,-3586.5,3586.5
0.08,0.352,-0.17067,1.0794,-1.0631e+05,43388,-2884.7,2884.7
0.08,0.336,-0.27443,0.97517,-1.639e+05,5721.2,-2296.5,2296.5
0.08,0.32,-0.38933,0.76973,-1.562e+05,-43380,-1672.3,1672.3
0.08,0.304,-0.27722,0.61882,-77609,-14890,-1172.1,1172.1
0.08,0.288,-0.20318,0.37418,-14264,8843.5,-1236.9,1236.9
0.08,0.272,-0.12339,0.37158,-69428,-45480,-1260.7,1260.7
0.08,0.256,-1.7917,-2.9427,-73490,-1.2802e+05,-913.12,913.12
0.08,0.24,1.1268,-1.1027,-1.0124e+05,-1.1458e+05,48.544,48.544
0.08,0.224,1.1226,1.0032,-59492,-80082,838.59,838.59
0.08,0.208,0.31349,-1.6815,-54866,-37020,1082.3,1082.3
0.08,0.192,0.94213,-0.52,-21448,-35377,611.65,611.65
0.08,0.176,0.23335,1.3063,6147.1,10103,2032.6,2032.6
0.08,0.16,-0.74584,0.27087,-13448,29096,3674.3,3674.3
0.08,0.144,-0.61335,-1.2833,-8259.8,-8782.4,5785.4,5785.4
0.08,0.128,-0.51419,-1.6575,5761.9,-28655,5997.3,5997.3
0.08,0.112,0.053635,-0.48032,15563,-21177,5508.6,5508.6
0.08,0.096,-1.1854,0.461,67476,1085.6,5447.4,5447.4
0.08,0.08,-1.4834,0.62014,51525,-582.54,5251.5,5251.5
0.08,0.064,-0.47775,-0.59951,13748,1.8033e+05,5200.4,5200.4
0.08,0.048,-0.53589,3.4803,-35631,1.7722e+05,3899.7,3899.7
0.08,0.032,-0.40824,4.0659,-31764,1.8796e+05,2011.6,2011.6
0.08,0.016,-1.0848,-1.1579,0,0,766.48,766.48
0.096,0.496,-2.3231,4.7143,14223,-14286,-254.92,254.92
0.096,0.48,-2.7385,4.4689,-75675,89224,-1350.2,1350.2
0.096,0.464,-3.0505,4.8928,-2.9995e+05,3.5254e+05,-3345.9,3345.9
0.096,0.448,-2.912,4.6717,-3.219e+05,3.6621e+05,-6405.5,6405.5
0.096,0.432,-2.6051,4.7985,-2.3936e+05,3.0514e+05,-10954,10954
0.096,0.416,-2.0812,4.1885,-38082,1.2391e+05,-13484,13484
0.096,0.4,-1.3296,3.6878,36522,-1.0223e+05,-12914,12914
0.096,0.384,-0.75746,2.9292,60661,-1.959e+05,-9939.3,9939.3
0.096,0.368,-0.26661,2.7971,2180.1,-1.9889e+05,-8131.3,8131.3
0.096,0.352,-0.54026,0.91488,-79435,-57980,-7589.7,7589.7
0.096,0.336,-3.1727,0.92917,-1.6078e+05,-41270,-6817.6,6817.6
0.096,0.32,-3.4585,-0.22734,-1.621e+05,-53673,-5511.6,5511.6
0.096,0.304,-1.3869,-0.43746,-64121,-25688,-4247.6,4247.6
0.096,0.288,0.3247,1.6247,28179,-326.97,-3657.9,3657.9
0.096,0.272,0.6756,0.9141,-25307,-49180,-3649.9,3649.9
0.096,0.256,1.1823,-0.33868,-4942,-1.9493e+05,-3166.2,3166.2
0.096,0.24,4.7358,-0.80083,-37381,-2.3678e+05,-1640.6,1640.6
0.096,0.224,2.2933,0.26303,46537,-1.9937e+05,83.322,83.322
0.096,0.208,2.0191,0.97648,34110,-1.1885e+05,892.79,892.79
0.096,0.192,0.78905,-0.48928,2531.1,-35797,492.48,492.48
0.096,0.176,0.0050797,0.49981,-35245,-6301.2,1639.3,1639.3
0.096,0.16,-0.11006,0.29874,-64696,17150,3106.3,3106.3
0.096,0.144,-0.21795,-0.21538,-16346,-49060,5608.6,5608.6
0.096,0.128,-0.21605,-0.3915,43800,-71717,7050.3,7050.3
0.096,0.112,-0.43495,-0.28102,41914,-38804,7669.7,7669.7
0.096,0.096,0.62013,-0.55723,45986,25349,7392.2,7392.2
0.096,0.08,2.1155,0.48598,-9064.3,51277,5981.4,5981.4
0.096,0.064,-0.49561,1.1074,4021,1.5499e+05,4625,4625
0.096,0.048,-1.1314,2.3272,-4741.9,1.1722e+05,3081.2,3081.2
0.096,0.032,-1.3297,3.5629,5556.8,1.1697e+05,1460.8,1460.8
0.096,0.016,-0.53707,-3.2627,0,0,621.39,621.39
0.112,0.496,-4.6757,6.9862,0,0,-162.19,162.19
0.112,0.48,-4.2524,7.6969,-99260,1.2759e+05,-1735.2,1735.2
0.112,0.464,-4.3197,7.5372,-5.1676e+05,6.0959e+05,-6450.6,6450.6
0.112,0.448,-5.4664,6.9081,-5.5522e+05,6.5285e+05,-11233,11233
0.112,0.432,-4.4604,5.6137,-4.2441e+05,5.814e+05,-16849,16849
0.112,0.416,-3.0527,7.3942,-1.1823e+05,3.9159e+05,-20481,20481
0.112,0.4,-1.6934,6.7931,1.7921e+05,-27674,-21526,21526
0.112,0.384,-1.1017,6.303,2.2664e+05,-2.2203e+05,-19717,19717
0.112,0.368,-0.54732,5.7175,73389,-2.8555e+05,-16779,16779
0.112,0.352,0.25581,3.3612,-97512,-1.2303e+05,-15612,15612
0.112,0.336,-0.072535,2.6387,-1.5541e+05,-56324,-15176,15176
0.112,0.32,-0.13741,2.2205,-1.3639e+05,5980.1,-14526,14526
0.112,0.304,0.12285,0.97598,-35076,-16230,-12216,12216
0.112,0.288,-0.50374,1.1239,49891,-89050,-9762.4,9762.4
0.112,0.272,1.6931,1.9652,48429,-1.5325e+05,-7819.7,7819.7
0.112,0.256,2.3191,1.5191,81972,-2.501e+05,-6623.9,6623.9
0.112,0.24,3.8978,-0.12391,65597,-2.8073e+05,-4125.6,4125.6
0.112,0.224,3.671,0.21894,98042,-2.6735e+05,-1011.8,1011.8
0.112,0.208,4.475,3.2985,76968,-1.5995e+05,666.04,666.04
0.112,0.192,2.7029,2.107,29902,-54357,350.44,350.44
0.112,0.176,-1.4417,2.0268,-11018,-51169,1782.7,1782.7
0.112,0.16,-1.0657,-0.97355,-49070,-62211,3258.4,3258.4
0.112,0.144,-0.4604,-0.88873,7257.7,-97216,6750.7,6750.7
0.112,0.128,0.1888,0.55331,28530,3589.7,8993.3,8993.3
0.112,0.112,1.1385,1.6385,-32954,1.3869e+05,10715,10715
0.112,0.096,-0.40427,2.124,-55654,2.062e+05,9837,9837
0.112,0.08,-1.8476,1.6623,-64122,1.6478e+05,7329.6,7329.6
0.112,0.064,-0.85523,2.0778,21704,1.2277e+05,4741.7,4741.7
0.112,0.048,0.59004,1.9851,28242,77486,2732.2,2732.2
0.112,0.032,0.98419,0.78066,28713,45679,1146.2,1146.2
0.112,0.016,-0.52243,-1.6117,0,0,420.45,420.45
0.128,0.496,-5.8779,10.306,0,0,-49.334,49.334
0.128,0.48,-5.409,8.5451,0,0,-1401,1401
0.128,0.464,-4.686,9.7754,-8.2216e+05,8.5757e+05,-8481.3,8481.3
0.128,0.448,-7.5175,10.208,-8.0391e+05,8.6148e+05,-15392,15392
0.128,0.432,-7.9438,10.772,-4.8183e+05,9.0841e+05,-20247,20247
0.128,0.416,-5.4327,8.2983,-78916,7.8418e+05,-23288,23288
0.128,0.4,-1.2897,8.2293,2.801e+05,5.6973e+05,-27185,27185
0.128,0.384,0.43147,6.8066,4.3746e+05,1.8484e+05,-24870,24870
0.128,0.368,-0.24965,6.1835,3.3717e+05,-1.0286e+05,-20413,20413
0.128,0.352,-0.5137,5.8405,2.1789e+05,-1.6434e+05,-16309,16309
0.128,0.336,0.37425,5.6381,1.6215e+05,-1.1479e+05,-19147,19147
0.128,0.32,0.025678,7.2011,1.6134e+05,-1.1882e+05,-24860,24860
0.128,0.304,0.2542,8.0751,1.5026e+05,-3.9022e+05,-23769,23769
0.128,0.288,0.70764,5.4447,1.4685e+05,-5.7929e+05,-17240,17240
0.128,0.272,0.4805,2.1503,1.1142e+05,-5.8172e+05,-9529.1,9529.1
0.128,0.256,1.9825,1.6002,1.2166e+05,-4.6687e+05,-5477.5,5477.5
0.128,0.24,2.6913,1.8597,1.399e+05,-3.9286e+05,-3091.2,3091.2
0.128,0.224,2.6555,2.2168,1.4049e+05,-3.1138e+05,678.08,678.08
0.128,0.208,1.8544,2.8592,1.2454e+05,-1.6556e+05,2520,2520
0.128,0.192,2.1363,3.7568,29739,-57401,2598.2,2598.2
0.128,0.176,0.4148,0.45111,-8544.9,-1.0935e+05,5088.4,5088.4
0.128,0.16,0.33195,0.1226,-22293,-1.9275e+05,7940,7940
0.128,0.144,1.3838,0.75142,20463,-1.9673e+05,12721,12721
0.128,0.128,0.56703,0.5344,-807.26,23453,15421,15421
0.128,0.112,-1.4248,4.3592,-1.2132e+05,2.6997e+05,16996,16996
0.128,0.096,-2.7091,5.4445,-2.0535e+05,3.1098e+05,14911,14911
0.128,0.08,-2.5786,3.1031,-2.0793e+05,2.4199e+05,10846,10846
0.128,0.064,-1.5904,1.7458,-67001,1.3227e+05,6558.5,6558.5
0.128,0.048,-0.60415,2.3191,5863.2,1.1902e+05,3488.6,3488.6
0.128,0.032,-0.87088,1.7787,44209,45722,1370.5,1370.5
0.128,0.016,-1.8282,-0.96464,0,0,436.51,436.51
0.144,0.496,-7.5763,14.258,0,0,61.105,61.105
0.144,0.48,-5.425,13.461,0,0,-658.57,658.57
0.144,0.464,-4.7769,13.563,NaN,NaN,-9020.2,9020.2
0.144,0.448,-6.5228,14.481,-1.14e+06,1.3917e+06,-26160,26160
0.144,0.432,-7.9339,16.522,-5.3663e+05,1.2486e+06,-31923,31923
0.144,0.416,-5.3468,15.702,-92464,9.847e+05,-36509,36509
0.144,0.4,-2.9143,14.994,3.4685e+05,7.1871e+05,-36704,36704
0.144,0.384,-1.4232,17.315,7.3907e+05,3.0471e+05,-30212,30212
0.144,0.368,0.21511,14.893,6.5346e+05,79452,-22315,22315
0.144,0.352,0.17641,13.004,5.8514e+05,-8098.2,-20242,20242
0.144,0.336,-0.38424,14.876,3.858e+05,-22058,-29521,29521
0.144,0.32,1.3137,15.47,3.0629e+05,-1.9245e+05,-43134,43134
0.144,0.304,2.2174,13.946,1.8761e+05,-8.0364e+05,-48688,48688
0.144,0.288,1.7481,10.078,1.2896e+05,-1.3095e+06,-37062,37062
0.144,0.272,1.9423,4.4995,98320,-1.3488e+06,-22754,22754
0.144,0.256,2.6096,3.0115,34635,-8.6061e+05,-9720.7,9720.7
0.144,0.24,2.7047,3.3585,935.03,-4.5211e+05,-6865.5,6865.5
0.144,0.224,1.7407,3.4681,-36548,-2.8938e+05,-707.53,707.53
0.144,0.208,0.40578,3.6841,11017,-1.9666e+05,2830.7,2830.7
0.144,0.192,1.3445,5.5309,22755,-1.4898e+05,4434,4434
0.144,0.176,1.4315,3.967,50284,-2.5914e+05,8872.2,8872.2
0.144,0.16,1.1748,3.4202,34224,-3.6557e+05,15056,15056
0.144,0.144,2.3855,2.5809,-19666,-3.0823e+05,21377,21377
0.144,0.128,0.90604,4.2716,-1.5615e+05,1.1599e+05,25436,25436
0.144,0.112,-0.50575,6.3626,-3.2409e+05,4.9613e+05,25750,25750
0.144,0.096,-0.56348,7.3022,-3.9484e+05,5.5029e+05,22821,22821
0.144,0.08,-1.2879,4.665,-3.7797e+05,4.1122e+05,16207,16207
0.144,0.064,-3.8533,4.5391,-2.8553e+05,2.6436e+05,9791.5,9791.5
0.144,0.048,-2.2647,3.0662,-1.7233e+05,1.9711e+05,5059.4,5059.4
0.144,0.032,-1.7492,4.5594,-66149,1.046e+05,1998.8,1998.8
0.144,0.016,-0.57109,3.3755,0,0,509.75,509.75
0.16,0.496,-9.5206,21.517,0,0,20.368,20.368
0.16,0.48,-8.1149,19.297,0,0,30.553,30.553
0.16,0.464,-4.8362,20.135,NaN,NaN,-5364.1,5364.1
0.16,0.448,-4.5909,20.283,NaN,NaN,-34586,34586
0.16,0.432,-3.7267,21.394,-1.0196e+05,1.7568e+06,-37427,37427
0.16,0.416,-2.7293,21.925,59483,1.5413e+06,-41422,41422
0.16,0.4,0.091689,21.058,2.002e+05,1.5065e+06,-52049,52049
0.16,0.384,1.8256,22.537,8.4318e+05,8.1358e+05,-40334,40334
0.16,0.368,0.79409,23.284,1.1093e+06,-51140,-35666,35666
0.16,0.352,0.27852,21.746,1.1822e+06,-3.8746e+05,-28834,28834
0.16,0.336,1.8909,22.683,9.5144e+05,-5.6702e+05,-46435,46435
0.16,0.32,0.87369,21.975,5.7745e+05,-6.508e+05,-66835,66835
0.16,0.304,1.9156,18.088,1.9482e+05,-1.3369e+06,-79420,79420
0.16,0.288,1.9765,11.071,76632,-2.127e+06,-71592,71592
0.16,0.272,2.7115,7.4869,1.2408e+05,-2.3599e+06,-51150,51150
0.16,0.256,2.297,5.7936,1.411e+05,-1.8568e+06,-29343,29343
0.16,0.24,0.026825,5.6671,78236,-1.0866e+06,-17931,17931
0.16,0.224,0.60847,5.7235,-3686,-7.3063e+05,-9619.8,9619.8
0.16,0.208,0.77647,4.9306,-34937,-5.375e+05,-3031.4,3031.4
0.16,0.192,1.2041,5.8058,-59183,-4.6836e+05,1690.2,1690.2
0.16,0.176,1.4697,7.3198,471.47,-6.2879e+05,8481.8,8481.8
0.16,0.16,2.4286,3.9591,32827,-6.6051e+05,20235,20235
0.16,0.144,0.72824,5.3309,-28378,-4.7722e+05,31461,31461
0.16,0.128,-0.33907,6.7723,-2.2194e+05,1.328e+05,38197,38197
0.16,0.112,-1.1069,8.1685,-4.1708e+05,6.1682e+05,36551,36551
0.16,0.096,-1.9395,9.3662,-5.0426e+05,6.9332e+05,30819,30819
0.16,0.08,-3.1527,8.7623,-5.2212e+05,6.0067e+05,22175,22175
0.16,0.064,-4.5764,7.7845,-4.6429e+05,4.1298e+05,13514,13514
0.16,0.048,-6.4206,4.1229,-3.0788e+05,2.7196e+05,6979.9,6979.9
0.16,0.032,-3.1605,4.6189,-1.3697e+05,1.2417e+05,2762.4,2762.4
0.16,0.016,-2.0403,6.945,0,0,707.28,707.28
0.176,0.496,-11.799,26.375,0,0,0,0
0.176,0.48,-10.87,25.363,0,0,0,0
0.176,0.464,-5.3826,26.423,NaN,NaN,0,0
0.176,0.448,-3.4336,23.856,NaN,NaN,-59024,59024
0.176,0.432,-1.7413,22.993,NaN,NaN,-59986,59986
0.176,0.416,0.87917,21.776,NaN,NaN,-60774,60774
0.176,0.4,3.1151,21.176,NaN,NaN,-68592,68592
0.176,0.384,2.8509,23.385,1.6706e+06,5.1332e+05,-53668,53668
0.176,0.368,3.0924,24.682,1.6875e+06,-1.2197e+06,-42720,42720
0.176,0.352,3.9164,25.64,1.6823e+06,-1.312e+06,-46297,46297
0.176,0.336,4.3162,27.414,1.4526e+06,-1.3429e+06,-67457,67457
0.176,0.32,3.8016,25.799,8.6609e+05,-1.0555e+06,-98428,98428
0.176,0.304,2.4635,21.574,1.7879e+05,-1.3825e+06,-1.1563e+05,1.1563e+05
0.176,0.288,2.1636,14.379,-1.3929e+05,-2.3517e+06,-1.1292e+05,1.1292e+05
0.176,0.272,3.5773,9.6259,-74527,-2.9851e+06,-93908,93908
0.176,0.256,3.4551,7.5945,36714,-2.8499e+06,-62964,62964
0.176,0.24,4.0296,6.5325,31313,-2.1026e+06,-40008,40008
0.176,0.224,3.3,9.7824,-3224.8,-1.5296e+06,-23623,23623
0.176,0.208,2.5724,8.2589,-36076,-1.0977e+06,-15167,15167
0.176,0.192,1.752,7.6645,-92265,-6.8406e+05,-9416.5,9416.5
0.176,0.176,2.251,10.973,-84030,-9.0678e+05,-228.52,228.52
0.176,0.16,2.4835,7.7209,-77407,-1.0211e+06,19613,19613
0.176,0.144,1.102,8.6999,-1.2114e+05,-9.6184e+05,42756,42756
0.176,0.128,0.56262,11.01,-3.0013e+05,-1.5587e+05,57118,57118
0.176,0.112,-0.97225,13.63,-5.1805e+05,5.0409e+05,51212,51212
0.176,0.096,-2.4061,12.008,-6.5068e+05,7.3417e+05,37063,37063
0.176,0.08,-3.3823,11.143,-6.8237e+05,6.7743e+05,22866,22866
0.176,0.064,-3.5929,11.117,-6.1387e+05,5.2756e+05,14172,14172
0.176,0.048,-4.1062,10.809,-3.8762e+05,3.1198e+05,7840.2,7840.2
0.176,0.032,-3.1569,11.432,-1.9323e+05,1.5762e+05,3185,3185
0.176,0.016,-1.489,11.473,0,0,856.51,856.51
0.192,0.496,-9.08,36.76,0,0,0,0
0.192,0.48,-9.547,34.578,0,0,0,0
0.192,0.464,-6.1815,33.413,NaN,NaN,0,0
0.192,0.448,-3.8978,31.153,NaN,NaN,NaN,NaN
0.192,0.432,-0.77404,28.629,NaN,NaN,NaN,NaN
0.192,0.416,1.5604,27.348,NaN,NaN,NaN,NaN
0.192,0.4,4.4116,25.035,NaN,NaN,-1.2522e+05,1.2522e+05
0.192,0.384,6.3339,26.995,NaN,NaN,-1.023e+05,1.023e+05
0.192,0.368,7.5497,25.065,2.1644e+06,-2.792e+06,-90104,90104
0.192,0.352,6.4485,25.782,2.1245e+06,-2.4742e+06,-78693,78693
0.192,0.336,5.4187,30.152,1.8193e+06,-2.0776e+06,-91930,91930
0.192,0.32,2.6293,31.532,1.0804e+06,-1.623e+06,-1.1842e+05,1.1842e+05
0.192,0.304,1.3595,27.487,3.2589e+05,-1.6964e+06,-1.4777e+05,1.4777e+05
0.192,0.288,1.4618,20.769,-2.2559e+05,-2.432e+06,-1.4975e+05,1.4975e+05
0.192,0.272,2.3565,13.999,-3.0038e+05,-3.018e+06,-1.3365e+05,1.3365e+05
0.192,0.256,2.5501,13.758,-1.5846e+05,-3.0665e+06,-1.0022e+05,1.0022e+05
0.192,0.24,3.5974,17.492,-1.3094e+05,-2.323e+06,-64422,64422
0.192,0.224,2.8384,17.954,-1.9035e+05,-1.6573e+06,-37499,37499
0.192,0.208,1.9693,15.959,-2.9546e+05,-1.1604e+06,-26115,26115
0.192,0.192,0.94978,20.434,-3.4624e+05,-8.5174e+05,-21734,21734
0.192,0.176,1.483,19.621,-2.716e+05,-1.0835e+06,-10180,10180
0.192,0.16,2.3449,16.804,-1.6404e+05,-1.593e+06,18216,18216
0.192,0.144,1.6083,15.884,-1.2223e+05,-1.9424e+06,54683,54683
0.192,0.128,0.74957,15.418,-2.4632e+05,-1.6369e+06,77782,77782
0.192,0.112,-1.2076,14.82,-4.7446e+05,-9.2021e+05,72056,72056
0.192,0.096,-2.0989,13.017,-6.4209e+05,-3.0314e+05,49517,49517
0.192,0.08,-1.9767,13.03,-7.2614e+05,1.4698e+05,29008,29008
0.192,0.064,-2.1691,14.069,-6.4812e+05,3.6816e+05,17398,17398
0.192,0.048,-1.9643,15.887,-4.1833e+05,3.0019e+05,11369,11369
0.192,0.032,-1.827,20.298,-1.7698e+05,1.4388e+05,5303.8,5303.8
0.192,0.016,-1.4276,20.221,0,0,1306,1306
0.208,0.496,-9.067,43.67,0,0,0,0
0.208,0.48,-7.179,40.753,0,0,0,0
0.208,0.464,-3.4564,39.779,NaN,NaN,0,0
0.208,0.448,-0.81537,38.914,NaN,NaN,NaN,NaN
0.208,0.432,1.5127,36.594,NaN,NaN,NaN,NaN
0.208,0.416,3.4212,35.808,NaN,NaN,NaN,NaN
0.208,0.4,4.1343,33.495,NaN,NaN,NaN,NaN
0.208,0.384,3.6448,29.983,NaN,NaN,-1.3118e+05,1.3118e+05
0.208,0.368,8.3044,29.408,2.2657e+06,-3.537e+06,-1.0717e+05,1.0717e+05
0.208,0.352,8.8672,30.991,2.2644e+06,-3.125e+06,-86234,86234
0.208,0.336,6.1262,32.829,1.9446e+06,-2.4197e+06,-87340,87340
0.208,0.32,3.5102,33.483,1.2857e+06,-1.986e+06,-1.1358e+05,1.1358e+05
0.208,0.304,3.0981,30.716,6.4398e+05,-1.9152e+06,-1.4413e+05,1.4413e+05
0.208,0.288,2.3978,26.761,1.2165e+05,-2.2761e+06,-1.4604e+05,1.4604e+05
0.208,0.272,4.0629,22.755,-1.9503e+05,-2.4715e+06,-1.2932e+05,1.2932e+05
0.208,0.256,3.3059,24.773,-2.046e+05,-2.3855e+06,-98008,98008
0.208,0.24,3.5869,30.826,-2.1109e+05,-1.8128e+06,-66653,66653
0.208,0.224,2.3704,32.948,-2.9803e+05,-1.1707e+06,-35353,35353
0.208,0.208,2.7465,33.657,-4.3915e+05,-7.0128e+05,-23345,23345
0.208,0.192,3.6394,34.347,-5.7258e+05,-4.1421e+05,-17958,17958
0.208,0.176,2.438,30.329,-5.7508e+05,-6.443e+05,-7184.5,7184.5
0.208,0.16,1.5835,25.844,-5.0096e+05,-1.2756e+06,18886,18886
0.208,0.144,3.1818,20.536,-3.8208e+05,-1.9426e+06,52042,52042
0.208,0.128,2.3872,18.371,-3.8476e+05,-2.124e+06,76684,76684
0.208,0.112,1.61,16.495,-4.983e+05,-1.7402e+06,78134,78134
0.208,0.096,0.39181,16.295,-6.5669e+05,-9.2553e+05,64398,64398
0.208,0.08,-2.0919,16.985,-8.2395e+05,-1.0989e+05,46219,46219
0.208,0.064,-3.0164,17.523,-8.9739e+05,6.3894e+05,33037,33037
0.208,0.048,-1.699,22.888,-6.2824e+05,5.8623e+05,21270,21270
0.208,0.032,0.42365,27.508,-2.968e+05,3.7698e+05,10430,10430
0.208,0.016,-0.96991,28.002,0,0,2764.8,2764.8
0.224,0.496,-7.5889,46.383,0,0,0,0
0.224,0.48,-5.9026,43.181,0,0,0,0
0.224,0.464,-2.8206,42.398,NaN,NaN,0,0
0.224,0.448,0.29016,42.116,NaN,NaN,NaN,NaN
0.224,0.432,3.175,41.185,NaN,NaN,NaN,NaN
0.224,0.416,4.1685,39.333,NaN,NaN,NaN,NaN
0.224,0.4,5.8955,35.39,NaN,NaN,NaN,NaN
0.224,0.384,7.4069,32.842,NaN,NaN,-1.8519e+05,1.8519e+05
0.224,0.368,9.3934,35.774,NaN,NaN,-1.7294e+05,1.7294e+05
0.224,0.352,8.092,35.851,NaN,NaN,-1.0307e+05,1.0307e+05
0.224,0.336,6.7497,35.561,1.6902e+06,-2.1152e+06,-58709,58709
0.224,0.32,6.4681,34.707,1.2729e+06,-2.2664e+06,-54179,54179
0.224,0.304,5.7838,34.424,9.9721e+05,-2.4813e+06,-69752,69752
0.224,0.288,4.7463,34.093,6.8793e+05,-2.5384e+06,-79590,79590
0.224,0.272,3.6968,34.639,4.5985e+05,-2.361e+06,-82232,82232
0.224,0.256,3.6998,37.125,3.0393e+05,-1.7893e+06,-70072,70072
0.224,0.24,3.4238,40.793,1.1676e+05,-1.0177e+06,-56520,56520
0.224,0.224,3.0259,43.046,-1.3941e+05,-3.9795e+05,-32085,32085
0.224,0.208,3.3897,43.633,-4.6236e+05,-83802,-20514,20514
0.224,0.192,3.3072,42.264,-7.2028e+05,-54202,1784.9,1784.9
0.224,0.176,2.0971,39.79,-8.3234e+05,-92284,18073,18073
0.224,0.16,1.0076,37.676,-8.7225e+05,-4.6718e+05,44197,44197
0.224,0.144,1.0459,35.765,-8.4996e+05,-9.297e+05,65253,65253
0.224,0.128,1.2621,30.575,-8.3265e+05,-1.36e+06,86385,86385
0.224,0.112,1.4563,30.646,-8.5228e+05,-1.1928e+06,92740,92740
0.224,0.096,1.3144,33.028,-9.4074e+05,-3.6758e+05,83524,83524
0.224,0.08,-1.87,34.25,-1.1679e+06,7.746e+05,69994,69994
0.224,0.064,-3.4214,33.215,-1.4713e+06,2.0901e+06,54997,54997
0.224,0.048,-4.5251,37.18,-1.0945e+06,1.7634e+06,35316,35316
0.224,0.032,-3.8949,38.013,-6.0123e+05,1.0949e+06,16508,16508
0.224,0.016,-4.56,37.468,0,0,4267.3,4267.3
0.24,0.496,-7.7219,51.159,0,0,0,0
0.24,0.48,-5.447,45.78,0,0,0,0
0.24,0.464,-1.7163,44.691,NaN,NaN,0,0
0.24,0.448,1.2637,44.13,NaN,NaN,NaN,NaN
0.24,0.432,4.1195,43.124,NaN,NaN,NaN,NaN
0.24,0.416,6.2243,40.922,NaN,NaN,NaN,NaN
0.24,0.4,7.315,39.518,NaN,NaN,NaN,NaN
0.24,0.384,9.037,40.061,NaN,NaN,NaN,NaN
0.24,0.368,10.252,40.405,NaN,NaN,NaN,NaN
0.24,0.352,9.1036,39.024,NaN,NaN,-47134,47134
0.24,0.336,6.5278,39.563,NaN,NaN,-1099.5,1099.5
0.24,0.32,6.2096,38.72,1.663e+06,-2.5154e+06,15869,15869
0.24,0.304,5.5206,39.016,1.4108e+06,-2.7506e+06,28892,28892
0.24,0.288,5.3592,40.169,1.2161e+06,-2.5869e+06,19547,19547
0.24,0.272,5.6164,41.213,9.8757e+05,-2.3335e+06,-6372.5,6372.5
0.24,0.256,5.9184,42.495,8.5707e+05,-1.71e+06,-27241,27241
0.24,0.24,5.2359,45.733,6.8734e+05,-1.0777e+06,-36192,36192
0.24,0.224,3.8717,47.29,4.5775e+05,-6.1624e+05,-24863,24863
0.24,0.208,3.0378,46.463,71965,-1.3718e+05,-16964,16964
0.24,0.192,2.9253,46.056,-3.1366e+05,2.1303e+05,19503,19503
0.24,0.176,2.0819,45.443,-6.0468e+05,5.6842e+05,45821,45821
0.24,0.16,1.1887,46.043,-9.5313e+05,9.6044e+05,67633,67633
0.24,0.144,0.056359,46.292,-1.2145e+06,1.189e+06,69834,69834
0.24,0.128,-1.1924,46.761,-1.4429e+06,1.3652e+06,77551,77551
0.24,0.112,-2.5774,44.879,-1.5668e+06,1.5888e+06,91031,91031
0.24,0.096,-4.2632,44.631,-1.7506e+06,2.149e+06,95786,95786
0.24,0.08,-5.3777,45.649,-1.9538e+06,2.7778e+06,89149,89149
0.24,0.064,-8.5654,45.748,-2.295e+06,3.8194e+06,70162,70162
0.24,0.048,-12.504,45.033,-1.6138e+06,2.8288e+06,41275,41275
0.24,0.032,-11.091,44.525,-9.0546e+05,1.7246e+06,17522,17522
0.24,0.016,-5.7965,41.132,0,0,4321,4321
0.256,0.496,-6.9573,55.569,0,0,0,0
0.256,0.48,-4.8529,49.717,0,0,0,0
0.256,0.464,-0.92962,48.707,NaN,NaN,0,0
0.256,0.448,1.0476,47.52,NaN,NaN,NaN,NaN
0.256,0.432,3.1472,46.987,NaN,NaN,NaN,NaN
0.256,0.416,5.6139,45.44,NaN,NaN,NaN,NaN
0.256,0.4,7.1513,44.069,NaN,NaN,NaN,NaN
0.256,0.384,8.2424,44.127,NaN,NaN,NaN,NaN
0.256,0.368,8.152,43.158,NaN,NaN,NaN,NaN
0.256,0.352,7.5621,43.731,NaN,NaN,NaN,NaN
0.256,0.336,6.4323,45.027,NaN,NaN,97104,97104
0.256,0.32,5.8566,44.655,NaN,NaN,1.1539e+05,1.1539e+05
0.256,0.304,5.1622,46.671,1.7451e+06,-3.491e+06,1.0917e+05,1.0917e+05
0.256,0.288,4.5969,48.543,1.6492e+06,-3.1367e+06,84600,84600
0.256,0.272,4.6747,49.435,1.5353e+06,-2.8236e+06,18162,18162
0.256,0.256,3.889,49.712,1.3381e+06,-2.0243e+06,-16375,16375
0.256,0.24,3.7224,50.772,1.0934e+06,-1.4134e+06,-29881,29881
0.256,0.224,3.6955,50.633,8.9912e+05,-1.1081e+06,-17614,17614
0.256,0.208,4.2174,51.308,6.5285e+05,-7.908e+05,-14996,14996
0.256,0.192,4.0381,53.234,3.6234e+05,-3.646e+05,17335,17335
0.256,0.176,3.0568,55.546,-22474,2.8869e+05,49074,49074
0.256,0.16,1.7243,56.694,-6.5983e+05,1.1359e+06,74232,74232
0.256,0.144,-2.3889,58.461,-1.3705e+06,1.9985e+06,80939,80939
0.256,0.128,-5.1074,59.628,-1.945e+06,2.7765e+06,83854,83854
0.256,0.112,-6.6713,58.377,-2.3069e+06,3.5012e+06,93925,93925
0.256,0.096,-9.6741,58.354,-2.5562e+06,4.1128e+06,92046,92046
0.256,0.08,-11.959,56.208,-2.806e+06,4.5261e+06,78408,78408
0.256,0.064,-12.614,53.751,-3.0287e+06,5.057e+06,55458,55458
0.256,0.048,-15.263,51.582,-2.085e+06,3.5083e+06,29160,29160
0.256,0.032,-14.956,48.431,-1.0915e+06,1.9506e+06,10476,10476
0.256,0.016,-10.527,44.735,0,0,2075.5,2075.5
0.272,0.496,-4.7257,61.593,0,0,0,0
0.272,0.48,-3.5945,57.191,0,0,0,0
0.272,0.464,-1.0375,55.442,NaN,NaN,0,0
0.272,0.448,0.63591,53.275,NaN,NaN,NaN,NaN
0.272,0.432,2.0989,51.939,NaN,NaN,NaN,NaN
0.272,0.416,4.0832,50.42,NaN,NaN,NaN,NaN
0.272,0.4,6.1676,48.653,NaN,NaN,NaN,NaN
0.272,0.384,7.5923,48.008,NaN,NaN,NaN,NaN
0.272,0.368,8.102,47.285,NaN,NaN,NaN,NaN
0.272,0.352,7.0736,48.709,NaN,NaN,NaN,NaN
0.272,0.336,6.6791,49.366,NaN,NaN,NaN,NaN
0.272,0.32,7.0446,50.479,NaN,NaN,1.5444e+05,1.5444e+05
0.272,0.304,5.6966,51.815,NaN,NaN,1.6075e+05,1.6075e+05
0.272,0.288,5.0274,52.585,NaN,NaN,1.2107e+05,1.2107e+05
0.272,0.272,4.9221,53.044,NaN,NaN,10257,10257
0.272,0.256,4.2538,53.444,1.33e+06,-1.9677e+06,-23992,23992
0.272,0.24,3.9517,54.075,1.2708e+06,-1.5556e+06,-28648,28648
0.272,0.224,3.8094,54.496,1.2305e+06,-1.5531e+06,-9484.3,9484.3
0.272,0.208,4.1591,54.533,1.1805e+06,-1.3962e+06,-5408.3,5408.3
0.272,0.192,4.7414,54.479,1.03e+06,-1.1788e+06,7056.5,7056.5
0.272,0.176,4.4174,55.485,5.8862e+05,-5.9349e+05,26778,26778
0.272,0.16,2.3956,55.91,-2.7127e+05,2.6321e+05,46175,46175
0.272,0.144,-0.92242,55.411,-1.25e+06,1.2204e+06,60843,60843
0.272,0.128,-4.7811,55.678,-2.0346e+06,2.1236e+06,61232,61232
0.272,0.112,-7.2875,59.046,-2.538e+06,2.991e+06,63796,63796
0.272,0.096,-10.159,60.651,-2.9358e+06,3.768e+06,54325,54325
0.272,0.08,-11.736,61.393,-3.2662e+06,4.2127e+06,36197,36197
0.272,0.064,-13.65,59.132,-3.3778e+06,4.3941e+06,15399,15399
0.272,0.048,-11.802,58.14,-2.2678e+06,2.9153e+06,1987.9,1987.9
0.272,0.032,-11.631,53.508,-1.1036e+06,1.4986e+06,-1661.7,1661.7
0.272,0.016,-9.8774,44.632,0,0,-1103.2,1103.2
0.288,0.496,-3.3019,64.52,0,0,0,0
0.288,0.48,-3.3392,65.213,0,0,0,0
0.288,0.464,-2.0657,64.24,NaN,NaN,0,0
0.288,0.448,-1.1283,62.884,NaN,NaN,NaN,NaN
0.288,0.432,-0.20659,61.319,NaN,NaN,NaN,NaN
0.288,0.416,1.0778,59.244,NaN,NaN,NaN,NaN
0.288,0.4,3.3207,57.148,NaN,NaN,NaN,NaN
0.288,0.384,4.9083,55.342,NaN,NaN,NaN,NaN
0.288,0.368,5.8534,55.293,NaN,NaN,NaN,NaN
0.288,0.352,6.4934,54.265,NaN,NaN,NaN,NaN
0.288,0.336,6.2123,54.733,NaN,NaN,NaN,NaN
0.288,0.32,6.9906,54.303,NaN,NaN,NaN,NaN
0.288,0.304,5.5035,53.828,NaN,NaN,NaN,NaN
0.288,0.288,4.2109,53.801,NaN,NaN,-77324,77324
0.288,0.272,4.0853,53.081,NaN,NaN,-67649,67649
0.288,0.256,4.4135,52.938,1.2623e+06,-8.8152e+05,-49082,49082
0.288,0.24,5.2429,53.035,1.3147e+06,-1.3728e+06,-33155,33155
0.288,0.224,5.5976,53.218,1.3621e+06,-1.5114e+06,-3513.3,3513.3
0.288,0.208,5.3921,51.408,1.3884e+06,-1.6393e+06,3395,3395
0.288,0.192,5.915,49.256,1.2573e+06,-1.7716e+06,-300.54,300.54
0.288,0.176,5.1035,47.775,7.5564e+05,-1.6379e+06,-4603,4603
0.288,0.16,2.4127,47.713,-1.4954e+05,-1.2692e+06,6390.6,6390.6
0.288,0.144,-0.28921,46.159,-1.0843e+06,-6.5541e+05,25190,25190
0.288,0.128,-3.365,44.628,-1.7663e+06,-1.1769e+05,27270,27270
0.288,0.112,-5.3525,45.814,-2.2066e+06,4.4581e+05,22365,22365
0.288,0.096,-8.0679,47.513,-2.5958e+06,1.1187e+06,-944.68,944.68
0.288,0.08,-10.793,50.218,-3.0199e+06,1.8866e+06,-20008,20008
0.288,0.064,-13.088,54.212,-3.1429e+06,2.3349e+06,-33125,33125
0.288,0.048,-11.55,54.24,-2.1319e+06,1.6926e+06,-24355,24355
0.288,0.032,-10.367,53.846,-9.9922e+05,8.1873e+05,-11236,11236
0.288,0.016,-7.8323,50.276,0,0,-3006.3,3006.3
0.304,0.496,-2.2211,65.687,0,0,0,0
0.304,0.48,-2.492,66.549,0,0,0,0
0.304,0.464,-3.2013,66.995,NaN,NaN,0,0
0.304,0.448,-3.2745,67.866,NaN,NaN,NaN,NaN
0.304,0.432,-2.7911,67.652,NaN,NaN,NaN,NaN
0.304,0.416,-3.0429,65.588,NaN,NaN,NaN,NaN
0.304,0.4,-0.46819,63.919,NaN,NaN,NaN,NaN
0.304,0.384,1.6116,61.514,NaN,NaN,NaN,NaN
0.304,0.368,2.8793,59.721,NaN,NaN,NaN,NaN
0.304,0.352,4.4098,58.572,NaN,NaN,NaN,NaN
0.304,0.336,4.8852,56.611,NaN,NaN,NaN,NaN
0.304,0.32,4.0179,54.061,NaN,NaN,NaN,NaN
0.304,0.304,2.5868,52.589,NaN,NaN,-33910,33910
0.304,0.288,2.368,51.863,NaN,NaN,-50431,50431
0.304,0.272,2.6076,51.42,1.3112e+06,2.1856e+05,-47480,47480
0.304,0.256,3.0508,50.343,1.3294e+06,-98735,-43940,43940
0.304,0.24,3.907,50.092,1.3864e+06,-4.7767e+05,-29588,29588
0.304,0.224,4.1836,49.115,1.4478e+06,-8.1731e+05,-5733.3,5733.3
0.304,0.208,5.235,47.68,1.4655e+06,-1.1686e+06,10568,10568
0.304,0.192,5.4242,46.585,1.246e+06,-1.6579e+06,8467.7,8467.7
0.304,0.176,3.984,44.214,6.8914e+05,-2.0465e+06,-10837,10837
0.304,0.16,2.3443,42.682,-1.4366e+05,-2.2248e+06,-18019,18019
0.304,0.144,0.42701,41.369,-8.7221e+05,-2.0928e+06,-18862,18862
0.304,0.128,-0.98394,39.055,-1.361e+06,-1.9617e+06,-22991,22991
0.304,0.112,-2.659,37.398,-1.6638e+06,-1.77e+06,-31678,31678
0.304,0.096,-5.4125,38.44,-2.0096e+06,-1.3741e+06,-45835,45835
0.304,0.08,-8.4495,40.297,-2.3181e+06,-5.9402e+05,-51224,51224
0.304,0.064,-8.7523,46.631,-2.423e+06,1.4815e+05,-49368,49368
0.304,0.048,-6.9124,51.669,-1.6103e+06,3.9523e+05,-31013,31013
0.304,0.032,-5.4977,53.557,-7.6457e+05,2.5638e+05,-11202,11202
0.304,0.016,-4.2417,54.387,0,0,-2319.8,2319.8
0.32,0.496,-2.0991,55.513,0,0,0,0
0.32,0.48,-1.7932,57.711,0,0,0,0
0.32,0.464,-2.0102,60.206,NaN,NaN,0,0
0.32,0.448,-1.7715,61.132,NaN,NaN,NaN,NaN
0.32,0.432,-2.4477,60.568,NaN,NaN,NaN,NaN
0.32,0.416,-1.7168,59.57,NaN,NaN,NaN,NaN
0.32,0.4,-0.5269,60.024,NaN,NaN,NaN,NaN
0.32,0.384,-0.4704,58.763,NaN,NaN,NaN,NaN
0.32,0.368,-0.054312,56.98,NaN,NaN,NaN,NaN
0.32,0.352,0.67468,55.34,NaN,NaN,NaN,NaN
0.32,0.336,0.87537,52.999,NaN,NaN,-51310,51310
0.32,0.32,-0.27771,50.473,NaN,NaN,-61514,61514
0.32,0.304,-0.23124,48.899,NaN,NaN,-44342,44342
0.32,0.288,0.17847,48.318,8.4238e+05,1.5553e+05,-46981,46981
0.32,0.272,1.6568,47.874,1.1187e+06,6.3785e+05,-31060,31060
0.32,0.256,3.2201,47.198,1.2698e+06,5.0097e+05,-28365,28365
0.32,0.24,4.3799,46.575,1.3987e+06,1.9118e+05,-14207,14207
0.32,0.224,5.596,45.304,1.4362e+06,-3.0498e+05,-1039.1,1039.1
0.32,0.208,6.7006,44.977,1.3447e+06,-8.6614e+05,8503.5,8503.5
0.32,0.192,5.0585,43.912,1.0574e+06,-1.4061e+06,3198.1,3198.1
0.32,0.176,2.9803,41.361,6.0403e+05,-1.909e+06,-21919,21919
0.32,0.16,0.66129,40.805,54053,-2.2207e+06,-37947,37947
0.32,0.144,-0.6045,39.322,-4.1203e+05,-2.2782e+06,-46711,46711
0.32,0.128,-1.9009,38.728,-7.328e+05,-2.2673e+06,-46621,46621
0.32,0.112,-3.1097,38.21,-9.4279e+05,-2.176e+06,-40468,40468
0.32,0.096,-4.0182,39.28,-1.1506e+06,-1.9499e+06,-36383,36383
0.32,0.08,-4.8452,40.492,-1.2722e+06,-1.3659e+06,-32881,32881
0.32,0.064,-4.0119,43.89,-1.2424e+06,-6.0449e+05,-30071,30071
0.32,0.048,-3.4721,47.776,-7.7149e+05,-86361,-17727,17727
0.32,0.032,-1.1828,53.531,-3.4802e+05,1.0125e+05,-5113.1,5113.1
0.32,0.016,-0.3532,52.518,0,0,-796.98,796.98
0.336,0.496,-3.0011,44.388,0,0,0,0
0.336,0.48,-3.1146,47.282,0,0,0,0
0.336,0.464,-2.789,49.063,NaN,NaN,0,0
0.336,0.448,-3.0461,49.729,NaN,NaN,NaN,NaN
0.336,0.432,-2.7204,50.87,NaN,NaN,NaN,NaN
0.336,0.416,-2.5876,51.166,NaN,NaN,NaN,NaN
0.336,0.4,-1.8808,51.14,NaN,NaN,NaN,NaN
0.336,0.384,-0.32846,51.376,NaN,NaN,NaN,NaN
0.336,0.368,-0.6242,50.274,NaN,NaN,-94990,94990
0.336,0.352,-1.2644,48.781,NaN,NaN,-82223,82223
0.336,0.336,-1.1736,47.729,NaN,NaN,-83982,83982
0.336,0.32,-1.5294,46.233,3.8908e+05,1.3155e+05,-63735,63735
0.336,0.304,-1.7802,44.749,3.0746e+05,-4.8086e+05,-45254,45254
0.336,0.288,-1.6238,44.349,4.5112e+05,-4.3158e+05,-27435,27435
0.336,0.272,0.90849,43.394,7.7815e+05,-2.5409e+05,-5842.1,5842.1
0.336,0.256,3.76,42.382,1.0525e+06,2.1743e+05,7708.3,7708.3
0.336,0.24,6.4723,40.484,1.295e+06,4.4734e+05,20564,20564
0.336,0.224,7.0643,37.156,1.3615e+06,3.6009e+05,17602,17602
0.336,0.208,5.3342,36.86,1.2509e+06,-1.0253e+05,17098,17098
0.336,0.192,3.8345,37.34,9.6414e+05,-7.6453e+05,7016.6,7016.6
0.336,0.176,2.6143,36.409,5.808e+05,-1.3752e+06,-15990,15990
0.336,0.16,0.64549,37.032,1.701e+05,-1.7815e+06,-36131,36131
0.336,0.144,-0.12735,38.552,-1.8818e+05,-1.8327e+06,-44702,44702
0.336,0.128,-1.1521,39.848,-3.8739e+05,-1.6222e+06,-36307,36307
0.336,0.112,-1.5863,39.842,-4.7162e+05,-1.2779e+06,-23359,23359
0.336,0.096,-1.5788,42.245,-5.0935e+05,-8.8351e+05,-5834.2,5834.2
0.336,0.08,-1.2758,42.729,-4.3203e+05,-1.5736e+05,3222.8,3222.8
0.336,0.064,-0.11398,44.863,-2.8087e+05,7.4998e+05,7441.2,7441.2
0.336,0.048,1.3341,48.193,-89786,8.9962e+05,5303.1,5303.1
0.336,0.032,1.5538,49.189,-12516,6.2382e+05,3914.2,3914.2
0.336,0.016,3.3147,51.964,0,0,1348.4,1348.4
0.352,0.496,-2.8474,29.479,0,0,0,0
0.352,0.48,-2.8278,34.529,0,0,0,0
0.352,0.464,-1.965,37.168,NaN,NaN,0,0
0.352,0.448,-2.0788,39.763,NaN,NaN,NaN,NaN
0.352,0.432,-0.92807,44.226,NaN,NaN,NaN,NaN
0.352,0.416,-0.74511,45.53,NaN,NaN,NaN,NaN
0.352,0.4,-0.86415,46.166,NaN,NaN,-56020,56020
0.352,0.384,0.59674,46.716,NaN,NaN,-58189,58189
0.352,0.368,-0.20937,45.494,NaN,NaN,-84339,84339
0.352,0.352,-1.199,43.243,38357,-1.7583e+06,-98809,98809
0.352,0.336,-1.4667,41.416,-1.8542e+05,-2.9959e+06,-83802,83802
0.352,0.32,-1.061,40.667,-1.1776e+05,-2.7326e+06,-54076,54076
0.352,0.304,-1.0507,37.978,-1.323e+05,-2.9631e+06,-28221,28221
0.352,0.288,-1.2286,35.621,1.3709e+05,-2.0852e+06,-9530.7,9530.7
0.352,0.272,-0.34538,35.086,3.8149e+05,-1.5919e+06,22359,22359
0.352,0.256,2.0348,33.129,6.4594e+05,-8.8334e+05,45896,45896
0.352,0.24,4.7346,30.881,8.6455e+05,-3.3094e+05,58739,58739
0.352,0.224,4.5673,28.054,9.6003e+05,1.5593e+05,45451,45451
0.352,0.208,3.5304,29.258,9.051e+05,2.469e+05,29159,29159
0.352,0.192,2.9077,32.259,7.378e+05,-1.0973e+05,8697.5,8697.5
0.352,0.176,1.2938,31.038,5.2456e+05,-5.7189e+05,-18208,18208
0.352,0.16,-0.32784,33.069,3.1511e+05,-8.2579e+05,-33262,33262
0.352,0.144,-2.0731,35.288,75834,-7.677e+05,-30020,30020
0.352,0.128,-2.2018,38.201,-56257,-4.5115e+05,-6185.2,6185.2
0.352,0.112,-1.5327,39.682,-1.3967e+05,-30050,15950,15950
0.352,0.096,-0.73559,40.981,-1.3323e+05,5.6805e+05,30402,30402
0.352,0.08,-0.095475,39.913,-53595,1.1802e+06,33129,33129
0.352,0.064,2.0443,40.655,84626,1.7016e+06,29175,29175
0.352,0.048,2.8483,42.535,1.315e+05,1.2957e+06,19103,19103
0.352,0.032,1.5212,42.55,80375,6.8417e+05,8286.5,8286.5
0.352,0.016,2.1639,43.073,0,0,1702.4,1702.4
0.368,0.496,-1.7327,11.082,0,0,0,0
0.368,0.48,-1.2096,15.68,0,0,0,0
0.368,0.464,-1.7708,22.511,NaN,NaN,0,0
0.368,0.448,-1.7936,27.114,NaN,NaN,NaN,NaN
0.368,0.432,-1.5799,34.59,NaN,NaN,-1.2673e+05,1.2673e+05
0.368,0.416,-1.1637,39.641,NaN,NaN,-68213,68213
0.368,0.4,-0.95369,40.736,NaN,NaN,-66713,66713
0.368,0.384,-0.27282,41.096,34266,-6.177e+05,-59490,59490
0.368,0.368,-0.95109,36.917,-82452,-2.6645e+06,-90568,90568
0.368,0.352,-1.5013,31.684,-1.6164e+05,-3.2417e+06,-93249,93249
0.368,0.336,-2.4074,27.992,-3.5054e+05,-4.463e+06,-74730,74730
0.368,0.32,-3.7594,23.97,-2.8509e+05,-3.8947e+06,-34907,34907
0.368,0.304,-3.2006,19.806,-2.0733e+05,-3.5409e+06,-10631,10631
0.368,0.288,-2.4525,20.346,-24396,-2.8295e+06,8277,8277
0.368,0.272,-1.2958,17.248,1.487e+05,-2.3857e+06,36722,36722
0.368,0.256,-2.0421,16.243,3.593e+05,-1.4683e+06,69668,69668
0.368,0.24,-2.0759,18.792,5.4187e+05,-2.1583e+05,88008,88008
0.368,0.224,-0.25477,24.71,6.5577e+05,1.1168e+06,77835,77835
0.368,0.208,1.2373,29.485,6.8086e+05,1.8643e+06,57909,57909
0.368,0.192,0.51033,33.272,6.8517e+05,1.8526e+06,29776,29776
0.368,0.176,-1.044,31.089,6.1183e+05,1.5517e+06,-2726,2726
0.368,0.16,-0.70362,30.722,4.5227e+05,1.1641e+06,-22870,22870
0.368,0.144,-1.2237,35.346,2.0272e+05,1.0361e+06,-23364,23364
0.368,0.128,-2.4848,39.4,-26586,1.1026e+06,1382,1382
0.368,0.112,-2.2914,41.205,-1.7938e+05,1.2636e+06,22630,22630
0.368,0.096,-2.5503,39.495,-2.6255e+05,1.3921e+06,36290,36290
0.368,0.08,-1.3847,35.218,-1.9387e+05,1.4323e+06,35948,35948
0.368,0.064,-0.47123,32.311,-80400,1.2613e+06,31569,31569
0.368,0.048,0.5361,30.567,24627,8.0938e+05,20920,20920
0.368,0.032,1.8063,31.328,20719,3.0038e+05,9390.9,9390.9
0.368,0.016,2.3888,29.468,0,0,2307.3,2307.3
0.384,0.496,-3.0403,10.346,0,0,0,0
0.384,0.48,-1.2041,12.378,0,0,0,0
0.384,0.464,-0.81533,14.479,NaN,NaN,-72157,72157
0.384,0.448,-0.94467,20.623,NaN,NaN,-2.1405e+05,2.1405e+05
0.384,0.432,0.27613,23.358,NaN,NaN,-1.6549e+05,1.6549e+05
0.384,0.416,0.023458,26.907,1.3594e+05,1.2931e+06,-73761,73761
0.384,0.4,1.4753,28.814,1.1153e+05,8.4932e+05,-51363,51363
0.384,0.384,0.75547,26.934,1.4463e+05,-23579,-42313,42313
0.384,0.368,-1.3371,20.214,21907,-1.4798e+06,-73828,73828
0.384,0.352,-1.7058,12.247,-81255,-2.3633e+06,-76684,76684
0.384,0.336,-3.279,8.5142,-2.2102e+05,-3.1924e+06,-47403,47403
0.384,0.32,-4.6965,7.3734,-2.0342e+05,-3.3433e+06,-9112.5,9112.5
0.384,0.304,-4.3766,5.9843,-1.5506e+05,-3.2639e+06,7298.1,7298.1
0.384,0.288,-3.2283,8.5274,-31130,-2.7166e+06,17032,17032
0.384,0.272,-3.4598,8.6305,1.0356e+05,-1.8316e+06,47772,47772
0.384,0.256,-2.4361,12.846,2.6355e+05,-7.2199e+05,85593,85593
0.384,0.24,-0.29889,17.475,3.5975e+05,6.4035e+05,1.0707e+05,1.0707e+05
0.384,0.224,0.92333,24.067,4.2252e+05,2.0675e+06,1.0136e+05,1.0136e+05
0.384,0.208,1.7385,29.151,4.5469e+05,3.0467e+06,76488,76488
0.384,0.192,1.2189,31.539,5.5815e+05,3.3048e+06,38299,38299
0.384,0.176,0.7901,29.947,5.9795e+05,2.9069e+06,-1625,1625
0.384,0.16,0.90355,28.938,5.2003e+05,2.014e+06,-27761,27761
0.384,0.144,-0.22968,29.335,2.493e+05,1.19e+06,-28894,28894
0.384,0.128,-1.2951,31.827,-47870,5.7258e+05,-4764.5,4764.5
0.384,0.112,-2.804,33.144,-3.9637e+05,5.6865e+05,23186,23186
0.384,0.096,-2.4254,30.377,-5.512e+05,4.9038e+05,39846,39846
0.384,0.08,-1.235,28.687,-5.672e+05,26817,34763,34763
0.384,0.064,0.98693,27.034,-4.6929e+05,-1.0565e+06,24656,24656
0.384,0.048,-1.6338,21.097,-2.7355e+05,-1.1232e+06,11355,11355
0.384,0.032,-4.2731,19.109,-1.5368e+05,-7.8294e+05,4636.7,4636.7
0.384,0.016,-1.1971,13.249,0,0,887.66,887.66
0.4,0.496,-0.753,10.35,0,0,-403.8,403.8
0.4,0.48,-0.5895,10.526,0,0,-2932,2932
0.4,0.464,0.12057,11.887,NaN,NaN,-67749,67749
0.4,0.448,0.54204,14.517,4.3686e+05,6.1864e+05,-1.1024e+05,1.1024e+05
0.4,0.432,-0.8571,13.963,1.1783e+05,3.2631e+05,-1.114e+05,1.114e+05
0.4,0.416,-0.061286,18.566,63748,5.3077e+05,-50230,50230
0.4,0.4,0.090965,18.032,5908.8,3.703e+05,-38839,38839
0.4,0.384,0.91198,15.045,1.4275e+05,-49137,-30741,30741
0.4,0.368,1.1943,10.668,99765,-9.7493e+05,-51366,51366
0.4,0.352,0.23884,5.5998,-6596.1,-1.662e+06,-40933,40933
0.4,0.336,-1.8013,4.3077,-1.4437e+05,-2.1731e+06,-16849,16849
0.4,0.32,-2.6884,2.8919,-1.0286e+05,-2.1302e+06,7075.7,7075.7
0.4,0.304,-2.3236,2.2207,-6867.5,-1.6767e+06,8688.6,8688.6
0.4,0.288,-3.2423,4.2051,86066,-1.0911e+06,16750,16750
0.4,0.272,-3.0695,7.6026,1.7962e+05,-2.2879e+05,37463,37463
0.4,0.256,-0.99374,11.878,3.9416e+05,8.2876e+05,63186,63186
0.4,0.24,1.3281,15.745,5.504e+05,2.1064e+06,76532,76532
0.4,0.224,2.8633,21.521,5.8238e+05,3.2642e+06,73813,73813
0.4,0.208,2.987,26.572,5.5696e+05,4.107e+06,55864,55864
0.4,0.192,1.3737,28.071,6.0251e+05,4.2519e+06,25154,25154
0.4,0.176,2.0963,25.119,6.5615e+05,3.528e+06,-5670.7,5670.7
0.4,0.16,4.1765,19.916,5.9892e+05,2.0519e+06,-28383,28383
0.4,0.144,3.7364,15.183,3.2018e+05,8.0993e+05,-27114,27114
0.4,0.128,0.075083,10.988,-239.02,26265,-17255,17255
0.4,0.112,-1.958,6.9852,-4.04e+05,-14230,314.28,314.28
0.4,0.096,-5.2712,24.631,-7.1952e+05,-5.2359e+05,9472.7,9472.7
0.4,0.08,-3.6238,16.248,-9.9318e+05,-1.4049e+06,8905.9,8905.9
0.4,0.064,-5.6027,14.279,-1.2733e+06,-2.8035e+06,2296.1,2296.1
0.4,0.048,-7.3233,15.358,-9.2141e+05,-2.3091e+06,-4873.3,4873.3
0.4,0.032,1.8148,9.3139,-5.2782e+05,-1.3181e+06,-3742.9,3742.9
0.4,0.016,-14.928,-1.4169,0,0,-1135.2,1135.2
0.416,0.496,-0.98839,8.6317,0,0,-527.29,527.29
0.416,0.48,0.3604,9.6336,0,0,-19300,19300
0.416,0.464,1.1909,10.704,2.7764e+05,1.9408e+05,-87295,87295
0.416,0.448,1.3344,11.945,1.9967e+05,2.6655e+05,-1.1821e+05,1.1821e+05
0.416,0.432,1.7388,12.038,37117,95504,-1.103e+05,1.103e+05
0.416,0.416,-0.066546,10.981,-69588,1.6906e+05,-54659,54659
0.416,0.4,0.72236,11.53,-73110,57993,-35036,35036
0.416,0.384,1.7174,8.9928,86152,-99083,-24029,24029
0.416,0.368,2.2165,4.8447,1.4703e+05,-3.2573e+05,-27543,27543
0.416,0.352,2.1876,3.8238,98105,-4.0447e+05,-15376,15376
0.416,0.336,1.3528,3.9079,-26601,-3.3879e+05,-759.2,759.2
0.416,0.32,-0.27792,1.8462,14669,-3.1841e+05,10440,10440
0.416,0.304,-1.3784,2.05,1.0513e+05,-1.287e+05,11116,11116
0.416,0.288,-1.411,5.9692,2.0746e+05,2.679e+05,18552,18552
0.416,0.272,-0.26456,7.7339,2.841e+05,8.6413e+05,30719,30719
0.416,0.256,0.47794,10.004,4.4985e+05,1.476e+06,40520,40520
0.416,0.24,3.0492,13.654,5.7509e+05,2.2038e+06,41805,41805
0.416,0.224,4.1172,18.749,5.5161e+05,2.8775e+06,36592,36592
0.416,0.208,1.9754,23.049,4.4647e+05,3.3847e+06,23053,23053
0.416,0.192,2.7618,25.183,2.87e+05,3.1341e+06,3155.8,3155.8
0.416,0.176,3.5511,20.678,3.0144e+05,2.0186e+06,-14333,14333
0.416,0.16,3.7965,13.652,3.1315e+05,4.4909e+05,-25518,25518
0.416,0.144,3.8841,9.3558,1.7865e+05,-6.8605e+05,-27954,27954
0.416,0.128,1.8099,5.658,-72469,-1.2016e+06,-36788,36788
0.416,0.112,-0.909,3.1959,-4.6107e+05,-1.039e+06,-36919,36919
0.416,0.096,-2.2941,6.2046,-9.2138e+05,-1.2933e+06,-26444,26444
0.416,0.08,-9.8198,19.212,-1.3166e+06,-1.9789e+06,-11508,11508
0.416,0.064,-14.988,16.881,-2.2456e+06,-3.3775e+06,-4896,4896
0.416,0.048,-20.53,17.631,-1.6312e+06,-2.6616e+06,-7783.4,7783.4
0.416,0.032,-24.272,17.747,-1.0757e+06,-1.4327e+06,-6277.7,6277.7
0.416,0.016,-24.177,3.0617,0,0,-2215,2215
0.432,0.496,-0.47666,6.3015,0,0,683.6,683.6
0.432,0.48,0.79033,8.9154,1.6268e+06,5.8954e+05,-31657,31657
0.432,0.464,0.94561,7.6493,1.066e+07,2.1948e+06,-85157,85157
0.432,0.448,1.0044,7.9449,5.4024e+06,1.3615e+06,-1.1256e+05,1.1256e+05
0.432,0.432,1.1079,7.9557,3.1116e+06,6.6702e+05,-1.0514e+05,1.0514e+05
0.432,0.416,0.48926,6.1545,-1.4661e+05,61231,-66775,66775
0.432,0.4,-0.92581,6.1795,-1.9917e+05,-1.8129e+05,-49017,49017
0.432,0.384,-0.41377,4.0891,-38789,-2.1161e+05,-29659,29659
0.432,0.368,0.82221,3.1679,39106,-1.5971e+05,-17643,17643
0.432,0.352,0.8326,2.9146,-34255,-42989,-5240.3,5240.3
0.432,0.336,0.21865,3.167,-1.0957e+05,-45279,3923.3,3923.3
0.432,0.32,-1.3934,3.0324,-89015,-60955,9709.6,9709.6
0.432,0.304,-1.1476,2.1379,34236,62364,14310,14310
0.432,0.288,0.42706,5.6252,1.4833e+05,4.9147e+05,17767,17767
0.432,0.272,0.70949,7.326,2.4387e+05,8.9317e+05,19758,19758
0.432,0.256,1.809,8.0315,3.6693e+05,1.1528e+06,16312,16312
0.432,0.24,2.7239,10.129,4.3374e+05,1.4382e+06,8540.4,8540.4
0.432,0.224,1.9806,13.524,3.9093e+05,1.7362e+06,2029.6,2029.6
0.432,0.208,1.398,15.382,2.5742e+05,1.9259e+06,-3423.6,3423.6
0.432,0.192,0.77483,15.002,30371,1.4783e+06,-7572.5,7572.5
0.432,0.176,0.20014,13.159,45219,5.7115e+05,-12093,12093
0.432,0.16,0.92292,8.6308,1.4866e+05,-2.5291e+05,-14650,14650
0.432,0.144,1.2825,4.4432,1.5789e+05,-5.5175e+05,-18297,18297
0.432,0.128,-0.46811,3.5115,-39674,-3.8516e+05,-31551,31551
0.432,0.112,-2.1835,3.7225,-4.5577e+05,-2.0286e+05,-41000,41000
0.432,0.096,-4.0206,2.9614,-8.3073e+05,-5.301e+05,-34839,34839
0.432,0.08,-9.7552,17.871,-1.5526e+06,-1.2066e+06,-8100.1,8100.1
0.432,0.064,-86.314,227.96,-3.5077e+06,-2.2375e+06,10682,10682
0.432,0.048,-26.259,26.128,-3.0132e+06,-1.7374e+06,14073,14073
0.432,0.032,-138.06,-116.14,-2.0155e+06,-9.3532e+05,5477.5,5477.5
0.432,0.016,-61.513,-29.224,0,0,2531.5,2531.5
0.448,0.496,-1.0351,3.7276,-1.5344e+06,-8.1436e+05,2298.3,2298.3
0.448,0.48,-2.681,3.5482,4.7157e+06,9.476e+05,-35894,35894
0.448,0.464,2.6313,4.5693,1.0479e+07,1.3637e+06,-92581,92581
0.448,0.448,3.7383,7.2236,1.5044e+07,3.7662e+06,-1.271e+05,1.271e+05
0.448,0.432,2.7496,6.6659,9.3007e+06,1.9279e+06,-1.2262e+05,1.2262e+05
0.448,0.416,1.2185,5.4914,5.3381e+06,1.5707e+06,-83692,83692
0.448,0.4,0.87899,4.4265,-7747.4,-2.8051e+05,-56799,56799
0.448,0.384,-0.050201,4.3244,-2.688e+05,-1.6988e+05,-28054,28054
0.448,0.368,-1.6382,1.097,-1.6586e+05,-1.0643e+05,-16768,16768
0.448,0.352,-1.8506,0.70266,-85994,-493.14,-7765.9,7765.9
0.448,0.336,-1.9992,4.0294,-1.5682e+05,-2.6473e+05,282.7,282.7
0.448,0.32,-0.79683,1.4953,-1.249e+05,-2.6565e+05,8538.2,8538.2
0.448,0.304,-0.71905,1.1544,-13756,-2.3935e+05,14458,14458
0.448,0.288,-0.65922,2.5958,1.5493e+05,3.067e+05,16531,16531
0.448,0.272,0.49403,5.6533,2.6846e+05,5.5222e+05,15089,15089
0.448,0.256,0.77017,5.8105,2.9369e+05,6.4916e+05,11655,11655
0.448,0.24,0.49058,5.3876,2.2864e+05,6.9648e+05,7569.4,7569.4
0.448,0.224,0.47167,6.5123,61714,6.3843e+05,5192,5192
0.448,0.208,0.46483,6.3702,-87501,5.1736e+05,-57.409,57.409
0.448,0.192,-0.49669,6.8332,-2.3148e+05,87742,-2769.2,2769.2
0.448,0.176,-1.844,6.5747,-1.4737e+05,-3.2442e+05,-7844.2,7844.2
0.448,0.16,-1.1655,4.1127,-24208,-3.2219e+05,-9870.9,9870.9
0.448,0.144,-0.095424,2.6573,29280,-2.6131e+05,-16609,16609
0.448,0.128,-1.1275,2.2133,-93310,-1.2389e+05,-22500,22500
0.448,0.112,-2.2737,4.3046,-5.165e+05,42611,-27145,27145
0.448,0.096,-6.2232,15.816,-8.9432e+05,-3.5638e+05,-15582,15582
0.448,0.08,-3.2555,4.0621,-1.5423e+06,-4.7295e+05,13606,13606
0.448,0.064,-16.698,22.928,-5.3771e+06,3.0209e+05,37378,37378
0.448,0.048,-44.084,41.884,-4.7445e+06,8.7923e+05,39428,39428
0.448,0.032,-0.78314,10.545,-3.3209e+06,8.152e+05,20308,20308
0.448,0.016,4.7356,-1.9216,0,0,8172.2,8172.2
0.464,0.496,-4.4152,-7.2104,-1.5344e+06,-8.1436e+05,4110.3,4110.3
0.464,0.48,-56.95,-5.331,4.7157e+06,9.476e+05,-17399,17399
0.464,0.464,0.83593,-0.96338,7.968e+06,4.0504e+05,-60136,60136
0.464,0.448,4.0749,-5.2819,1.2819e+07,3.0396e+06,-86645,86645
0.464,0.432,5.1141,5.4788,6.9198e+06,8.9037e+05,-95144,95144
0.464,0.416,2.5102,3.1575,4.3116e+06,1.2004e+06,-64755,64755
0.464,0.4,0.034996,3.1537,-9.6528e+05,-5.7213e+05,-38915,38915
0.464,0.384,-5.3804,6.3855,-8.6154e+05,-52755,-11109,11109
0.464,0.368,0.0041502,0.18336,-4.5169e+05,-1482.3,-5619.7,5619.7
0.464,0.352,0.0049057,-0.29594,-1.3206e+05,39950,-4109.8,4109.8
0.464,0.336,-0.09879,1.8745,-2.787e+05,-1.018e+06,1946.9,1946.9
0.464,0.32,-1.704,-7.2191,-2.3871e+05,-1.0436e+06,10630,10630
0.464,0.304,-0.28132,-0.093362,-1.3913e+05,-9.8868e+05,16398,16398
0.464,0.288,-1.4929,1.0666,86495,2.0723e+05,16499,16499
0.464,0.272,0.12227,2.2123,67515,2.5177e+05,13846,13846
0.464,0.256,1.1588,2.1457,-3906.3,85318,11941,11941
0.464,0.24,-0.43998,0.56826,-57520,-82644,10747,10747
0.464,0.224,-0.64494,2.6386,-92326,-1.7284e+05,9680.5,9680.5
0.464,0.208,-2.4634,3.0301,-1.1788e+05,-2.302e+05,7186.7,7186.7
0.464,0.192,-2.3574,3.1888,-1.5745e+05,-2.2202e+05,5763.3,5763.3
0.464,0.176,-1.3151,3.207,-60205,-3.1167e+05,-30.276,30.276
0.464,0.16,-0.36992,1.7688,66396,-2.6681e+05,-5278.5,5278.5
0.464,0.144,1.6024,0.19876,1.2142e+05,-2.9981e+05,-7602.8,7602.8
0.464,0.128,5.9004,-7.1902,48083,-2.5919e+05,-2023.2,2023.2
0.464,0.112,0.62645,-3.154,-4.0135e+05,1.7811e+05,4379.3,4379.3
0.464,0.096,-4.7546,12.986,-4.7586e+05,-1.6788e+05,11270,11270
0.464,0.08,-2.3513,-0.86774,-1.0069e+06,-2.3098e+05,29370,29370
0.464,0.064,4.6238,31.903,-4.962e+06,1.0854e+06,40127,40127
0.464,0.048,-73.94,81.955,-4.6987e+06,1.5102e+06,39898,39898
0.464,0.032,0.22651,0.506,-3.1086e+06,1.2804e+06,19745,19745
0.464,0.016,-6.1758,-12.485,0,0,9837.9,9837.9
0.48,0.496,-92.189,-91.677,-1.3426e+06,-7.1257e+05,2331.6,2331.6
0.48,0.48,-417.67,-37.565,3.1125e+06,4.7534e+05,-1966.7,1966.7
0.48,0.464,-352.85,-115.93,2.3007e+06,-5.6573e+05,-15654,15654
0.48,0.448,-75.253,-26.238,8.8422e+06,2.1185e+06,-21636,21636
0.48,0.432,-15.71,12.525,4.1746e+06,3.5052e+05,-30409,30409
0.48,0.416,-20.128,6.2852,4.389e+06,1.127e+06,-18482,18482
0.48,0.4,-16.412,11.823,-8.5589e+05,-5.2803e+05,-9650.5,9650.5
0.48,0.384,-10.011,6.8279,-7.9707e+05,1619,2489,2489
0.48,0.368,-0.3243,0.030492,-3.7426e+05,62487,-665.03,665.03
0.48,0.352,0.13508,-0.13732,-8342.4,75838,-3714.8,3714.8
0.48,0.336,-0.49366,1.5286,-1.9401e+05,-9.5333e+05,-1587.7,1587.7
0.48,0.32,-7.6668,-23.365,-1.9657e+05,-1.0016e+06,4254.9,4254.9
0.48,0.304,-0.52635,-1.2035,-1.658e+05,-9.5643e+05,9029.1,9029.1
0.48,0.288,0.38966,0.45464,45463,79826,9594.7,9594.7
0.48,0.272,-1.6129,0.63798,7027.8,50711,7164.7,7164.7
0.48,0.256,-3.5484,-2.3549,-54537,-99231,4598.3,4598.3
0.48,0.24,-1.0567,-1.5628,-61916,-1.8974e+05,4306.1,4306.1
0.48,0.224,1.0723,1.2812,-65322,-2.3812e+05,4874.9,4874.9
0.48,0.208,2.0706,2.4429,-68375,-2.4589e+05,4970.3,4970.3
0.48,0.192,2.0044,1.1954,-78407,-77748,4408.1,4408.1
0.48,0.176,2.5737,0.88471,4784.5,-29358,-209.68,209.68
0.48,0.16,0.23429,0.68838,85884,3940.5,-4273.6,4273.6
0.48,0.144,2.2999,-10.064,1.1543e+05,-1.0413e+05,-6185.8,6185.8
0.48,0.128,47.37,-72.313,1.0962e+05,-2.3771e+05,-2660,2660
0.48,0.112,2.3102,-6.5794,-33530,79250,700.22,700.22
0.48,0.096,1.9514,-0.31623,-2.3379e+05,-1.9304e+05,4682.2,4682.2
0.48,0.08,0.88362,-0.57569,-3.0309e+05,-56982,13695,13695
0.48,0.064,9.1741,24.406,-2.8445e+06,1.4761e+06,19080,19080
0.48,0.048,56.372,90.632,-2.5663e+06,1.8128e+06,18947,18947
0.48,0.032,-0.90626,-2.6293,-1.9248e+06,1.3596e+06,9245.7,9245.7
0.48,0.016,-3.1822,0.6417,0,0,5556.1,5556.1
0.496,0.496,-162.6,70.537,0,0,1135.5,1135.5
0.496,0.48,-136.82,35.697,0,0,4611.9,4611.9
0.496,0.464,-174.24,-77.581,-2.1124e+06,-7.9397e+05,4932,4932
0.496,0.448,-95.563,-12.09,-2.205e+06,-7.0397e+05,6640,6640
0.496,0.432,-61.595,-3.3223,-2.3864e+06,-1.057e+06,154.41,154.41
0.496,0.416,-25.901,3.3187,-1.1089e+06,-4.7472e+05,2097.9,2097.9
0.496,0.4,-136.74,148.79,-1.0258e+06,-4.458e+05,3329.4,3329.4
0.496,0.384,-16.66,13.482,-6.1382e+05,-12378,7125.3,7125.3
0.496,0.368,-4.2331,1.4621,-2.4581e+05,53705,3102.2,3102.2
0.496,0.352,3.228,5.3425,-17468,52620,-218.94,218.94
0.496,0.336,-7.8941,-24.664,-1.5765e+05,-7.3274e+05,-634.66,634.66
0.496,0.32,-75.455,-309.58,-1.6567e+05,-7.8087e+05,1887.8,1887.8
0.496,0.304,-8.4538,-29.185,-1.2418e+05,-7.0265e+05,4267.6,4267.6
0.496,0.288,-12.438,-33.754,15537,69073,4458.8,4458.8
0.496,0.272,-9.1625,-15.514,-59648,10147,3150.7,3150.7
0.496,0.256,-64.617,-88.477,-1.2516e+05,-1.3473e+05,2079.8,2079.8
0.496,0.24,-35.52,-67.545,-96584,-2.2254e+05,2673.3,2673.3
0.496,0.224,1.4822,6.2215,-4630,-1.7942e+05,3243.6,3243.6
0.496,0.208,0.91768,-14.5,22493,-1.3833e+05,3747.9,3747.9
0.496,0.192,1.9945,0.4165,-9341.3,81420,3430.1,3430.1
0.496,0.176,3.1352,-5.2304,12906,88541,1283.2,1283.2
0.496,0.16,2.8388,-11.656,69718,-1.0698e+05,-1092.6,1092.6
0.496,0.144,4.3914,-13.579,98898,-2.5585e+05,-2501.9,2501.9
0.496,0.128,-38.023,-48.455,69894,-2.5903e+05,-1616.1,1616.1
0.496,0.112,-1.0458,-1.4961,65641,-7719.8,-404.9,404.9
0.496,0.096,-1.7981,0.42177,1.2358e+05,36148,1075.1,1075.1
0.496,0.08,-1.0068,-0.83698,1.2358e+05,36148,3901.7,3901.7
0.496,0.064,-5.9818,-7.3498,75589,49032,2901,2901
0.496,0.048,-113.1,129.93,0,0,2138.1,2138.1
0.496,0.032,-36.138,-35.606,0,0,-731.47,731.47
0.496,0.016,-25.077,11.387,0,0,1424.6,1424.6
