0.016,0.496,0.015048,2.9101,-9528.9,-27400,41.338,41.338
0.016,0.48,2.6833,2.2765,2353,-49195,300.45,300.45
0.016,0.464,0.72561,1.0413,13713,-38629,643.07,643.07
0.016,0.448,-0.43563,1.3801,30638,-22623,1016.5,1016.5
0.016,0.432,1.1642,-1.2527,24995,1511.7,1167.4,1167.4
0.016,0.416,1.3702,0.75416,19612,-23906,1358.4,1358.4
0.016,0.4,2.077,0.28813,7986.1,-12199,986.23,986.23
0.016,0.384,4.9784,-0.70704,-12979,-12328,642.26,642.26
0.016,0.368,5.3491,-1.2947,-30393,1479.4,1027,1027
0.016,0.352,3.6725,-0.10654,-37409,1708.7,1308.7,1308.7
0.016,0.336,5.2718,0.9452,-31110,-7178.9,1571.9,1571.9
0.016,0.32,3.3123,2.6541,-21583,-7835,1026.5,1026.5
0.016,0.304,0.28888,0.28946,-20177,-4465.1,-392.83,392.83
0.016,0.288,1.0572,-0.96618,-18429,5789,-951.14,951.14
0.016,0.272,1.4558,-2.0894,-19638,6043.5,-8482.7,8482.7
0.016,0.256,0.24262,1.6128,-12304,-3066.7,-14575,14575
0.016,0.24,2.8741,1.5177,-17143,-7089,-18287,18287
0.016,0.224,7.3001,0.37991,-15361,-6655.3,-11559,11559
0.016,0.208,6.4976,-1.0841,-11596,-3391.1,-3085.7,3085.7
0.016,0.192,0.90587,0.036448,2767.9,-5709.3,1528.3,1528.3
0.016,0.176,-0.92059,-0.4809,4187.6,-4572.1,1949.6,1949.6
0.016,0.16,-0.90047,-1.2882,4626.2,349.81,208.93,208.93
0.016,0.144,-1.3834,-0.21245,4498.5,1725.1,-706.26,706.26
0.016,0.128,1.8596,-2.6847,4936.7,1871.1,-883.58,883.58
0.016,0.112,5.9996,0.13285,-8717,-18258,-571.77,571.77
0.016,0.096,1.7434,3.3179,-21868,-17375,-373.1,373.1
0.016,0.08,6.0745,-0.73605,-21779,-17354,-106.52,106.52
0.016,0.064,9.2014,-0.26451,-6559.4,-9047.1,63.634,63.634
0.016,0.048,1.5591,-2.5386,3874,-8541.7,131.09,131.09
0.016,0.032,1.7992,0.060634,3262.4,-8833.5,53.015,53.015
0.016,0.016,4.0082,-10.722,0,0,21.843,21.843
0.032,0.496,-1.8034,5.2009,3307.1,-71822,596.13,596.13
0.032,0.48,-1.3268,2.7336,8374,-1.1798e+05,669.4,669.4
0.032,0.464,0.57182,0.86284,11079,-1.0812e+05,601.37,601.37
0.032,0.448,1.2394,1.8702,5031.5,-53312,325.46,325.46
0.032,0.432,1.0038,0.16944,19815,-25369,430.65,430.65
0.032,0.416,1.8241,1.139,-7711.2,-42275,701.8,701.8
0.032,0.4,1.3663,0.47569,-9721.6,-56266,818.16,818.16
0.032,0.384,-0.1426,0.061404,-54477,-55172,1010.5,1010.5
0.032,0.368,-0.36721,-0.10436,-45916,-41471,514.99,514.99
0.032,0.352,-0.40094,-0.18335,-56726,-14312,-131.44,131.44
0.032,0.336,-0.38247,0.32174,-45050,-896.77,-751.17,751.17
0.032,0.32,-0.33059,-0.029607,-34565,-13330,-815.39,815.39
0.032,0.304,-0.42887,-0.27251,-27000,-5049.7,-719.66,719.66
0.032,0.288,-0.74135,-0.15246,-19634,1959.8,-780.11,780.11
0.032,0.272,-0.43678,-0.37641,-38870,-3250.2,-817.19,817.19
0.032,0.256,-0.36933,0.10534,-50247,-29592,-873.01,873.01
0.032,0.24,-0.51911,0.51222,-59263,-28415,-768.81,768.81
0.032,0.224,-0.21078,-0.11902,-34517,-16395,-598.56,598.56
0.032,0.208,-0.0075024,-0.42644,-15549,968.37,-258.21,258.21
0.032,0.192,0.32298,-0.14258,-1672,937.26,-93.639,93.639
0.032,0.176,0.40394,-0.11909,-10389,1201.3,-72.099,72.099
0.032,0.16,-0.031255,0.0037421,-21507,-10217,-218.65,218.65
0.032,0.144,-0.42997,0.26655,-34994,-17301,-178.31,178.31
0.032,0.128,0.167,-0.28604,-50370,-13908,-67.892,67.892
0.032,0.112,0.0079244,0.022694,-61728,-24645,111.5,111.5
0.032,0.096,-0.677,-0.078431,-84885,84.081,179.01,179.01
0.032,0.08,-0.22583,-0.2162,-70258,5598.9,325.3,325.3
0.032,0.064,0.016759,0.065632,-66551,33274,280.05,280.05
0.032,0.048,-0.12179,-1.1441,-28905,11175,227.81,227.81
0.032,0.032,-0.86804,0.019909,-19172,969.93,51.989,51.989
0.032,0.016,-0.2946,-4.2556,0,0,136.09,136.09
0.048,0.496,0.12018,5.0554,3720.5,-80800,693.23,693.23
0.048,0.48,0.51625,3.0996,-8817.8,-1.4273e+05,856.38,856.38
0.048,0.464,0.49372,1.7233,-22082,-1.6423e+05,538.21,538.21
0.048,0.448,0.49689,1.7027,-41086,-95419,97.165,97.165
0.048,0.432,-0.20152,1.1254,-2582.6,-60465,201.43,201.43
0.048,0.416,1.9256,1.5294,56971,-77144,845.21,845.21
0.048,0.4,1.8126,2.0895,97658,-94080,1078.5,1078.5
0.048,0.384,2.2532,-0.080609,73264,-83602,996.78,996.78
0.048,0.368,1.7188,0.97758,-34937,-58432,555.08,555.08
0.048,0.352,-0.056917,1.1318,-70498,-24283,29.566,29.566
0.048,0.336,-1.0501,-0.13292,-84075,-16772,-321.88,321.88
0.048,0.32,-1.043,0.22415,-26728,-10097,-463.65,463.65
0.048,0.304,-0.98035,-0.5537,-24643,521.77,-616.15,616.15
0.048,0.288,-0.72529,0.057905,-20149,5724.9,-886.39,886.39
0.048,0.272,-0.95546,-0.60365,-37345,2456.4,-884.29,884.29
0.048,0.256,-1.9186,-0.68896,-39529,-20396,-381.92,381.92
0.048,0.24,-1.6983,-0.68425,-44027,-16231,276.96,276.96
0.048,0.224,-0.95481,0.098981,-21893,-10897,467.48,467.48
0.048,0.208,-0.3674,0.20827,-10615,837.29,346.73,346.73
0.048,0.192,-0.19525,0.10397,-1555.4,-1367.1,1.1081,1.1081
0.048,0.176,-0.35121,1.0783,-10024,1928.9,-275.08,275.08
0.048,0.16,-1.1633,0.09513,-18278,-9722.1,-551.35,551.35
0.048,0.144,-1.5886,-0.93901,-31620,-17364,-376.42,376.42
0.048,0.128,-1.5208,-0.23662,-46501,-13143,-59.789,59.789
0.048,0.112,-1.8849,0.32606,-55158,-22737,402.19,402.19
0.048,0.096,-1.7175,-0.43304,-72232,1996.6,827.98,827.98
0.048,0.08,-2.2245,1.2989,-62682,8254.1,997.43,997.43
0.048,0.064,-1.3334,0.6736,-51903,14924,767.22,767.22
0.048,0.048,-1.4394,-0.39385,-19929,-7226.7,257.25,257.25
0.048,0.032,1.345,-1.3465,-7976,-19118,-26.144,26.144
0.048,0.016,0.42898,-2.399,0,0,106.79,106.79
0.064,0.496,0.69312,3.9623,16503,-57114,665.54,665.54
0.064,0.48,1.9144,3.32,-43369,-1.1885e+05,1010.6,1010.6
0.064,0.464,2.0502,2.9839,-85536,-1.8902e+05,1063.5,1063.5
0.064,0.448,2.0861,1.9361,-1.2576e+05,-1.2651e+05,1125.4,1125.4
0.064,0.432,1.6712,2.3938,-65460,-1.3181e+05,1773,1773
0.064,0.416,2.3297,3.5859,781.87,-86241,2861.5,2861.5
0.064,0.4,5.686,1.2506,71091,-76982,2883.8,2883.8
0.064,0.384,3.2567,2.7243,66125,-28934,2214.1,2214.1
0.064,0.368,3.4105,4.0044,-26843,-51847,1084.8,1084.8
0.064,0.352,0.41905,2.3443,-60264,-56379,1127.3,1127.3
0.064,0.336,-0.39839,-0.17061,-86157,-42129,1423.2,1423.2
0.064,0.32,-0.47054,0.1144,-39045,-25616,1970,1970
0.064,0.304,-0.49092,-0.032663,-40376,1389,1755.7,1755.7
0.064,0.288,0.048473,-0.24299,-34073,-86153,687.57,687.57
0.064,0.272,0.064598,-0.1552,-64788,-54673,543.06,543.06
0.064,0.256,-0.56199,0.086995,-79178,-36731,842.88,842.88
0.064,0.24,-0.78223,0.039284,-72487,71541,1672.3,1672.3
0.064,0.224,-0.17005,0.41221,-31709,68366,1190.9,1190.9
0.064,0.208,0.21615,0.10739,-14555,53508,409.9,409.9
0.064,0.192,-0.31653,-0.010084,-17207,36178,-254.07,254.07
0.064,0.176,-0.18719,0.42717,-24245,30726,-613.99,613.99
0.064,0.16,-0.17092,-0.14145,-28724,1264.9,-953.47,953.47
0.064,0.144,-0.26377,-0.43184,-45631,-11248,-696.59,696.59
0.064,0.128,0.0617,-0.064411,-55227,-14922,-380.05,380.05
0.064,0.112,-0.33768,0.18275,-41144,-21296,174.54,174.54
0.064,0.096,-0.68621,-0.12969,-30867,19437,589.86,589.86
0.064,0.08,-0.57512,0.36206,-32676,42196,858.94,858.94
0.064,0.064,0.039932,-0.09904,-38586,42979,667.48,667.48
0.064,0.048,0.68682,-0.50917,-25171,2375.5,200.97,200.97
0.064,0.032,0.44205,0.89675,-4380.1,-24149,-78.472,78.472
0.064,0.016,-1.6036,-2.5655,0,0,42.779,42.779
0.08,0.496,2.1728,4.4116,0,0,440.78,440.78
0.08,0.48,3.1214,3.523,-1.0411e+05,-43507,727.3,727.3
0.08,0.464,3.036,3.7043,-1.865e+05,-1.0277e+05,1233.1,1233.1
0.08,0.448,3.0008,3.2601,-1.892e+05,-90772,2188.7,2188.7
0.08,0.432,2.0673,3.9179,-1.65e+05,-1.1527e+05,3808.6,3808.6
0.08,0.416,2.1498,2.3297,-97141,-67524,5050.8,5050.8
0.08,0.4,1.9906,2.8598,-11778,-27187,4857.3,4857.3
0.08,0.384,2.2559,3.6859,58640,25513,3479.3,3479.3
0.08,0.368,1.9416,3.8781,-28197,-33048,2335.1,2335.1
0.08,0.352,1.4712,2.863,-74780,-72888,2249.1,2249.1
0.08,0.336,0.8057,1.0692,-1.2007e+05,-87601,4164.1,4164.1
0.08,0.32,-0.50969,1.1845,-63519,-65741,6049.4,6049.4
0.08,0.304,-1.5142,-0.79435,-41642,-77874,7214.5,7214.5
0.08,0.288,-0.9155,-0.16476,-1.16e+05,-74281,7815.8,7815.8
0.08,0.272,-1.5502,1.6729,-1.1839e+05,63493,7582.8,7582.8
0.08,0.256,-0.7254,0.72914,-1.4575e+05,2.1222e+05,8508.7,8508.7
0.08,0.24,-0.85701,2.4136,-59164,2.8436e+05,7884.3,7884.3
0.08,0.224,-0.72962,2.5304,-55004,2.1263e+05,6557,6557
0.08,0.208,-0.85816,2.5597,-9699,79623,3125.6,3125.6
0.08,0.192,-0.75601,2.5846,-10957,41978,380.66,380.66
0.08,0.176,-0.59914,1.9593,4901.7,387.07,-1008.6,1008.6
0.08,0.16,-0.53337,1.0057,-9303.4,17489,-862.17,862.17
0.08,0.144,-0.59279,-0.39604,-2276.8,-4341.7,-75.393,75.393
0.08,0.128,-0.92024,0.11852,3993.6,-7023.3,898.87,898.87
0.08,0.112,-0.041143,0.16678,17700,-21568,1815.4,1815.4
0.08,0.096,1.3406,-1.0452,44292,-5220.7,2467.9,2467.9
0.08,0.08,1.3609,1.0943,16651,28708,2831.7,2831.7
0.08,0.064,0.25579,2.1208,354.03,25612,2487.1,2487.1
0.08,0.048,-0.25946,0.40141,-24144,8524.8,1444.5,1444.5
0.08,0.032,-1.1679,3.7078,-3061,-18708,512.75,512.75
0.08,0.016,-1.1524,-2.0931,0,0,126.23,126.23
0.096,0.496,4.2979,4.7502,0,0,392.38,392.38
0.096,0.48,4.273,4.3578,-58614,-1.4195e+05,759.16,759.16
0.096,0.464,3.6683,4.317,-59947,-2.5106e+05,2029.4,2029.4
0.096,0.448,3.2386,5.2387,-19992,-2.4139e+05,4358.1,4358.1
0.096,0.432,2.7426,4.5411,58158,-3.6382e+05,7075.4,7075.4
0.096,0.416,2.2753,2.5291,36665,-2.8966e+05,7973.2,7973.2
0.096,0.4,1.9793,2.843,-27048,-1.414e+05,6672,6672
0.096,0.384,2.7097,3.8136,-14053,7113.5,4674.7,4674.7
0.096,0.368,2.0259,3.8236,37400,-1.2637e+05,3682.2,3682.2
0.096,0.352,1.3827,3.5748,31193,-2.272e+05,3938.3,3938.3
0.096,0.336,1.1698,3.1998,-53389,-1.8805e+05,5912.3,5912.3
0.096,0.32,0.95144,2.4904,-1.1693e+05,-90737,9659.4,9659.4
0.096,0.304,0.94219,1.9206,-94746,-1.2177e+05,12875,12875
0.096,0.288,2.672,1.1434,-1.4645e+05,-1.0857e+05,17365,17365
0.096,0.272,-1.1581,-0.080151,-1.0112e+05,-46352,18885,18885
0.096,0.256,-0.22252,3.8495,-1.586e+05,2.0725e+05,20328,20328
0.096,0.24,-0.20886,4.3835,-1.5644e+05,4.6922e+05,16957,16957
0.096,0.224,-0.66194,4.9532,-2.3641e+05,5.7894e+05,11650,11650
0.096,0.208,-1.0373,4.895,-1.4437e+05,3.4093e+05,4599.3,4599.3
0.096,0.192,-0.12565,3.0774,-91756,92262,-793.03,793.03
0.096,0.176,-0.26351,3.6422,-8889.2,-30023,-2660.5,2660.5
0.096,0.16,0.047373,2.6409,-18270,-8449.1,-2075.4,2075.4
0.096,0.144,0.011157,1.407,7769.7,-13292,74.671,74.671
0.096,0.128,0.63923,0.92143,-3243.1,-32008,1824,1824
0.096,0.112,0.7841,0.4307,1777.8,-22157,3289.5,3289.5
0.096,0.096,0.72699,0.49956,10411,13150,3754.5,3754.5
0.096,0.08,1.0231,0.90424,-3489.8,9347.3,4255.4,4255.4
0.096,0.064,-0.046796,1.7273,-80768,1.1938e+05,3954.3,3954.3
0.096,0.048,-1.1745,2.6328,-85994,91827,2954.9,2954.9
0.096,0.032,-3.4239,6.219,-74836,99434,1411.7,1411.7
0.096,0.016,-2.1202,-1.405,0,0,427.93,427.93
0.112,0.496,4.8829,4.2467,0,0,798.98,798.98
0.112,0.48,5.4604,4.6237,91699,-4.6047e+05,1830.5,1830.5
0.112,0.464,4.0321,4.7887,2.1267e+05,-7.4822e+05,4099.5,4099.5
0.112,0.448,4.3248,4.7918,2.6929e+05,-6.501e+05,6377.1,6377.1
0.112,0.432,4.4758,4.4321,2.2007e+05,-5.4685e+05,8552.4,8552.4
0.112,0.416,5.5189,1.1868,8958.8,-3.2578e+05,9517.5,9517.5
0.112,0.4,3.2212,3.6975,-2.3084e+05,-47577,8015.8,8015.8
0.112,0.384,1.333,5.4637,-1.6989e+05,1.0483e+05,6044.6,6044.6
0.112,0.368,2.6882,4.8718,10277,-95054,4557,4557
0.112,0.352,3.6326,3.417,57751,-2.7237e+05,4901.8,4901.8
0.112,0.336,1.101,4.6368,-7571.9,-3.2846e+05,7588.8,7588.8
0.112,0.32,1.2103,4.1886,-21240,-2.6947e+05,11956,11956
0.112,0.304,1.2203,3.9642,18071,-3.1651e+05,18380,18380
0.112,0.288,2.137,3.3963,-93092,-1.6142e+05,27854,27854
0.112,0.272,2.2363,4.5796,-1.3182e+05,7039.2,33610,33610
0.112,0.256,2.6478,2.8203,-2.5975e+05,4.1847e+05,36903,36903
0.112,0.24,-1.1847,6.2782,-3.1874e+05,8.0344e+05,30256,30256
0.112,0.224,-3.3751,8.938,-4.1258e+05,1.0278e+06,19114,19114
0.112,0.208,-2.9448,8.7415,-1.9704e+05,6.6847e+05,6253.4,6253.4
0.112,0.192,-1.9517,5.6415,-1075.6,58705,-4091.1,4091.1
0.112,0.176,-1.5775,2.376,1.1978e+05,-3.0696e+05,-7963.5,7963.5
0.112,0.16,0.054973,3.9088,59317,-3.2804e+05,-7345,7345
0.112,0.144,0.61087,2.8473,20566,-1.8596e+05,-1915.1,1915.1
0.112,0.128,0.82278,1.2909,-5762.7,-1.2668e+05,2971.4,2971.4
0.112,0.112,0.777,1.1067,-31354,-56188,5252.4,5252.4
0.112,0.096,0.58996,0.93254,-52409,46666,5272.1,5272.1
0.112,0.08,-0.37471,1.6632,-54242,30337,5524.4,5524.4
0.112,0.064,0.082833,-0.86813,-1.3145e+05,1.6031e+05,5131.5,5131.5
0.112,0.048,-2.1504,4.9804,-1.05e+05,92494,3946.2,3946.2
0.112,0.032,-3.4073,6.763,-1.0114e+05,1.3402e+05,1951.5,1951.5
0.112,0.016,-1.2804,-0.78632,0,0,668.68,668.68
0.128,0.496,3.7436,7.5173,0,0,1014.7,1014.7
0.128,0.48,4.7934,7.3477,1.6342e+05,-5.4294e+05,3870.6,3870.6
0.128,0.464,3.0933,5.7547,4.5498e+05,-1.1426e+06,7527.4,7527.4
0.128,0.448,2.8758,5.1225,4.8748e+05,-9.7017e+05,10359,10359
0.128,0.432,2.8282,5.9752,4.463e+05,-7.7461e+05,10534,10534
0.128,0.416,0.71563,5.3692,2.5124e+05,-5.439e+05,11079,11079
0.128,0.4,-1.4571,6.9403,-24294,-2.004e+05,10288,10288
0.128,0.384,-0.328,8.9822,-82047,27096,8980.6,8980.6
0.128,0.368,1.005,8.0289,-11741,-63509,7081,7081
0.128,0.352,0.71077,6.3828,23689,-2.7837e+05,6843.2,6843.2
0.128,0.336,0.015982,5.847,9238,-4.4472e+05,9308.6,9308.6
0.128,0.32,1.8971,3.6473,62626,-4.2973e+05,14435,14435
0.128,0.304,3.84,4.1019,1.6822e+05,-4.5767e+05,22039,22039
0.128,0.288,1.7902,4.9815,1.8174e+05,-3.4168e+05,36557,36557
0.128,0.272,1.6579,6.0821,76074,-1.2186e+05,48352,48352
0.128,0.256,0.80901,7.5751,-1.8218e+05,5.2171e+05,55673,55673
0.128,0.24,-1.8234,11.033,-4.9953e+05,1.3165e+06,45794,45794
0.128,0.224,-2.0222,13.852,-6.9873e+05,1.7679e+06,25986,25986
0.128,0.208,-0.29574,13.991,-4.9879e+05,1.3699e+06,6278,6278
0.128,0.192,0.811,11.983,-1.8929e+05,3.1251e+05,-10263,10263
0.128,0.176,1.8014,7.714,96987,-5.0074e+05,-14766,14766
0.128,0.16,0.95963,5.9193,1.6185e+05,-7.2726e+05,-14830,14830
0.128,0.144,1.3671,4.5643,1.2862e+05,-4.7485e+05,-4777.2,4777.2
0.128,0.128,1.7199,2.8033,47128,-2.3045e+05,2824.1,2824.1
0.128,0.112,1.3985,1.0636,46931,-2.3506e+05,6601,6601
0.128,0.096,2.1711,0.18136,-44988,-59466,5547.6,5547.6
0.128,0.08,1.0384,2.8638,-66601,-26210,4373.6,4373.6
0.128,0.064,0.42488,1.989,-1.7198e+05,1.7385e+05,3315.8,3315.8
0.128,0.048,-0.63268,2.906,-88645,66892,2490.6,2490.6
0.128,0.032,-0.049723,5.2142,-56598,68430,1149.3,1149.3
0.128,0.016,-0.22672,1.0968,0,0,459.7,459.7
0.144,0.496,-0.60966,20.393,0,0,1322.5,1322.5
0.144,0.48,-0.35194,16.076,1.725e+05,-5.11e+05,4481.9,4481.9
0.144,0.464,-1.3793,12.054,6.685e+05,-1.67e+06,616.68,616.68
0.144,0.448,-1.0553,10.519,5.7614e+05,-1.2642e+06,-4507.5,4507.5
0.144,0.432,0.28629,9.4044,3.527e+05,-7.288e+05,-5935.9,5935.9
0.144,0.416,0.83548,9.7926,1.0325e+05,-4.6044e+05,-734.78,734.78
0.144,0.4,0.95631,8.9071,-77547,-1.8744e+05,2431.4,2431.4
0.144,0.384,0.37937,9.5823,-80984,-95775,-912.75,912.75
0.144,0.368,-0.20671,10.954,-49634,-1.2339e+05,-9292.8,9292.8
0.144,0.352,-0.48651,9.2775,-47571,-3.3009e+05,-13165,13165
0.144,0.336,-0.32953,7.3033,9427.1,-5.9474e+05,-9953.5,9953.5
0.144,0.32,1.0266,7.1837,1.9972e+05,-8.3334e+05,2563.9,2563.9
0.144,0.304,1.9868,9.5101,3.7536e+05,-9.3175e+05,15930,15930
0.144,0.288,3.7609,9.4719,3.9558e+05,-8.1585e+05,36828,36828
0.144,0.272,3.6467,10.365,1.6733e+05,-1.7678e+05,54847,54847
0.144,0.256,0.95112,12.677,-2.0058e+05,8.5988e+05,67691,67691
0.144,0.24,-2.1786,16.902,-5.1803e+05,1.9284e+06,57580,57580
0.144,0.224,-2.8267,19.954,-6.6528e+05,2.4978e+06,31183,31183
0.144,0.208,-2.189,19.373,-5.051e+05,2.236e+06,1665.6,1665.6
0.144,0.192,-1.1435,16.251,-2.2702e+05,1.0001e+06,-23869,23869
0.144,0.176,-1.485,10.024,45873,-5.0161e+05,-30504,30504
0.144,0.16,0.77249,8.9704,2.2083e+05,-1.2836e+06,-28862,28862
0.144,0.144,1.2445,5.9724,2.0706e+05,-1.0762e+06,-12720,12720
0.144,0.128,3.7878,3.0416,65358,-4.3206e+05,-1855.9,1855.9
0.144,0.112,2.0611,3.2306,-23720,-2.1542e+05,4529.8,4529.8
0.144,0.096,3.2253,1.1595,-1.6189e+05,-2418.5,3344.2,3344.2
0.144,0.08,0.73168,3.4811,-1.8722e+05,82132,2100.7,2100.7
0.144,0.064,-0.50374,4.5141,-1.5935e+05,73976,1099.5,1099.5
0.144,0.048,0.88054,1.6692,-49757,-30987,260.2,260.2
0.144,0.032,0.8055,3.2087,41990,-1.0292e+05,-248.7,248.7
0.144,0.016,-1.0348,4.8787,0,0,-30.192,30.192
0.16,0.496,-2.7556,30.407,0,0,794.44,794.44
0.16,0.48,-3.0512,24.109,0,0,3298,3298
0.16,0.464,-2.8278,18.457,NaN,NaN,-3391.5,3391.5
0.16,0.448,-0.76926,16.943,1.8736e+05,-8.9485e+05,-13034,13034
0.16,0.432,-1.0542,16.7,3.2363e+05,-6.8412e+05,-34233,34233
0.16,0.416,-1.6312,17.145,3.2532e+05,-6.5024e+05,-44285,44285
0.16,0.4,-0.78668,16.11,2.762e+05,-4.776e+05,-40751,40751
0.16,0.384,-0.51058,14.617,1.4063e+05,-5.0052e+05,-32565,32565
0.16,0.368,-0.96396,13.404,39801,-7.4812e+05,-29313,29313
0.16,0.352,-0.54591,12.174,52816,-1.2227e+06,-43059,43059
0.16,0.336,0.05001,10.857,1.9211e+05,-1.7807e+06,-44842,44842
0.16,0.32,0.62859,11.332,4.4623e+05,-2.1815e+06,-30264,30264
0.16,0.304,3.0661,11.116,6.6351e+05,-2.1961e+06,-2792.5,2792.5
0.16,0.288,3.3525,12.012,7.2794e+05,-1.788e+06,28548,28548
0.16,0.272,2.4857,13.472,4.6418e+05,-5.593e+05,51259,51259
0.16,0.256,-0.069163,17.396,-9859.1,1.0251e+06,64389,64389
0.16,0.24,-2.5383,25.904,-4.4201e+05,2.4655e+06,51373,51373
0.16,0.224,-1.6444,28.873,-6.5258e+05,3.1153e+06,22048,22048
0.16,0.208,-1.4548,29.445,-6.3526e+05,2.8764e+06,-11455,11455
0.16,0.192,-1.005,26.153,-4.3465e+05,1.4388e+06,-42791,42791
0.16,0.176,-1.3132,17.14,-80688,-5.9452e+05,-48039,48039
0.16,0.16,-0.10154,10.089,2.4095e+05,-1.8011e+06,-43959,43959
0.16,0.144,2.741,5.3156,3.2973e+05,-1.721e+06,-17686,17686
0.16,0.128,1.9671,4.5223,1.6041e+05,-8.6133e+05,-4830.6,4830.6
0.16,0.112,0.40969,5.6558,54616,-4.416e+05,2507.4,2507.4
0.16,0.096,0.015658,6.5201,-1.455e+05,-81615,265.86,265.86
0.16,0.08,-1.0608,5.6621,-2.3675e+05,74263,-1374.5,1374.5
0.16,0.064,-1.1292,6.4025,-1.9934e+05,-41627,-1604.2,1604.2
0.16,0.048,0.27103,3.4186,-67230,-1.5799e+05,-1898.1,1898.1
0.16,0.032,-0.46986,3.9991,60926,-2.0526e+05,-1516.8,1516.8
0.16,0.016,-2.9561,8.6312,0,0,-484.81,484.81
0.176,0.496,-2.1463,37.239,0,0,397.22,397.22
0.176,0.48,-2.2897,34.421,0,0,595.83,595.83
0.176,0.464,-1.64,35.06,NaN,NaN,-13935,13935
0.176,0.448,-1.799,36.439,NaN,NaN,-55605,55605
0.176,0.432,-1.6666,35.021,NaN,NaN,-69368,69368
0.176,0.416,-2.8131,33.644,2.4798e+05,-6.4104e+05,-78268,78268
0.176,0.4,-3.3306,33.773,2.1362e+05,-5.3207e+05,-1.0573e+05,1.0573e+05
0.176,0.384,-1.9558,32.136,1.5867e+05,-7.2711e+05,-1.2361e+05,1.2361e+05
0.176,0.368,-1.377,26.333,1.3369e+05,-1.2103e+06,-1.3956e+05,1.3956e+05
0.176,0.352,-0.58255,20.266,1.8107e+05,-1.7762e+06,-1.4617e+05,1.4617e+05
0.176,0.336,0.93129,19.07,3.3473e+05,-2.4378e+06,-1.2072e+05,1.2072e+05
0.176,0.32,2.4803,20.044,6.6978e+05,-2.979e+06,-74533,74533
0.176,0.304,2.9831,21.208,8.0903e+05,-2.8818e+06,-14462,14462
0.176,0.288,2.1384,22.952,7.8594e+05,-2.3654e+06,22329,22329
0.176,0.272,1.2834,27.097,4.6564e+05,-1.0582e+06,41197,41197
0.176,0.256,-1.8541,30.28,84920,3.8505e+05,45431,45431
0.176,0.24,-2.9639,31.846,-2.2925e+05,1.5798e+06,31070,31070
0.176,0.224,-3.1527,33.014,-3.9873e+05,2.1713e+06,4147.1,4147.1
0.176,0.208,-2.6507,31.865,-5.1171e+05,2.0528e+06,-23709,23709
0.176,0.192,-1.621,28.185,-4.0972e+05,7.3455e+05,-54308,54308
0.176,0.176,-0.35025,20.396,-95014,-1.2722e+06,-59245,59245
0.176,0.16,0.096182,13.962,3.0203e+05,-2.6297e+06,-53687,53687
0.176,0.144,1.5323,6.3419,4.8675e+05,-2.709e+06,-21689,21689
0.176,0.128,2.3942,6.2189,3.8323e+05,-1.9334e+06,-5104,5104
0.176,0.112,1.8425,10.294,1.8526e+05,-1.163e+06,1600.1,1600.1
0.176,0.096,1.4718,10.095,-99905,-4.9272e+05,-3594.9,3594.9
0.176,0.08,0.091533,9.4919,-2.2701e+05,-1.0938e+05,-5977,5977
0.176,0.064,-0.60645,8.6088,-1.6217e+05,-2.1282e+05,-5009.5,5009.5
0.176,0.048,-0.20608,6.141,-41833,-2.306e+05,-3496.7,3496.7
0.176,0.032,-0.41318,7.4743,34789,-1.6919e+05,-1970.6,1970.6
0.176,0.016,-1.1472,9.0502,0,0,-523.39,523.39
0.192,0.496,-2.975,46.185,0,0,0,0
0.192,0.48,-2.257,45.605,0,0,0,0
0.192,0.464,-2.9492,46.881,NaN,NaN,0,0
0.192,0.448,-3.1071,47.933,NaN,NaN,NaN,NaN
0.192,0.432,-1.9533,47.302,NaN,NaN,-1.5729e+05,1.5729e+05
0.192,0.416,-2.7547,47.648,NaN,NaN,-1.5737e+05,1.5737e+05
0.192,0.4,-3.5931,47.421,NaN,NaN,-1.7267e+05,1.7267e+05
0.192,0.384,-1.589,44.127,1.297e+05,-1.3811e+06,-1.8258e+05,1.8258e+05
0.192,0.368,0.77118,40.38,1.6016e+05,-2.26e+06,-1.8692e+05,1.8692e+05
0.192,0.352,1.3827,35.733,2.9931e+05,-2.9044e+06,-1.9185e+05,1.9185e+05
0.192,0.336,2.1831,34.109,5.8594e+05,-4.0766e+06,-1.7536e+05,1.7536e+05
0.192,0.32,3.2745,35.284,9.6619e+05,-4.2561e+06,-1.5785e+05,1.5785e+05
0.192,0.304,2.5816,35.598,1.0129e+06,-3.6885e+06,-82356,82356
0.192,0.288,1.1675,37.108,8.8694e+05,-2.6373e+06,-19073,19073
0.192,0.272,-0.14646,38.291,4.9986e+05,-1.2917e+06,31777,31777
0.192,0.256,-1.5851,36.916,1.7052e+05,-2.2831e+05,17541,17541
0.192,0.24,-2.4599,35.6,-1.4408e+05,4.9357e+05,-1536.5,1536.5
0.192,0.224,-2.5514,33.974,-3.2769e+05,6.3324e+05,-15859,15859
0.192,0.208,-1.3326,30.006,-5.2412e+05,2.4584e+05,-25845,25845
0.192,0.192,-1.937,25.992,-5.3738e+05,-8.2113e+05,-43343,43343
0.192,0.176,-0.4118,21.32,-1.2436e+05,-2.4706e+06,-52653,52653
0.192,0.16,0.75916,15.769,4.0199e+05,-3.6495e+06,-47705,47705
0.192,0.144,3.2263,8.8116,7.2973e+05,-3.9216e+06,-17581,17581
0.192,0.128,4.5904,9.6865,6.4822e+05,-3.3044e+06,2643.2,2643.2
0.192,0.112,5.1898,8.6423,4.1343e+05,-2.3987e+06,6454,6454
0.192,0.096,3.669,7.9143,1.2617e+05,-1.4631e+06,-3369.8,3369.8
0.192,0.08,1.727,7.331,-6670.2,-9.4872e+05,-9567.8,9567.8
0.192,0.064,2.5484,5.8473,-24730,-7.4846e+05,-8842.1,8842.1
0.192,0.048,1.5896,6.9873,25611,-5.207e+05,-5632.4,5632.4
0.192,0.032,-0.070781,9.7954,779.43,-1.6398e+05,-2272.4,2272.4
0.192,0.016,-0.81746,10.663,0,0,-438.85,438.85
0.208,0.496,-2.6898,50.407,0,0,0,0
0.208,0.48,-2.8488,51.685,0,0,0,0
0.208,0.464,-3.4674,52.641,NaN,NaN,0,0
0.208,0.448,-3.4827,52.978,NaN,NaN,NaN,NaN
0.208,0.432,-2.5506,52.572,NaN,NaN,NaN,NaN
0.208,0.416,-2.4245,51.879,NaN,NaN,NaN,NaN
0.208,0.4,-2.3234,50.793,NaN,NaN,-3.324e+05,3.324e+05
0.208,0.384,-1.1105,49.132,NaN,NaN,-3.2711e+05,3.2711e+05
0.208,0.368,0.73866,48.377,NaN,NaN,-3.1893e+05,3.1893e+05
0.208,0.352,2.2715,46.525,NaN,NaN,-3.0017e+05,3.0017e+05
0.208,0.336,3.5573,45.304,NaN,NaN,-2.3554e+05,2.3554e+05
0.208,0.32,4.1273,45.418,1.0901e+06,-3.0721e+06,-2.0146e+05,2.0146e+05
0.208,0.304,4.2974,43.478,8.8962e+05,-2.639e+06,-1.3374e+05,1.3374e+05
0.208,0.288,3.3134,42.393,7.5706e+05,-2.1154e+06,-61287,61287
0.208,0.272,0.90838,43.612,4.0546e+05,-1.3823e+06,-17849,17849
0.208,0.256,-2.2538,45.013,1.9068e+05,-8.9808e+05,-5660.9,5660.9
0.208,0.24,-3.4521,44.622,4469,-7.7332e+05,-26218,26218
0.208,0.224,-2.4908,39.109,-1.228e+05,-8.9434e+05,-30562,30562
0.208,0.208,-1.4606,35.025,-3.294e+05,-1.2466e+06,-27942,27942
0.208,0.192,-0.92072,29.52,-4.8908e+05,-1.8546e+06,-29297,29297
0.208,0.176,-0.59527,27.257,-2.4831e+05,-2.8928e+06,-35503,35503
0.208,0.16,2.3522,20.407,1.7802e+05,-3.7878e+06,-30741,30741
0.208,0.144,2.9108,15.554,5.9438e+05,-4.2909e+06,-9590.7,9590.7
0.208,0.128,3.0111,12.587,6.6533e+05,-4.0971e+06,9355,9355
0.208,0.112,2.2693,12.166,5.1609e+05,-3.4663e+06,10213,10213
0.208,0.096,1.9284,10.5,2.8757e+05,-2.6947e+06,-3196.9,3196.9
0.208,0.08,2.1007,8.2491,1.611e+05,-2.0322e+06,-11966,11966
0.208,0.064,2.3999,6.7041,-5058.4,-1.3007e+06,-11537,11537
0.208,0.048,1.274,9.8686,-27665,-6.1864e+05,-6606,6606
0.208,0.032,0.46772,9.0399,-96051,-60718,-2005,2005
0.208,0.016,-0.46399,8.2443,0,0,-86.606,86.606
0.224,0.496,-2.1716,55.902,0,0,0,0
0.224,0.48,-2.7585,55.417,0,0,0,0
0.224,0.464,-2.757,55.917,NaN,NaN,0,0
0.224,0.448,-3.4508,56.35,NaN,NaN,NaN,NaN
0.224,0.432,-2.7802,55.123,NaN,NaN,NaN,NaN
0.224,0.416,-2.1496,53.893,NaN,NaN,NaN,NaN
0.224,0.4,-1.4182,52.822,NaN,NaN,NaN,NaN
0.224,0.384,0.091605,51.347,NaN,NaN,NaN,NaN
0.224,0.368,1.878,50.764,NaN,NaN,NaN,NaN
0.224,0.352,2.9363,49.368,NaN,NaN,NaN,NaN
0.224,0.336,3.384,48.729,NaN,NaN,-2.9605e+05,2.9605e+05
0.224,0.32,3.4998,48.197,NaN,NaN,-3.3206e+05,3.3206e+05
0.224,0.304,3.2047,46.969,NaN,NaN,-2.274e+05,2.274e+05
0.224,0.288,1.9051,47.087,7.8103e+05,-1.7149e+06,-1.115e+05,1.115e+05
0.224,0.272,0.73533,47.331,3.9931e+05,-1.1207e+06,-45075,45075
0.224,0.256,-1.15,48.371,2.1461e+05,-9.7018e+05,-27652,27652
0.224,0.24,-2.2708,48.077,62261,-1.0932e+06,-37747,37747
0.224,0.224,-3.197,46.823,-10882,-1.3398e+06,-40991,40991
0.224,0.208,-2.2131,44.721,-1.9316e+05,-1.667e+06,-33661,33661
0.224,0.192,-0.65469,41.555,-4.4876e+05,-1.9034e+06,-23583,23583
0.224,0.176,-0.20481,37.894,-4.8056e+05,-2.4665e+06,-21648,21648
0.224,0.16,0.97522,33.415,-3.5214e+05,-3.0226e+06,-15173,15173
0.224,0.144,1.1722,30.346,-1.1387e+05,-3.4453e+06,-1123.9,1123.9
0.224,0.128,0.89014,28.295,-66121,-3.3225e+06,14370,14370
0.224,0.112,-0.65733,25.891,-1.8119e+05,-2.894e+06,18645,18645
0.224,0.096,-0.45228,22.486,-2.9487e+05,-2.3936e+06,9772.1,9772.1
0.224,0.08,0.34786,18.934,-2.8621e+05,-2.0352e+06,-441.63,441.63
0.224,0.064,-0.45199,21.984,-2.8044e+05,-1.4852e+06,-4793.1,4793.1
0.224,0.048,-2.0753,22.358,-1.654e+05,-8.2479e+05,-3554.2,3554.2
0.224,0.032,-2.0543,20.97,-1.3266e+05,-1.9481e+05,-898.96,898.96
0.224,0.016,-1.3194,15.53,0,0,232.21,232.21
0.24,0.496,-0.17883,56.662,0,0,0,0
0.24,0.48,-1.2905,54.941,0,0,0,0
0.24,0.464,-2.2723,55.824,NaN,NaN,0,0
0.24,0.448,-2.5131,56.032,NaN,NaN,NaN,NaN
0.24,0.432,-2.8428,55.096,NaN,NaN,NaN,NaN
0.24,0.416,-2.8022,53.879,NaN,NaN,NaN,NaN
0.24,0.4,-2.6288,52.734,NaN,NaN,NaN,NaN
0.24,0.384,-1.1657,51.493,NaN,NaN,NaN,NaN
0.24,0.368,0.58838,50.596,NaN,NaN,NaN,NaN
0.24,0.352,0.56608,49.763,NaN,NaN,NaN,NaN
0.24,0.336,0.9818,49.164,NaN,NaN,NaN,NaN
0.24,0.32,2.3962,49.833,NaN,NaN,NaN,NaN
0.24,0.304,2.0107,50.142,NaN,NaN,-1.9304e+05,1.9304e+05
0.24,0.288,2.3526,49.745,NaN,NaN,-1.075e+05,1.075e+05
0.24,0.272,1.269,49.272,3.5869e+05,-1.0976e+06,-87394,87394
0.24,0.256,0.049788,48.673,3.1088e+05,-1.2582e+06,-46476,46476
0.24,0.24,-0.95099,48.425,2.249e+05,-1.3782e+06,-47888,47888
0.24,0.224,-2.7298,47.202,1.8519e+05,-1.4655e+06,-46420,46420
0.24,0.208,-3.1922,46.445,1.1761e+05,-1.5511e+06,-44602,44602
0.24,0.192,-3.3551,45.534,-79142,-1.6381e+06,-32558,32558
0.24,0.176,-2.6609,43.015,-4.4841e+05,-1.8017e+06,-18487,18487
0.24,0.16,-3.6173,42.014,-7.8142e+05,-1.9769e+06,-8130.9,8130.9
0.24,0.144,-3.2703,41.384,-8.8827e+05,-2.1044e+06,1827.6,1827.6
0.24,0.128,-2.5305,41.253,-8.952e+05,-2.0591e+06,7546,7546
0.24,0.112,-3.5597,42.024,-9.5983e+05,-1.8569e+06,12087,12087
0.24,0.096,-5.1065,42.102,-1.0432e+06,-1.5353e+06,15741,15741
0.24,0.08,-5.6627,42.127,-1.0077e+06,-1.2167e+06,15850,15850
0.24,0.064,-6.1485,39.781,-9.5497e+05,-7.95e+05,12247,12247
0.24,0.048,-5.7067,38.633,-6.0479e+05,-3.8928e+05,5768.4,5768.4
0.24,0.032,-5.082,38.702,-3.1421e+05,-74101,2365,2365
0.24,0.016,-5.5576,35.702,0,0,942.2,942.2
0.256,0.496,0.93017,55.706,0,0,0,0
0.256,0.48,-0.40903,52.194,0,0,0,0
0.256,0.464,-2.7842,51.306,NaN,NaN,0,0
0.256,0.448,-3.0383,51.14,NaN,NaN,NaN,NaN
0.256,0.432,-3.9595,51.525,NaN,NaN,NaN,NaN
0.256,0.416,-5.3841,51.184,NaN,NaN,NaN,NaN
0.256,0.4,-6.1094,50.22,NaN,NaN,NaN,NaN
0.256,0.384,-4.8263,49.54,NaN,NaN,NaN,NaN
0.256,0.368,-3.2731,49.777,NaN,NaN,NaN,NaN
0.256,0.352,-2.0122,49.947,NaN,NaN,NaN,NaN
0.256,0.336,0.79332,49.719,NaN,NaN,NaN,NaN
0.256,0.32,2.0391,49.976,NaN,NaN,-1.1072e+05,1.1072e+05
0.256,0.304,2.9722,49.282,NaN,NaN,-1.1245e+05,1.1245e+05
0.256,0.288,2.3626,48.793,3.2468e+05,-2.2295e+05,-95149,95149
0.256,0.272,1.6846,47.685,5.2247e+05,-6.9373e+05,-82807,82807
0.256,0.256,0.26809,46.6,4.993e+05,-1.1889e+06,-66718,66718
0.256,0.24,-1.5924,45.736,4.5497e+05,-1.5926e+06,-56808,56808
0.256,0.224,-2.2781,44.562,4.2484e+05,-1.748e+06,-50393,50393
0.256,0.208,-1.4582,43.367,4.0789e+05,-1.6953e+06,-43589,43589
0.256,0.192,-0.74466,41.994,2.8106e+05,-1.6316e+06,-34390,34390
0.256,0.176,-1.4507,40.784,-1.5344e+05,-1.7049e+06,-19083,19083
0.256,0.16,-3.5884,40.768,-6.6913e+05,-1.7561e+06,-7290.9,7290.9
0.256,0.144,-3.9446,41.702,-1.0725e+06,-1.643e+06,1250.8,1250.8
0.256,0.128,-4.7937,42.685,-1.3446e+06,-1.2982e+06,6216.4,6216.4
0.256,0.112,-6.7922,45.199,-1.5569e+06,-8.4038e+05,14978,14978
0.256,0.096,-6.1803,47.564,-1.6804e+06,-3.7475e+05,25775,25775
0.256,0.08,-5.8135,48.886,-1.6215e+06,-95971,30210,30210
0.256,0.064,-6.1882,50.735,-1.4481e+06,-24231,26143,26143
0.256,0.048,-5.8589,50.189,-9.019e+05,-18731,15355,15355
0.256,0.032,-6.3141,48.186,-4.1275e+05,-30308,6707.2,6707.2
0.256,0.016,-6.226,46.989,0,0,1708.4,1708.4
0.272,0.496,1.1454,50.39,0,0,0,0
0.272,0.48,0.27473,47.687,0,0,0,0
0.272,0.464,-1.7587,46.034,NaN,NaN,0,0
0.272,0.448,-2.9522,45.804,NaN,NaN,NaN,NaN
0.272,0.432,-4.2273,46.725,NaN,NaN,NaN,NaN
0.272,0.416,-5.8091,46.1,NaN,NaN,NaN,NaN
0.272,0.4,-6.6997,46.288,NaN,NaN,NaN,NaN
0.272,0.384,-6.3026,47.436,NaN,NaN,NaN,NaN
0.272,0.368,-5.0283,48.651,NaN,NaN,-55099,55099
0.272,0.352,-3.5784,49.709,NaN,NaN,-57676,57676
0.272,0.336,-0.86306,49.771,NaN,NaN,-84883,84883
0.272,0.32,1.2798,48.659,NaN,NaN,-83415,83415
0.272,0.304,2.476,47.594,74098,53331,-90350,90350
0.272,0.288,1.7314,46.648,3.7396e+05,-12203,-68344,68344
0.272,0.272,1.1491,44.201,5.537e+05,-4.4223e+05,-70313,70313
0.272,0.256,0.13967,41.151,6.6337e+05,-9.8627e+05,-58119,58119
0.272,0.24,-1.9915,38.623,6.4457e+05,-1.6048e+06,-55075,55075
0.272,0.224,-2.3954,37.955,6.2402e+05,-1.944e+06,-39519,39519
0.272,0.208,-1.1265,39.011,6.0036e+05,-1.9882e+06,-32057,32057
0.272,0.192,-0.21482,39.352,5.2253e+05,-1.8593e+06,-24778,24778
0.272,0.176,-0.1247,38.946,2.3507e+05,-1.7485e+06,-15347,15347
0.272,0.16,-1.0204,37.64,-1.0501e+05,-1.5238e+06,1419.3,1419.3
0.272,0.144,-1.6723,37.441,-4.0315e+05,-1.1638e+06,16452,16452
0.272,0.128,-2.4823,40.184,-6.8757e+05,-7.6167e+05,18517,18517
0.272,0.112,-5.5258,44.153,-9.6273e+05,-3.8243e+05,19276,19276
0.272,0.096,-6.1423,47.243,-1.2151e+06,-44950,26267,26267
0.272,0.08,-5.7813,49.519,-1.4189e+06,3.2445e+05,37892,37892
0.272,0.064,-6.7144,52.67,-1.5419e+06,6.2703e+05,38870,38870
0.272,0.048,-6.5574,52.612,-1.0849e+06,5.388e+05,25449,25449
0.272,0.032,-5.6864,52.797,-5.3322e+05,2.8646e+05,11237,11237
0.272,0.016,-5.185,53.207,0,0,2932.6,2932.6
0.288,0.496,0.89555,45.149,0,0,0,0
0.288,0.48,1.2608,42.043,0,0,0,0
0.288,0.464,0.92106,40.354,NaN,NaN,0,0
0.288,0.448,-1.4272,38.589,NaN,NaN,NaN,NaN
0.288,0.432,-2.9949,38.923,NaN,NaN,NaN,NaN
0.288,0.416,-3.5282,38.434,NaN,NaN,-91555,91555
0.288,0.4,-4.7464,39.977,NaN,NaN,-73849,73849
0.288,0.384,-4.6048,42.614,NaN,NaN,-55926,55926
0.288,0.368,-3.685,43.484,NaN,NaN,-46468,46468
0.288,0.352,-3.346,44.207,-4.3282e+05,-1.8083e+06,-47535,47535
0.288,0.336,-2.4818,44.917,-4.4205e+05,-2.0114e+06,-61583,61583
0.288,0.32,-1.8282,42.465,-2.6527e+05,-1.9845e+06,-59154,59154
0.288,0.304,-1.0024,40.095,2363.7,-1.2901e+06,-59926,59926
0.288,0.288,0.39777,38.042,3.5192e+05,-6.463e+05,-38421,38421
0.288,0.272,0.92856,35.468,5.5281e+05,-5.3675e+05,-27921,27921
0.288,0.256,0.63681,33.741,6.8198e+05,-9.4925e+05,-18527,18527
0.288,0.24,-0.10086,33.552,6.4043e+05,-1.6977e+06,-20809,20809
0.288,0.224,-0.86507,32.423,5.3176e+05,-2.141e+06,-16439,16439
0.288,0.208,-0.95563,33.561,4.1219e+05,-2.2223e+06,-13013,13013
0.288,0.192,-1.7243,34.978,4.11e+05,-1.8202e+06,-11852,11852
0.288,0.176,-0.37059,35.94,3.9931e+05,-1.2818e+06,-5726.1,5726.1
0.288,0.16,1.0092,37.662,3.9185e+05,-5.8352e+05,11992,11992
0.288,0.144,1.5446,39.592,3.0983e+05,-24746,34141,34141
0.288,0.128,1.6703,42.225,1.0131e+05,2.8562e+05,43242,43242
0.288,0.112,0.3246,46.022,-1.3609e+05,5.454e+05,41106,41106
0.288,0.096,-1.4202,48.358,-4.2836e+05,8.0947e+05,37962,37962
0.288,0.08,-3.6684,51.72,-6.9249e+05,1.2163e+06,43656,43656
0.288,0.064,-5.5093,54.139,-8.8505e+05,1.6376e+06,45967,45967
0.288,0.048,-5.2943,56.469,-6.5144e+05,1.2646e+06,33931,33931
0.288,0.032,-2.6701,59.712,-3.2502e+05,7.1312e+05,15276,15276
0.288,0.016,-2.8743,60.755,0,0,3817.2,3817.2
0.304,0.496,-0.30242,40.749,0,0,0,0
0.304,0.48,-0.0024604,38.365,0,0,0,0
0.304,0.464,0.28279,36.174,NaN,NaN,0,0
0.304,0.448,-0.67166,31.811,NaN,NaN,NaN,NaN
0.304,0.432,-1.6393,31.075,NaN,NaN,-90775,90775
0.304,0.416,-1.7503,29.845,NaN,NaN,-1.0934e+05,1.0934e+05
0.304,0.4,-3.5008,29.354,-5.4632e+05,-3.3197e+06,-81645,81645
0.304,0.384,-3.1952,29.576,-3.8692e+05,-2.8742e+06,-50326,50326
0.304,0.368,-2.3992,30.921,-3.2449e+05,-2.7503e+06,-19204,19204
0.304,0.352,-2.2519,32.607,-2.2268e+05,-2.2268e+06,-15471,15471
0.304,0.336,-2.5064,32.443,-2.2297e+05,-2.193e+06,-33367,33367
0.304,0.32,-4.9011,28.731,-1.1893e+05,-2.015e+06,-32966,32966
0.304,0.304,-3.3626,27.32,48086,-1.4122e+06,-29163,29163
0.304,0.288,-1.4944,27.252,2.996e+05,-8.1519e+05,5993.4,5993.4
0.304,0.272,-0.29991,25.997,4.1037e+05,-7.0954e+05,24690,24690
0.304,0.256,0.031816,25.906,4.9718e+05,-1.1172e+06,32882,32882
0.304,0.24,-0.40074,26.3,3.9599e+05,-1.7349e+06,15277,15277
0.304,0.224,-1.8513,24.558,2.5133e+05,-2.0347e+06,4261.2,4261.2
0.304,0.208,-1.7503,22.096,1.0808e+05,-2.051e+06,-4427.8,4427.8
0.304,0.192,-1.352,20.322,1.363e+05,-1.5089e+06,-5633.5,5633.5
0.304,0.176,-0.42238,25.196,3.0779e+05,-6.129e+05,1495.3,1495.3
0.304,0.16,1.1885,33.984,4.8185e+05,4.29e+05,21997,21997
0.304,0.144,1.8453,36.494,5.1786e+05,1.0759e+06,47745,47745
0.304,0.128,0.50407,39.256,3.463e+05,1.2104e+06,59716,59716
0.304,0.112,-0.48766,40.403,1.4298e+05,1.299e+06,57242,57242
0.304,0.096,-0.38558,42.947,-77456,1.4617e+06,54362,54362
0.304,0.08,-1.2523,45.554,-2.2327e+05,1.9924e+06,57947,57947
0.304,0.064,-1.7141,50.319,-3.2586e+05,2.6159e+06,57668,57668
0.304,0.048,-1.3484,55.165,-2.4719e+05,2.0065e+06,41036,41036
0.304,0.032,-0.97351,59.058,-1.231e+05,1.1331e+06,18015,18015
0.304,0.016,-1.367,61.317,0,0,4690,4690
0.32,0.496,0.89133,38.477,0,0,0,0
0.32,0.48,0.060923,37.173,0,0,0,0
0.32,0.464,0.33566,35.063,NaN,NaN,0,0
0.32,0.448,-2.1175,30.032,NaN,NaN,NaN,NaN
0.32,0.432,-2.2284,26.215,NaN,NaN,-1.8017e+05,1.8017e+05
0.32,0.416,-3.7287,23.563,-2.7351e+05,-3.6612e+06,-1.6228e+05,1.6228e+05
0.32,0.4,-3.9447,20.783,-3.7669e+05,-3.5191e+06,-1.2383e+05,1.2383e+05
0.32,0.384,-3.2963,17.802,-3.3576e+05,-3.0756e+06,-66472,66472
0.32,0.368,-2.7349,16.362,-3.4727e+05,-2.7405e+06,-9751.5,9751.5
0.32,0.352,-3.0723,16.165,-2.6115e+05,-2.1685e+06,13193,13193
0.32,0.336,-2.5926,16.533,-2.3406e+05,-1.9899e+06,7457.9,7457.9
0.32,0.32,-2.9616,16.531,-96019,-1.6527e+06,-6260.1,6260.1
0.32,0.304,-2.7339,18.327,78043,-1.1324e+06,-7694.6,7694.6
0.32,0.288,-1.953,19.792,3.1509e+05,-4.838e+05,19714,19714
0.32,0.272,-1.4553,19.592,4.1298e+05,-1.8436e+05,45041,45041
0.32,0.256,-2.6664,19.841,4.0603e+05,-2.9556e+05,51683,51683
0.32,0.24,-3.1854,18.668,2.6508e+05,-7.0182e+05,26063,26063
0.32,0.224,-2.1373,16.704,72200,-1.0284e+06,4710.3,4710.3
0.32,0.208,-2.273,15.565,-74138,-1.316e+06,-8162.5,8162.5
0.32,0.192,-1.3839,14.432,-16545,-1.0813e+06,-9293.8,9293.8
0.32,0.176,0.046164,20.36,1.9578e+05,-4.392e+05,1218.2,1218.2
0.32,0.16,0.67687,25.424,3.5636e+05,4.6434e+05,18488,18488
0.32,0.144,-0.76328,26.62,2.6694e+05,9.3774e+05,38230,38230
0.32,0.128,-1.9835,28.549,-21406,7.917e+05,51707,51707
0.32,0.112,-3.4174,28.778,-2.1676e+05,8.5924e+05,56869,56869
0.32,0.096,-3.1493,31.743,-2.4676e+05,1.1835e+06,61916,61916
0.32,0.08,-2.1385,32.6,-1.0262e+05,2.1066e+06,63845,63845
0.32,0.064,-1.0965,38.332,56515,2.886e+06,58979,58979
0.32,0.048,-1.1565,41.967,88159,2.2291e+06,39871,39871
0.32,0.032,0.31578,49.237,78359,1.2461e+06,17095,17095
0.32,0.016,-0.16109,54.843,0,0,4162.9,4162.9
0.336,0.496,1.0029,34.534,0,0,0,0
0.336,0.48,-1.443,33.043,0,0,0,0
0.336,0.464,-1.1046,33.154,NaN,NaN,0,0
0.336,0.448,-0.57803,30.629,NaN,NaN,NaN,NaN
0.336,0.432,-1.5263,25.157,NaN,NaN,-1.9445e+05,1.9445e+05
0.336,0.416,-1.9181,20.069,-2.2421e+05,-3.4833e+06,-1.9472e+05,1.9472e+05
0.336,0.4,-1.9189,18.673,-2.8462e+05,-3.5372e+06,-1.6289e+05,1.6289e+05
0.336,0.384,-2.5443,17.893,-3.3412e+05,-3.1846e+06,-98413,98413
0.336,0.368,-3.9217,15.854,-3.9949e+05,-2.7988e+06,-14756,14756
0.336,0.352,-5.082,14.531,-3.7694e+05,-2.206e+06,30235,30235
0.336,0.336,-4.0105,14.816,-2.7426e+05,-1.8874e+06,28512,28512
0.336,0.32,-4.0826,17.501,-54775,-1.495e+06,2843.7,2843.7
0.336,0.304,-2.4196,20.847,1.3802e+05,-9.4621e+05,-9187.8,9187.8
0.336,0.288,0.17655,23.504,3.3394e+05,-2.7639e+05,12355,12355
0.336,0.272,1.2959,26.462,3.8976e+05,1.4915e+05,32460,32460
0.336,0.256,0.90322,27.24,3.7255e+05,4.7981e+05,34495,34495
0.336,0.24,-1.3074,25.059,3.0446e+05,6.0221e+05,8524.4,8524.4
0.336,0.224,-1.633,22.264,1.4243e+05,4.7596e+05,-12878,12878
0.336,0.208,-3.0131,19.255,-70340,-3.1134e+05,-25040,25040
0.336,0.192,-2.0746,15.204,-1.1441e+05,-9.7349e+05,-24449,24449
0.336,0.176,-2.1048,13.657,45170,-1.141e+06,-14846,14846
0.336,0.16,-1.7785,15.442,2.0794e+05,-6.0178e+05,1848.1,1848.1
0.336,0.144,-2.1322,16.332,59184,-1.8717e+05,18344,18344
0.336,0.128,-4.5063,14.657,-2.6009e+05,-2.6312e+05,31524,31524
0.336,0.112,-5.7147,12.805,-4.1166e+05,-2.4899e+05,42173,42173
0.336,0.096,-3.964,16.664,-3.297e+05,-34400,52477,52477
0.336,0.08,-2.9183,19.295,-1.1864e+05,8.6058e+05,55642,55642
0.336,0.064,-2.5756,24.087,56417,1.7288e+06,47898,47898
0.336,0.048,-0.83515,30.045,75654,1.5165e+06,30076,30076
0.336,0.032,-1.185,31.918,63338,9.1548e+05,12431,12431
0.336,0.016,0.44648,36.762,0,0,3081.8,3081.8
0.352,0.496,1.3809,30.706,0,0,0,0
0.352,0.48,-2.1809,31.143,0,0,0,0
0.352,0.464,-3.3267,34.258,NaN,NaN,0,0
0.352,0.448,-2.1423,32.148,NaN,NaN,NaN,NaN
0.352,0.432,-2.1767,30.481,NaN,NaN,-2.278e+05,2.278e+05
0.352,0.416,-1.1448,24.607,-3.0048e+05,-3.4188e+06,-2.158e+05,2.158e+05
0.352,0.4,-1.5754,18.239,-3.0903e+05,-3.6169e+06,-1.9358e+05,1.9358e+05
0.352,0.384,-2.3135,14.94,-4.1071e+05,-3.3659e+06,-1.3641e+05,1.3641e+05
0.352,0.368,-4.1467,15.627,-5.1635e+05,-2.9684e+06,-56328,56328
0.352,0.352,-5.4713,17.372,-5.4034e+05,-2.3264e+06,3935,3935
0.352,0.336,-4.0447,19.437,-3.8024e+05,-1.9143e+06,20182,20182
0.352,0.32,-2.0441,24.251,-1.0809e+05,-1.5269e+06,1655.8,1655.8
0.352,0.304,0.4512,26.807,1.4134e+05,-9.0322e+05,-7090.6,7090.6
0.352,0.288,0.15579,29.466,4.321e+05,-3172.9,3303.3,3303.3
0.352,0.272,1.338,33.532,6.2091e+05,9.5889e+05,13053,13053
0.352,0.256,1.1164,35.178,7.1137e+05,1.6577e+06,10127,10127
0.352,0.24,-0.093892,33.084,5.9802e+05,1.6828e+06,-3118.1,3118.1
0.352,0.224,-0.67204,31.524,2.8037e+05,1.0517e+06,-14320,14320
0.352,0.208,-2.1962,25.654,-1.3498e+05,-3.4509e+05,-25625,25625
0.352,0.192,-2.9844,17.729,-2.7613e+05,-1.4165e+06,-28863,28863
0.352,0.176,-1.5271,13.768,-77877,-1.8707e+06,-24496,24496
0.352,0.16,-0.38391,10.724,2.1855e+05,-1.3829e+06,-10108,10108
0.352,0.144,-0.413,7.4875,1.2072e+05,-8.8069e+05,2943.7,2943.7
0.352,0.128,-1.8973,7.0394,-1.3961e+05,-8.2093e+05,13368,13368
0.352,0.112,-2.8003,6.4996,-2.755e+05,-7.3676e+05,22261,22261
0.352,0.096,-2.5548,5.7877,-1.7722e+05,-5.4431e+05,33719,33719
0.352,0.08,-3.5991,6.6346,-50879,1.1302e+05,37952,37952
0.352,0.064,-3.1498,11.229,45511,6.9337e+05,32289,32289
0.352,0.048,-1.4392,15.462,53410,6.8732e+05,17684,17684
0.352,0.032,0.8136,18.95,51614,4.4824e+05,6483.2,6483.2
0.352,0.016,1.6283,20.602,0,0,1297.2,1297.2
0.368,0.496,-0.86732,27.329,0,0,215.84,215.84
0.368,0.48,-3.3662,31.872,0,0,323.76,323.76
0.368,0.464,-3.4431,35.554,NaN,NaN,647.52,647.52
0.368,0.448,-2.4391,35.944,NaN,NaN,-1.6726e+05,1.6726e+05
0.368,0.432,-0.87,33.354,NaN,NaN,-1.9006e+05,1.9006e+05
0.368,0.416,-1.4104,27.309,-1.96e+05,-3.8712e+06,-1.8529e+05,1.8529e+05
0.368,0.4,-3.4588,17.652,-3.0156e+05,-4.0174e+06,-1.7748e+05,1.7748e+05
0.368,0.384,-3.844,11.775,-4.5776e+05,-3.6876e+06,-1.4633e+05,1.4633e+05
0.368,0.368,-4.9661,14.029,-5.9189e+05,-3.0645e+06,-93010,93010
0.368,0.352,-4.735,15.688,-5.3729e+05,-2.1686e+06,-33473,33473
0.368,0.336,-3.407,18.645,-2.3271e+05,-1.55e+06,-2753.6,2753.6
0.368,0.32,-1.6487,23.874,1.1813e+05,-1.0724e+06,-1582.9,1582.9
0.368,0.304,-0.37628,26.329,4.0713e+05,-4.4571e+05,-5267.3,5267.3
0.368,0.288,0.10082,26.16,6.5648e+05,3.5222e+05,2911.6,2911.6
0.368,0.272,2.4819,27.261,7.1015e+05,1.0163e+06,6723,6723
0.368,0.256,2.1359,27.589,6.1399e+05,1.282e+06,1205.3,1205.3
0.368,0.24,1.147,22.234,3.8932e+05,1.0995e+06,-5793.1,5793.1
0.368,0.224,0.44183,21.543,81517,4.8574e+05,-10514,10514
0.368,0.208,-2.6357,21.9,-2.6356e+05,-6.2524e+05,-22825,22825
0.368,0.192,-2.5176,17.439,-3.906e+05,-1.3968e+06,-28964,28964
0.368,0.176,-0.85297,14.264,-1.7831e+05,-1.6241e+06,-27903,27903
0.368,0.16,1.0601,11.525,1.62e+05,-1.1834e+06,-14235,14235
0.368,0.144,1.7973,6.8382,2.0999e+05,-8.7802e+05,-4553.1,4553.1
0.368,0.128,-0.14583,4.7331,1.205e+05,-7.6812e+05,4637.1,4637.1
0.368,0.112,-0.76269,1.8437,17779,-5.987e+05,11370,11370
0.368,0.096,-1.18,3.3782,41345,-4.2518e+05,19706,19706
0.368,0.08,-1.5974,5.5605,21682,-1.3546e+05,20769,20769
0.368,0.064,-1.4494,6.0058,7334.5,1.415e+05,16417,16417
0.368,0.048,-1.686,6.9968,-9722.6,2.0943e+05,8113.6,8113.6
0.368,0.032,-0.012705,8.8046,-10100,1.7648e+05,2858.5,2858.5
0.368,0.016,0.24264,11.025,0,0,731.43,731.43
0.384,0.496,-1.0082,17.864,0,0,399.42,399.42
0.384,0.48,-2.5477,23.408,0,0,1953.5,1953.5
0.384,0.464,-4.9294,29.373,NaN,NaN,5302.8,5302.8
0.384,0.448,-2.7185,32.232,NaN,NaN,-45935,45935
0.384,0.432,-0.96384,29.175,3.8204e+05,-1.4031e+06,-1.0332e+05,1.0332e+05
0.384,0.416,-2.4794,19.842,-23724,-3.496e+06,-1.2468e+05,1.2468e+05
0.384,0.4,-2.8054,13.189,-2.0089e+05,-3.661e+06,-1.234e+05,1.234e+05
0.384,0.384,-3.6673,9.1937,-3.8168e+05,-3.5211e+06,-1.0507e+05,1.0507e+05
0.384,0.368,-5.4786,9.2692,-4.3817e+05,-2.6631e+06,-75494,75494
0.384,0.352,-4.9754,9.4296,-2.5632e+05,-1.7657e+06,-35060,35060
0.384,0.336,-2.3346,9.6093,53944,-1.1524e+06,-6740.2,6740.2
0.384,0.32,-0.97844,11.31,3.4506e+05,-5.7946e+05,3687.9,3687.9
0.384,0.304,0.73093,15.252,5.8425e+05,1.1171e+05,8169.5,8169.5
0.384,0.288,2.7215,16.865,7.3099e+05,7.7506e+05,24649,24649
0.384,0.272,3.1742,14.847,6.1882e+05,1.047e+06,30399,30399
0.384,0.256,1.4932,12.363,2.9e+05,6.8083e+05,22133,22133
0.384,0.24,1.1623,9.4607,-1.5389e+05,-2.7955e+05,5574.6,5574.6
0.384,0.224,0.80743,9.2761,-3.6222e+05,-8.864e+05,-738.71,738.71
0.384,0.208,-0.89879,11.459,-3.7395e+05,-1.2731e+06,-6889.2,6889.2
0.384,0.192,-1.4317,10.596,-2.2748e+05,-8.9652e+05,-6704.5,6704.5
0.384,0.176,-0.23883,11.563,-55791,-5.6232e+05,-4607.7,4607.7
0.384,0.16,0.31655,12.282,64137,-1.9071e+05,3850.1,3850.1
0.384,0.144,-0.026667,9.3953,99174,-2.0676e+05,4482.1,4482.1
0.384,0.128,0.84725,7.8894,1.0276e+05,-4.4157e+05,7228.3,7228.3
0.384,0.112,1.4227,4.384,18656,-3.7838e+05,8577.6,8577.6
0.384,0.096,-0.42376,4.9372,-16124,-1.6455e+05,14811,14811
0.384,0.08,-1.1941,4.5653,-91969,73756,14201,14201
0.384,0.064,-2.025,4.6687,-79455,97144,12959,12959
0.384,0.048,-2.1137,6.121,-56311,36031,9117.3,9117.3
0.384,0.032,-1.062,5.7713,-16859,98.736,5960.4,5960.4
0.384,0.016,-2.0791,3.7727,0,0,2439.3,2439.3
0.4,0.496,-0.10913,8.1472,0,0,603.52,603.52
0.4,0.48,-3.0166,7.8492,703.86,-1.2141e+05,2820,2820
0.4,0.464,-5.0084,11.38,1.1219e+05,-5.5105e+05,6352.2,6352.2
0.4,0.448,-4.5336,14.596,1.6911e+05,-1.8711e+05,-25611,25611
0.4,0.432,-4.0505,14.775,3.0965e+05,-6.2587e+05,-56822,56822
0.4,0.416,-1.847,12.522,1.2683e+05,-2.2546e+06,-77156,77156
0.4,0.4,-2.4283,9.3139,-63384,-2.8823e+06,-71311,71311
0.4,0.384,-3.2134,7.2192,-2.0764e+05,-2.8221e+06,-56204,56204
0.4,0.368,-3.7903,6.0737,-1.8253e+05,-1.8122e+06,-39638,39638
0.4,0.352,-3.6278,5.6263,20655,-9.9366e+05,-20957,20957
0.4,0.336,-1.6655,3.9308,1.5415e+05,-5.4438e+05,-8896.3,8896.3
0.4,0.32,-0.30334,5.5054,3.2233e+05,-640.17,3208.7,3208.7
0.4,0.304,0.7093,7.285,4.1445e+05,4.7222e+05,15879,15879
0.4,0.288,1.492,7.7177,4.3916e+05,7.3719e+05,45649,45649
0.4,0.272,1.0491,7.9548,1.0408e+05,4.4558e+05,62923,62923
0.4,0.256,-1.4943,8.0358,-3.9984e+05,-1.7483e+05,54596,54596
0.4,0.24,-2.9799,6.7181,-7.2652e+05,-9.2191e+05,24031,24031
0.4,0.224,-7.2657,4.742,-5.8786e+05,-1.0401e+06,5685.6,5685.6
0.4,0.208,-2.0409,5.9952,-2.206e+05,-7.3617e+05,2910.5,2910.5
0.4,0.192,-0.45109,7.3394,52647,95980,13567,13567
0.4,0.176,-1.1809,11.09,1.0392e+05,6.3224e+05,18340,18340
0.4,0.16,-2.1246,14.134,70508,9.0301e+05,22273,22273
0.4,0.144,-2.2003,13.386,52711,6.6298e+05,14495,14495
0.4,0.128,-1.1725,11.113,68477,67409,8620.5,8620.5
0.4,0.112,-1.169,8.9127,30175,-3.1424e+05,5193,5193
0.4,0.096,-0.92715,7.7113,18.05,-3.9438e+05,8694.8,8694.8
0.4,0.08,-0.97361,5.717,-1.0704e+05,-2.1561e+05,11716,11716
0.4,0.064,-1.9803,3.9268,-1.8397e+05,-90683,17027,17027
0.4,0.048,-1.4066,3.2899,-1.7105e+05,-40042,17664,17664
0.4,0.032,0.037148,4.0035,-99467,-9956.2,12360,12360
0.4,0.016,-0.62418,3.9189,0,0,4705.3,4705.3
0.416,0.496,0.75523,7.9027,0,0,580.94,580.94
0.416,0.48,-1.3184,4.4698,3293.5,-1.0256e+05,2660.3,2660.3
0.416,0.464,-2.12,4.2707,59317,-3.5391e+05,5767.6,5767.6
0.416,0.448,-2.6938,5.0328,86024,-1.1015e+05,699.58,699.58
0.416,0.432,-1.6342,9.1778,1.5942e+05,-3.9429e+05,-10651,10651
0.416,0.416,-3.2193,9.4045,76521,-1.1812e+06,-22903,22903
0.416,0.4,-3.6747,6.2646,21651,-1.6823e+06,-23173,23173
0.416,0.384,-3.437,5.049,28917,-1.5707e+06,-11682,11682
0.416,0.368,-2.2986,4.6347,1.1796e+05,-8.3759e+05,2865.3,2865.3
0.416,0.352,-1.528,4.8833,1.972e+05,-4.5901e+05,7949.2,7949.2
0.416,0.336,-2.6857,2.8302,1.2492e+05,-4.0228e+05,2995.1,2995.1
0.416,0.32,-4.281,1.7392,1.2509e+05,-1.1405e+05,1407.2,1407.2
0.416,0.304,-2.3978,5.3337,98690,58019,16298,16298
0.416,0.288,-2.4979,4.4407,15614,72111,53486,53486
0.416,0.272,-2.1735,3.2065,-5.234e+05,-3.9738e+05,86365,86365
0.416,0.256,-3.0107,6.2903,-2.0213e+06,-1.6793e+06,87206,87206
0.416,0.24,-5.9416,5.7828,-2.2192e+06,-2.0599e+06,52988,52988
0.416,0.224,-3.7657,2.6351,-1.2159e+06,-1.7628e+06,27147,27147
0.416,0.208,0.43573,4.0677,3.8753e+05,-3.3599e+05,18852,18852
0.416,0.192,-0.30415,7.3168,7.3422e+05,4.6602e+05,31159,31159
0.416,0.176,-0.54011,10.162,2.0052e+05,9.2067e+05,33141,33141
0.416,0.16,-1.6809,12.882,-5566.8,1.235e+06,34204,34204
0.416,0.144,-2.3723,14.725,-1.3773e+05,1.2116e+06,22731,22731
0.416,0.128,-1.8194,13.775,-1.4286e+05,6.5939e+05,8016,8016
0.416,0.112,-1.8373,11.125,-1.0782e+05,-83320,-3672.9,3672.9
0.416,0.096,-1.3427,8.6107,-77126,-5.4714e+05,-1511.9,1511.9
0.416,0.08,-1.1253,6.2964,-3.609e+05,-7.3711e+05,9903.7,9903.7
0.416,0.064,-2.5931,5.3442,-6.9348e+05,-7.0414e+05,24691,24691
0.416,0.048,-5.5223,4.9198,-6.612e+05,-5.305e+05,27842,27842
0.416,0.032,-4.4966,5.3685,-3.6066e+05,-2.4827e+05,18266,18266
0.416,0.016,0.19543,4.9606,0,0,6420.2,6420.2
0.432,0.496,2.6743,4.1826,-55053,-22509,448.99,448.99
0.432,0.48,2.0512,3.2838,-1.4123e+05,-1.1151e+05,1404.2,1404.2
0.432,0.464,1.1185,3.3098,-1.7629e+05,-2.6205e+05,3203.7,3203.7
0.432,0.448,-0.6362,2.5088,-1.0009e+05,-95930,3608.5,3608.5
0.432,0.432,-1.3819,4.8734,-20829,-1.9235e+05,709.54,709.54
0.432,0.416,-3.0043,5.7721,7829.3,-4.8662e+05,-3763.8,3763.8
0.432,0.4,-3.071,4.2836,-17490,-8.7255e+05,-4524.8,4524.8
0.432,0.384,-2.0942,2.2093,95709,-7.0123e+05,2362.3,2362.3
0.432,0.368,-0.098929,4.6846,2.4348e+05,-3.0852e+05,10997,10997
0.432,0.352,-0.88091,4.5782,2.848e+05,-1.2215e+05,13005,13005
0.432,0.336,-1.0879,2.4574,1.0692e+05,-2.4272e+05,3340.2,3340.2
0.432,0.32,-0.46474,1.9279,-55579,-1.0832e+05,-3629.9,3629.9
0.432,0.304,-3.0588,6.4966,-1.945e+05,-1.3852e+05,5201.2,5201.2
0.432,0.288,-2.9624,3.1023,-5.4305e+05,-3.8596e+05,35349,35349
0.432,0.272,-3.676,1.4822,-1.742e+06,-1.4111e+06,77250,77250
0.432,0.256,-9.8403,7.4489,-3.5341e+06,-2.897e+06,94676,94676
0.432,0.24,-56.012,1.9479,-3.3946e+06,-2.4746e+06,79458,79458
0.432,0.224,-6.2481,6.2026,-9.8885e+05,-1.1622e+06,57376,57376
0.432,0.208,0.14676,5.5471,1.2604e+06,8.2436e+05,36969,36969
0.432,0.192,-0.013828,6.2041,1.5919e+06,9.7211e+05,36656,36656
0.432,0.176,0.61894,8.018,3.647e+05,9.5509e+05,31170,31170
0.432,0.16,-0.61422,10.183,-36023,1.0534e+06,30360,30360
0.432,0.144,-1.5256,12.437,-2.0261e+05,1.2216e+06,18679,18679
0.432,0.128,-2.0464,13.645,-1.9672e+05,8.0121e+05,346.81,346.81
0.432,0.112,-2.0139,11.517,-1.4008e+05,15149,-13536,13536
0.432,0.096,-2.9684,7.2894,-69368,-6.1163e+05,-11611,11611
0.432,0.08,-2.8617,4.2253,-5.7073e+05,-1.0577e+06,2250.7,2250.7
0.432,0.064,-11.634,-3.1487,-1.2565e+06,-9.7499e+05,21086,21086
0.432,0.048,-12.798,-0.43803,-1.2306e+06,-7.2424e+05,26603,26603
0.432,0.032,-15.575,3.9761,-7.014e+05,-2.4376e+05,17671,17671
0.432,0.016,-8.0572,11.733,0,0,5734.1,5734.1
0.448,0.496,-1.3698,2.8506,-38089,-52410,204.58,204.58
0.448,0.48,-1.5214,2.7566,-1.1043e+05,-98196,392.34,392.34
0.448,0.464,-2.2054,2.832,-1.4795e+05,-1.6059e+05,848.87,848.87
0.448,0.448,-2.5326,2.9686,-1.2536e+05,-76741,2948.1,2948.1
0.448,0.432,-2.8195,3.3314,-86247,-1.3212e+05,4409.2,4409.2
0.448,0.416,-2.3412,3.2481,-21332,-2.6096e+05,5233.5,5233.5
0.448,0.4,-1.5752,2.2842,5866,-4.2685e+05,7192.1,7192.1
0.448,0.384,-4.3647,-0.2391,-89584,-3.4654e+05,12745,12745
0.448,0.368,-0.78904,2.4643,-1.6461e+05,-2.9409e+05,19620,19620
0.448,0.352,1.2988,3.7812,-76484,-1.9364e+05,21225,21225
0.448,0.336,0.2053,1.4461,2.4459e+05,-5.5936e+05,13318,13318
0.448,0.32,0.64602,1.1737,3.1468e+05,-3.8854e+05,1841.7,1841.7
0.448,0.304,-0.51592,1.5983,1.4985e+05,-5.0884e+05,581.1,581.1
0.448,0.288,-5.3673,3.6383,-6.2573e+05,-4.542e+05,9624.4,9624.4
0.448,0.272,-10.034,3.0092,-3.6151e+06,-2.4457e+06,38959,38959
0.448,0.256,-35.891,6.9917,-6.3874e+06,-5.0476e+06,64275,64275
0.448,0.24,-26.784,3.6564,-6.1227e+06,-4.5648e+06,73698,73698
0.448,0.224,-10.327,9.4162,-2.6275e+06,-2.3e+06,73427,73427
0.448,0.208,1.6942,5.7543,6.0669e+05,5.7753e+05,53090,53090
0.448,0.192,1.6263,7.3423,1.6122e+06,9.7452e+05,41325,41325
0.448,0.176,0.8337,7.8753,6.4982e+05,4.9662e+05,25671,25671
0.448,0.16,0.54439,8.3906,3.3808e+05,5.9869e+05,19469,19469
0.448,0.144,0.56095,10.024,5085.7,7.9278e+05,8798.3,8798.3
0.448,0.128,-0.46501,10.607,-1.6687e+05,5.0663e+05,-6864.5,6864.5
0.448,0.112,-0.48153,8.5354,-1.8697e+05,-7935.4,-17783,17783
0.448,0.096,-0.95572,7.2666,-1.1049e+05,-4.556e+05,-16641,16641
0.448,0.08,-1.9257,4.4245,-6.8867e+05,-1.0061e+06,-6954.2,6954.2
0.448,0.064,-12.563,-2.9562,-1.4205e+06,-1.1724e+06,7770.9,7770.9
0.448,0.048,-16.007,5.651,-1.3876e+06,-9.2133e+05,15218,15218
0.448,0.032,-131.91,-65.997,-6.8975e+05,-2.8332e+05,11032,11032
0.448,0.016,-51.484,23.829,0,0,3986.3,3986.3
0.464,0.496,-0.80286,0.26825,-13737,-59673,-57.687,57.687
0.464,0.48,-1.3277,0.18946,-3.3023e+05,-1.2021e+05,-23.469,23.469
0.464,0.464,-2.1527,1.3002,-3.6681e+05,-1.6612e+05,-541.34,541.34
0.464,0.448,-1.3855,1.9888,-3.7198e+05,-1.1465e+05,159.6,159.6
0.464,0.432,-1.6979,2.1235,-2.374e+05,-2.8157e+05,2494.7,2494.7
0.464,0.416,-2.3652,0.77511,-2.0833e+05,-3.7854e+05,5477.1,5477.1
0.464,0.4,-1.8883,0.21939,-2.247e+05,-4.6437e+05,10114,10114
0.464,0.384,-3.3989,-0.03134,-4.9358e+05,-3.355e+05,15608,15608
0.464,0.368,-13.659,3.0116,-9.9986e+05,-4.7457e+05,21043,21043
0.464,0.352,-7.6039,-3.2841,-1.1474e+06,-5.2686e+05,21718,21718
0.464,0.336,2.1725,0.028091,-5.7666e+05,-9.0084e+05,16120,16120
0.464,0.32,0.93744,0.37673,967.71,-7.6987e+05,8194.6,8194.6
0.464,0.304,-47.45,88.203,-1.3567e+05,85530,2394.7,2394.7
0.464,0.288,-66.882,72.518,-1.2338e+06,4.5884e+05,-7117.7,7117.7
0.464,0.272,-73.24,70.011,-4.7954e+06,-2.0156e+06,-5205.1,5205.1
0.464,0.256,-58.415,-11.704,-7.4939e+06,-5.7407e+06,8519.6,8519.6
0.464,0.24,-54.455,-15.016,-6.7547e+06,-5.0678e+06,33704,33704
0.464,0.224,-25.469,-7.9486,-3.6686e+06,-2.6293e+06,55209,55209
0.464,0.208,-6.1381,19.11,-1.5889e+06,-6.2433e+05,51309,51309
0.464,0.192,-2.4879,5.4324,-1.8396e+05,2.4498e+05,38244,38244
0.464,0.176,1.2892,5.309,2.5194e+05,1.1199e+05,19199,19199
0.464,0.16,2.3127,6.0402,4.6053e+05,1.9593e+05,7840.7,7840.7
0.464,0.144,2.5733,5.4591,3.8168e+05,3.3644e+05,-2585.4,2585.4
0.464,0.128,0.80019,4.5613,12695,1.1373e+05,-9915.3,9915.3
0.464,0.112,0.32297,3.8734,-1.1652e+05,-1.4675e+05,-14451,14451
0.464,0.096,-0.31868,4.8619,-55184,-3.1164e+05,-13817,13817
0.464,0.08,0.32426,2.4935,-3.7222e+05,-5.8274e+05,-11772,11772
0.464,0.064,-8.9946,-0.52936,-8.9681e+05,-6.2628e+05,-3333.3,3333.3
0.464,0.048,-29.686,-37.593,-9.0721e+05,-4.6754e+05,3481.5,3481.5
0.464,0.032,-25.22,42.654,-4.267e+05,-29820,4438.4,4438.4
0.464,0.016,13.212,-15.031,0,0,1877.8,1877.8
0.48,0.496,-1.0046,-0.047283,29082,-42166,-257.81,257.81
0.48,0.48,-1.0741,-0.27579,-2.1856e+05,-90455,-28.754,28.754
0.48,0.464,-12.885,4.6192,-2.0333e+05,-1.196e+05,-330.97,330.97
0.48,0.448,-1.4823,-0.26961,-2.1454e+05,-92157,-156.58,156.58
0.48,0.432,-0.81712,1.0886,-1.3503e+05,-2.3999e+05,1249.1,1249.1
0.48,0.416,-10.409,1.0118,-1.835e+05,-3.1122e+05,3900,3900
0.48,0.4,-4.2713,-2.093,-1.9779e+05,-3.1284e+05,7102.1,7102.1
0.48,0.384,-1.5938,-0.028786,-5.26e+05,-2.4929e+05,10934,10934
0.48,0.368,-16.16,4.2168,-1.1111e+06,-4.3329e+05,15601,15601
0.48,0.352,-23.643,9.5767,-1.2941e+06,-5.4628e+05,16229,16229
0.48,0.336,-11.807,-4.8737,-6.9391e+05,-8.9153e+05,13421,13421
0.48,0.32,-32.862,60.122,2331.1,-7.6216e+05,9215.6,9215.6
0.48,0.304,-66.542,100.3,-21775,1.4363e+05,4648.3,4648.3
0.48,0.288,-11.847,24.803,-4.3429e+05,1.0318e+06,-9156.4,9156.4
0.48,0.272,-206.21,-21.203,-2.6875e+06,-2.9886e+05,-28391,28391
0.48,0.256,-36.724,-42.538,-4.4447e+06,-3.2076e+06,-34066,34066
0.48,0.24,-109.45,14.247,-4.7332e+06,-3.6771e+06,-17965,17965
0.48,0.224,-30.834,4.5905,-3.5483e+06,-2.5997e+06,12555,12555
0.48,0.208,-35.329,-5.1746,-2.3293e+06,-1.3437e+06,27760,27760
0.48,0.192,-15.628,1.1382,-1.1189e+06,-3.5343e+05,26972,26972
0.48,0.176,-6.9646,2.9307,13349,-1.8502e+05,14096,14096
0.48,0.16,2.0678,2.5209,5.1649e+05,66502,2424.6,2424.6
0.48,0.144,3.0034,1.7168,4.9171e+05,1.2313e+05,-5225.7,5225.7
0.48,0.128,1.3507,0.9552,83338,-13662,-7626,7626
0.48,0.112,-1.5936,1.981,-86404,-1.075e+05,-7749.4,7749.4
0.48,0.096,-0.56333,-0.35227,-48953,-1.096e+05,-7608.2,7608.2
0.48,0.08,-0.2849,1.6621,-1.2477e+05,-1.8793e+05,-8020.7,8020.7
0.48,0.064,-0.54152,0.56431,-1.4602e+05,-1.9977e+05,-5423.1,5423.1
0.48,0.048,-28.019,-15.508,-1.602e+05,-1.5708e+05,-1573.2,1573.2
0.48,0.032,-14.488,-5.0726,0,0,132.48,132.48
0.48,0.016,7.9416,-17.063,0,0,393.94,393.94
0.496,0.496,-1.2594,-0.35674,20120,-13086,-176.86,176.86
0.496,0.48,-1.3063,-0.85316,-2.3056e+05,-35942,60.824,60.824
0.496,0.464,-14.878,6.691,-2.3387e+05,-58217,81.832,81.832
0.496,0.448,-170.22,8.3078,-2.4564e+05,-48974,75.835,75.835
0.496,0.432,-1.23,0.22303,-1.6478e+05,-1.7796e+05,457.26,457.26
0.496,0.416,-0.63303,1.0535,-1.991e+05,-2.2205e+05,1794.9,1794.9
0.496,0.4,-2.8097,11.279,-2.1245e+05,-2.2888e+05,3214.5,3214.5
0.496,0.384,-3.5927,-1.7569,-3.1505e+05,-1.2916e+05,4861.8,4861.8
0.496,0.368,-0.29799,0.967,-7.3365e+05,-2.1216e+05,7022.2,7022.2
0.496,0.352,-13.979,18.006,-9.9547e+05,-3.3764e+05,7439.4,7439.4
0.496,0.336,-208.85,32.814,-8.1344e+05,-3.2122e+05,6098.1,6098.1
0.496,0.32,-125.21,52.534,-3.4308e+05,-1.7506e+05,4570.6,4570.6
0.496,0.304,-401.23,1791.8,-2.4817e+05,5.8958e+05,2631.7,2631.7
0.496,0.288,-6.4115,-4.2385,-2.4817e+05,5.8958e+05,-4293.9,4293.9
0.496,0.272,-234.64,-199.72,-2.4817e+05,5.8958e+05,-22598,22598
0.496,0.256,-208.75,-104.08,0,0,-33951,33951
0.496,0.24,-75.754,-36.091,-8.6845e+05,-7.6907e+05,-29766,29766
0.496,0.224,-107,-56.299,-1.5785e+06,-1.1592e+06,-9466.7,9466.7
0.496,0.208,-79.184,-16.005,-1.7469e+06,-1.1519e+06,6344.8,6344.8
0.496,0.192,-22.641,-2.3686,-1.2616e+06,-6.2659e+05,10506,10506
0.496,0.176,-10.933,2.7627,-3.8e+05,-1.8933e+05,5756.9,5756.9
0.496,0.16,-3.4343,2.7522,55197,-60558,-116.35,116.35
0.496,0.144,-1.8768,-0.0017768,2.5458e+05,-7242.6,-3641.1,3641.1
0.496,0.128,-0.87573,2.2628,65852,-39362,-3358.3,3358.3
0.496,0.112,-1.8496,1.5524,-22399,-86307,-2816,2816
0.496,0.096,-0.44882,-0.53617,-24529,-61440,-2740,2740
0.496,0.08,-0.64482,1.0884,9389.5,-45738,-2801.7,2801.7
0.496,0.064,-0.63704,0.1899,6975.1,-6867.6,-2026.8,2026.8
0.496,0.048,-23.201,-11.71,-957.71,-12805,-910.85,910.85
0.496,0.032,-288.97,-113.78,0,0,-273.78,273.78
0.496,0.016,-23.265,22.079,0,0,-81.522,81.522
