0.016,0.496,0.331,2.1539,14695,-16530,-8731.7,8731.7
0.016,0.48,-1.2551,2.0298,15353,-16977,-10567,10567
0.016,0.464,0.17562,1.4237,9532.6,-4394.3,-11903,11903
0.016,0.448,0.13139,1.7965,-5831.9,10459,-7378.3,7378.3
0.016,0.432,1.6744,0.75153,-17425,8098.3,-4616.6,4616.6
0.016,0.416,4.989,0.10297,-18234,-3664.1,-1701.9,1701.9
0.016,0.4,2.8473,-1.0927,-18416,-999.95,1339.8,1339.8
0.016,0.384,3.8341,-0.93695,-11080,4305.5,3006.5,3006.5
0.016,0.368,5.4271,-1.5929,-10414,4348.5,4891.4,4891.4
0.016,0.352,3.838,0.095948,-16150,4589.5,4388.3,4388.3
0.016,0.336,5.4259,0.86688,-14565,1464.8,1688.3,1688.3
0.016,0.32,3.6023,0.60873,-8389.1,713.07,333.49,333.49
0.016,0.304,0.40103,0.70401,-4175.1,1312.3,-92.548,92.548
0.016,0.288,0.54295,-0.40397,-4872.7,3487.2,63.116,63.116
0.016,0.272,0.90104,-1.9021,-5118.8,2763.1,386.74,386.74
0.016,0.256,0.056815,1.0379,-4460.1,1334.1,944.18,944.18
0.016,0.24,2.7949,1.3478,-19316,-1581.8,1233.4,1233.4
0.016,0.224,7.6406,0.9019,-19747,-1273.9,1201.3,1201.3
0.016,0.208,6.6586,0.50628,-12891,-2833,836.75,836.75
0.016,0.192,0.97375,-0.10509,8324.2,-3960.4,467.26,467.26
0.016,0.176,-0.76095,-0.7968,9898.9,-1911.3,203.03,203.03
0.016,0.16,-0.86639,-0.88021,5469.2,1782,158.28,158.28
0.016,0.144,-1.0094,0.6102,4693.8,2661.6,401.16,401.16
0.016,0.128,2.5624,-2.1004,4833.6,1138.8,576.44,576.44
0.016,0.112,6.3484,0.026587,-8351,-12290,-130.74,130.74
0.016,0.096,1.5994,2.7537,-15687,-10858,-640.88,640.88
0.016,0.08,5.0771,-1.1526,94.089,-52500,-833.63,833.63
0.016,0.064,1.4924,-1.4624,-52318,67750,400.31,400.31
0.016,0.048,-0.12063,0.59692,-47854,67934,1042.4,1042.4
0.016,0.032,-0.7961,0.76689,-64886,1.0935e+05,1010.1,1010.1
0.016,0.016,-1.2848,1.162,0,0,-1742.7,1742.7
0.032,0.496,0.97996,3.3837,12226,-28290,453.62,453.62
0.032,0.48,1.2566,1.8702,15363,-25249,709.4,709.4
0.032,0.464,0.8067,1.5442,30210,2449.9,575.28,575.28
0.032,0.448,0.27327,2.0444,14555,25276,281.69,281.69
0.032,0.432,-0.043918,0.22996,7892.5,19584,-67.096,67.096
0.032,0.416,-0.30343,-0.58336,-19733,-8186,-148.52,148.52
0.032,0.4,-0.29287,-0.21678,-34493,-8763.4,-196.11,196.11
0.032,0.384,-0.069673,0.1523,-24540,3750.3,-214.2,214.2
0.032,0.368,-0.093375,0.0049305,-20671,4817.8,-321.24,321.24
0.032,0.352,-0.2195,-0.099616,-17525,14020,-457.13,457.13
0.032,0.336,-0.24639,0.34974,-28141,1261.9,-496.44,496.44
0.032,0.32,-0.054798,0.077841,-20867,1376.8,-441.19,441.19
0.032,0.304,-0.059344,-0.16612,-8070,611.02,-290.77,290.77
0.032,0.288,-0.37548,-0.08613,-3120.3,-2057.8,86.934,86.934
0.032,0.272,-0.30245,-0.42623,-11567,-10081,467.8,467.8
0.032,0.256,-0.19714,0.016389,-17965,-15026,683.58,683.58
0.032,0.24,-0.47173,0.55539,-40152,-8857.8,352.93,352.93
0.032,0.224,-0.31251,-0.10895,-35126,-12418,29.968,29.968
0.032,0.208,0.14193,-0.41411,-22610,-28761,-34.175,34.175
0.032,0.192,0.57772,-0.19712,-3659.5,-6010,227.03,227.03
0.032,0.176,0.31873,-0.34358,-2837.5,11533,300.63,300.63
0.032,0.16,-0.13044,0.020034,-7111.1,22268,148.96,148.96
0.032,0.144,-0.34762,0.33164,-15920,-772.54,-123.82,123.82
0.032,0.128,0.22508,-0.22145,-33758,-3854.3,-274.25,274.25
0.032,0.112,0.091765,0.03728,-42605,-18624,201.31,201.31
0.032,0.096,-0.66043,0.059363,-35254,-11867,1413.5,1413.5
0.032,0.08,-0.15343,0.025688,582.18,-46815,2805.8,2805.8
0.032,0.064,0.8309,-1.1344,-80450,1.6799e+05,3117,3117
0.032,0.048,-1.1023,4.1033,-76516,1.6092e+05,2435,2435
0.032,0.032,-2.0208,3.3105,-90281,1.9188e+05,1148,1148
0.032,0.016,-1.3791,-2.7918,0,0,596.27,596.27
0.048,0.496,0.39339,3.6116,10539,-27322,440.38,440.38
0.048,0.48,0.18122,2.5915,13017,-24267,686.29,686.29
0.048,0.464,0.16907,2.1793,24291,5256.7,511.72,511.72
0.048,0.448,0.94346,2.3156,7924.2,26382,65.39,65.39
0.048,0.432,-0.10562,0.3992,46.451,20687,-424.38,424.38
0.048,0.416,0.68969,0.22663,-23866,-4529.7,-548.96,548.96
0.048,0.4,-1.1561,-0.43238,-31102,-17692,-491.56,491.56
0.048,0.384,-1.2316,-0.43861,-23052,17157,-507.28,507.28
0.048,0.368,0.69748,0.74578,-32134,23597,-737.49,737.49
0.048,0.352,0.3373,0.78515,-39802,43589,-1084.4,1084.4
0.048,0.336,-1.1546,0.59201,-44555,6702.1,-1112.1,1112.1
0.048,0.32,-0.64879,0.37772,-23089,-3572,-941.61,941.61
0.048,0.304,-0.55845,-0.058829,-4419.1,-2312.6,-755.64,755.64
0.048,0.288,-0.35706,0.17542,-33128,-26414,834.87,834.87
0.048,0.272,-0.32749,-0.80667,-42034,-32402,2573,2573
0.048,0.256,-1.289,-0.52461,-47602,-35731,4485,4485
0.048,0.24,-1.2461,-0.044838,-37231,-5731.8,3671.9,3671.9
0.048,0.224,-0.95788,-0.23103,-33806,-9422.2,1953.4,1953.4
0.048,0.208,-0.60549,-1.385,-22783,-27907,399.92,399.92
0.048,0.192,-0.43523,-0.85083,-3202,-2053.9,100.94,100.94
0.048,0.176,-0.63976,1.6861,265.65,11696,269.47,269.47
0.048,0.16,-0.75817,0.91442,-3853.5,23087,35.913,35.913
0.048,0.144,-0.88358,-0.6465,-12988,-2367.1,-403.04,403.04
0.048,0.128,-1.3683,0.23619,-35940,3802.8,-347.46,347.46
0.048,0.112,-1.7736,0.24548,-31297,-18156,1166.1,1166.1
0.048,0.096,1.121,-0.90955,-25953,-7432.2,3379.1,3379.1
0.048,0.08,0.71214,0.48452,13634,-39498,5465.1,5465.1
0.048,0.064,-0.26466,1.4097,-85451,2.0967e+05,5461.8,5461.8
0.048,0.048,-1.4904,4.597,-80801,1.9733e+05,4037.5,4037.5
0.048,0.032,-2.0854,4.2568,-95168,2.1868e+05,1892.1,1892.1
0.048,0.016,-1.3221,-5.451,0,0,715.36,715.36
0.064,0.496,0.52269,2.7627,30117,-19979,531.54,531.54
0.064,0.48,0.1607,2.6967,18994,-21516,728.81,728.81
0.064,0.464,-0.3177,0.77367,-5408.7,33490,431.31,431.31
0.064,0.448,-0.54866,1.2145,-39105,49966,214.14,214.14
0.064,0.432,-0.65662,-0.086754,-20089,49286,-902.79,902.79
0.064,0.416,-0.42426,0.23243,-750.76,-1.2263e+05,-1713.7,1713.7
0.064,0.4,-0.67566,-0.22593,20762,-1.8024e+05,-2379.5,2379.5
0.064,0.384,0.78885,-1.2836,27733,-1.5349e+05,-2193.6,2193.6
0.064,0.368,0.12345,1.0681,4704.6,-12270,-2122.9,2122.9
0.064,0.352,-0.69611,1.6587,-27392,45716,-2302.3,2302.3
0.064,0.336,-0.92824,0.3608,-40154,18513,-2219.7,2219.7
0.064,0.32,-0.50658,0.45774,9172,-1302.4,-2147.5,2147.5
0.064,0.304,-0.19291,0.32973,48065,22039,-1761.8,1761.8
0.064,0.288,0.081642,-0.29774,33976,-9796,584.38,584.38
0.064,0.272,0.18549,-0.27182,7.1327e+05,-2.561e+05,4748.9,4748.9
0.064,0.256,-0.367,0.041683,6.5585e+05,-2.8009e+05,8472.1,8472.1
0.064,0.24,-0.54405,-0.034596,6.8543e+05,-2.1184e+05,7748.5,7748.5
0.064,0.224,-0.010982,0.29092,-52170,11099,4201.8,4201.8
0.064,0.208,0.20654,-0.31285,-15892,-15660,955.72,955.72
0.064,0.192,-0.055248,-0.19991,-31954,-7958.4,130.09,130.09
0.064,0.176,0.17294,0.66932,-3144.1,16975,136.57,136.57
0.064,0.16,0.23682,0.088745,-8592.4,28334,-124.34,124.34
0.064,0.144,0.048397,-0.37155,-29792,-4245.6,-528.68,528.68
0.064,0.128,0.2696,-0.047742,-44501,-22985,-499.71,499.71
0.064,0.112,0.36208,0.073088,-25928,-15227,1783.2,1783.2
0.064,0.096,1.2647,0.023287,-13246,7697.7,4519.2,4519.2
0.064,0.08,0.43798,0.90174,-6262.4,49477,6536,6536
0.064,0.064,0.27225,1.2184,-85722,1.9637e+05,5664.7,5664.7
0.064,0.048,-0.080005,2.5155,-78738,1.6458e+05,3614.4,3614.4
0.064,0.032,-1.0248,3.1005,-62749,1.3549e+05,1600.2,1600.2
0.064,0.016,-1.3361,-0.96329,0,0,736.75,736.75
0.08,0.496,1.2056,2.2335,36660,-9246.1,683.72,683.72
0.08,0.48,1.8291,2.95,-42171,42195,690.78,690.78
0.08,0.464,-0.46743,1.8409,-1.5849e+05,1.3609e+05,-57.547,57.547
0.08,0.448,-2.6154,2.5025,-2.0471e+05,1.9425e+05,-1257.4,1257.4
0.08,0.432,-0.72707,0.23847,-1.4453e+05,2.0783e+05,-3098.2,3098.2
0.08,0.416,-0.39541,0.042937,-85023,1.1748e+05,-6155.1,6155.1
0.08,0.4,0.4877,-5.2898,-43564,1.0348e+05,-7670.4,7670.4
0.08,0.384,1.3034,-0.6602,-57689,1.5059e+05,-7706.7,7706.7
0.08,0.368,0.54156,0.38429,-50086,2.1072e+05,-5657.6,5657.6
0.08,0.352,-0.82494,1.7144,-57737,1.4824e+05,-4342.4,4342.4
0.08,0.336,-0.73069,1.399,-47324,16823,-3676.8,3676.8
0.08,0.32,-0.5077,1.0179,-29771,-56649,-3044.4,3044.4
0.08,0.304,0.96534,0.1453,3150.8,-19792,-2103,2103
0.08,0.288,1.5889,1.5884,54566,15038,1606.3,1606.3
0.08,0.272,2.2439,1.5646,8.0133e+05,-1.8854e+05,6453.8,6453.8
0.08,0.256,36.024,24.592,7.7013e+05,-2.3292e+05,12269,12269
0.08,0.24,3.3297,0.98242,7.7374e+05,-2.2073e+05,11452,11452
0.08,0.224,3.5795,1.0801,71012,21216,7362.1,7362.1
0.08,0.208,1.1823,0.33459,91246,2509.1,1919.2,1919.2
0.08,0.192,1.1035,-1.1845,60837,-9995,325.7,325.7
0.08,0.176,1.1203,0.65931,40253,-28794,125.87,125.87
0.08,0.16,0.12406,1.1452,15119,3994.8,-77.074,77.074
0.08,0.144,-0.50717,-1.1874,-1958.1,3413.1,-321.66,321.66
0.08,0.128,-0.62909,-0.30405,-5250.9,-12013,-301.13,301.13
0.08,0.112,0.34149,-1.4666,5055.3,1279.9,2771.1,2771.1
0.08,0.096,0.075723,0.63613,29323,36979,5599.9,5599.9
0.08,0.08,-0.42001,1.9178,14337,64656,7596.2,7596.2
0.08,0.064,-1.1879,1.012,-51978,1.5639e+05,5657.4,5657.4
0.08,0.048,-1.9006,2.3853,-70194,1.1174e+05,3333,3333
0.08,0.032,-1.8531,4.2251,-56623,1.0015e+05,1363.8,1363.8
0.08,0.016,-1.6321,1.0526,0,0,873.74,873.74
0.096,0.496,0.55712,4.3087,44066,-11812,932.1,932.1
0.096,0.48,0.25298,4.2437,-52709,54787,596.1,596.1
0.096,0.464,-2.0209,5.0394,-2.4294e+05,2.1269e+05,-2609.2,2609.2
0.096,0.448,-2.6167,4.3794,-4.3531e+05,4.8388e+05,-6231.2,6231.2
0.096,0.432,-2.9868,4.8894,-4.1157e+05,6.1101e+05,-9931.9,9931.9
0.096,0.416,-2.6022,4.737,-3.6276e+05,5.8799e+05,-12475,12475
0.096,0.4,-2.929,5.434,-2.3452e+05,5.2283e+05,-15867,15867
0.096,0.384,-2.33,5.1236,-1.5616e+05,4.521e+05,-16389,16389
0.096,0.368,-1.9264,4.1069,-58560,3.6716e+05,-14135,14135
0.096,0.352,-1.3634,3.5467,7028.8,1.2625e+05,-10247,10247
0.096,0.336,-0.62248,1.2189,11651,-39164,-8174.7,8174.7
0.096,0.32,-1.8592,-0.70666,4581.6,-1.014e+05,-6602.1,6602.1
0.096,0.304,-1.7718,-0.83971,16687,-21033,-4032.2,4032.2
0.096,0.288,-0.011751,0.75878,1.059e+05,30517,-163.57,163.57
0.096,0.272,2.6574,2.6531,8.7128e+05,-2.2723e+05,4018,4018
0.096,0.256,2.9608,2.4707,8.1005e+05,-2.7511e+05,9667.1,9667.1
0.096,0.24,2.8045,-0.50485,7.5082e+05,-2.768e+05,9847.2,9847.2
0.096,0.224,2.5519,-0.16503,4034,12720,7535,7535
0.096,0.208,5.1955,1.6437,69126,-16881,2609.2,2609.2
0.096,0.192,4.2066,0.49025,29349,-35628,1266,1266
0.096,0.176,0.90938,0.26418,28098,-40184,510.9,510.9
0.096,0.16,0.48497,0.35614,-15058,21016,423.82,423.82
0.096,0.144,-0.32774,-0.1867,3543.9,3270.9,466.4,466.4
0.096,0.128,0.022794,-0.01278,-2898.9,-33154,220.87,220.87
0.096,0.112,-0.14938,0.26629,-9422.9,-10654,3217.4,3217.4
0.096,0.096,-0.37582,0.93931,-2043.5,75666,5926.4,5926.4
0.096,0.08,0.80169,2.5603,-37966,1.6481e+05,8039.5,8039.5
0.096,0.064,0.51162,2.2293,-1.072e+05,2.564e+05,5388.6,5388.6
0.096,0.048,-0.90607,3.6825,-1.0969e+05,1.8037e+05,2493.5,2493.5
0.096,0.032,-1.5041,5.0886,-78452,1.2111e+05,720.93,720.93
0.096,0.016,-1.7837,1.1096,0,0,787.95,787.95
0.112,0.496,-1.6523,9.0853,0,0,827.3,827.3
0.112,0.48,-2.4128,9.7415,-1.2706e+05,1.1419e+05,505.25,505.25
0.112,0.464,-3.7994,10.713,-5.1659e+05,4.2444e+05,-1238.6,1238.6
0.112,0.448,-4.3745,10.579,-6.4285e+05,7.7019e+05,-5484.1,5484.1
0.112,0.432,-5.4523,10.933,-8.3724e+05,1.1831e+06,-9224.5,9224.5
0.112,0.416,-5.376,9.5234,-8.318e+05,1.3606e+06,-15232,15232
0.112,0.4,-5.2945,9.5283,-6.9942e+05,1.3186e+06,-21299,21299
0.112,0.384,-4.4702,8.8647,-4.2295e+05,1.0573e+06,-27573,27573
0.112,0.368,-3.1405,7.9459,-1.1188e+05,6.1356e+05,-25977,25977
0.112,0.352,-1.9328,6.3372,1.1709e+05,1.1082e+05,-20818,20818
0.112,0.336,-0.35007,2.0608,1.7696e+05,-1.9031e+05,-13373,13373
0.112,0.32,-1.3801,0.33153,1.023e+05,-2.2319e+05,-8632,8632
0.112,0.304,0.15209,1.5401,40682,-1.7899e+05,-5288.1,5288.1
0.112,0.288,0.15457,0.75792,72987,-2.3389e+05,-2683.7,2683.7
0.112,0.272,1.0551,1.7073,88600,-3.462e+05,-2726,2726
0.112,0.256,4.1934,1.9147,24045,-2.9613e+05,1861,1861
0.112,0.24,0.91466,0.95475,-25494,-1.9747e+05,4480.3,4480.3
0.112,0.224,0.91113,0.5718,47659,-88545,6306.8,6306.8
0.112,0.208,2.488,0.25895,1.2822e+05,-86205,4067.8,4067.8
0.112,0.192,3.321,1.0991,1.1014e+05,-1.0123e+05,3367,3367
0.112,0.176,1.1161,1.7199,27180,-97428,2643.1,2643.1
0.112,0.16,-0.1081,0.35303,-26425,-36145,1829.5,1829.5
0.112,0.144,-0.54266,0.41469,-11882,-26941,1873.3,1873.3
0.112,0.128,1.4324,-0.84362,-17894,-41648,1764.6,1764.6
0.112,0.112,1.1041,0.11676,-58813,19326,5660.4,5660.4
0.112,0.096,0.43696,1.815,-73240,1.7465e+05,8172.1,8172.1
0.112,0.08,-0.39571,3.5469,-82588,2.8838e+05,9594.2,9594.2
0.112,0.064,-1.209,4.9628,-63980,2.9309e+05,5809.7,5809.7
0.112,0.048,-1.3812,5.5196,-36199,1.6513e+05,2252.7,2252.7
0.112,0.032,-2.0751,4.4522,-23506,78048,440.2,440.2
0.112,0.016,-1.0037,-1.5995,0,0,623.03,623.03
0.128,0.496,-3.9527,15.3,0,0,523.96,523.96
0.128,0.48,-4.846,15.295,0,0,274.9,274.9
0.128,0.464,-4.962,15.3,NaN,NaN,-1300,1300
0.128,0.448,-6.99,15.939,-1.2644e+06,1.6489e+06,-13821,13821
0.128,0.432,-8.6105,16.312,-1.3771e+06,1.856e+06,-22539,22539
0.128,0.416,-9.2777,15.1,-1.1765e+06,1.7529e+06,-32463,32463
0.128,0.4,-7.96,13.955,-1.0354e+06,1.7207e+06,-41268,41268
0.128,0.384,-6.3789,12.043,-6.2322e+05,1.3369e+06,-46995,46995
0.128,0.368,-5.4709,11.049,-66051,7.4559e+05,-43099,43099
0.128,0.352,-2.7835,9.2848,6.4117e+05,-1.3565e+05,-32873,32873
0.128,0.336,-0.27805,5.296,1.0218e+06,-6.6446e+05,-20487,20487
0.128,0.32,-0.39066,5.5318,1.0238e+06,-7.9943e+05,-14295,14295
0.128,0.304,0.059043,7.7971,7.3602e+05,-6.413e+05,-12421,12421
0.128,0.288,2.1311,7.0239,4.3452e+05,-7.2172e+05,-15240,15240
0.128,0.272,2.6001,4.7178,1.2796e+05,-7.9864e+05,-18648,18648
0.128,0.256,2.7986,4.0451,-57443,-7.2767e+05,-16229,16229
0.128,0.24,2.2743,2.1886,-95017,-4.9593e+05,-9879.8,9879.8
0.128,0.224,3.0078,0.38412,-90055,-2.5212e+05,-2844.8,2844.8
0.128,0.208,3.1647,0.21303,-25537,-1.3349e+05,425.9,425.9
0.128,0.192,2.2642,2.0163,-22205,-58131,1985.1,1985.1
0.128,0.176,1.9515,2.1476,-9480.1,-72154,1582.3,1582.3
0.128,0.16,0.83613,1.1061,-19264,-1.1657e+05,1064.6,1064.6
0.128,0.144,2.1426,1.1046,-2344.5,-1.6162e+05,1295.4,1295.4
0.128,0.128,1.6379,0.50318,-12253,-1.2554e+05,2408.4,2408.4
0.128,0.112,1.3137,0.691,-98215,35514,6088.9,6088.9
0.128,0.096,-0.39283,3.0885,-2.041e+05,2.9483e+05,8150.7,8150.7
0.128,0.08,-1.3116,4.9938,-2.2314e+05,4.5891e+05,8001.2,8001.2
0.128,0.064,-0.53736,5.6038,-1.2154e+05,3.2989e+05,4231.7,4231.7
0.128,0.048,0.1225,4.5007,-10222,1.3225e+05,1236.6,1236.6
0.128,0.032,-0.29096,2.067,12226,1803.1,73.609,73.609
0.128,0.016,-0.83822,-0.33717,0,0,309.33,309.33
0.144,0.496,-5.5124,20.457,0,0,131.83,131.83
0.144,0.48,-5.8405,20.036,0,0,197.74,197.74
0.144,0.464,-6.676,20.661,NaN,NaN,3680.1,3680.1
0.144,0.448,-9.3475,21.284,NaN,NaN,-12161,12161
0.144,0.432,-13.08,22.717,-2.0689e+06,2.5406e+06,-23037,23037
0.144,0.416,-15.975,24.265,-1.6728e+06,2.2485e+06,-57259,57259
0.144,0.4,-13.143,21.531,-1.3899e+06,2.0877e+06,-73593,73593
0.144,0.384,-9.8051,19.007,-7.8983e+05,1.607e+06,-80296,80296
0.144,0.368,-7.1902,17.443,1.2553e+05,6.5829e+05,-62965,62965
0.144,0.352,-2.5379,15.362,1.077e+06,-5.071e+05,-45106,45106
0.144,0.336,0.23451,14.308,1.8594e+06,-1.5109e+06,-29427,29427
0.144,0.32,1.4037,14.772,1.9167e+06,-1.7868e+06,-25119,25119
0.144,0.304,3.9117,14.634,1.4311e+06,-1.4075e+06,-29324,29324
0.144,0.288,4.75,12.457,7.8445e+05,-1.2395e+06,-37239,37239
0.144,0.272,5.4565,8.726,1.5322e+05,-1.156e+06,-43009,43009
0.144,0.256,4.8964,5.3203,-1.2821e+05,-1.0779e+06,-39999,39999
0.144,0.24,4.1255,3.3649,-1.4483e+05,-8.2332e+05,-30196,30196
0.144,0.224,3.474,0.96715,-63671,-4.7181e+05,-21311,21311
0.144,0.208,1.5722,1.672,-61204,-2.3988e+05,-12013,12013
0.144,0.192,0.95864,3.9111,-78435,-62368,-6693.3,6693.3
0.144,0.176,1.9398,4.522,-1.1277e+05,-1.1477e+05,-2451.9,2451.9
0.144,0.16,2.1422,3.3721,-68998,-2.9091e+05,-3121.3,3121.3
0.144,0.144,2.5994,1.8566,-38729,-4.44e+05,-2838.6,2838.6
0.144,0.128,3.1044,1.1051,-38767,-3.1697e+05,-1542.3,1542.3
0.144,0.112,2.5552,2.236,-1.6117e+05,10447,2620.3,2620.3
0.144,0.096,0.2905,4.8331,-2.7422e+05,3.0126e+05,4693.6,4693.6
0.144,0.08,-0.94689,6.3374,-2.6115e+05,3.9959e+05,4774.8,4774.8
0.144,0.064,-0.79179,6.5987,-1.07e+05,1.6238e+05,1734.2,1734.2
0.144,0.048,-0.37804,4.9018,12565,2564.6,-14.729,14.729
0.144,0.032,-1.4644,2.3245,30359,-60702,-287.38,287.38
0.144,0.016,-1.0663,1.0983,0,0,2.9431,2.9431
0.16,0.496,-4.8409,24.982,0,0,0,0
0.16,0.48,-6.083,24.091,0,0,0,0
0.16,0.464,-8.1948,25.78,NaN,NaN,0,0
0.16,0.448,-10.997,27.374,NaN,NaN,-50889,50889
0.16,0.432,-13.74,30.946,NaN,NaN,-58341,58341
0.16,0.416,-15.903,33.363,NaN,NaN,-91049,91049
0.16,0.4,-17.481,33.111,-1.6764e+06,2.6605e+06,-94274,94274
0.16,0.384,-13.795,29.045,-7.0126e+05,1.5411e+06,-94083,94083
0.16,0.368,-8.5023,23.738,4.5876e+05,68346,-72663,72663
0.16,0.352,-3.1793,16.483,1.4271e+06,-1.2642e+06,-52687,52687
0.16,0.336,0.4604,14.569,2.396e+06,-2.6105e+06,-42063,42063
0.16,0.32,2.2815,15.564,2.4605e+06,-2.8938e+06,-47614,47614
0.16,0.304,4.5496,15.269,1.8494e+06,-2.2769e+06,-65867,65867
0.16,0.288,5.1816,13.511,9.8339e+05,-1.7643e+06,-76459,76459
0.16,0.272,5.2976,10.366,1.5196e+05,-1.4792e+06,-79364,79364
0.16,0.256,4.6475,6.6682,-1.8019e+05,-1.4459e+06,-72650,72650
0.16,0.24,3.8431,4.769,-1.9704e+05,-1.243e+06,-58637,58637
0.16,0.224,3.3925,4.6309,-1.3733e+05,-8.3479e+05,-48435,48435
0.16,0.208,3.3482,3.9986,-95313,-5.5795e+05,-37573,37573
0.16,0.192,2.019,4.9096,-1.0708e+05,-2.6912e+05,-27272,27272
0.16,0.176,1.5025,6.5134,-92998,-3.2449e+05,-16104,16104
0.16,0.16,2.2823,4.7522,-52685,-5.9648e+05,-10108,10108
0.16,0.144,3.1492,2.7626,28038,-9.9205e+05,-8976.6,8976.6
0.16,0.128,3.1432,2.2307,15462,-8.9235e+05,-7801.8,7801.8
0.16,0.112,1.9546,3.9022,-1.0519e+05,-5.5113e+05,-4930.5,4930.5
0.16,0.096,0.92387,5.957,-2.3118e+05,-1.9696e+05,-1818,1818
0.16,0.08,0.07525,5.0722,-2.6051e+05,-11303,891.69,891.69
0.16,0.064,-0.35965,5.5056,-1.8875e+05,-31620,268.27,268.27
0.16,0.048,-1.2432,5.2859,-92343,-37621,-423.13,423.13
0.16,0.032,-0.32836,3.2159,-25861,-45743,-685.21,685.21
0.16,0.016,-0.66696,2.1718,0,0,-191.78,191.78
0.176,0.496,-7.1177,31.734,0,0,0,0
0.176,0.48,-9.8035,30.701,0,0,0,0
0.176,0.464,-12.592,34.091,NaN,NaN,0,0
0.176,0.448,-12.831,33.679,NaN,NaN,NaN,NaN
0.176,0.432,-13.6,35.43,NaN,NaN,NaN,NaN
0.176,0.416,-14.53,35.504,NaN,NaN,-1.6953e+05,1.6953e+05
0.176,0.4,-15.498,33.396,NaN,NaN,-1.0325e+05,1.0325e+05
0.176,0.384,-12.924,31.107,27064,3.6125e+05,-99546,99546
0.176,0.368,-7.8644,24.352,1.2029e+06,-1.3361e+06,-79781,79781
0.176,0.352,-2.257,15.72,1.6188e+06,-2.2828e+06,-62435,62435
0.176,0.336,1.8567,10.98,2.355e+06,-3.6791e+06,-47787,47787
0.176,0.32,3.5947,12.255,2.2228e+06,-3.8089e+06,-67295,67295
0.176,0.304,5.0739,14.312,1.7474e+06,-3.2388e+06,-1.0179e+05,1.0179e+05
0.176,0.288,6.2672,13.832,9.3731e+05,-2.6372e+06,-1.2791e+05,1.2791e+05
0.176,0.272,5.8171,10.443,90350,-2.2709e+06,-1.254e+05,1.254e+05
0.176,0.256,5.1288,8.1055,-3.9722e+05,-2.0924e+06,-1.1238e+05,1.1238e+05
0.176,0.24,4.341,6.52,-4.0702e+05,-1.8945e+06,-93421,93421
0.176,0.224,3.2242,6.2779,-2.4147e+05,-1.5544e+06,-80571,80571
0.176,0.208,3.98,4.9596,-1.6897e+05,-1.0865e+06,-67519,67519
0.176,0.192,5.3135,8.2847,-2.1831e+05,-5.3245e+05,-54885,54885
0.176,0.176,3.808,10.606,-2.2662e+05,-3.9014e+05,-35738,35738
0.176,0.16,3.2159,7.6321,-1.3412e+05,-5.6552e+05,-22516,22516
0.176,0.144,3.2905,6.584,-6706.8,-1.0326e+06,-15764,15764
0.176,0.128,3.6006,5.4428,-26735,-1.0777e+06,-15379,15379
0.176,0.112,2.1335,5.7663,-1.3654e+05,-8.8427e+05,-10428,10428
0.176,0.096,2.4234,6.7631,-2.4063e+05,-6.4834e+05,-5640.4,5640.4
0.176,0.08,1.7448,6.5403,-3.2573e+05,-3.8006e+05,121.23,121.23
0.176,0.064,-0.32906,6.4021,-3.2485e+05,-2.5611e+05,-307.52,307.52
0.176,0.048,-1.6212,5.7671,-2.2415e+05,-1.0248e+05,-675.12,675.12
0.176,0.032,-1.6529,6.1119,-90058,-33576,-634.58,634.58
0.176,0.016,-1.0134,4.1919,0,0,-246.37,246.37
0.192,0.496,-8.2641,35.753,0,0,0,0
0.192,0.48,-12.54,38.29,0,0,0,0
0.192,0.464,-15.656,39.245,NaN,NaN,0,0
0.192,0.448,-17.432,41.78,NaN,NaN,NaN,NaN
0.192,0.432,-16.945,39.198,NaN,NaN,NaN,NaN
0.192,0.416,-15.895,36.853,NaN,NaN,NaN,NaN
0.192,0.4,-12.96,34.723,NaN,NaN,-1.8885e+05,1.8885e+05
0.192,0.384,-10.003,32.564,3.5365e+05,-3.4867e+05,-1.5517e+05,1.5517e+05
0.192,0.368,-5.5944,26.761,1.6245e+06,-2.6159e+06,-1.4049e+05,1.4049e+05
0.192,0.352,-1.298,19.253,1.8915e+06,-3.5853e+06,-91199,91199
0.192,0.336,3.4123,14.206,2.2811e+06,-4.7607e+06,-65579,65579
0.192,0.32,5.2917,13.192,2.0952e+06,-4.963e+06,-68205,68205
0.192,0.304,6.475,15.458,1.7666e+06,-4.6693e+06,-1.171e+05,1.171e+05
0.192,0.288,8.7498,16.625,1.1214e+06,-4.1843e+06,-1.616e+05,1.616e+05
0.192,0.272,7.1719,12.818,2.7948e+05,-3.6425e+06,-1.7518e+05,1.7518e+05
0.192,0.256,5.1233,10.706,-4.4622e+05,-3.0831e+06,-1.5741e+05,1.5741e+05
0.192,0.24,4.6978,9.0912,-6.9898e+05,-2.5919e+06,-1.338e+05,1.338e+05
0.192,0.224,4.8797,8.7099,-6.3698e+05,-2.1622e+06,-1.1377e+05,1.1377e+05
0.192,0.208,4.8219,9.9247,-5.2523e+05,-1.6383e+06,-96878,96878
0.192,0.192,2.9276,15.152,-5.3806e+05,-9.4787e+05,-79770,79770
0.192,0.176,2.0115,15.777,-5.3219e+05,-5.8111e+05,-58091,58091
0.192,0.16,2.8378,12.838,-4.7162e+05,-4.3839e+05,-37652,37652
0.192,0.144,2.643,15.031,-3.4798e+05,-6.2382e+05,-25858,25858
0.192,0.128,2.8344,16.532,-3.1585e+05,-5.353e+05,-21559,21559
0.192,0.112,2.8543,15.908,-3.147e+05,-4.2896e+05,-10012,10012
0.192,0.096,0.69935,12.917,-3.3022e+05,-5.4096e+05,637.39,637.39
0.192,0.08,-0.2495,11.803,-3.8675e+05,-6.8239e+05,7981.4,7981.4
0.192,0.064,-0.81612,10.659,-3.9575e+05,-9.2933e+05,3043,3043
0.192,0.048,-1.2261,9.7031,-2.7141e+05,-6.4737e+05,-1125.6,1125.6
0.192,0.032,-2.0418,8.5302,-1.1098e+05,-3.5471e+05,-1226.2,1226.2
0.192,0.016,-1.2826,6.9462,0,0,-378.66,378.66
0.208,0.496,-10.266,42.423,0,0,0,0
0.208,0.48,-10.177,41.027,0,0,0,0
0.208,0.464,-13.305,42.175,NaN,NaN,0,0
0.208,0.448,-15.844,44.455,NaN,NaN,NaN,NaN
0.208,0.432,-17.218,44.259,NaN,NaN,NaN,NaN
0.208,0.416,-14.452,41.746,NaN,NaN,NaN,NaN
0.208,0.4,-11.424,37.782,NaN,NaN,-2.6124e+05,2.6124e+05
0.208,0.384,-7.3785,32.97,8.1713e+05,-1.1696e+06,-2.3542e+05,2.3542e+05
0.208,0.368,-1.5337,28.149,2.0526e+06,-3.4085e+06,-2.1205e+05,2.1205e+05
0.208,0.352,2.9539,22.814,2.2448e+06,-4.3006e+06,-1.7354e+05,1.7354e+05
0.208,0.336,6.5299,19.706,2.4409e+06,-5.0941e+06,-1.0952e+05,1.0952e+05
0.208,0.32,7.1458,19.839,2.331e+06,-5.3973e+06,-82672,82672
0.208,0.304,9.0496,19.453,2.203e+06,-5.5483e+06,-95232,95232
0.208,0.288,9.7179,19.058,1.7089e+06,-5.3011e+06,-1.5915e+05,1.5915e+05
0.208,0.272,7.7868,16.841,8.9034e+05,-4.744e+06,-1.9415e+05,1.9415e+05
0.208,0.256,5.593,14.427,32501,-4.087e+06,-1.9506e+05,1.9506e+05
0.208,0.24,3.4033,13.629,-3.6677e+05,-3.6047e+06,-1.6957e+05,1.6957e+05
0.208,0.224,2.5607,15.053,-3.9896e+05,-3.1377e+06,-1.4216e+05,1.4216e+05
0.208,0.208,3.8211,20.343,-4.1738e+05,-2.4526e+06,-1.1684e+05,1.1684e+05
0.208,0.192,3.8541,21.83,-5.498e+05,-1.4898e+06,-93758,93758
0.208,0.176,2.5067,25.013,-6.4562e+05,-8.6591e+05,-71193,71193
0.208,0.16,2.7999,25.407,-6.8581e+05,-3.9411e+05,-51020,51020
0.208,0.144,2.0831,26.699,-6.6002e+05,-2.5075e+05,-35070,35070
0.208,0.128,1.4493,27.339,-6.1967e+05,-42163,-23162,23162
0.208,0.112,1.6235,28.037,-5.2872e+05,28325,-3979,3979
0.208,0.096,1.0648,26.111,-5.0473e+05,-1.6603e+05,9381.6,9381.6
0.208,0.08,0.80132,22.164,-4.8775e+05,-6.4416e+05,13058,13058
0.208,0.064,0.15956,17.57,-5.3351e+05,-1.0376e+06,4983.8,4983.8
0.208,0.048,0.31626,13.374,-3.2136e+05,-8.8795e+05,583.09,583.09
0.208,0.032,1.0237,15.934,-1.8682e+05,-3.9091e+05,873.69,873.69
0.208,0.016,-0.29212,19.72,0,0,838.99,838.99
0.224,0.496,-7.995,44.422,0,0,0,0
0.224,0.48,-7.8467,43.392,0,0,0,0
0.224,0.464,-9.1219,45.07,NaN,NaN,0,0
0.224,0.448,-10.02,46.535,NaN,NaN,NaN,NaN
0.224,0.432,-11.619,48.056,NaN,NaN,NaN,NaN
0.224,0.416,-10.899,45.562,NaN,NaN,NaN,NaN
0.224,0.4,-8.3778,42.417,NaN,NaN,-4.4777e+05,4.4777e+05
0.224,0.384,-4.6911,37.11,NaN,NaN,-3.359e+05,3.359e+05
0.224,0.368,-0.058498,32.582,2.3248e+06,-4.9298e+06,-2.8011e+05,2.8011e+05
0.224,0.352,3.0606,31.304,2.4375e+06,-5.1421e+06,-2.1941e+05,2.1941e+05
0.224,0.336,6.3053,31.281,2.4959e+06,-5.3701e+06,-1.5604e+05,1.5604e+05
0.224,0.32,8.3467,29.788,2.5478e+06,-5.7769e+06,-92811,92811
0.224,0.304,9.0183,28.137,2.4305e+06,-5.6488e+06,-74060,74060
0.224,0.288,8.1518,27.923,2.0633e+06,-5.2753e+06,-1.1011e+05,1.1011e+05
0.224,0.272,5.7396,27.787,1.5355e+06,-4.7895e+06,-1.7101e+05,1.7101e+05
0.224,0.256,5.1482,23.825,9.4819e+05,-4.4339e+06,-1.9471e+05,1.9471e+05
0.224,0.24,5.8146,23.1,5.2391e+05,-3.9934e+06,-1.8597e+05,1.8597e+05
0.224,0.224,6.2516,25.538,3.228e+05,-3.4521e+06,-1.5261e+05,1.5261e+05
0.224,0.208,5.6782,28.324,2.0416e+05,-2.9522e+06,-1.1914e+05,1.1914e+05
0.224,0.192,5.239,30.334,23486,-2.2574e+06,-90452,90452
0.224,0.176,3.372,33.677,-1.478e+05,-1.7013e+06,-70050,70050
0.224,0.16,3.944,34.528,-3.8761e+05,-1.0426e+06,-53178,53178
0.224,0.144,3.315,34.773,-5.1118e+05,-5.2341e+05,-39911,39911
0.224,0.128,2.9481,37.17,-5.5484e+05,22956,-20905,20905
0.224,0.112,3.5863,38.478,-5.2195e+05,3.3718e+05,4533,4533
0.224,0.096,3.3036,34.603,-5.9618e+05,3.4686e+05,27861,27861
0.224,0.08,0.80775,31.077,-6.8046e+05,57102,35405,35405
0.224,0.064,3.0441,29.36,-8.8884e+05,3872.8,26908,26908
0.224,0.048,0.40172,30.384,-6.038e+05,-95256,14540,14540
0.224,0.032,0.26586,33.371,-3.7519e+05,66663,6672,6672
0.224,0.016,-2.0267,34.315,0,0,2387.1,2387.1
0.24,0.496,-7.8184,44.213,0,0,0,0
0.24,0.48,-6.5262,42.998,0,0,0,0
0.24,0.464,-6.5468,47.023,NaN,NaN,0,0
0.24,0.448,-6.8228,50.085,NaN,NaN,NaN,NaN
0.24,0.432,-7.1486,50.893,NaN,NaN,NaN,NaN
0.24,0.416,-6.3559,49.473,NaN,NaN,NaN,NaN
0.24,0.4,-3.7151,48.415,NaN,NaN,NaN,NaN
0.24,0.384,-2.0071,45.962,NaN,NaN,-3.9284e+05,3.9284e+05
0.24,0.368,0.22741,43.322,NaN,NaN,-2.9182e+05,2.9182e+05
0.24,0.352,2.6903,40.287,2.4446e+06,-4.0141e+06,-2.6551e+05,2.6551e+05
0.24,0.336,5.7075,39.508,2.6113e+06,-4.5218e+06,-1.8631e+05,1.8631e+05
0.24,0.32,6.6045,39.348,2.7035e+06,-4.9803e+06,-1.0607e+05,1.0607e+05
0.24,0.304,5.5626,39.332,2.6076e+06,-4.9333e+06,-58203,58203
0.24,0.288,4.9204,38.428,2.3016e+06,-4.7077e+06,-69127,69127
0.24,0.272,4.7745,36.46,1.8791e+06,-4.0726e+06,-1.1243e+05,1.1243e+05
0.24,0.256,5.5156,35.789,1.6256e+06,-3.8661e+06,-1.5065e+05,1.5065e+05
0.24,0.24,5.8821,37.957,1.4896e+06,-3.562e+06,-1.6062e+05,1.6062e+05
0.24,0.224,3.9313,39.451,1.3966e+06,-3.3176e+06,-1.4013e+05,1.4013e+05
0.24,0.208,3.7882,40.107,1.2777e+06,-2.9626e+06,-1.0741e+05,1.0741e+05
0.24,0.192,4.8167,41.412,1.1115e+06,-2.476e+06,-77747,77747
0.24,0.176,4.4396,41.888,9.6529e+05,-2.1472e+06,-58947,58947
0.24,0.16,4.9049,43.221,6.7955e+05,-1.6649e+06,-42715,42715
0.24,0.144,3.6884,43.421,4.2564e+05,-1.1656e+06,-30865,30865
0.24,0.128,2.991,47.054,2.0779e+05,-5.995e+05,-14153,14153
0.24,0.112,3.6216,47.805,52278,-92260,5000.9,5000.9
0.24,0.096,2.7284,47.683,-2.3154e+05,4.4728e+05,32835,32835
0.24,0.08,1.1839,48.676,-5.4978e+05,9.3639e+05,50339,50339
0.24,0.064,-0.14194,49.12,-1.0801e+06,1.8816e+06,51022,51022
0.24,0.048,-1.742,49.821,-8.4926e+05,1.4632e+06,34461,34461
0.24,0.032,-2.7613,51.836,-5.7769e+05,1.0424e+06,16166,16166
0.24,0.016,-2.7866,49.296,0,0,5070.4,5070.4
0.256,0.496,-5.0174,45.685,0,0,0,0
0.256,0.48,-4.5764,45.284,0,0,0,0
0.256,0.464,-4.9369,49.261,NaN,NaN,0,0
0.256,0.448,-5.2588,52.389,NaN,NaN,NaN,NaN
0.256,0.432,-6.0521,54.648,NaN,NaN,NaN,NaN
0.256,0.416,-5.0653,56.161,NaN,NaN,NaN,NaN
0.256,0.4,-3.2392,56.14,NaN,NaN,NaN,NaN
0.256,0.384,-2.2051,54.441,NaN,NaN,NaN,NaN
0.256,0.368,-0.64105,52.484,NaN,NaN,-2.3652e+05,2.3652e+05
0.256,0.352,1.6601,49.461,NaN,NaN,-2.0555e+05,2.0555e+05
0.256,0.336,3.7682,48.867,NaN,NaN,-1.8355e+05,1.8355e+05
0.256,0.32,4.0733,49.406,NaN,NaN,-94897,94897
0.256,0.304,3.9248,48.825,2.0874e+06,-2.808e+06,-62563,62563
0.256,0.288,4.6086,48.112,2.0834e+06,-3.283e+06,-45453,45453
0.256,0.272,4.9833,47.548,1.99e+06,-3.1565e+06,-74403,74403
0.256,0.256,4.9436,47.597,1.9894e+06,-3.2412e+06,-97494,97494
0.256,0.24,5.6723,47.165,1.9239e+06,-3.0017e+06,-1.1503e+05,1.1503e+05
0.256,0.224,5.4021,48.258,1.8401e+06,-2.8456e+06,-1.0245e+05,1.0245e+05
0.256,0.208,4.6933,49.514,1.7144e+06,-2.1011e+06,-78879,78879
0.256,0.192,5.6823,51.628,1.6516e+06,-1.6329e+06,-59917,59917
0.256,0.176,6.4017,53.957,1.6296e+06,-1.5842e+06,-51080,51080
0.256,0.16,5.5821,53.652,1.4915e+06,-1.7581e+06,-43748,43748
0.256,0.144,4.4691,54.77,1.2726e+06,-1.7403e+06,-41060,41060
0.256,0.128,3.3013,56.893,1.0101e+06,-1.4042e+06,-29947,29947
0.256,0.112,2.4877,57.925,7.3229e+05,-9.2402e+05,-11045,11045
0.256,0.096,1.6793,59.786,3.5948e+05,-2.6614e+05,23558,23558
0.256,0.08,0.93261,60.155,-1.7861e+05,8.1055e+05,55782,55782
0.256,0.064,-0.69752,60.258,-9.1759e+05,2.3404e+06,63172,63172
0.256,0.048,-4.5228,60.451,-8.6904e+05,2.0999e+06,46042,46042
0.256,0.032,-6.918,59.678,-5.9545e+05,1.3892e+06,19343,19343
0.256,0.016,-5.0002,55.537,0,0,5484.6,5484.6
0.272,0.496,-3.636,48.972,0,0,0,0
0.272,0.48,-4.2191,51.083,0,0,0,0
0.272,0.464,-4.6187,53.448,NaN,NaN,0,0
0.272,0.448,-5.1088,55.658,NaN,NaN,NaN,NaN
0.272,0.432,-5.3944,58.703,NaN,NaN,NaN,NaN
0.272,0.416,-4.5204,61.619,NaN,NaN,NaN,NaN
0.272,0.4,-3.852,62.854,NaN,NaN,NaN,NaN
0.272,0.384,-3.6476,62.123,NaN,NaN,NaN,NaN
0.272,0.368,-1.3795,62.25,NaN,NaN,NaN,NaN
0.272,0.352,-0.72031,63.008,NaN,NaN,NaN,NaN
0.272,0.336,0.66867,62.163,NaN,NaN,NaN,NaN
0.272,0.32,2.4728,60.799,NaN,NaN,-49247,49247
0.272,0.304,3.7644,60,NaN,NaN,-55241,55241
0.272,0.288,5.0868,59.159,NaN,NaN,-48271,48271
0.272,0.272,6.073,58.219,1.6191e+06,-1.5127e+06,-52934,52934
0.272,0.256,6.2153,58.227,1.7428e+06,-1.8293e+06,-66702,66702
0.272,0.24,7.2217,57.007,1.8118e+06,-1.9388e+06,-80314,80314
0.272,0.224,7.0888,56.929,1.9171e+06,-2.0955e+06,-64518,64518
0.272,0.208,5.8293,58.445,1.8202e+06,-5.6731e+05,-49600,49600
0.272,0.192,6.9325,59.082,1.7665e+06,-2.556e+05,-35939,35939
0.272,0.176,7.4241,58.897,1.7467e+06,-5.6635e+05,-41666,41666
0.272,0.16,6.6299,57.591,1.7316e+06,-1.4611e+06,-41220,41220
0.272,0.144,5.6945,57.443,1.6588e+06,-2.1531e+06,-46503,46503
0.272,0.128,4.3612,57.363,1.526e+06,-2.3776e+06,-44167,44167
0.272,0.112,4.6001,58.203,1.3295e+06,-2.3425e+06,-28166,28166
0.272,0.096,4.0006,58.987,1.0003e+06,-1.9747e+06,-4180.1,4180.1
0.272,0.08,2.2271,58.353,4.1701e+05,-1.0165e+06,28558,28558
0.272,0.064,0.36271,59.612,-4.7197e+05,5.8261e+05,41026,41026
0.272,0.048,-2.4238,61.307,-6.4939e+05,1.0301e+06,36157,36157
0.272,0.032,-5.2963,62.695,-5.2107e+05,8.8433e+05,16874,16874
0.272,0.016,-5.556,55.521,0,0,3731.7,3731.7
0.288,0.496,-1.6416,49.278,0,0,0,0
0.288,0.48,-2.3193,52.725,0,0,0,0
0.288,0.464,-3.1793,56.814,NaN,NaN,0,0
0.288,0.448,-4.0157,60.347,NaN,NaN,NaN,NaN
0.288,0.432,-4.838,64.44,NaN,NaN,NaN,NaN
0.288,0.416,-3.59,68.528,NaN,NaN,NaN,NaN
0.288,0.4,-3.1007,71.535,NaN,NaN,NaN,NaN
0.288,0.384,-3.7838,73.036,NaN,NaN,NaN,NaN
0.288,0.368,-3.5975,74.142,NaN,NaN,NaN,NaN
0.288,0.352,-2.4358,74.357,NaN,NaN,NaN,NaN
0.288,0.336,-1.2972,73.04,NaN,NaN,NaN,NaN
0.288,0.32,-0.049842,71.667,NaN,NaN,NaN,NaN
0.288,0.304,2.0762,70.261,NaN,NaN,NaN,NaN
0.288,0.288,5.3966,67.88,NaN,NaN,-51688,51688
0.288,0.272,5.8262,66.931,NaN,NaN,-60892,60892
0.288,0.256,6.0027,65.657,NaN,NaN,-62793,62793
0.288,0.24,8.13,62.852,NaN,NaN,-46955,46955
0.288,0.224,7.8497,61.335,NaN,NaN,-14716,14716
0.288,0.208,6.2052,61.061,1.4481e+06,2.0448e+06,-7156.6,7156.6
0.288,0.192,6.4303,58.29,1.4667e+06,1.4991e+06,-6022,6022
0.288,0.176,6.7787,55.958,1.4905e+06,8.4511e+05,-24287,24287
0.288,0.16,6.427,55.694,1.566e+06,-3.0839e+05,-40219,40219
0.288,0.144,6.1374,55.099,1.6092e+06,-1.4288e+06,-56305,56305
0.288,0.128,6.6042,52.517,1.6306e+06,-2.3333e+06,-57655,57655
0.288,0.112,6.7113,51.847,1.481e+06,-3.1413e+06,-38012,38012
0.288,0.096,5.4937,52.234,1.1557e+06,-3.4602e+06,-22815,22815
0.288,0.08,3.6203,52.079,4.7626e+05,-3.0842e+06,-4764.3,4764.3
0.288,0.064,0.27208,53.026,-4.2313e+05,-1.9788e+06,1010.2,1010.2
0.288,0.048,-2.5181,52.479,-6.3626e+05,-8.5723e+05,9075.8,9075.8
0.288,0.032,-4.591,53.325,-4.9086e+05,-1.7446e+05,7370,7370
0.288,0.016,-4.6414,53.179,0,0,1835.5,1835.5
0.304,0.496,-1.935,46.238,0,0,0,0
0.304,0.48,-1.0834,49.893,0,0,0,0
0.304,0.464,-1.5049,55.071,NaN,NaN,0,0
0.304,0.448,-1.8555,60.719,NaN,NaN,NaN,NaN
0.304,0.432,-2.9514,65.924,NaN,NaN,NaN,NaN
0.304,0.416,-2.9851,71.37,NaN,NaN,NaN,NaN
0.304,0.4,-2.2871,76.186,NaN,NaN,NaN,NaN
0.304,0.384,-2.545,78.609,NaN,NaN,NaN,NaN
0.304,0.368,-2.0437,79.321,NaN,NaN,NaN,NaN
0.304,0.352,-1.4523,79.293,NaN,NaN,NaN,NaN
0.304,0.336,-0.83872,78.327,NaN,NaN,NaN,NaN
0.304,0.32,0.94311,76.417,NaN,NaN,NaN,NaN
0.304,0.304,1.209,73.6,NaN,NaN,NaN,NaN
0.304,0.288,3.8492,70.326,NaN,NaN,NaN,NaN
0.304,0.272,4.536,69.258,NaN,NaN,NaN,NaN
0.304,0.256,4.3133,67.363,NaN,NaN,27934,27934
0.304,0.24,5.1868,64.831,NaN,NaN,18054,18054
0.304,0.224,5.0632,62.015,9.3863e+05,4.6421e+06,33586,33586
0.304,0.208,4.2603,59.692,1.1725e+06,3.3561e+06,30620,30620
0.304,0.192,4.7297,56.717,1.1994e+06,2.6429e+06,25779,25779
0.304,0.176,6.2583,53.817,1.252e+06,1.7558e+06,-317.41,317.41
0.304,0.16,7.1829,52.822,1.2911e+06,6.5864e+05,-24851,24851
0.304,0.144,7.5258,51.94,1.3787e+06,-5.7932e+05,-45474,45474
0.304,0.128,7.7259,49.001,1.4232e+06,-1.9293e+06,-49943,49943
0.304,0.112,7.0662,46.502,1.2525e+06,-3.3044e+06,-31008,31008
0.304,0.096,4.7506,45.23,8.2579e+05,-4.1567e+06,-25332,25332
0.304,0.08,3.119,44.851,1.3256e+05,-4.2951e+06,-29389,29389
0.304,0.064,0.60778,44.276,-6.4977e+05,-3.8021e+06,-34441,34441
0.304,0.048,-2.4131,42.854,-7.2238e+05,-2.2759e+06,-22878,22878
0.304,0.032,-2.2745,43.074,-4.9707e+05,-1.0035e+06,-4627.4,4627.4
0.304,0.016,-5.119,43.99,0,0,-1908.1,1908.1
0.32,0.496,-1.3779,41.053,0,0,0,0
0.32,0.48,-1.5451,42.532,0,0,0,0
0.32,0.464,-1.1503,46.995,NaN,NaN,0,0
0.32,0.448,0.56856,52.831,NaN,NaN,NaN,NaN
0.32,0.432,-0.41504,59.002,NaN,NaN,NaN,NaN
0.32,0.416,-0.92503,62.644,NaN,NaN,NaN,NaN
0.32,0.4,0.091966,69.139,NaN,NaN,NaN,NaN
0.32,0.384,-1.8233,70.748,NaN,NaN,NaN,NaN
0.32,0.368,-0.99696,72.968,NaN,NaN,NaN,NaN
0.32,0.352,-1.1348,75.152,NaN,NaN,NaN,NaN
0.32,0.336,-0.95281,74.326,NaN,NaN,NaN,NaN
0.32,0.32,-0.27286,73.129,NaN,NaN,NaN,NaN
0.32,0.304,0.25878,69.868,NaN,NaN,-1.3574e+05,1.3574e+05
0.32,0.288,1.6941,67.91,NaN,NaN,-1.4426e+05,1.4426e+05
0.32,0.272,3.7054,66.555,NaN,NaN,-84329,84329
0.32,0.256,3.0849,64.012,NaN,NaN,-14792,14792
0.32,0.24,2.4167,61.041,1.3829e+05,2.3458e+06,22156,22156
0.32,0.224,3.416,58.279,4.2434e+05,2.8313e+06,33781,33781
0.32,0.208,3.6184,55.91,5.9749e+05,2.5848e+06,41459,41459
0.32,0.192,3.9435,53.73,7.5766e+05,2.2342e+06,45413,45413
0.32,0.176,4.5832,52.047,8.4788e+05,1.5531e+06,22993,22993
0.32,0.16,5.0481,50.634,9.2938e+05,6.8698e+05,-6023.2,6023.2
0.32,0.144,5.2921,48.412,9.8162e+05,-4.5576e+05,-31981,31981
0.32,0.128,4.8192,45.246,9.7071e+05,-1.8133e+06,-38314,38314
0.32,0.112,3.4854,42.242,7.6019e+05,-3.1467e+06,-22780,22780
0.32,0.096,2.0024,39.311,3.6075e+05,-3.9761e+06,-19099,19099
0.32,0.08,0.32225,37.166,-1.6647e+05,-4.2386e+06,-39123,39123
0.32,0.064,-0.63261,33.469,-6.4236e+05,-4.0399e+06,-55431,55431
0.32,0.048,-1.5098,31.055,-5.8566e+05,-2.5911e+06,-44920,44920
0.32,0.032,-2.7316,30.136,-3.4802e+05,-1.2215e+06,-15349,15349
0.32,0.016,-3.1974,30.655,0,0,-3443.3,3443.3
0.336,0.496,-1.3488,32.009,0,0,0,0
0.336,0.48,-1.3045,34.236,0,0,0,0
0.336,0.464,-1.0783,36.063,NaN,NaN,0,0
0.336,0.448,-0.85703,38.131,NaN,NaN,NaN,NaN
0.336,0.432,-0.29492,43.027,NaN,NaN,NaN,NaN
0.336,0.416,0.80328,46.65,NaN,NaN,NaN,NaN
0.336,0.4,-0.19246,49.779,NaN,NaN,NaN,NaN
0.336,0.384,-1.6312,53.235,NaN,NaN,NaN,NaN
0.336,0.368,-1.3232,56.124,NaN,NaN,NaN,NaN
0.336,0.352,-1.5838,58.905,NaN,NaN,NaN,NaN
0.336,0.336,-1.5342,60.745,NaN,NaN,-1.8614e+05,1.8614e+05
0.336,0.32,-0.71067,61.979,NaN,NaN,-2.0213e+05,2.0213e+05
0.336,0.304,0.83478,61.504,NaN,NaN,-1.5012e+05,1.5012e+05
0.336,0.288,1.1269,61.517,-2.0672e+05,3.0023e+06,-1.0757e+05,1.0757e+05
0.336,0.272,0.85172,59.418,-2.6137e+05,2.5138e+06,-42231,42231
0.336,0.256,0.050155,56.761,-2.9483e+05,2.0436e+06,-6115.4,6115.4
0.336,0.24,-0.75729,53.183,-3.6521e+05,4.8802e+05,13426,13426
0.336,0.224,-0.45047,50.061,-1.4517e+05,2.3442e+05,20599,20599
0.336,0.208,0.17305,48.115,3092.7,-1.0648e+05,35767,35767
0.336,0.192,0.75302,45.655,1.7468e+05,-2.8845e+05,46494,46494
0.336,0.176,1.3564,44.496,2.1386e+05,-1.034e+06,34932,34932
0.336,0.16,1.313,44.143,2.6255e+05,-1.6781e+06,12012,12012
0.336,0.144,1.6517,41.367,2.8948e+05,-2.4769e+06,-12334,12334
0.336,0.128,1.3469,37.857,3.1169e+05,-3.1627e+06,-22402,22402
0.336,0.112,0.50999,36.749,2.1208e+05,-3.6585e+06,-18616,18616
0.336,0.096,0.14916,36.888,-22434,-3.8166e+06,-25611,25611
0.336,0.08,-0.86523,36.195,-2.3753e+05,-3.6499e+06,-49641,49641
0.336,0.064,-0.82552,33.234,-4.2943e+05,-3.4207e+06,-61138,61138
0.336,0.048,0.19186,32.336,-3.0676e+05,-2.1393e+06,-48382,48382
0.336,0.032,-1.2548,29.145,-1.8347e+05,-1.0389e+06,-18759,18759
0.336,0.016,-1.2959,26.329,0,0,-4889.9,4889.9
0.352,0.496,-2.5443,17.369,0,0,0,0
0.352,0.48,-0.40066,18.297,0,0,0,0
0.352,0.464,-0.22836,21.745,NaN,NaN,4144.9,4144.9
0.352,0.448,-1.9061,24.122,NaN,NaN,-26939,26939
0.352,0.432,-0.998,28.94,NaN,NaN,-53543,53543
0.352,0.416,0.66185,32.122,NaN,NaN,-93138,93138
0.352,0.4,0.15736,37.774,NaN,NaN,-1.0195e+05,1.0195e+05
0.352,0.384,1.593,37.126,NaN,NaN,-1.0658e+05,1.0658e+05
0.352,0.368,1.2557,42.372,NaN,NaN,-1.2363e+05,1.2363e+05
0.352,0.352,0.29706,45.855,NaN,NaN,-1.5144e+05,1.5144e+05
0.352,0.336,0.62276,47.566,NaN,NaN,-1.4741e+05,1.4741e+05
0.352,0.32,1.6584,49.665,6.6984e+05,5.2895e+06,-1.3764e+05,1.3764e+05
0.352,0.304,1.3977,49.359,4.699e+05,4.0387e+06,-98137,98137
0.352,0.288,-0.042634,47.28,58602,2.1009e+06,-71328,71328
0.352,0.272,-2.0667,45.035,-3.0665e+05,1.3215e+05,-36387,36387
0.352,0.256,-2.6973,45.395,-4.8772e+05,-9.5466e+05,-26122,26122
0.352,0.24,-2.9186,44.102,-5.5285e+05,-1.9067e+06,-18731,18731
0.352,0.224,-5.1462,40.394,-5.6306e+05,-2.6181e+06,-12226,12226
0.352,0.208,-5.237,39.156,-5.2804e+05,-2.983e+06,7922.4,7922.4
0.352,0.192,-4.6832,36.142,-4.5425e+05,-3.0982e+06,31152,31152
0.352,0.176,-3.2238,31.06,-3.7067e+05,-2.9229e+06,35780,35780
0.352,0.16,-3.3076,27.529,-2.1821e+05,-2.7127e+06,26387,26387
0.352,0.144,-2.7778,25.959,-77483,-2.705e+06,5405.3,5405.3
0.352,0.128,-2.7165,25.905,95727,-2.444e+06,-6821.9,6821.9
0.352,0.112,-1.7489,30.278,1.0921e+05,-2.3046e+06,-9740.6,9740.6
0.352,0.096,-1.6345,35,16673,-2.2719e+06,-18602,18602
0.352,0.08,-2.1313,35.684,-75980,-2.3079e+06,-37012,37012
0.352,0.064,-1.5951,31.99,-1.4854e+05,-2.1909e+06,-45767,45767
0.352,0.048,-2.2686,30.206,-87302,-1.3058e+06,-34518,34518
0.352,0.032,-2.3291,27.65,-58953,-5.8927e+05,-14037,14037
0.352,0.016,-1.1884,24.457,0,0,-3486.7,3486.7
0.368,0.496,-3.4259,7.7491,0,0,0,0
0.368,0.48,-1.1847,6.6447,0,0,0,0
0.368,0.464,-0.99996,9.8396,NaN,NaN,11213,11213
0.368,0.448,-1.348,11.396,3.8579e+05,8.4511e+05,3933.2,3933.2
0.368,0.432,-1.5333,13.754,4.0327e+05,1.0282e+06,-10092,10092
0.368,0.416,0.10316,24.264,5.8904e+05,1.2559e+06,-32219,32219
0.368,0.4,0.29272,25.913,8.7091e+05,1.9495e+06,-33890,33890
0.368,0.384,1.5792,32.511,1.0277e+06,2.6281e+06,-33824,33824
0.368,0.368,1.2811,35.926,9.7133e+05,3.1242e+06,-41286,41286
0.368,0.352,2.5562,38.566,8.0337e+05,2.9797e+06,-66643,66643
0.368,0.336,4.3365,39.699,7.037e+05,2.528e+06,-83556,83556
0.368,0.32,4.6096,38.958,3.1273e+05,1.2535e+06,-89099,89099
0.368,0.304,2.8819,34.69,-90087,-3.029e+05,-67461,67461
0.368,0.288,-0.16319,31.589,-3.6476e+05,-1.0964e+06,-46764,46764
0.368,0.272,-2.0049,25.876,-4.7091e+05,-1.7113e+06,-31959,31959
0.368,0.256,-3.2415,23.779,-4.288e+05,-1.6824e+06,-36972,36972
0.368,0.24,-4.066,26.364,-5.0982e+05,-2.668e+06,-39168,39168
0.368,0.224,-5.6033,26.203,-6.2454e+05,-3.7747e+06,-24211,24211
0.368,0.208,-6.3334,24.531,-7.2944e+05,-4.5452e+06,911.83,911.83
0.368,0.192,-4.7181,29.325,-7.0547e+05,-4.0834e+06,27213,27213
0.368,0.176,-2.7023,32.731,-6.4206e+05,-3.0315e+06,38198,38198
0.368,0.16,-1.3993,31.067,-3.8611e+05,-1.8402e+06,35039,35039
0.368,0.144,-0.35214,29.835,-44752,-8.7788e+05,21261,21261
0.368,0.128,-0.77068,28.008,3.4536e+05,1.2976e+05,10097,10097
0.368,0.112,0.17314,31.117,4.2061e+05,6.3336e+05,3504.6,3504.6
0.368,0.096,-1.0497,35.442,3.3067e+05,6.7732e+05,-11630,11630
0.368,0.08,-2.9609,36.347,2.2271e+05,3.2607e+05,-26045,26045
0.368,0.064,-3.8058,33.602,15746,-4.208e+05,-28270,28270
0.368,0.048,-3.1419,27.307,-10753,-4.2901e+05,-16433,16433
0.368,0.032,-2.662,20.767,-99066,-4.3217e+05,-3893.2,3893.2
0.368,0.016,-2.2179,17.516,0,0,-1264.7,1264.7
0.384,0.496,-3.6618,5.9941,0,0,263.65,263.65
0.384,0.48,-1.7971,5.0004,0,0,11953,11953
0.384,0.464,-0.43489,8.2158,NaN,NaN,28250,28250
0.384,0.448,-0.73324,10.107,3.4442e+05,5.2535e+05,26984,26984
0.384,0.432,0.1262,9.8915,4.0897e+05,8.5011e+05,7802,7802
0.384,0.416,0.6162,11.826,5.0924e+05,1.0351e+06,-9245.6,9245.6
0.384,0.4,2.6496,14.392,6.6402e+05,1.5174e+06,-9662.5,9662.5
0.384,0.384,2.826,20.38,6.9723e+05,1.8036e+06,-9759.6,9759.6
0.384,0.368,1.9462,21.863,6.4327e+05,1.8978e+06,-17942,17942
0.384,0.352,2.7281,23.55,5.4506e+05,1.5858e+06,-36287,36287
0.384,0.336,3.5474,23.21,4.3084e+05,1.1379e+06,-38299,38299
0.384,0.32,3.6519,20.97,1.8529e+05,5.3941e+05,-30424,30424
0.384,0.304,-2.6641,14.541,-61422,-3.9609e+05,-16885,16885
0.384,0.288,-4.474,8.7187,-2.2786e+05,-1.4953e+06,-23638,23638
0.384,0.272,-2.4963,8.4553,-3.3393e+05,-2.5591e+06,-35700,35700
0.384,0.256,-1.4945,9.6149,-3.6765e+05,-2.9168e+06,-39994,39994
0.384,0.24,-1.4235,11.096,-3.7726e+05,-2.9484e+06,-34604,34604
0.384,0.224,-3.7895,12.563,-3.8916e+05,-3.1273e+06,-13318,13318
0.384,0.208,-5.0202,11.316,-3.6991e+05,-2.8465e+06,5590.8,5590.8
0.384,0.192,-4.3915,16.692,-3.7562e+05,-1.7917e+06,24159,24159
0.384,0.176,-3.0155,25.716,-2.9233e+05,-84070,25397,25397
0.384,0.16,-1.3681,30.422,2326.2,1.3884e+06,20941,20941
0.384,0.144,-0.51382,29.304,3.9669e+05,2.2367e+06,13709,13709
0.384,0.128,1.2281,29.093,7.314e+05,2.7706e+06,11741,11741
0.384,0.112,2.4264,31.945,7.0861e+05,2.8271e+06,12191,12191
0.384,0.096,1.1356,34.062,4.3581e+05,1.9158e+06,-749.79,749.79
0.384,0.08,-0.58032,34.902,1.1723e+05,6.9141e+05,-7636.9,7636.9
0.384,0.064,-0.9746,31.659,-6.9976e+05,-9.5059e+05,-9418.8,9418.8
0.384,0.048,-4.3072,25.814,-6.8396e+05,-9.2091e+05,289.92,289.92
0.384,0.032,-3.202,22.116,-6.4405e+05,-7.3124e+05,3100.1,3100.1
0.384,0.016,-2.4743,16.667,0,0,742.4,742.4
0.4,0.496,-4.0169,5.448,0,0,8255.9,8255.9
0.4,0.48,-3.0126,4.865,0,0,29017,29017
0.4,0.464,-1.0019,8.5618,3.3397e+05,4.4052e+05,44540,44540
0.4,0.448,-0.11535,10.377,3.1491e+05,3.9247e+05,48252,48252
0.4,0.432,-0.061609,8.2637,3.4962e+05,6.0519e+05,35670,35670
0.4,0.416,0.65287,11.925,4.1998e+05,7.8856e+05,28948,28948
0.4,0.4,1.253,13.297,5.043e+05,1.1581e+06,35057,35057
0.4,0.384,1.8491,13.604,5.2591e+05,1.3322e+06,37931,37931
0.4,0.368,1.7179,12.209,4.9126e+05,1.3502e+06,33966,33966
0.4,0.352,2.764,11.15,4.4483e+05,1.1044e+06,22425,22425
0.4,0.336,3.0571,7.8198,3.481e+05,7.9697e+05,11193,11193
0.4,0.32,1.8786,6.5847,1.055e+05,-1.7017e+05,4000.2,4000.2
0.4,0.304,0.7723,4.7297,-1.8543e+05,-1.279e+06,-7548.9,7548.9
0.4,0.288,-0.91861,2.3238,-3.3095e+05,-2.1094e+06,-21879,21879
0.4,0.272,-3.3722,2.9807,-2.6416e+05,-2.0423e+06,-30070,30070
0.4,0.256,-4.0949,5.2204,-1.2003e+05,-1.5562e+06,-24686,24686
0.4,0.24,-4.5646,6.1606,-39178,-1.1961e+06,-13829,13829
0.4,0.224,-2.4879,9.2636,7551.1,-1.079e+06,551.32,551.32
0.4,0.208,-2.2638,7.3691,67863,-6.901e+05,9829,9829
0.4,0.192,-1.2171,12.889,89422,1.9906e+05,16455,16455
0.4,0.176,0.67048,21.81,1.5641e+05,1.5933e+06,14016,14016
0.4,0.16,1.8617,26.02,3.5906e+05,2.675e+06,8707.1,8707.1
0.4,0.144,3.0125,24.378,6.2405e+05,3.1027e+06,8246.3,8246.3
0.4,0.128,2.3272,21.672,7.5962e+05,2.9458e+06,4179.8,4179.8
0.4,0.112,4.5854,20.047,5.5068e+05,2.5495e+06,1541.8,1541.8
0.4,0.096,2.1277,21.924,1.1565e+05,1.3281e+06,-16874,16874
0.4,0.08,-3.2824,14.789,-2.713e+05,-1.7427e+05,-15060,15060
0.4,0.064,-4.5373,12.374,-2.0733e+06,-9.1862e+05,-6832.2,6832.2
0.4,0.048,-20.647,33.443,-1.917e+06,-7.0678e+05,9925.5,9925.5
0.4,0.032,-16.012,27.534,-1.754e+06,-43570,9108.6,9108.6
0.4,0.016,-3.8402,15.787,0,0,6391.5,6391.5
0.416,0.496,-2.7857,5.0536,0,0,19161,19161
0.416,0.48,-1.6082,5.1966,0,0,54316,54316
0.416,0.464,-0.95263,7.2924,4.7937e+05,5.6811e+05,79504,79504
0.416,0.448,0.066461,7.5973,3.1186e+05,2.5062e+05,75797,75797
0.416,0.432,0.59443,7.3149,2.7611e+05,3.3913e+05,53965,53965
0.416,0.416,0.95244,9.2147,2.1162e+05,3.6616e+05,37411,37411
0.416,0.4,1.4425,9.8374,2.0338e+05,5.1475e+05,40781,40781
0.416,0.384,0.95665,9.9754,2.0534e+05,4.545e+05,40369,40369
0.416,0.368,1.6911,8.875,1.8628e+05,2.601e+05,34278,34278
0.416,0.352,2.2208,7.4015,1.8444e+05,68512,27808,27808
0.416,0.336,2.3102,7.3078,1.0084e+05,-63723,19895,19895
0.416,0.32,1.7857,5.5847,24966,-1.298e+05,15081,15081
0.416,0.304,1.2433,3.06,-49894,-1.9591e+05,6804.7,6804.7
0.416,0.288,-1.4175,2.8899,-62046,-3.1486e+05,609.06,609.06
0.416,0.272,-2.2827,4.0193,-51040,-3.6948e+05,-1823.1,1823.1
0.416,0.256,-1.8282,3.9325,-18957,-3.8972e+05,-2104.9,2104.9
0.416,0.24,-2.0431,4.2981,1.0388e+05,-1.2424e+05,-2103.2,2103.2
0.416,0.224,-1.624,6.2363,2.4312e+05,48302,2277.9,2277.9
0.416,0.208,0.16905,6.8715,3.8014e+05,4.951e+05,5572.5,5572.5
0.416,0.192,0.82971,11.271,4.0356e+05,1.1174e+06,7292.7,7292.7
0.416,0.176,1.179,16.457,4.506e+05,1.9873e+06,6750.2,6750.2
0.416,0.16,1.6954,19.73,5.5206e+05,2.3994e+06,4271.1,4271.1
0.416,0.144,3.2111,17.554,6.8938e+05,2.2441e+06,5522.1,5522.1
0.416,0.128,4.7129,14.208,5.8811e+05,1.5535e+06,1039.4,1039.4
0.416,0.112,3.6977,8.7801,2.8314e+05,8.891e+05,428.16,428.16
0.416,0.096,0.19094,6.2566,-2.816e+05,-4.8238e+05,2803.9,2803.9
0.416,0.08,-3.1338,5.9162,-6.7019e+05,-1.9409e+06,17212,17212
0.416,0.064,-5.323,6.0935,-2.8855e+06,-2.2139e+06,31669,31669
0.416,0.048,-41.962,47.858,-2.4962e+06,-1.2004e+06,32770,32770
0.416,0.032,-50.285,55.068,-1.9138e+06,91679,19244,19244
0.416,0.016,-59.547,60.233,0,0,9720.4,9720.4
0.432,0.496,-2.9715,5.2282,-5.9987e+05,-1.7645e+06,31875,31875
0.432,0.48,-0.39281,5.8893,-1.9247e+06,-4.3911e+06,80078,80078
0.432,0.464,0.14871,6.905,-2.212e+06,-4.4725e+06,1.1346e+05,1.1346e+05
0.432,0.448,0.44714,6.6533,1.8043e+05,-1.1337e+06,1.0906e+05,1.0906e+05
0.432,0.432,0.26038,5.9762,1.424e+06,4.1891e+05,76695,76695
0.432,0.416,-0.26892,6.8781,1.5961e+06,5.2622e+05,45017,45017
0.432,0.4,-0.014173,6.9323,6.9171e+05,3.2477e+05,41521,41521
0.432,0.384,0.68908,6.1411,57405,1.035e+05,37815,37815
0.432,0.368,1.2947,5.5136,63521,5433.3,35131,35131
0.432,0.352,0.59929,3.5417,88382,-13447,25727,25727
0.432,0.336,0.48015,3.0744,34932,-10150,17307,17307
0.432,0.32,0.64659,3.3978,28818,59784,13833,13833
0.432,0.304,-0.081034,3.238,19468,31080,10029,10029
0.432,0.288,-0.43159,3.3161,-70835,99695,7267.7,7267.7
0.432,0.272,-1.9669,3.4621,-1.1044e+05,2.3001e+05,3802.2,3802.2
0.432,0.256,-1.6117,6.2145,-38401,3.3236e+05,514.13,514.13
0.432,0.24,-0.75227,6.2512,1.7123e+05,3.5488e+05,-2980.8,2980.8
0.432,0.224,1.1633,7.0886,3.166e+05,2.8236e+05,-4267.5,4267.5
0.432,0.208,2.2057,7.3234,3.2073e+05,3.783e+05,-2713.7,2713.7
0.432,0.192,1.7584,7.8661,3.0143e+05,5.8192e+05,2397.4,2397.4
0.432,0.176,1.6816,9.8169,2.7908e+05,8.6323e+05,12120,12120
0.432,0.16,2.8254,10.74,3.2602e+05,9.4186e+05,13561,13561
0.432,0.144,4.2718,7.7923,3.7943e+05,8.5935e+05,11136,11136
0.432,0.128,4.6342,7.0684,1.7746e+05,4.3523e+05,1751.2,1751.2
0.432,0.112,1.7183,5.3698,-2.4526e+05,-1.3487e+05,6699.1,6699.1
0.432,0.096,0.2423,2.4712,-1.5488e+06,-1.3419e+06,27153,27153
0.432,0.08,-2.8294,3.5648,-2.8238e+06,-1.7351e+06,52774,52774
0.432,0.064,-60.287,86.392,-5.0147e+06,-9.2048e+05,62641,62641
0.432,0.048,-81.634,107.55,-3.2793e+06,5.4831e+05,47133,47133
0.432,0.032,-72.777,46.818,-1.4386e+06,7.9323e+05,21931,21931
0.432,0.016,-157.54,9.9569,0,0,13535,13535
0.448,0.496,-4.137,4.6522,-1.845e+06,-3.2718e+06,25636,25636
0.448,0.48,-21.028,-17.652,-4.5071e+06,-6.0101e+06,81430,81430
0.448,0.464,-27.875,-4.6618,-6.1196e+06,-7.0136e+06,1.2528e+05,1.2528e+05
0.448,0.448,-12.499,1.7202,-2.9775e+06,-2.8486e+06,1.3611e+05,1.3611e+05
0.448,0.432,2.1164,5.5433,6.1925e+05,-3.0281e+05,1.0064e+05,1.0064e+05
0.448,0.416,2.2471,6.2763,2.0223e+06,4.692e+05,65151,65151
0.448,0.4,1.3154,5.1188,1.485e+06,4.0191e+05,48543,48543
0.448,0.384,0.68795,4.0308,93326,-85467,39445,39445
0.448,0.368,0.50465,4.2169,-53862,-1.1508e+05,33051,33051
0.448,0.352,0.38438,1.2915,11529,-79940,22643,22643
0.448,0.336,0.83389,-0.80463,-9552.9,-40436,14438,14438
0.448,0.32,-0.84818,1.1715,-8229.9,65506,11237,11237
0.448,0.304,0.47187,3.9499,41794,73984,9809,9809
0.448,0.288,2.7742,0.55305,-19168,1.19e+05,8829.5,8829.5
0.448,0.272,-1.9318,4.2514,-21339,2.4238e+05,6346.9,6346.9
0.448,0.256,-1.4215,5.9657,27814,4.1322e+05,3916.7,3916.7
0.448,0.24,-0.30436,6.1782,1.7965e+05,4.3987e+05,240.31,240.31
0.448,0.224,0.6797,6.6749,2.4256e+05,3.0925e+05,-443.82,443.82
0.448,0.208,0.68025,6.4597,1.7986e+05,2.0535e+05,2321,2321
0.448,0.192,0.62893,6.6595,1.4194e+05,1.6674e+05,9059.6,9059.6
0.448,0.176,0.91722,5.0878,98722,1.497e+05,16153,16153
0.448,0.16,-0.013701,3.6278,1.3612e+05,1.0835e+05,17267,17267
0.448,0.144,-0.19163,2.1843,1.7238e+05,1.2166e+05,13131,13131
0.448,0.128,-0.51574,3.9603,55663,77916,10303,10303
0.448,0.112,-2.1569,5.4891,-3.0329e+05,-1.6265e+05,18490,18490
0.448,0.096,-4.9846,2.9797,-1.7252e+06,-9.2406e+05,50327,50327
0.448,0.08,-33.553,33.797,-3.3026e+06,-7.2397e+05,78605,78605
0.448,0.064,-41.013,61.52,-5.1406e+06,-7.6315e+05,87701,87701
0.448,0.048,-314.35,360.03,-2.1142e+06,8.1164e+05,58239,58239
0.448,0.032,-40.318,63.237,0,0,24861,24861
0.448,0.016,-23.991,11.348,0,0,8580.3,8580.3
0.464,0.496,-4.1745,3.7314,-2.9014e+06,-4.2321e+06,7934.7,7934.7
0.464,0.48,-46.989,-28.074,-5.3628e+06,-6.7481e+06,49979,49979
0.464,0.464,-69.001,-1.095,-7.8306e+06,-8.8151e+06,82281,82281
0.464,0.448,-57.398,14.57,-4.0843e+06,-3.8862e+06,1.0983e+05,1.0983e+05
0.464,0.432,-18.367,-0.32309,-2.3585e+05,-1.9396e+06,88674,88674
0.464,0.416,-0.80362,5.5506,8.6401e+05,-1.4511e+06,66320,66320
0.464,0.4,0.95749,3.4115,-57976,-1.5978e+06,46099,46099
0.464,0.384,-1.3946,2.9446,-1.0221e+06,-1.097e+06,33576,33576
0.464,0.368,-1.0927,1.7564,-8.518e+05,-5.4506e+05,25638,25638
0.464,0.352,0.092513,1.2511,-4.2436e+05,-2.5472e+05,14375,14375
0.464,0.336,0.58046,0.43602,-1.4182e+05,-60636,6498.8,6498.8
0.464,0.32,0.22405,1.0825,70381,91426,2961.2,2961.2
0.464,0.304,-0.49856,0.90785,67047,73510,1289.4,1289.4
0.464,0.288,-0.018586,0.99928,16053,1.2622e+05,1605,1605
0.464,0.272,0.13065,1.311,-97025,9433.1,2185.7,2185.7
0.464,0.256,1.5221,3.0214,-1.7294e+05,2.0841e+05,3003.4,3003.4
0.464,0.24,1.46,3.592,-1.2378e+05,1.8433e+05,1592.6,1592.6
0.464,0.224,0.55872,3.9449,86207,3.3356e+05,-237.38,237.38
0.464,0.208,-0.29231,4.694,1.6014e+05,2.353e+05,419.23,419.23
0.464,0.192,-0.045843,4.9237,1.8618e+05,1.9029e+05,4089.4,4089.4
0.464,0.176,0.85629,3.8716,72783,27990,7490.8,7490.8
0.464,0.16,0.90121,2.4872,84.375,-90520,6955.7,6955.7
0.464,0.144,0.31789,0.946,-1.3038e+05,22268,4822.6,4822.6
0.464,0.128,-1.1416,1.031,-2.5726e+05,1.6048e+05,4611.7,4611.7
0.464,0.112,-0.35328,3.2654,-5.2058e+05,-25693,10103,10103
0.464,0.096,-4.5976,3.1864,-1.6485e+06,-7.2474e+05,27378,27378
0.464,0.08,-10.746,10.264,-3.5317e+06,-9.3791e+05,49418,49418
0.464,0.064,-262.55,101.63,-5.1581e+06,-1.1296e+06,55931,55931
0.464,0.048,-265.75,261.29,-2.9229e+06,-64438,38436,38436
0.464,0.032,-11.783,-12.397,0,0,13788,13788
0.464,0.016,-37.504,13.093,0,0,2899.8,2899.8
0.48,0.496,2.906,15.571,-2.4348e+06,-2.8597e+06,-14077,14077
0.48,0.48,-47.38,-33.609,-4.1599e+06,-4.0037e+06,3917.2,3917.2
0.48,0.464,-289.81,-294.56,-6.1137e+06,-5.4582e+06,20355,20355
0.48,0.448,-206.07,-133.73,-4.0854e+06,-2.3889e+06,49828,49828
0.48,0.432,-256.61,-141.86,-1.8696e+06,-2.2826e+06,46905,46905
0.48,0.416,-33.286,-0.6711,-8.5454e+05,-1.9366e+06,44970,44970
0.48,0.4,-21.444,-4.1034,-6.9868e+05,-1.7696e+06,33960,33960
0.48,0.384,-12.071,-1.9079,-9.9637e+05,-1.0724e+06,26467,26467
0.48,0.368,-11.561,-2.4804,-8.3412e+05,-5.1419e+05,20162,20162
0.48,0.352,-8.6015,-3.2804,-4.2388e+05,-2.3673e+05,12815,12815
0.48,0.336,0.14891,1.3978,-1.2857e+05,-30135,4898.7,4898.7
0.48,0.32,0.4343,2.6286,61404,39392,801.4,801.4
0.48,0.304,-0.56036,-0.49764,2233.8,30324,-926.81,926.81
0.48,0.288,0.18959,0.80578,-8025.8,20673,-446.21,446.21
0.48,0.272,-0.52094,1.7913,-64198,-1.107e+05,646.75,646.75
0.48,0.256,-4.5609,-3.7169,-1.1637e+05,39492,2504.5,2504.5
0.48,0.24,-3.4986,4.9512,-1.46e+05,29288,2937.7,2937.7
0.48,0.224,-1.8441,2.6339,15577,2.3966e+05,2801.2,2801.2
0.48,0.208,0.49818,4.8399,1.2483e+05,1.6172e+05,1680.5,1680.5
0.48,0.192,2.0801,2.4272,1.7238e+05,1.7018e+05,1360.2,1360.2
0.48,0.176,1.4376,1.7095,89578,71079,491.46,491.46
0.48,0.16,1.594,1.1864,17089,2405.7,1177.1,1177.1
0.48,0.144,1.7281,0.71401,-87800,1.0677e+05,1951.2,1951.2
0.48,0.128,-3.5035,9.4462,-1.2538e+05,2.2797e+05,3372.7,3372.7
0.48,0.112,-3.3678,3.6831,-2.1351e+05,1.2573e+05,1654.2,1654.2
0.48,0.096,-0.22635,-1.722,-4.4152e+05,-35154,5856.7,5856.7
0.48,0.08,-0.28006,0.29195,-1.2376e+06,-5.9399e+05,14399,14399
0.48,0.064,-31.346,45.719,-1.5078e+06,-6.6376e+05,23782,23782
0.48,0.048,306.91,244.62,-1.0263e+06,-5.9479e+05,18550,18550
0.48,0.032,10.129,-0.60408,0,0,8660.1,8660.1
0.48,0.016,-15.188,1.2065,0,0,-4262.1,4262.1
0.496,0.496,-2.9406,-6.5707,-1.2614e+06,-1.3239e+06,-15674,15674
0.496,0.48,-70.941,-49.003,-1.419e+06,-1.4893e+06,-13731,13731
0.496,0.464,-67.25,-40.834,-1.6218e+06,-1.7021e+06,-10806,10806
0.496,0.448,-2.4297,1.9796,0,0,6897,6897
0.496,0.432,-4.8726,0.93893,-9.5088e+05,-1.4741e+06,12898,12898
0.496,0.416,-20.864,-4.5919,-1.4246e+06,-1.9832e+06,17643,17643
0.496,0.4,-29.614,5.965,-1.5536e+06,-1.9933e+06,16153,16153
0.496,0.384,-26.481,33.79,-1.0934e+06,-1.0132e+06,12656,12656
0.496,0.368,-103.38,-53.21,-7.7915e+05,-4.7872e+05,11546,11546
0.496,0.352,-29.951,-20.354,-4.2848e+05,-2.174e+05,7672.5,7672.5
0.496,0.336,-1.1231,6.899,-1.4496e+05,-38227,3118.6,3118.6
0.496,0.32,7.1496,29.226,62637,35667,531.03,531.03
0.496,0.304,0.14995,2.7302,6317.9,16872,-427.44,427.44
0.496,0.288,-1.8436,0.45348,-5622.7,15246,-118.33,118.33
0.496,0.272,-5.2528,-7.6928,-1.1079e+05,-1.5465e+05,713.66,713.66
0.496,0.256,-16.467,-20.914,-2.0334e+05,-84343,2055.9,2055.9
0.496,0.24,-47.739,-100.61,-2.2483e+05,-1.0811e+05,2613.5,2613.5
0.496,0.224,-21.301,-4.0168,-7668.8,1.3208e+05,2568.5,2568.5
0.496,0.208,-4.9839,-4.9154,1.3772e+05,1.2055e+05,1636,1636
0.496,0.192,-1.2181,0.40012,1.6409e+05,1.4767e+05,495.7,495.7
0.496,0.176,0.66095,0.055057,68030,70823,-174.74,174.74
0.496,0.16,0.65072,2.246,2534.1,21572,62.731,62.731
0.496,0.144,1.2765,0.45831,-84751,1.3628e+05,1183,1183
0.496,0.128,2.4144,6.8824,-1.4236e+05,2.0855e+05,1494.1,1494.1
0.496,0.112,-3.794,-1.1187,-1.3585e+05,1.5574e+05,-847.23,847.23
0.496,0.096,-1.6621,-0.19078,-39517,20012,-2226.3,2226.3
0.496,0.08,-1.3106,0.86203,-6.7714e+05,-4.3425e+05,-2124.3,2124.3
0.496,0.064,0.70017,2.7775,-7.6278e+05,-4.5347e+05,1686.5,1686.5
0.496,0.048,7.1076,165.59,-7.6973e+05,-4.4609e+05,2441.7,2441.7
0.496,0.032,-261.93,-287.34,0,0,2051.3,2051.3
0.496,0.016,-18.476,35.402,0,0,-3996.3,3996.3
