0.016,0.496,-2.4406,2.5589,12551,-6830.8,84.673,84.673
0.016,0.48,-0.81793,1.5734,5630.2,-899.35,246.31,246.31
0.016,0.464,1.166,1.6815,306.38,-6963.8,162.86,162.86
0.016,0.448,0.2316,0.49374,-10675,-2835.2,-150.27,150.27
0.016,0.432,1.2116,0.63747,-12886,-2719.5,-1300.5,1300.5
0.016,0.416,1.3942,-0.97546,-28216,4735.4,-2262.6,2262.6
0.016,0.4,2.336,1.3286,-10039,-28886,-2254.1,2254.1
0.016,0.384,2.6302,1.3489,58664,-53036,1962.3,1962.3
0.016,0.368,5.2623,-1.1156,1.1477e+05,-85670,6269.1,6269.1
0.016,0.352,3.1815,-0.064176,77618,-41088,13688,13688
0.016,0.336,6.0602,0.83216,16939,-22065,16157,16157
0.016,0.32,4.0336,0.45595,-17832,8828.6,17913,17913
0.016,0.304,0.45675,0.87762,-4870.1,2307.7,9698.1,9698.1
0.016,0.288,0.74757,-0.22253,-9762.6,4841.8,1977.3,1977.3
0.016,0.272,1.6836,-1.29,-13135,4590.9,-6196.6,6196.6
0.016,0.256,0.58106,0.84568,-14964,406.07,-6595.1,6595.1
0.016,0.24,3.3562,0.50644,-42273,-7310.3,-5555,5555
0.016,0.224,8.4432,0.8562,-52677,-8088.2,-6165.6,6165.6
0.016,0.208,7.3178,0.16115,-44826,-8459.4,1343.7,1343.7
0.016,0.192,1.3031,-0.11171,-8627.4,-5741.5,4614,4614
0.016,0.176,-0.899,-0.7655,4171.2,-5054.2,11528,11528
0.016,0.16,-1.2569,-0.73022,4406.2,-2108.8,4734.1,4734.1
0.016,0.144,-1.2519,0.46689,-1766.3,-190.32,2176.2,2176.2
0.016,0.128,2.4856,-2.3627,-4557.6,958.02,-1143.8,1143.8
0.016,0.112,6.22,0.23336,-18507,-9852.9,-738.41,738.41
0.016,0.096,1.4016,1.957,-27705,-8358.9,-213.38,213.38
0.016,0.08,5.1091,-1.0078,-23863,-9786.1,276.68,276.68
0.016,0.064,10.977,-0.47706,-10201,-1595.5,918.29,918.29
0.016,0.048,3.9616,0.02054,2278.9,-3463.9,673.23,673.23
0.016,0.032,1.9299,0.18813,1530.6,-2493.6,287.56,287.56
0.016,0.016,2.3343,-9.0556,0,0,78.09,78.09
0.032,0.496,-2.2317,3.7626,20714,-40119,181.76,181.76
0.032,0.48,-1.4421,1.8223,13773,-18934,495.75,495.75
0.032,0.464,-1.4445,1.7268,2136.2,-37400,725.43,725.43
0.032,0.448,-0.47266,0.72986,-40264,-2945.9,1061.3,1061.3
0.032,0.432,0.17367,0.77739,-43771,-50923,1328.9,1328.9
0.032,0.416,0.17104,1.3672,-18204,-79525,1685.4,1685.4
0.032,0.4,2.2601,1.305,64788,-1.5469e+05,2200.1,2200.1
0.032,0.384,3.9859,-0.78981,1.2457e+05,-1.4373e+05,2686,2686
0.032,0.368,4.7973,0.85838,1.4612e+05,-1.2321e+05,2536,2536
0.032,0.352,3.3912,0.74075,75512,-24475,1816.9,1816.9
0.032,0.336,0.70058,1.4132,24140,-1707,625.45,625.45
0.032,0.32,-0.037124,-0.052035,-18683,23351,-95.656,95.656
0.032,0.304,0.042831,-0.14924,-15783,6533.8,-487.76,487.76
0.032,0.288,-0.50704,-0.044265,-23903,4755.8,-42.923,42.923
0.032,0.272,-0.38573,-0.26144,-34738,11646,315.48,315.48
0.032,0.256,-0.27911,0.056676,-56262,-9533.2,179.73,179.73
0.032,0.24,-0.54115,0.42601,-96750,-23929,-638.3,638.3
0.032,0.224,-0.53639,-0.14036,-97368,-34897,-1205.5,1205.5
0.032,0.208,-0.22675,-0.33521,-64419,-13262,-1003.5,1003.5
0.032,0.192,0.44103,-0.11957,-20178,11514,-652.15,652.15
0.032,0.176,0.2754,-0.37689,-20016,16456,-560.67,560.67
0.032,0.16,-0.092783,0.023667,-37770,-1810.4,-784.66,784.66
0.032,0.144,-0.58751,0.27488,-56967,-18532,-1060,1060
0.032,0.128,-0.15663,-0.31058,-77114,-18002,-1033,1033
0.032,0.112,-0.095617,0.040132,-84146,-34778,-946.23,946.23
0.032,0.096,-0.77006,-0.061253,-1.0387e+05,-20324,-941.48,941.48
0.032,0.08,-0.33219,-0.057063,-86411,-13809,-839.01,839.01
0.032,0.064,0.11283,-0.057332,-64938,13218,-602.7,602.7
0.032,0.048,0.15335,-0.30649,-19608,-56.203,-160.47,160.47
0.032,0.032,-0.34204,0.18624,1707.9,-6470.9,-30.02,30.02
0.032,0.016,-0.49488,-4.5258,0,0,168.27,168.27
0.048,0.496,-0.94027,5.0726,6734,-70674,268.97,268.97
0.048,0.48,0.19579,1.6266,-9344.9,-42863,742.26,742.26
0.048,0.464,1.0063,2.4309,-32841,-76582,1031.6,1031.6
0.048,0.448,2.1607,1.7154,-68549,-47027,2428.6,2428.6
0.048,0.432,1.5102,1.7438,-78075,-1.1903e+05,3489.2,3489.2
0.048,0.416,1.9946,0.77438,-71832,-1.4392e+05,4537.5,4537.5
0.048,0.4,4.1014,1.3081,1557,-2.0708e+05,4607.2,4607.2
0.048,0.384,3.2088,0.82957,75486,-1.8458e+05,4009.4,4009.4
0.048,0.368,1.6833,1.7138,1.2441e+05,-1.6147e+05,2791,2791
0.048,0.352,1.5766,2.225,67320,-27990,1312.3,1312.3
0.048,0.336,1.7161,2.6811,16349,3100.8,86.04,86.04
0.048,0.32,-0.5683,0.33986,-21316,39532,-1243.4,1243.4
0.048,0.304,-0.97574,-0.27128,-14523,11878,-4030.3,4030.3
0.048,0.288,-0.78952,-0.038126,-23213,6223.3,-5459.7,5459.7
0.048,0.272,-0.81265,0.0076388,-35722,9516.8,-4344.7,4344.7
0.048,0.256,-1.5986,0.48701,-54655,-12698,-685.43,685.43
0.048,0.24,-1.9462,-0.7264,-95159,-26326,291.11,291.11
0.048,0.224,-1.7044,-0.48107,-96401,-36525,-353.21,353.21
0.048,0.208,-0.81919,-0.49048,-66575,-13772,-1517.1,1517.1
0.048,0.192,-0.021899,0.44687,-20961,14420,-1169.5,1169.5
0.048,0.176,-0.64626,1.5913,-18871,20434,-1324.2,1324.2
0.048,0.16,-1.6067,0.09776,-35529,-719.04,-1806.3,1806.3
0.048,0.144,-1.7845,-0.75627,-53939,-20811,-2257.7,2257.7
0.048,0.128,-1.8959,-0.32776,-70420,-18933,-2246.9,2246.9
0.048,0.112,-2.2997,-0.072106,-74135,-26742,-1574.9,1574.9
0.048,0.096,-1.7582,-1.0399,-88558,-11309,-1107.7,1107.7
0.048,0.08,-2.3962,0.58674,-69659,-7834.3,-438.54,438.54
0.048,0.064,-1.7864,0.64018,-47755,9432,-228.62,228.62
0.048,0.048,-0.24548,-0.33307,-8695.7,-4223.6,237.52,237.52
0.048,0.032,-0.82486,0.2456,6545.9,-9616.5,189.42,189.42
0.048,0.016,-0.98973,-5.7881,0,0,348.87,348.87
0.064,0.496,0.28364,4.887,-31970,-74295,167.44,167.44
0.064,0.48,0.91049,1.3358,-56927,-84301,989.62,989.62
0.064,0.464,2.6101,1.9696,-84112,-1.3574e+05,2020.9,2020.9
0.064,0.448,3.3027,1.9426,-1.0115e+05,-1.2435e+05,4728,4728
0.064,0.432,3.3673,2.0882,-92711,-1.7627e+05,8315.9,8315.9
0.064,0.416,2.8806,3.0935,-73591,-1.8611e+05,9751.8,9751.8
0.064,0.4,2.1785,3.505,-35159,-1.9695e+05,9556.6,9556.6
0.064,0.384,1.278,2.7136,-48512,-1.5496e+05,6775.6,6775.6
0.064,0.368,1.1307,2.6172,-51953,-1.3169e+05,3667.3,3667.3
0.064,0.352,0.91033,1.8177,-38139,-51883,813.94,813.94
0.064,0.336,1.0983,2.7735,-9640.1,-26126,-2009.7,2009.7
0.064,0.32,-0.12416,0.45917,-6472.7,15999,-4622.9,4622.9
0.064,0.304,-0.42461,0.068926,-37279,-26084,-10714,10714
0.064,0.288,-0.23241,-0.30684,-6.4039e+05,-6.3921e+05,-14243,14243
0.064,0.272,-0.090335,-0.20654,-6.5574e+05,-6.4982e+05,-13411,13411
0.064,0.256,-0.18793,0.11351,-7.2593e+05,-6.5388e+05,-4041.1,4041.1
0.064,0.24,-0.43925,-0.31442,-1.5246e+05,-66701,1311,1311
0.064,0.224,-0.13034,0.014734,-1.6094e+05,-60146,2941.6,2941.6
0.064,0.208,0.027755,-0.22378,-57592,-18641,-77.673,77.673
0.064,0.192,-0.33524,0.10882,-38069,15024,-1125.2,1125.2
0.064,0.176,-0.22095,0.68413,-24894,3837.5,-1546,1546
0.064,0.16,-0.11512,-0.12492,-50440,-31385,-2277.2,2277.2
0.064,0.144,-0.15345,-0.71757,-65373,-49618,-3075.7,3075.7
0.064,0.128,0.042143,-0.26063,-91917,-58415,-3076.9,3076.9
0.064,0.112,-0.36905,0.29828,-60019,-79120,-2296.1,2296.1
0.064,0.096,-0.89926,-0.11538,-41101,-70914,-1226.9,1226.9
0.064,0.08,-0.61323,0.17321,-609.84,-8793.9,-53.353,53.353
0.064,0.064,0.089193,0.38074,-42811,69124,557.78,557.78
0.064,0.048,-0.08331,0.0617,-35311,65622,915.18,915.18
0.064,0.032,-0.10431,0.55175,-30250,23414,613.49,613.49
0.064,0.016,-0.36377,-2.1139,0,0,551.88,551.88
0.08,0.496,1.1273,2.9874,-34148,-1.9696e+05,-92.725,92.725
0.08,0.48,2.7549,1.5697,-57701,-3.4021e+05,1392,1392
0.08,0.464,3.8162,1.8911,-69643,-4.9534e+05,3440.6,3440.6
0.08,0.448,4.0456,3.434,-63611,-4.8927e+05,8219.6,8219.6
0.08,0.432,3.6127,3.7118,-55202,-4.9828e+05,10471,10471
0.08,0.416,4.3265,4.8841,-98745,-4.375e+05,13531,13531
0.08,0.4,3.2412,4.1411,-1.5818e+05,-3.2651e+05,14018,14018
0.08,0.384,1.6693,3.8812,-1.6921e+05,-2.4684e+05,13892,13892
0.08,0.368,1.1881,3.4275,-1.172e+05,-2.5014e+05,9639.7,9639.7
0.08,0.352,1.1626,2.052,-53899,-2.2822e+05,2856.6,2856.6
0.08,0.336,2.0514,3.1544,-27120,-1.8565e+05,-4223.1,4223.1
0.08,0.32,1.9928,3.4385,9616.3,-93790,-10773,10773
0.08,0.304,0.3047,0.14045,55170,-75257,-19194,19194
0.08,0.288,0.70549,0.39061,-6.1397e+05,-7.3604e+05,-23774,23774
0.08,0.272,1.3675,-0.30137,-4.471e+05,-9.426e+05,-22878,22878
0.08,0.256,0.1829,-0.169,-4.6632e+05,-9.3416e+05,-9225.2,9225.2
0.08,0.24,3.7559,2.7299,93025,-2.841e+05,1678.2,1678.2
0.08,0.224,3.1913,0.89373,-1.7628e+05,-71593,6687.1,6687.1
0.08,0.208,1.6453,2.0346,-2.182e+05,-58676,4309.6,4309.6
0.08,0.192,-0.23351,-0.46928,-1.5929e+05,22486,2431.9,2431.9
0.08,0.176,-0.74019,0.2245,-94499,49645,208.74,208.74
0.08,0.16,-0.65816,-0.1471,-72838,1.0485e+05,-2238.4,2238.4
0.08,0.144,-0.96991,-0.88101,-38270,1.0515e+05,-5417.3,5417.3
0.08,0.128,-0.78554,0.16614,67409,-85108,-5253.1,5253.1
0.08,0.112,1.1253,-0.16343,1.0253e+05,-1.86e+05,-4840.6,4840.6
0.08,0.096,2.5761,-2.5412,1.276e+05,-2.3402e+05,-2832.6,2832.6
0.08,0.08,2.7735,-0.5678,73408,-58832,-803.59,803.59
0.08,0.064,2.5908,1.863,10924,84031,1017,1017
0.08,0.048,0.99177,3.1504,-14838,1.1335e+05,1558.9,1558.9
0.08,0.032,-0.012556,0.80224,-43399,78150,1028.1,1028.1
0.08,0.016,0.037492,-0.51826,0,0,696.9,696.9
0.096,0.496,3.5606,2.0723,-22688,-1.872e+05,-406.76,406.76
0.096,0.48,4.7177,2.2811,-44464,-4.0665e+05,1939,1939
0.096,0.464,4.4366,3.9221,-22357,-8.6192e+05,5634.6,5634.6
0.096,0.448,4.4508,4.4267,8634.1,-9.8921e+05,9433.9,9433.9
0.096,0.432,3.9893,3.8494,60678,-1.1563e+06,9946.5,9946.5
0.096,0.416,3.9231,4.0112,1.0027e+05,-1.3117e+06,10746,10746
0.096,0.4,3.6064,3.8701,73184,-1.2579e+06,17543,17543
0.096,0.384,3.0242,4.0381,22942,-9.8629e+05,23375,23375
0.096,0.368,3.6596,4.6593,21052,-6.3897e+05,23640,23640
0.096,0.352,3.4328,4.6145,1751.9,-4.1024e+05,14159,14159
0.096,0.336,2.6658,4.4485,-31502,-3.3259e+05,2307.9,2307.9
0.096,0.32,2.0524,4.7771,-57370,-1.7544e+05,-6650.5,6650.5
0.096,0.304,2.7058,6.1239,88951,-1.0977e+05,-15376,15376
0.096,0.288,2.7837,5.5904,-3.2709e+05,-7.2838e+05,-17812,17812
0.096,0.272,48.547,48.698,-10893,-9.5702e+05,-17143,17143
0.096,0.256,8.3989,1.7935,9606.6,-1.0221e+06,-4094.5,4094.5
0.096,0.24,5.7228,2.3216,4.7873e+05,-4.2369e+05,8557.7,8557.7
0.096,0.224,2.2926,0.48261,71899,-1.5756e+05,14914,14914
0.096,0.208,2.4165,3.0311,-1.307e+05,-1.0203e+05,15080,15080
0.096,0.192,0.70851,2.8713,-3.0718e+05,1.6631e+05,12028,12028
0.096,0.176,-0.54552,4.2135,-3.4799e+05,2.7443e+05,8795.8,8795.8
0.096,0.16,-1.5345,4.7903,-3.4397e+05,4.5576e+05,559.82,559.82
0.096,0.144,-1.5711,5.2163,-2.1381e+05,4.0791e+05,-8479.5,8479.5
0.096,0.128,-1.0735,4.7524,57661,1.0364e+05,-12729,12729
0.096,0.112,2.6999,3.0845,1.9543e+05,-2.2404e+05,-12092,12092
0.096,0.096,1.4798,-1.1556,2.1653e+05,-4.2551e+05,-8271.8,8271.8
0.096,0.08,1.6434,-0.52686,1.0151e+05,-2.669e+05,-3951.9,3951.9
0.096,0.064,2.0347,1.2156,1921.7,-32061,-838.47,838.47
0.096,0.048,1.203,3.6539,-18440,79380,972.24,972.24
0.096,0.032,1.3756,0.8832,-37353,59078,1076.4,1076.4
0.096,0.016,0.18378,1.1826,0,0,827.41,827.41
0.112,0.496,4.9187,6.0247,7695.6,-2.0051e+05,-640.23,640.23
0.112,0.48,5.1305,6.4484,13263,-4.931e+05,2277.3,2277.3
0.112,0.464,4.7546,6.9038,75546,-1.3596e+06,5226.5,5226.5
0.112,0.448,4.015,8.3049,91708,-1.4384e+06,8134.8,8134.8
0.112,0.432,3.4707,8.2557,1.323e+05,-1.6445e+06,5623.1,5623.1
0.112,0.416,3.58,7.8235,2.0405e+05,-1.9518e+06,6625.7,6625.7
0.112,0.4,4.666,6.8774,1.3225e+05,-1.9158e+06,13829,13829
0.112,0.384,4.3504,6.5556,52822,-1.6212e+06,29884,29884
0.112,0.368,2.7426,7.2658,33471,-1.1231e+06,40733,40733
0.112,0.352,3.2811,7.7169,31487,-7.4593e+05,40576,40576
0.112,0.336,1.3894,7.1415,-1.0322e+05,-5.0792e+05,28400,28400
0.112,0.32,0.74929,5.5381,-3.214e+05,-1.9737e+05,11121,11121
0.112,0.304,1.9156,7.9791,-1.8214e+05,-23195,-2110.9,2110.9
0.112,0.288,2.2366,7.5833,3.5582e+05,1.0833e+05,-6944,6944
0.112,0.272,2.5804,6.8816,8.7163e+05,-3.4072e+05,-3669.5,3669.5
0.112,0.256,3.363,6.039,1.0551e+06,-5.181e+05,8326.2,8326.2
0.112,0.24,5.2569,1.3044,6.9392e+05,-6.4433e+05,20065,20065
0.112,0.224,5.8871,1.8136,2.9985e+05,-1.593e+05,27663,27663
0.112,0.208,2.5923,3.8319,-1.7383e+05,1.3105e+05,27832,27832
0.112,0.192,1.6147,4.2089,-5.9163e+05,6.3397e+05,25906,25906
0.112,0.176,-1.9097,7.8348,-9.0611e+05,9.3716e+05,22666,22666
0.112,0.16,-4.2892,8.0708,-9.8902e+05,1.2913e+06,12824,12824
0.112,0.144,-2.6661,9.2932,-7.6322e+05,1.1757e+06,-3114.1,3114.1
0.112,0.128,-1.9703,9.4287,-2.0114e+05,6.3954e+05,-17993,17993
0.112,0.112,-0.8576,8.2243,2.653e+05,-2.333e+05,-21106,21106
0.112,0.096,0.82499,5.0741,4.6055e+05,-8.0759e+05,-17244,17244
0.112,0.08,1.7984,0.85155,2.8738e+05,-8.1995e+05,-9219.3,9219.3
0.112,0.064,1.4823,2.0588,89559,-4.7062e+05,-4556.5,4556.5
0.112,0.048,2.0013,2.3931,-7391.7,-1.2395e+05,-671.36,671.36
0.112,0.032,2.5251,2.1039,-5427.8,-21014,937.39,937.39
0.112,0.016,0.13924,0.53166,0,0,1166.7,1166.7
0.128,0.496,4.7173,12.331,0,0,-469.06,469.06
0.128,0.48,3.2765,16.168,0,0,1849.5,1849.5
0.128,0.464,2.6558,16.765,1.5549e+05,-1.9281e+06,4309.7,4309.7
0.128,0.448,2.414,19.891,1.935e+05,-1.9535e+06,5926.4,5926.4
0.128,0.432,1.7792,20.832,2.4473e+05,-2.1783e+06,44.571,44.571
0.128,0.416,2.4274,17.664,3.9116e+05,-2.6604e+06,-1977.9,1977.9
0.128,0.4,2.1144,13.462,2.8299e+05,-2.6907e+06,5869.1,5869.1
0.128,0.384,0.57085,10.517,2.267e+05,-2.6069e+06,25490,25490
0.128,0.368,0.66297,9.8899,2.0249e+05,-2.242e+06,50025,50025
0.128,0.352,1.4772,9.45,1.1453e+05,-1.5579e+06,67521,67521
0.128,0.336,2.41,7.624,-2.6444e+05,-8.0393e+05,64253,64253
0.128,0.32,-2.0095,7.0231,-7.7833e+05,-1.0303e+05,42259,42259
0.128,0.304,-5.7405,7.6816,-8.1674e+05,1.2894e+05,16750,16750
0.128,0.288,-2.0261,6.3354,-1.9267e+05,3.0407e+05,4797,4797
0.128,0.272,2.0735,9.4427,4.0391e+05,53494,6376.3,6376.3
0.128,0.256,0.87746,3.6216,6.2416e+05,-2.3302e+05,17731,17731
0.128,0.24,2.653,1.1813,4.9329e+05,-5.0913e+05,28172,28172
0.128,0.224,2.053,2.0183,3.2165e+05,-2.3904e+05,35989,35989
0.128,0.208,1.2784,6.102,38548,2.3565e+05,36223,36223
0.128,0.192,-0.93192,8.9084,-5.0177e+05,9.7261e+05,32898,32898
0.128,0.176,-3.1098,10.966,-1.078e+06,1.5229e+06,25863,25863
0.128,0.16,-5.1696,15.003,-1.4076e+06,2.1299e+06,12035,12035
0.128,0.144,-6.3078,16.324,-1.3292e+06,2.2487e+06,-6581.7,6581.7
0.128,0.128,-5.6778,11.603,-8.9032e+05,2.0707e+06,-25142,25142
0.128,0.112,-2.633,11.816,-1.6804e+05,8.8375e+05,-35212,35212
0.128,0.096,0.87051,10.352,3.534e+05,-5.9056e+05,-34508,34508
0.128,0.08,1.7671,6.3008,5.1815e+05,-1.4602e+06,-28185,28185
0.128,0.064,1.5312,5.1125,2.8551e+05,-1.3003e+06,-17289,17289
0.128,0.048,1.8145,3.246,60355,-5.1921e+05,-8308.3,8308.3
0.128,0.032,1.5274,2.8182,11356,-1.4695e+05,-901.96,901.96
0.128,0.016,0.45905,-0.882,0,0,795.16,795.16
0.144,0.496,2.8977,28.403,0,0,-241.37,241.37
0.144,0.48,0.83795,30.946,0,0,1093.8,1093.8
0.144,0.464,-0.58129,32.678,NaN,NaN,1562,1562
0.144,0.448,-1.1711,37.173,NaN,NaN,4154.5,4154.5
0.144,0.432,-0.66811,36.461,NaN,NaN,-3453.7,3453.7
0.144,0.416,0.84389,29.738,2.5613e+05,-2.1943e+06,-12122,12122
0.144,0.4,0.37227,21.975,61600,-2.43e+06,-11322,11322
0.144,0.384,0.47523,17.007,33815,-2.7069e+06,3510.3,3510.3
0.144,0.368,1.964,14.654,-72148,-2.5613e+06,31800,31800
0.144,0.352,1.9167,13.366,-2.0451e+05,-1.8695e+06,62967,62967
0.144,0.336,-1.297,9.4066,-6.3261e+05,-9.2894e+05,74708,74708
0.144,0.32,-5.0565,8.3028,-1.1118e+06,-1.1831e+05,61960,61960
0.144,0.304,-6.7752,9.6211,-1.2182e+06,1.2366e+05,33848,33848
0.144,0.288,-5.6942,9.9588,-6.8766e+05,3.6832e+05,12288,12288
0.144,0.272,-3.7714,11.061,-47664,2.9254e+05,7755.3,7755.3
0.144,0.256,-2.5884,9.2514,2.8131e+05,30381,18720,18720
0.144,0.24,-2.1322,4.7459,2.2564e+05,-3.4362e+05,29830,29830
0.144,0.224,-0.96346,6.7836,1.6697e+05,-3.0513e+05,40288,40288
0.144,0.208,0.58201,7.8048,14570,1.2382e+05,41289,41289
0.144,0.192,-0.5623,11.742,-2.8601e+05,8.4084e+05,39369,39369
0.144,0.176,-2.3737,14.225,-7.2735e+05,1.6428e+06,24229,24229
0.144,0.16,-4.9997,20.324,-1.0362e+06,2.6124e+06,6364.2,6364.2
0.144,0.144,-6.3478,27.492,-1.0734e+06,3.2369e+06,-13077,13077
0.144,0.128,-5.5614,27.299,-8.8152e+05,3.3662e+06,-26170,26170
0.144,0.112,-5.2049,23.682,-3.3982e+05,2.2549e+06,-41654,41654
0.144,0.096,-0.51732,17.873,2.406e+05,75298,-50992,50992
0.144,0.08,1.9192,9.7088,5.5403e+05,-1.6676e+06,-49469,49469
0.144,0.064,2.1143,6.7561,4.1706e+05,-2.0554e+06,-32147,32147
0.144,0.048,1.5408,4.3749,1.2563e+05,-1.0341e+06,-14045,14045
0.144,0.032,0.83049,3.7476,17674,-2.7989e+05,-2273.4,2273.4
0.144,0.016,1.4023,-0.89078,0,0,438.29,438.29
0.16,0.496,1.2401,39.469,0,0,0,0
0.16,0.48,0.35158,40.352,0,0,0,0
0.16,0.464,0.11118,41.746,NaN,NaN,0,0
0.16,0.448,-0.29321,42.428,NaN,NaN,NaN,NaN
0.16,0.432,-0.89803,41.618,NaN,NaN,-22928,22928
0.16,0.416,-1.1959,39.438,NaN,NaN,-29105,29105
0.16,0.4,-0.07967,33.838,2.0625e+05,-3.1156e+06,-35483,35483
0.16,0.384,0.0056237,27,1.7399e+05,-3.4389e+06,-31974,31974
0.16,0.368,-1.2312,22.204,-2.4053e+05,-2.7807e+06,-18296,18296
0.16,0.352,-4.1383,17.76,-5.0773e+05,-2.079e+06,7408.8,7408.8
0.16,0.336,-4.6169,12.415,-8.9287e+05,-1.4228e+06,23570,23570
0.16,0.32,-4.6643,9.6511,-1.1649e+06,-8.7775e+05,24617,24617
0.16,0.304,-4.6537,10.46,-1.2255e+06,-6.6052e+05,12178,12178
0.16,0.288,-3.2574,12.068,-8.5834e+05,-3.2408e+05,4141,4141
0.16,0.272,-2.1859,15.123,-1.8224e+05,-1.5695e+05,2397.9,2397.9
0.16,0.256,-1.8742,15.831,2.3526e+05,-2.6737e+05,13214,13214
0.16,0.24,-0.075078,11.215,3.7085e+05,-3.6621e+05,23111,23111
0.16,0.224,-1.2701,9.4791,3.0815e+05,-4.6137e+05,32334,32334
0.16,0.208,-1.5537,11.672,2.992e+05,-3.3276e+05,33745,33745
0.16,0.192,-0.2556,13.28,1.9013e+05,-23141,29259,29259
0.16,0.176,-0.75971,17.4,2227.3,8.1462e+05,9164,9164
0.16,0.16,-2.5596,24.029,-1.9099e+05,2.118e+06,-11000,11000
0.16,0.144,-4.0233,29.68,-3.5127e+05,3.3493e+06,-28147,28147
0.16,0.128,-4.8719,33.16,-5.5885e+05,3.9152e+06,-34206,34206
0.16,0.112,-3.771,31.97,-4.6415e+05,3.317e+06,-53574,53574
0.16,0.096,-2.2814,24.886,-1.0345e+05,1.0011e+06,-69442,69442
0.16,0.08,-0.13288,15.958,3.3374e+05,-1.3909e+06,-70383,70383
0.16,0.064,0.15366,10.208,4.1258e+05,-2.4895e+06,-45426,45426
0.16,0.048,1.0221,6.1042,2.2495e+05,-1.5772e+06,-18725,18725
0.16,0.032,2.1775,4.2783,60240,-4.9844e+05,-3128.3,3128.3
0.16,0.016,2.4171,0.98519,0,0,-93.012,93.012
0.176,0.496,1.7178,37.195,0,0,0,0
0.176,0.48,0.57637,36.658,0,0,0,0
0.176,0.464,0.45356,38.17,NaN,NaN,0,0
0.176,0.448,0.17484,37.406,NaN,NaN,NaN,NaN
0.176,0.432,-0.196,37.288,NaN,NaN,NaN,NaN
0.176,0.416,-0.80436,37.292,NaN,NaN,-57031,57031
0.176,0.4,-1.6249,35.481,NaN,NaN,-64804,64804
0.176,0.384,-2.0519,33.213,-3.2311e+05,-2.4093e+06,-80533,80533
0.176,0.368,-3.4776,30.151,-8.8644e+05,-1.7367e+06,-85703,85703
0.176,0.352,-4.7384,28.631,-9.2968e+05,-1.5773e+06,-84142,84142
0.176,0.336,-4.4483,25.964,-1.0821e+06,-1.4814e+06,-70909,70909
0.176,0.32,-5.1716,21.399,-1.0848e+06,-1.3152e+06,-40577,40577
0.176,0.304,-5.1638,19.639,-8.7359e+05,-7.6729e+05,-14528,14528
0.176,0.288,-3.8594,21.933,-4.5754e+05,-2.0013e+05,9263.3,9263.3
0.176,0.272,-1.3232,24.128,6961.9,78729,11660,11660
0.176,0.256,-0.06533,23.801,3.9e+05,-36726,16624,16624
0.176,0.24,-0.087467,20.513,5.3281e+05,-2.5654e+05,19604,19604
0.176,0.224,-0.59259,18.153,5.4492e+05,-5.9407e+05,25220,25220
0.176,0.208,-0.30864,17.386,4.5548e+05,-9.5885e+05,27523,27523
0.176,0.192,0.40352,16.733,3.7203e+05,-1.2907e+06,23070,23070
0.176,0.176,0.69756,19.099,3.4912e+05,-8.6023e+05,-138.27,138.27
0.176,0.16,-0.32415,26.473,3.4236e+05,2.6698e+05,-23767,23767
0.176,0.144,-0.95073,31.438,2.5176e+05,1.5687e+06,-45809,45809
0.176,0.128,-2.2782,32.891,-22712,2.1499e+06,-56651,56651
0.176,0.112,-3.3292,31.323,-2.2045e+05,1.9291e+06,-77909,77909
0.176,0.096,-2.2611,25.741,-1.7006e+05,4.9132e+05,-93471,93471
0.176,0.08,-0.97914,19.292,50067,-1.3109e+06,-88040,88040
0.176,0.064,0.18213,13.784,1.9826e+05,-2.4588e+06,-56103,56103
0.176,0.048,0.81976,9.4746,1.4714e+05,-1.811e+06,-21590,21590
0.176,0.032,1.6283,6.8592,60047,-7.3907e+05,-2488.6,2488.6
0.176,0.016,2.9675,3.832,0,0,372.1,372.1
0.192,0.496,0.98674,32.691,0,0,0,0
0.192,0.48,0.59382,31.92,0,0,0,0
0.192,0.464,1.2969,34.243,NaN,NaN,0,0
0.192,0.448,1.6914,32.652,NaN,NaN,NaN,NaN
0.192,0.432,1.434,32.74,NaN,NaN,NaN,NaN
0.192,0.416,1.0029,33.49,NaN,NaN,NaN,NaN
0.192,0.4,-0.065877,35.392,NaN,NaN,-1.0473e+05,1.0473e+05
0.192,0.384,-1.0614,38.043,NaN,NaN,-1.2842e+05,1.2842e+05
0.192,0.368,-2.7133,38.552,-1.3085e+06,-1.0548e+06,-1.3078e+05,1.3078e+05
0.192,0.352,-3.0445,39.997,-1.1021e+06,-1.706e+06,-1.3615e+05,1.3615e+05
0.192,0.336,-2.3759,40.892,-1.0231e+06,-2.1613e+06,-1.3125e+05,1.3125e+05
0.192,0.32,-2.137,40.83,-9.6042e+05,-2.3882e+06,-1.0068e+05,1.0068e+05
0.192,0.304,-0.26804,40.771,-7.0428e+05,-1.2653e+06,-60128,60128
0.192,0.288,0.26098,40.095,-3.0135e+05,-4.5075e+05,-12512,12512
0.192,0.272,1.9937,40.886,57996,1.957e+05,13266,13266
0.192,0.256,2.5893,39.156,2.892e+05,4.1617e+05,26930,26930
0.192,0.24,2.2366,37.451,3.2384e+05,5.4318e+05,15205,15205
0.192,0.224,1.5561,34.395,3.4336e+05,2.8751e+05,12055,12055
0.192,0.208,0.59904,31.679,2.8076e+05,-2.4363e+05,7043.7,7043.7
0.192,0.192,-0.052497,29.056,2.4379e+05,-1.0188e+06,8023.7,8023.7
0.192,0.176,1.0147,24.586,2.1846e+05,-1.261e+06,-10156,10156
0.192,0.16,0.60151,28.959,1.8249e+05,-9.446e+05,-37966,37966
0.192,0.144,-0.29474,32.826,37544,-3.6411e+05,-74440,74440
0.192,0.128,-0.5243,31.825,-1.2902e+05,-2.5496e+05,-96788,96788
0.192,0.112,-1.0987,28.94,-93355,-6.2231e+05,-1.1288e+05,1.1288e+05
0.192,0.096,-0.53239,24.163,63947,-1.363e+06,-1.1562e+05,1.1562e+05
0.192,0.08,0.12648,21.154,2.9168e+05,-2.2636e+06,-99624,99624
0.192,0.064,-0.60423,19.364,3.7635e+05,-2.7912e+06,-65165,65165
0.192,0.048,-0.73294,17.307,2.8471e+05,-1.9998e+06,-27084,27084
0.192,0.032,2.1311,11.939,1.4134e+05,-9.2017e+05,-4520.4,4520.4
0.192,0.016,3.8727,5.9141,0,0,1152,1152
0.208,0.496,1.4922,34.061,0,0,0,0
0.208,0.48,1.4937,33.364,0,0,0,0
0.208,0.464,1.4783,35.412,NaN,NaN,0,0
0.208,0.448,2.1082,35.051,NaN,NaN,NaN,NaN
0.208,0.432,1.2241,35.484,NaN,NaN,NaN,NaN
0.208,0.416,0.26727,36.442,NaN,NaN,NaN,NaN
0.208,0.4,-1.1791,38.628,NaN,NaN,NaN,NaN
0.208,0.384,-1.9823,40.299,NaN,NaN,-1.8932e+05,1.8932e+05
0.208,0.368,-2.7075,41.833,NaN,NaN,-1.8684e+05,1.8684e+05
0.208,0.352,-3.074,43.643,NaN,NaN,-1.8557e+05,1.8557e+05
0.208,0.336,-1.9648,46.176,NaN,NaN,-1.8178e+05,1.8178e+05
0.208,0.32,-1.3557,47.453,NaN,NaN,-1.245e+05,1.245e+05
0.208,0.304,-0.4339,47.522,-63077,1.5383e+06,-68799,68799
0.208,0.288,0.19994,48.262,1.0424e+05,1.5248e+06,-8637.6,8637.6
0.208,0.272,-0.11997,47.9,63861,1.5944e+06,18031,18031
0.208,0.256,-0.21125,47.044,-34053,1.8211e+06,35061,35061
0.208,0.24,-0.25623,47.155,-1.276e+05,1.7067e+06,24130,24130
0.208,0.224,-0.60399,46.547,-1.8631e+05,1.425e+06,11721,11721
0.208,0.208,-1.7742,44.603,-1.8895e+05,7.7563e+05,-4689.1,4689.1
0.208,0.192,-2.4939,42.717,-97386,-1.4722e+05,-7764.4,7764.4
0.208,0.176,-2.1036,39.556,-5054.6,-1.0656e+06,-30802,30802
0.208,0.16,-2.465,37.071,14874,-1.8296e+06,-71445,71445
0.208,0.144,-2.6928,33.944,-48680,-2.2233e+06,-1.1729e+05,1.1729e+05
0.208,0.128,-1.9797,30.545,-33393,-2.4895e+06,-1.3761e+05,1.3761e+05
0.208,0.112,-0.16304,28.43,1.8306e+05,-2.7604e+06,-1.3956e+05,1.3956e+05
0.208,0.096,2.4493,27.166,4.0608e+05,-2.8746e+06,-1.2657e+05,1.2657e+05
0.208,0.08,2.5778,26.969,5.7845e+05,-2.9556e+06,-1.0125e+05,1.0125e+05
0.208,0.064,2.7282,29.067,6.401e+05,-2.9562e+06,-65262,65262
0.208,0.048,2.9944,26.828,4.4962e+05,-1.9964e+06,-29600,29600
0.208,0.032,4.4755,19.865,2.373e+05,-1.0086e+06,-6667.7,6667.7
0.208,0.016,5.0947,10.979,0,0,529.16,529.16
0.224,0.496,1.6617,40.165,0,0,0,0
0.224,0.48,2.8136,36.066,0,0,0,0
0.224,0.464,2.1352,38.844,NaN,NaN,0,0
0.224,0.448,1.0163,39.94,NaN,NaN,NaN,NaN
0.224,0.432,0.84098,39.679,NaN,NaN,NaN,NaN
0.224,0.416,0.91218,40.714,NaN,NaN,NaN,NaN
0.224,0.4,-0.72609,42.488,NaN,NaN,NaN,NaN
0.224,0.384,-1.7617,43.847,NaN,NaN,NaN,NaN
0.224,0.368,-3.2436,46.342,NaN,NaN,NaN,NaN
0.224,0.352,-3.7721,47.985,NaN,NaN,NaN,NaN
0.224,0.336,-2.6726,49.527,NaN,NaN,NaN,NaN
0.224,0.32,-2.3049,51.898,NaN,NaN,-1.3547e+05,1.3547e+05
0.224,0.304,-1.4847,52.001,NaN,NaN,-97139,97139
0.224,0.288,-0.99155,51.53,NaN,NaN,-32011,32011
0.224,0.272,-1.7375,51.338,-2.4005e+05,2.6781e+06,14378,14378
0.224,0.256,-2.0446,50.831,-4.0168e+05,2.8269e+06,45540,45540
0.224,0.24,-2.3857,51.034,-6.0042e+05,2.7842e+06,38559,38559
0.224,0.224,-3.1215,50.082,-7.1691e+05,2.587e+06,22717,22717
0.224,0.208,-3.3492,48.809,-6.9568e+05,2.1749e+06,-9062.3,9062.3
0.224,0.192,-3.3262,46.79,-4.4451e+05,1.3693e+06,-27092,27092
0.224,0.176,-2.4912,43.777,-1.4919e+05,2.8804e+05,-60501,60501
0.224,0.16,-1.9901,38.944,18812,-9.4664e+05,-1.0672e+05,1.0672e+05
0.224,0.144,-0.93502,33.785,96126,-1.9336e+06,-1.4706e+05,1.4706e+05
0.224,0.128,0.57853,34.031,2.4923e+05,-2.5696e+06,-1.5395e+05,1.5395e+05
0.224,0.112,1.7339,36.303,5.1779e+05,-2.9074e+06,-1.3838e+05,1.3838e+05
0.224,0.096,1.9772,36.9,7.1588e+05,-3.0009e+06,-1.138e+05,1.138e+05
0.224,0.08,1.5712,38.73,8.2136e+05,-2.9358e+06,-80695,80695
0.224,0.064,2.4202,38.329,8.5301e+05,-2.7384e+06,-49824,49824
0.224,0.048,3.8057,36.488,5.9282e+05,-1.7662e+06,-21515,21515
0.224,0.032,4.0739,32.744,3.0256e+05,-8.551e+05,-7238.8,7238.8
0.224,0.016,3.4339,27.099,0,0,-42.561,42.561
0.24,0.496,1.3944,44.605,0,0,0,0
0.24,0.48,1.9741,41.204,0,0,0,0
0.24,0.464,2.4147,41.865,NaN,NaN,0,0
0.24,0.448,1.2552,40.94,NaN,NaN,NaN,NaN
0.24,0.432,1.0178,41.011,NaN,NaN,NaN,NaN
0.24,0.416,0.86399,41.367,NaN,NaN,NaN,NaN
0.24,0.4,-0.31293,44.63,NaN,NaN,NaN,NaN
0.24,0.384,-0.25597,47.349,NaN,NaN,NaN,NaN
0.24,0.368,-0.84075,49.783,NaN,NaN,NaN,NaN
0.24,0.352,-2.0162,50.965,NaN,NaN,NaN,NaN
0.24,0.336,-3.2369,52.845,NaN,NaN,NaN,NaN
0.24,0.32,-2.8292,55.284,NaN,NaN,NaN,NaN
0.24,0.304,-2.2833,55.666,NaN,NaN,NaN,NaN
0.24,0.288,-2.6124,54.171,NaN,NaN,-4206.9,4206.9
0.24,0.272,-2.8609,53.767,NaN,NaN,16707,16707
0.24,0.256,-2.9505,53.747,-7.4485e+05,3.1819e+06,58277,58277
0.24,0.24,-3.2969,53.565,-9.3285e+05,3.0987e+06,62617,62617
0.24,0.224,-3.7164,52.518,-9.2387e+05,2.7801e+06,45243,45243
0.24,0.208,-3.6452,51.784,-8.4678e+05,2.4425e+06,-49.514,49.514
0.24,0.192,-2.3513,50.735,-6.0491e+05,1.84e+06,-38378,38378
0.24,0.176,-0.54717,49.109,-2.5741e+05,9.3498e+05,-79809,79809
0.24,0.16,0.88369,47.601,62021,-2.2508e+05,-1.1625e+05,1.1625e+05
0.24,0.144,2.5087,45.819,2.9244e+05,-1.153e+06,-1.3816e+05,1.3816e+05
0.24,0.128,2.8206,44.76,4.6203e+05,-1.6812e+06,-1.3107e+05,1.3107e+05
0.24,0.112,2.4436,44.965,5.6851e+05,-1.7885e+06,-1.1351e+05,1.1351e+05
0.24,0.096,1.3581,45.502,6.0091e+05,-1.7859e+06,-88816,88816
0.24,0.08,0.86553,46.336,5.7497e+05,-1.7728e+06,-55506,55506
0.24,0.064,0.84302,46.434,5.626e+05,-1.7869e+06,-25305,25305
0.24,0.048,0.50662,46.41,3.802e+05,-1.2098e+06,-7352.3,7352.3
0.24,0.032,-0.25626,45.889,1.9402e+05,-6.1023e+05,-1948.3,1948.3
0.24,0.016,-0.85196,44.487,0,0,-1260.6,1260.6
0.256,0.496,1.3591,46.15,0,0,0,0
0.256,0.48,1.015,44.188,0,0,0,0
0.256,0.464,0.96409,44.931,NaN,NaN,0,0
0.256,0.448,1.3392,45.001,NaN,NaN,NaN,NaN
0.256,0.432,2.3535,44.792,NaN,NaN,NaN,NaN
0.256,0.416,1.8706,45.721,NaN,NaN,NaN,NaN
0.256,0.4,0.34836,47.747,NaN,NaN,NaN,NaN
0.256,0.384,-0.035363,49.892,NaN,NaN,NaN,NaN
0.256,0.368,0.091565,50.729,NaN,NaN,NaN,NaN
0.256,0.352,-0.56486,51.217,NaN,NaN,NaN,NaN
0.256,0.336,-1.0832,52.803,NaN,NaN,NaN,NaN
0.256,0.32,-1.0162,54.192,NaN,NaN,NaN,NaN
0.256,0.304,-0.57206,54.465,NaN,NaN,NaN,NaN
0.256,0.288,-1.3127,54.367,NaN,NaN,NaN,NaN
0.256,0.272,-1.8108,54.345,NaN,NaN,68504,68504
0.256,0.256,-2.3088,55.308,NaN,NaN,85406,85406
0.256,0.24,-1.9415,55.434,-6.419e+05,2.0919e+06,74866,74866
0.256,0.224,-1.3241,55.477,-6.423e+05,2.1204e+06,49049,49049
0.256,0.208,-2.4451,56.005,-6.3147e+05,2.0649e+06,3246.6,3246.6
0.256,0.192,-2.2496,55.669,-5.3694e+05,1.8141e+06,-39967,39967
0.256,0.176,-0.7921,54.531,-2.914e+05,1.2395e+06,-85759,85759
0.256,0.16,1.1608,53.972,13710,4.9996e+05,-1.1128e+05,1.1128e+05
0.256,0.144,2.3905,53.037,2.1931e+05,-1.2145e+05,-1.2004e+05,1.2004e+05
0.256,0.128,1.6724,51.867,3.0382e+05,-5.524e+05,-1.0092e+05,1.0092e+05
0.256,0.112,2.1442,50.727,3.0404e+05,-7.3998e+05,-85075,85075
0.256,0.096,1.3188,50.61,2.8479e+05,-8.8857e+05,-66535,66535
0.256,0.08,-0.037548,50.558,1.9322e+05,-9.6639e+05,-36728,36728
0.256,0.064,-1.2774,50.923,85898,-1.0283e+06,-9308.5,9308.5
0.256,0.048,-2.1224,51.333,17829,-7.0182e+05,5716.8,5716.8
0.256,0.032,-2.4017,51.274,-6450.2,-3.316e+05,4856.1,4856.1
0.256,0.016,-3.4741,51.409,0,0,690.76,690.76
0.272,0.496,0.29116,48.647,0,0,0,0
0.272,0.48,-0.73845,47.676,0,0,0,0
0.272,0.464,-1.1424,48.599,NaN,NaN,0,0
0.272,0.448,-1.1423,50.224,NaN,NaN,NaN,NaN
0.272,0.432,-0.53823,50.217,NaN,NaN,NaN,NaN
0.272,0.416,-0.44016,51.393,NaN,NaN,NaN,NaN
0.272,0.4,-0.38112,52.859,NaN,NaN,NaN,NaN
0.272,0.384,0.19035,53.939,NaN,NaN,NaN,NaN
0.272,0.368,0.041202,54.78,NaN,NaN,NaN,NaN
0.272,0.352,-0.54082,53.475,NaN,NaN,NaN,NaN
0.272,0.336,-0.9056,53.311,NaN,NaN,NaN,NaN
0.272,0.32,-1.2286,54.229,NaN,NaN,NaN,NaN
0.272,0.304,-0.79933,53.438,NaN,NaN,8257.2,8257.2
0.272,0.288,-0.49172,53.198,NaN,NaN,32273,32273
0.272,0.272,-0.41671,53.155,NaN,NaN,47125,47125
0.272,0.256,-0.72182,53.324,-1.736e+05,-4.1155e+05,64507,64507
0.272,0.24,-0.74212,52.712,-95921,98980,58952,58952
0.272,0.224,-0.53445,53.38,-1.6414e+05,6.2416e+05,38148,38148
0.272,0.208,-0.92507,54.594,-2.4148e+05,9.3352e+05,1095.2,1095.2
0.272,0.192,-2.2858,54.948,-2.9827e+05,9.8894e+05,-34064,34064
0.272,0.176,-1.7002,54.047,-2.3862e+05,6.779e+05,-79332,79332
0.272,0.16,0.39236,53.323,-96174,2.3965e+05,-1.015e+05,1.015e+05
0.272,0.144,0.54661,53.402,-18542,-1.4981e+05,-1.1119e+05,1.1119e+05
0.272,0.128,-0.31909,52.751,-14170,-4.5529e+05,-92302,92302
0.272,0.112,-0.44184,51.359,-68988,-5.9848e+05,-79019,79019
0.272,0.096,-1.0374,51.313,-1.2134e+05,-7.3442e+05,-63401,63401
0.272,0.08,-2.0915,51.043,-1.9777e+05,-8.2078e+05,-35029,35029
0.272,0.064,-2.8659,50.372,-2.8238e+05,-8.6466e+05,-4499.8,4499.8
0.272,0.048,-3.6753,51.304,-2.1134e+05,-5.7712e+05,11100,11100
0.272,0.032,-4.3749,51.767,-1.2148e+05,-2.5737e+05,9588.3,9588.3
0.272,0.016,-4.7584,51.086,0,0,2022.1,2022.1
0.288,0.496,0.67135,52.584,0,0,0,0
0.288,0.48,0.49081,51.378,0,0,0,0
0.288,0.464,-0.49302,52.389,NaN,NaN,0,0
0.288,0.448,-1.4515,53.179,NaN,NaN,NaN,NaN
0.288,0.432,-0.53044,53.539,NaN,NaN,NaN,NaN
0.288,0.416,0.51195,53.541,NaN,NaN,NaN,NaN
0.288,0.4,0.78246,53.112,NaN,NaN,NaN,NaN
0.288,0.384,0.69734,54.156,NaN,NaN,NaN,NaN
0.288,0.368,0.38145,54.776,NaN,NaN,NaN,NaN
0.288,0.352,-0.17743,53.028,NaN,NaN,NaN,NaN
0.288,0.336,-0.76636,51.576,NaN,NaN,-1.7876e+05,1.7876e+05
0.288,0.32,-1.0801,51.27,NaN,NaN,-1.6361e+05,1.6361e+05
0.288,0.304,-0.89757,50.331,NaN,NaN,-78758,78758
0.288,0.288,-0.7404,50.184,-5.7145e+05,-1.6741e+06,-21474,21474
0.288,0.272,-0.58373,50.054,-5.3487e+05,-1.641e+06,9363.6,9363.6
0.288,0.256,-0.70494,49.618,-4.0949e+05,-1.3274e+06,12293,12293
0.288,0.24,-0.62217,49.171,-2.4488e+05,-7.6891e+05,13764,13764
0.288,0.224,-0.62197,49.886,-1.7538e+05,-4.46e+05,10410,10410
0.288,0.208,-0.029808,50.556,-1.8546e+05,-1.8839e+05,-3795.6,3795.6
0.288,0.192,-0.32527,50.126,-2.2398e+05,-1.1135e+05,-25561,25561
0.288,0.176,-0.025006,50.338,-2.1111e+05,-2.0144e+05,-71970,71970
0.288,0.16,-0.18042,50.039,-1.3948e+05,-3.7627e+05,-1.0241e+05,1.0241e+05
0.288,0.144,-0.80149,48.959,-80733,-5.9535e+05,-1.233e+05,1.233e+05
0.288,0.128,-1.1179,47.903,-1.2796e+05,-8.9099e+05,-1.0916e+05,1.0916e+05
0.288,0.112,-2.3449,46.961,-2.9839e+05,-1.299e+06,-97142,97142
0.288,0.096,-3.7833,46.843,-4.7162e+05,-1.6249e+06,-77333,77333
0.288,0.08,-4.2263,46.292,-5.6503e+05,-1.7128e+06,-44252,44252
0.288,0.064,-2.9124,46.848,-5.5221e+05,-1.5293e+06,-10032,10032
0.288,0.048,-2.6536,48.603,-3.5445e+05,-9.5266e+05,10062,10062
0.288,0.032,-3.4485,50.443,-1.7868e+05,-4.1659e+05,9881.5,9881.5
0.288,0.016,-2.9726,49.731,0,0,3289.5,3289.5
0.304,0.496,1.6692,53.036,0,0,0,0
0.304,0.48,1.9145,52.538,0,0,0,0
0.304,0.464,1.7291,52.66,NaN,NaN,0,0
0.304,0.448,2.1809,52.394,NaN,NaN,NaN,NaN
0.304,0.432,2.9799,52.697,NaN,NaN,NaN,NaN
0.304,0.416,2.474,51.84,NaN,NaN,NaN,NaN
0.304,0.4,1.7297,49.584,NaN,NaN,NaN,NaN
0.304,0.384,1.0622,48.977,NaN,NaN,NaN,NaN
0.304,0.368,0.84188,49.257,NaN,NaN,NaN,NaN
0.304,0.352,0.051226,47.258,NaN,NaN,NaN,NaN
0.304,0.336,-1.3494,44.801,NaN,NaN,-2.0338e+05,2.0338e+05
0.304,0.32,-1.2005,44.236,-5.302e+05,-2.7068e+06,-1.5343e+05,1.5343e+05
0.304,0.304,-0.86693,44.421,-5.8572e+05,-2.6097e+06,-98926,98926
0.304,0.288,-1.0442,44.951,-6.2686e+05,-2.389e+06,-52587,52587
0.304,0.272,-1.2345,44.396,-5.9037e+05,-2.2453e+06,-58955,58955
0.304,0.256,-1.2469,43.911,-4.2551e+05,-1.8638e+06,-62858,62858
0.304,0.24,-1.1852,44.276,-2.5246e+05,-1.5697e+06,-52275,52275
0.304,0.224,-2.194,45.081,-2.0703e+05,-1.3227e+06,-17492,17492
0.304,0.208,-1.2655,45.434,-2.4524e+05,-1.2866e+06,-10412,10412
0.304,0.192,-0.6728,46.467,-2.692e+05,-1.1952e+06,-18921,18921
0.304,0.176,-0.39438,45.704,-2.4638e+05,-1.1074e+06,-55161,55161
0.304,0.16,-0.44285,43.259,-1.5367e+05,-9.6268e+05,-89007,89007
0.304,0.144,-0.3477,40.826,-79044,-1.0462e+06,-1.1693e+05,1.1693e+05
0.304,0.128,-0.28096,38.97,-68484,-1.451e+06,-1.2162e+05,1.2162e+05
0.304,0.112,-2.3317,36.338,-2.8111e+05,-2.2262e+06,-1.1664e+05,1.1664e+05
0.304,0.096,-6.0579,34.191,-5.4675e+05,-2.8766e+06,-97257,97257
0.304,0.08,-5.4496,35.766,-7.0434e+05,-3.0801e+06,-58337,58337
0.304,0.064,-4.622,36.862,-6.3417e+05,-2.71e+06,-18981,18981
0.304,0.048,-4.1191,38.79,-3.773e+05,-1.6401e+06,4926.5,4926.5
0.304,0.032,-2.9736,43.21,-1.6217e+05,-7.0569e+05,7356.9,7356.9
0.304,0.016,-0.6708,43.026,0,0,2441.5,2441.5
0.32,0.496,2.3189,53.618,0,0,0,0
0.32,0.48,2.913,53.16,0,0,0,0
0.32,0.464,3.691,53.259,NaN,NaN,0,0
0.32,0.448,3.9326,52.373,NaN,NaN,NaN,NaN
0.32,0.432,3.2052,51.974,NaN,NaN,NaN,NaN
0.32,0.416,2.1005,50.257,NaN,NaN,NaN,NaN
0.32,0.4,1.3415,47.622,NaN,NaN,NaN,NaN
0.32,0.384,1.0526,45.586,NaN,NaN,NaN,NaN
0.32,0.368,0.51217,43.705,NaN,NaN,-1.8355e+05,1.8355e+05
0.32,0.352,-1.1694,41.144,NaN,NaN,-1.6941e+05,1.6941e+05
0.32,0.336,-0.64937,39.969,NaN,NaN,-1.7432e+05,1.7432e+05
0.32,0.32,0.55999,39.648,-6.2501e+05,-2.7862e+06,-1.5106e+05,1.5106e+05
0.32,0.304,0.76555,39.33,-6.733e+05,-2.8146e+06,-1.3637e+05,1.3637e+05
0.32,0.288,0.51469,39.33,-5.9385e+05,-2.6453e+06,-1.2921e+05,1.2921e+05
0.32,0.272,0.084953,38.205,-4.5755e+05,-2.5705e+06,-1.5663e+05,1.5663e+05
0.32,0.256,0.30733,36.319,-3.1423e+05,-2.4897e+06,-1.4616e+05,1.4616e+05
0.32,0.24,0.7539,36.06,-2.2365e+05,-2.3828e+06,-1.103e+05,1.103e+05
0.32,0.224,0.33133,35.622,-3.1888e+05,-2.2113e+06,-50002,50002
0.32,0.208,-1.6434,37.263,-4.4377e+05,-2.0096e+06,-28374,28374
0.32,0.192,-3.0148,35.333,-4.6301e+05,-1.7563e+06,-21712,21712
0.32,0.176,-1.7091,31.802,-2.7728e+05,-1.3408e+06,-38993,38993
0.32,0.16,-0.85957,30.835,31154,-8.1223e+05,-62601,62601
0.32,0.144,0.43864,29.407,3.4218e+05,-2.5713e+05,-87248,87248
0.32,0.128,0.13668,25.787,4.6166e+05,-3.4605e+05,-99466,99466
0.32,0.112,-1.3912,23.546,2.6607e+05,-1.1068e+06,-1.0539e+05,1.0539e+05
0.32,0.096,-3.9927,23.038,-60130,-2.1577e+06,-95477,95477
0.32,0.08,-4.2668,22.098,-3.6341e+05,-2.778e+06,-63098,63098
0.32,0.064,-4.408,24.311,-4.1962e+05,-2.6472e+06,-26489,26489
0.32,0.048,-3.2993,27.31,-3.1315e+05,-1.705e+06,-549.1,549.1
0.32,0.032,-1.1495,34.166,-1.3612e+05,-7.363e+05,4736.5,4736.5
0.32,0.016,0.0087691,40.979,0,0,1678.7,1678.7
0.336,0.496,2.6615,54.267,0,0,0,0
0.336,0.48,3.5559,51.913,0,0,0,0
0.336,0.464,3.7077,51.783,NaN,NaN,0,0
0.336,0.448,2.9711,50.837,NaN,NaN,NaN,NaN
0.336,0.432,2.4799,50.025,NaN,NaN,NaN,NaN
0.336,0.416,1.2426,47.719,NaN,NaN,-3.3027e+05,3.3027e+05
0.336,0.4,0.26312,43.981,NaN,NaN,-2.9338e+05,2.9338e+05
0.336,0.384,-0.98533,41.453,NaN,NaN,-2.5068e+05,2.5068e+05
0.336,0.368,-2.5478,40.603,NaN,NaN,-1.1065e+05,1.1065e+05
0.336,0.352,-1.3578,39.065,-1.0026e+06,-3.7032e+06,-62545,62545
0.336,0.336,0.39538,40.043,-8.7479e+05,-3.3312e+06,-79082,79082
0.336,0.32,1.065,39.356,-7.8264e+05,-3.2735e+06,-1.0849e+05,1.0849e+05
0.336,0.304,0.37839,36.398,-8.2034e+05,-3.2283e+06,-1.3702e+05,1.3702e+05
0.336,0.288,-0.97796,33.759,-7.9473e+05,-3.38e+06,-1.5746e+05,1.5746e+05
0.336,0.272,-0.94327,27.128,-7.2123e+05,-3.5654e+06,-1.8643e+05,1.8643e+05
0.336,0.256,-0.20252,20.927,-5.1662e+05,-3.5816e+06,-1.5505e+05,1.5505e+05
0.336,0.24,-0.64799,20.461,-4.0353e+05,-3.3169e+06,-1.0395e+05,1.0395e+05
0.336,0.224,-2.5426,25.154,-4.0637e+05,-2.8942e+06,-44562,44562
0.336,0.208,-3.7707,24.847,-4.0944e+05,-2.4449e+06,-20071,20071
0.336,0.192,-2.6136,25.202,-2.8863e+05,-1.936e+06,-10332,10332
0.336,0.176,-1.1857,25.26,-7486.9,-1.1419e+06,-12922,12922
0.336,0.16,0.90816,29.328,3.5218e+05,-2.5563e+05,-24917,24917
0.336,0.144,0.94203,29.118,7.674e+05,7.6036e+05,-36231,36231
0.336,0.128,2.636,27.08,1.0401e+06,1.1947e+06,-49785,49785
0.336,0.112,2.728,24.617,9.3894e+05,9.0127e+05,-63938,63938
0.336,0.096,1.1803,25.034,6.2047e+05,-26833,-68694,68694
0.336,0.08,-0.12113,24.468,1.8104e+05,-1.1885e+06,-54243,54243
0.336,0.064,-2.1309,22.614,-95144,-1.8258e+06,-27818,27818
0.336,0.048,-2.4253,24.939,-1.8612e+05,-1.4895e+06,-7071.5,7071.5
0.336,0.032,-2.3551,29.792,-1.308e+05,-7.1522e+05,1443.9,1443.9
0.336,0.016,-1.6792,31.421,0,0,-55.625,55.625
0.352,0.496,3.0252,48.136,0,0,0,0
0.352,0.48,3.5706,47.183,0,0,0,0
0.352,0.464,3.7757,46.28,NaN,NaN,0,0
0.352,0.448,2.8445,44.897,NaN,NaN,NaN,NaN
0.352,0.432,2.1598,43.142,NaN,NaN,-2.7828e+05,2.7828e+05
0.352,0.416,1.9304,39.331,NaN,NaN,-2.0838e+05,2.0838e+05
0.352,0.4,0.16023,36.287,-1.162e+06,-4.8931e+06,-1.6871e+05,1.6871e+05
0.352,0.384,-0.57,36.786,-1.0892e+06,-4.6508e+06,-97383,97383
0.352,0.368,-1.8166,33.756,-9.915e+05,-4.4637e+06,-16438,16438
0.352,0.352,-3.1756,31.48,-8.3753e+05,-3.8588e+06,14510,14510
0.352,0.336,-1.4567,31.978,-7.5814e+05,-3.5054e+06,2977.3,2977.3
0.352,0.32,-0.064411,31.291,-7.5036e+05,-3.4379e+06,-42673,42673
0.352,0.304,-2.8544,26.855,-8.7138e+05,-3.6458e+06,-97136,97136
0.352,0.288,-6.3334,23.689,-9.5715e+05,-3.9963e+06,-1.4423e+05,1.4423e+05
0.352,0.272,-7.1079,14.458,-1.0413e+06,-4.3656e+06,-1.5499e+05,1.5499e+05
0.352,0.256,-5.9395,8.4782,-8.6424e+05,-4.2141e+06,-1.1565e+05,1.1565e+05
0.352,0.24,-4.6934,7.6542,-5.1176e+05,-3.5253e+06,-62729,62729
0.352,0.224,-4.7102,11.384,-2.2003e+05,-2.6219e+06,-19737,19737
0.352,0.208,-3.764,14.314,60594,-1.783e+06,826.84,826.84
0.352,0.192,-2.6923,15.362,1.7854e+05,-1.0823e+06,6902.9,6902.9
0.352,0.176,-1.1178,23.601,4.5684e+05,-1.3363e+05,8409.2,8409.2
0.352,0.16,0.31366,28.359,7.1882e+05,8.063e+05,8109.7,8109.7
0.352,0.144,0.70572,30.648,1.1694e+06,2.0663e+06,10783,10783
0.352,0.128,1.9158,32.69,1.3432e+06,2.7812e+06,7288.4,7288.4
0.352,0.112,3.4217,28.203,1.2184e+06,2.7944e+06,-10654,10654
0.352,0.096,2.5339,26.392,8.8075e+05,1.8326e+06,-27374,27374
0.352,0.08,3.3363,24.006,5.4569e+05,3.7576e+05,-34941,34941
0.352,0.064,2.0623,18.769,2.6271e+05,-7.5666e+05,-25578,25578
0.352,0.048,-1.5519,18.614,23782,-9.6639e+05,-12822,12822
0.352,0.032,-3.6489,21.091,-49892,-5.2645e+05,-3448,3448
0.352,0.016,-2.7992,18.114,0,0,-1425.8,1425.8
0.368,0.496,1.5775,32.694,0,0,0,0
0.368,0.48,1.8316,32.352,0,0,0,0
0.368,0.464,1.2854,32.209,NaN,NaN,-55489,55489
0.368,0.448,-1.8641,34.058,NaN,NaN,-2.158e+05,2.158e+05
0.368,0.432,-1.0465,30.3,NaN,NaN,-1.746e+05,1.746e+05
0.368,0.416,0.22326,24.99,-3.7013e+05,-9.5118e+05,-1.3524e+05,1.3524e+05
0.368,0.4,-1.1911,22.932,-6.3323e+05,-3.1488e+06,-96629,96629
0.368,0.384,-2.4504,20.434,-6.8994e+05,-3.3493e+06,-49486,49486
0.368,0.368,-2.432,19.704,-6.8461e+05,-3.6597e+06,39956,39956
0.368,0.352,-2.5902,18.548,-5.6988e+05,-3.0489e+06,95698,95698
0.368,0.336,-1.9461,20.368,-5.2011e+05,-2.8224e+06,1.0757e+05,1.0757e+05
0.368,0.32,-3.5966,18.444,-5.858e+05,-3.0244e+06,54176,54176
0.368,0.304,-4.2672,17.593,-8.2807e+05,-3.5866e+06,-5430,5430
0.368,0.288,-6.4806,14.318,-1.1392e+06,-4.2995e+06,-55832,55832
0.368,0.272,-8.8165,12.042,-1.428e+06,-4.7504e+06,-65405,65405
0.368,0.256,-9.5251,8.7799,-1.2493e+06,-4.3865e+06,-41867,41867
0.368,0.24,-6.3031,5.5425,-5.9688e+05,-3.2535e+06,-3337.8,3337.8
0.368,0.224,-2.4296,7.0143,1.069e+05,-2.0229e+06,17572,17572
0.368,0.208,-2.479,6.7537,5.8469e+05,-1.064e+06,32189,32189
0.368,0.192,-1.3103,10.536,5.8145e+05,-4.5285e+05,30295,30295
0.368,0.176,-1.3565,13.101,5.9776e+05,3.3783e+05,30424,30424
0.368,0.16,-0.94633,15.5,6.4154e+05,1.0868e+06,31953,31953
0.368,0.144,-0.019896,18.642,9.1198e+05,1.8896e+06,41792,41792
0.368,0.128,-0.24538,25.961,1.0117e+06,2.4463e+06,43646,43646
0.368,0.112,-0.95434,22.961,9.0796e+05,2.5865e+06,26671,26671
0.368,0.096,0.65741,20.036,7.2319e+05,2.0871e+06,5025.5,5025.5
0.368,0.08,2.6055,14.816,5.688e+05,8.0911e+05,-16569,16569
0.368,0.064,1.6987,13.116,3.5871e+05,-5.0402e+05,-20867,20867
0.368,0.048,0.77034,12.928,1.2626e+05,-8.9018e+05,-16472,16472
0.368,0.032,-0.51219,11.311,-12680,-5.388e+05,-7021.6,7021.6
0.368,0.016,-5.3226,8.1838,0,0,-2540.9,2540.9
0.384,0.496,-0.12417,18.414,0,0,-241.37,241.37
0.384,0.48,-0.58056,11.956,0,0,-3757.5,3757.5
0.384,0.464,0.40799,11.54,NaN,NaN,-44977,44977
0.384,0.448,0.88383,14.095,-5.0422e+05,-8.2475e+05,-94122,94122
0.384,0.432,-0.78558,15.801,-6.1242e+05,-1.5272e+06,-98557,98557
0.384,0.416,-1.3463,17.32,-5.4571e+05,-1.237e+06,-50354,50354
0.384,0.4,-1.3992,17.75,-6.0242e+05,-2.2572e+06,-6565.7,6565.7
0.384,0.384,-2.9929,10.507,-5.933e+05,-2.5401e+06,55989,55989
0.384,0.368,-3.3729,8.4009,-5.21e+05,-2.8127e+06,97946,97946
0.384,0.352,-3.0344,9.577,-3.4182e+05,-2.3177e+06,1.2873e+05,1.2873e+05
0.384,0.336,-1.7658,11.332,-2.5063e+05,-2.0462e+06,1.3081e+05,1.3081e+05
0.384,0.32,-3.5953,11.856,-2.9291e+05,-2.1825e+06,1.1141e+05,1.1141e+05
0.384,0.304,-5.3727,11.064,-5.5442e+05,-2.7824e+06,79193,79193
0.384,0.288,-7.255,10.84,-8.9201e+05,-3.4455e+06,42363,42363
0.384,0.272,-7.9709,10.812,-1.1018e+06,-3.7017e+06,29817,29817
0.384,0.256,-7.8899,11.745,-8.7815e+05,-3.1266e+06,19571,19571
0.384,0.24,-7.2637,10.441,-1.3117e+05,-1.866e+06,29420,29420
0.384,0.224,-4.2966,8.5214,5.3361e+05,-8.9618e+05,29016,29016
0.384,0.208,-0.71892,7.2251,8.8129e+05,-3.762e+05,42384,42384
0.384,0.192,-0.51223,7.622,6.993e+05,-1.5899e+05,38677,38677
0.384,0.176,-1.3236,7.6192,4.888e+05,2.9603e+05,36967,36967
0.384,0.16,-1.3056,11.467,3.9625e+05,8.2929e+05,38899,38899
0.384,0.144,-0.075423,14.654,5.1482e+05,1.4112e+06,51738,51738
0.384,0.128,0.28583,12.963,5.2477e+05,1.8178e+06,57117,57117
0.384,0.112,0.55006,15.181,5.0065e+05,1.999e+06,45668,45668
0.384,0.096,1.4691,16.261,4.7056e+05,1.6499e+06,23418,23418
0.384,0.08,2.894,13.936,4.8687e+05,7.224e+05,-1310.1,1310.1
0.384,0.064,3.8215,10.706,3.1072e+05,-3.8075e+05,-14942,14942
0.384,0.048,2.8869,9.8136,1.0948e+05,-6.9901e+05,-14646,14646
0.384,0.032,-0.27548,8.4659,-18910,-4.4507e+05,-8032.2,8032.2
0.384,0.016,-3.0177,5.7648,0,0,-2222.1,2222.1
0.4,0.496,2.5879,14.946,0,0,-373.2,373.2
0.4,0.48,2.903,13.875,0,0,-6306.1,6306.1
0.4,0.464,3.1399,12.345,1.02e+06,5.8848e+05,-39184,39184
0.4,0.448,3.1479,10.048,15985,-1.5786e+05,-65930,65930
0.4,0.432,0.72735,8.3831,-1.5425e+05,-8.516e+05,-48475,48475
0.4,0.416,-3.4496,5.6577,-4.5436e+05,-1.0398e+06,-13510,13510
0.4,0.4,-2.3394,8.9819,-4.5303e+05,-1.5541e+06,25253,25253
0.4,0.384,-2.8063,10.527,-4.0553e+05,-1.4881e+06,45396,45396
0.4,0.368,-3.169,8.3915,-2.1088e+05,-1.5594e+06,76136,76136
0.4,0.352,-2.3583,6.0698,-5868.9,-1.0859e+06,97101,97101
0.4,0.336,-2.8592,4.934,64984,-8.6296e+05,1.0794e+05,1.0794e+05
0.4,0.32,-3.0363,5.736,-35781,-9.8687e+05,1.0779e+05,1.0779e+05
0.4,0.304,-3.5425,5.2598,-2.56e+05,-1.3708e+06,1.0637e+05,1.0637e+05
0.4,0.288,-5.2824,8.406,-5.1948e+05,-2.0549e+06,96356,96356
0.4,0.272,-7.7003,6.9604,-7.079e+05,-2.3724e+06,90615,90615
0.4,0.256,-4.3775,8.0247,-8.0734e+05,-2.3762e+06,66978,66978
0.4,0.24,-2.9359,12.024,-2.8838e+05,-1.4117e+06,49182,49182
0.4,0.224,-5.8577,10.806,27259,-1.0593e+06,31976,31976
0.4,0.208,-3.4132,7.8802,5.6253e+05,-6.7816e+05,41701,41701
0.4,0.192,-1.0624,4.3687,3.6042e+05,-7.8048e+05,44211,44211
0.4,0.176,-0.18613,2.639,5.118e+05,-3.5305e+05,48243,48243
0.4,0.16,-1.1465,5.7717,3.629e+05,1.1023e+05,51427,51427
0.4,0.144,0.066833,6.2061,4.432e+05,6.038e+05,64270,64270
0.4,0.128,0.37415,11.296,4.7951e+05,9.8409e+05,68728,68728
0.4,0.112,1.2998,14.265,7.1637e+05,1.4232e+06,57482,57482
0.4,0.096,2.2968,15.857,8.5181e+05,1.5384e+06,35548,35548
0.4,0.08,4.1885,16.611,7.094e+05,1.1721e+06,9323.7,9323.7
0.4,0.064,2.9956,12.465,2.2108e+05,1.0747e+05,-6898.2,6898.2
0.4,0.048,-0.93517,9.5063,-25030,-3.7522e+05,-10376,10376
0.4,0.032,-4.2627,8.8753,-1.3706e+05,-3.8617e+05,-6026.8,6026.8
0.4,0.016,-1.5299,5.0963,0,0,-1985.7,1985.7
0.416,0.496,2.1517,10.506,0,0,-502.77,502.77
0.416,0.48,3.5135,11.298,61615,43244,-7071.3,7071.3
0.416,0.464,5.3715,10.92,7.9941e+05,4.4727e+05,-13208,13208
0.416,0.448,5.7133,6.5904,3.6165e+05,93874,-14701,14701
0.416,0.432,2.3467,2.6894,1.622e+05,-4.4013e+05,-7335.8,7335.8
0.416,0.416,-3.6851,0.12647,-2.2605e+05,-7.2001e+05,984.17,984.17
0.416,0.4,-3.1247,5.4414,-3.5495e+05,-7.332e+05,15309,15309
0.416,0.384,-5.3357,5.0752,-3.2125e+05,-2.5118e+05,36384,36384
0.416,0.368,-3.1507,7.2009,-1.0786e+05,-1.8912e+05,58590,58590
0.416,0.352,-1.1762,5.5367,3.2494e+05,-30577,71410,71410
0.416,0.336,-1.1492,6.1188,7.7592e+05,1.5862e+05,77530,77530
0.416,0.32,-0.7468,7.665,7.7597e+05,2.2033e+05,89124,89124
0.416,0.304,-0.99675,7.2556,4.1799e+05,1540.4,1.08e+05,1.08e+05
0.416,0.288,-3.1293,7.0371,-1.1005e+05,-7.6338e+05,1.2376e+05,1.2376e+05
0.416,0.272,-7.1979,5.3508,-3.3799e+05,-1.1112e+06,1.3559e+05,1.3559e+05
0.416,0.256,-11.035,8.6468,-1.0544e+06,-2.2103e+06,1.1324e+05,1.1324e+05
0.416,0.24,-14.787,7.8045,-1.4638e+06,-2.6805e+06,81164,81164
0.416,0.224,-3.7951,12.257,-2.0262e+06,-3.6443e+06,41376,41376
0.416,0.208,-11.767,2.724,-1.0831e+06,-2.45e+06,34910,34910
0.416,0.192,-1.6569,5.5899,-2.2122e+05,-1.6289e+06,38267,38267
0.416,0.176,-1.0878,3.5969,1.3666e+06,-2.3096e+05,54022,54022
0.416,0.16,0.98919,7.141,1.7162e+06,-1.5033e+05,66541,66541
0.416,0.144,0.18525,8.9171,1.7942e+06,4.6327e+05,79354,79354
0.416,0.128,0.37176,12.263,1.4819e+06,1.061e+06,78550,78550
0.416,0.112,2.4409,14.636,1.4946e+06,1.7989e+06,65806,65806
0.416,0.096,3.9031,16.141,1.3051e+06,1.8499e+06,42810,42810
0.416,0.08,3.9005,17.956,7.9344e+05,1.411e+06,18069,18069
0.416,0.064,2.4012,15.395,39563,2.8835e+05,708.86,708.86
0.416,0.048,-0.57308,10.908,-1.8852e+05,-1.9874e+05,-5573.3,5573.3
0.416,0.032,-2.1033,9.9249,-2.4437e+05,-3.6886e+05,-3813.4,3813.4
0.416,0.016,-3.6494,5.0739,0,0,-1432.4,1432.4
0.432,0.496,1.2303,6.551,-1344.6,-19879,-269.9,269.9
0.432,0.48,1.4768,6.3367,62238,20440,-4649.7,4649.7
0.432,0.464,1.7353,5.0044,4.2355e+05,2.188e+05,-9618.4,9618.4
0.432,0.448,5.2393,4.2562,3.3093e+05,1.8899e+05,-12862,12862
0.432,0.432,3.4668,1.8913,2.8606e+05,-59410,-13707,13707
0.432,0.416,-1.2426,0.08652,-55982,-3.985e+05,-15087,15087
0.432,0.4,-4.4445,2.1672,-1.7033e+05,-1.5273e+05,-3371.7,3371.7
0.432,0.384,-0.89906,10.163,-1.5523e+06,-1.4028e+06,18213,18213
0.432,0.368,-1.1038,12.582,-1.4742e+06,-1.0508e+06,43920,43920
0.432,0.352,-3.1778,5.1288,-1.0537e+06,-7.5633e+05,55160,55160
0.432,0.336,0.39151,8.4222,5.7075e+05,50969,62331,62331
0.432,0.32,1.2768,10.111,7.8521e+05,-2.7847e+05,71947,71947
0.432,0.304,1.3452,9.3732,3.7361e+05,-8.4559e+05,86238,86238
0.432,0.288,-1.3335,7.4934,-90031,-1.9651e+05,98188,98188
0.432,0.272,-3.2918,4.2533,-5.9653e+05,-1.7238e+05,1.1114e+05,1.1114e+05
0.432,0.256,-9.5978,7.7261,-2.8388e+06,-8.7112e+05,90549,90549
0.432,0.24,-26.251,10.693,-4.4736e+06,-1.5319e+06,58815,58815
0.432,0.224,-30.538,8.3173,-6.0085e+06,-2.7982e+06,21786,21786
0.432,0.208,-28.947,5.8741,-4.188e+06,-3.1802e+06,12370,12370
0.432,0.192,-8.514,15.821,-2.3521e+06,-3.3484e+06,26960,26960
0.432,0.176,-2.3903,8.515,1.2864e+06,-1.7707e+06,49983,49983
0.432,0.16,-0.68494,10.102,2.7364e+06,-3.5782e+05,83606,83606
0.432,0.144,-0.023145,10.305,3.1194e+06,7.4152e+05,94539,94539
0.432,0.128,1.5928,10.831,1.8694e+06,1.0054e+06,89792,89792
0.432,0.112,3.7828,11.658,1.464e+06,1.314e+06,66773,66773
0.432,0.096,4.0874,13.733,1.2972e+06,1.4608e+06,43084,43084
0.432,0.08,2.6412,14.814,7.252e+05,1.2379e+06,20601,20601
0.432,0.064,1.6682,12.355,-58100,3.2468e+05,5639.4,5639.4
0.432,0.048,-0.53512,9.536,-2.8889e+05,-1.0044e+05,-619.04,619.04
0.432,0.032,-3.2675,9.5042,-2.5535e+05,-2.9271e+05,-1340.5,1340.5
0.432,0.016,-4.2,8.8262,0,0,-639.12,639.12
0.448,0.496,-0.84193,2.6899,-11374,-26201,-62.913,62.913
0.448,0.48,-0.38055,2.2395,39100,2939.9,-2081.9,2081.9
0.448,0.464,0.61244,2.6008,1.7623e+05,1.9061e+05,-5437.6,5437.6
0.448,0.448,0.25153,1.3156,3.4885e+05,-2.1375e+05,-7656,7656
0.448,0.432,-0.67728,0.54629,2.2866e+05,-7.8711e+05,-15272,15272
0.448,0.416,-1.6126,-0.25126,21281,-1.199e+06,-21880,21880
0.448,0.4,-5.3316,-0.17502,3.4443e+05,-77496,-15399,15399
0.448,0.384,-0.21235,11.347,-9.5598e+05,-6.7366e+05,13605,13605
0.448,0.368,-60.692,-43.727,-1.0636e+06,-2.8431e+05,51590,51590
0.448,0.352,-7.6817,14.032,-1.2624e+06,3.9791e+05,80378,80378
0.448,0.336,-0.81256,17.426,7.341e+05,1.8497e+06,94417,94417
0.448,0.32,1.4211,6.8111,3.7866e+05,1.0815e+06,1.0594e+05,1.0594e+05
0.448,0.304,1.7236,6.8052,-57496,-3.3483e+05,1.1071e+05,1.1071e+05
0.448,0.288,-3.1524,5.8814,-2.516e+06,7.8113e+05,1.1238e+05,1.1238e+05
0.448,0.272,-9.5361,15.804,-2.6806e+06,1.4659e+06,1.0954e+05,1.0954e+05
0.448,0.256,-8.3255,13.143,-6.3859e+06,1.9197e+06,77419,77419
0.448,0.24,-63.507,30.8,-7.4294e+06,-1.7144e+05,44865,44865
0.448,0.224,-56.647,21.876,-9.332e+06,-1.7701e+06,12381,12381
0.448,0.208,-49.282,14.914,-6.0432e+06,-4.9069e+06,663.06,663.06
0.448,0.192,-27.881,-1.2568,-3.7992e+06,-5.1944e+06,20774,20774
0.448,0.176,-14.534,-7.7562,3.5057e+05,-3.0015e+06,47350,47350
0.448,0.16,0.19432,6.4,2.3562e+06,-8.3085e+05,85817,85817
0.448,0.144,0.96163,5.9703,3.244e+06,8.2545e+05,81746,81746
0.448,0.128,0.76354,6.2233,1.5093e+06,7.4648e+05,64259,64259
0.448,0.112,1.0147,5.5327,9.7892e+05,9.8603e+05,40565,40565
0.448,0.096,3.1227,7.5713,7.8863e+05,1.1169e+06,24183,24183
0.448,0.08,2.5402,8.2798,4.2368e+05,8.4709e+05,11062,11062
0.448,0.064,0.4489,7.1453,-94691,4.6663e+05,3023.2,3023.2
0.448,0.048,-0.82182,7.2156,-2.2691e+05,1.811e+05,1104.5,1104.5
0.448,0.032,-1.2398,29.123,-1.7784e+05,98500,854.88,854.88
0.448,0.016,-26.476,57.046,0,0,335.96,335.96
0.464,0.496,-2.3152,0.96739,-9170.7,-30762,105.37,105.37
0.464,0.48,-1.5219,1.7887,10027,-12719,-700.64,700.64
0.464,0.464,-0.50764,1.2049,9345,88630,-2764.4,2764.4
0.464,0.448,-2.0229,-1.1026,1.3436e+05,-2.7711e+05,-4269.4,4269.4
0.464,0.432,-3.695,-13.192,75926,-6.8496e+05,-12589,12589
0.464,0.416,-4.5307,-14.55,6.0289e+05,-7.2283e+05,-21044,21044
0.464,0.4,-5.0384,-1.1111,9.7234e+05,-3.5866e+05,-20686,20686
0.464,0.384,-3.211,-1.5611,-4.9423e+05,-1.9519e+06,4816.9,4816.9
0.464,0.368,-4.2836,13.758,-3.1314e+06,-2.023e+06,44514,44514
0.464,0.352,97.722,165.33,-4.74e+06,-2.0868e+06,81257,81257
0.464,0.336,0.46901,35.882,-5.2968e+06,-2.7431e+05,98215,98215
0.464,0.32,4.6424,37.744,-3.7913e+06,-1.0128e+06,1.0216e+05,1.0216e+05
0.464,0.304,-19.915,41.37,-3.7401e+06,-1.2861e+06,95587,95587
0.464,0.288,-76.101,86.544,-4.1051e+06,1.2629e+06,82080,82080
0.464,0.272,-68.676,47.09,-4.4762e+06,2.928e+06,62521,62521
0.464,0.256,-65.963,54.306,-9.075e+06,5.0378e+06,19940,19940
0.464,0.24,-70.379,43.461,-9.8305e+06,1.6076e+06,-8976.2,8976.2
0.464,0.224,-82.584,100.34,-1.1645e+07,2.0861e+05,-19209,19209
0.464,0.208,-118.19,-169.18,-9.3461e+06,-5.0915e+06,-12755,12755
0.464,0.192,-23.44,-16.532,-7.2698e+06,-6.252e+06,18502,18502
0.464,0.176,-23.804,-10.674,-1.9019e+06,-4.1969e+06,48607,48607
0.464,0.16,0.33514,1.9706,1.231e+06,-1.259e+06,76920,76920
0.464,0.144,-0.48805,1.946,2.6375e+06,1.0336e+06,62816,62816
0.464,0.128,-0.86636,2.2963,4.777e+05,2.2983e+05,35656,35656
0.464,0.112,-1.9607,0.89716,1.0968e+05,1.3955e+05,17781,17781
0.464,0.096,0.6047,4.1108,1.9113e+05,3.337e+05,8817,8817
0.464,0.08,0.83463,3.7525,3.4842e+05,-3.3764e+05,2135.8,2135.8
0.464,0.064,1.6086,2.9611,1.3689e+05,-3.6583e+05,-619.14,619.14
0.464,0.048,-0.56633,16.054,38443,-5.5808e+05,1231.1,1231.1
0.464,0.032,-15.424,87.089,-98595,2.3882e+05,1571.6,1571.6
0.464,0.016,-79.426,488.19,0,0,1014.3,1014.3
0.48,0.496,-1.2668,0.41908,-8124.9,-15300,105.77,105.77
0.48,0.48,-1.5515,0.63081,-4080.7,-7126.3,-218.19,218.19
0.48,0.464,-1.1435,1.9764,-6550.6,91850,-1138.2,1138.2
0.48,0.448,-0.12489,0.71475,1.3733e+05,-2.9088e+05,-2294.5,2294.5
0.48,0.432,-0.37979,-0.78457,70137,-6.7741e+05,-8906.4,8906.4
0.48,0.416,-0.95073,-0.68433,6.3423e+05,-6.0023e+05,-16386,16386
0.48,0.4,-4.5716,-4.5423,9.7825e+05,-4.8393e+05,-19147,19147
0.48,0.384,-9.6084,-20.285,8.8093e+05,-4.031e+05,1856.4,1856.4
0.48,0.368,-11.928,-17.303,-1.5216e+06,-6.3411e+05,34813,34813
0.48,0.352,-74.916,39.417,-3.1778e+06,-8.6778e+05,74151,74151
0.48,0.336,-46.848,-7.7003,-5.0854e+06,1.591e+05,90487,90487
0.48,0.32,-90.184,-9.2328,-3.7983e+06,-49423,95341,95341
0.48,0.304,-175.19,40.806,-3.5758e+06,6.6825e+05,79176,79176
0.48,0.288,-178.35,209.44,-3.8726e+06,1.4207e+06,59007,59007
0.48,0.272,-219.25,133.38,-3.6533e+06,2.1578e+06,29328,29328
0.48,0.256,-178.43,70.279,-5.8739e+06,3.3044e+06,2140.2,2140.2
0.48,0.24,-339.19,335.78,-4.6911e+06,-2.9403e+05,-14032,14032
0.48,0.224,-46.015,4.1914,-5.9825e+06,-9.3019e+05,-16754,16754
0.48,0.208,-63.529,-20.543,-5.5981e+06,-3.8827e+06,-5549.8,5549.8
0.48,0.192,-66.084,-24.855,-5.0356e+06,-4.0606e+06,17338,17338
0.48,0.176,-27.283,-15.927,-1.8694e+06,-2.5297e+06,47523,47523
0.48,0.16,-0.62072,3.4178,1.9258e+05,-1.0791e+06,48779,48779
0.48,0.144,1.0279,1.2592,1.281e+06,5.2527e+05,31876,31876
0.48,0.128,1.0097,0.84134,255.9,-1.5809e+05,4463.6,4463.6
0.48,0.112,0.15609,1.5431,-4794.7,-4238.8,-1269,1269
0.48,0.096,1.3123,0.65525,10813,75586,-3028.8,3028.8
0.48,0.08,1.9128,1.5578,2.4546e+05,-5.7611e+05,-4001.8,4001.8
0.48,0.064,1.7403,-0.72739,2.0844e+05,-4.3382e+05,-2425.1,2425.1
0.48,0.048,-24.483,99.788,1.911e+05,-4.9524e+05,97.718,97.718
0.48,0.032,-12.244,145.17,-9562.9,3.0592e+05,1262,1262
0.48,0.016,-289.75,343.08,0,0,836.39,836.39
0.496,0.496,-1.7629,0.068249,939.91,-7472.3,29.748,29.748
0.496,0.48,-1.4957,0.048229,2656,3886.9,-103.5,103.5
0.496,0.464,-1.5837,2.1101,5837.5,2902.2,-489.28,489.28
0.496,0.448,1.3973,-0.56008,21279,51847,-1202,1202
0.496,0.432,-1.2204,-0.8916,77142,1.8403e+05,-4668.3,4668.3
0.496,0.416,-2.3302,-0.3709,6.6783e+05,4.5925e+05,-8159.6,8159.6
0.496,0.4,-58.338,-314.73,5.9368e+05,-1.3882e+05,-10368,10368
0.496,0.384,-11.13,-26.319,4.0477e+05,-8.6849e+05,-1289.5,1289.5
0.496,0.368,-1.2855,1.538,-1.8609e+06,-1.1271e+06,13003,13003
0.496,0.352,-0.44573,6.2547,-2.8314e+06,-1.8096e+06,33299,33299
0.496,0.336,-49.713,85.207,-4.691e+06,-1.4278e+06,42251,42251
0.496,0.32,303.97,396.73,-3.3966e+06,-1.6239e+06,43035,43035
0.496,0.304,-20.665,-51.18,-2.5597e+06,-2.6276e+05,29546,29546
0.496,0.288,-1.1965,-0.25403,0,0,12383,12383
0.496,0.272,-100.02,39.948,0,0,-6313.7,6313.7
0.496,0.256,-64.214,-5.3564,0,0,-17744,17744
0.496,0.24,-18.663,18.601,-1.2428e+06,-1.3372e+06,-20313,20313
0.496,0.224,0.052507,15.506,-2.6424e+06,-1.684e+06,-18499,18499
0.496,0.208,4.6155,0.20745,-3.8607e+06,-2.0921e+06,-5431.8,5431.8
0.496,0.192,-41.77,-15.366,-3.427e+06,-1.9331e+06,7813.5,7813.5
0.496,0.176,-74.361,-64.925,-1.2978e+06,-1.065e+06,28931,28931
0.496,0.16,-18.506,-9.5437,2.7989e+05,-5.1093e+05,22012,22012
0.496,0.144,-2.0244,2.0134,8.242e+05,3.7012e+05,14422,14422
0.496,0.128,-0.63579,0.91819,67931,-32521,-1032.1,1032.1
0.496,0.112,-0.24742,1.9852,14756,32698,-454.75,454.75
0.496,0.096,0.11783,-1.9522,7295.1,61753,-1183.5,1183.5
0.496,0.08,2.2309,-0.32076,1.8332e+05,-6.5932e+05,-1399.1,1399.1
0.496,0.064,1.7036,-1.5633,1.9201e+05,-7.6871e+05,-627.21,627.21
0.496,0.048,-37.011,130.57,1.8761e+05,-8.0143e+05,190.52,190.52
0.496,0.032,11.015,377.16,0,0,417.61,417.61
0.496,0.016,-117.55,264.31,0,0,453.6,453.6
