0.016,0.496,0.82666,0.1025,-2193.4,1929.4,-101.56,101.56
0.016,0.48,3.1419,-1.2268,-2519.1,-1962.5,-190.66,190.66
0.016,0.464,2.9884,-0.25394,-5468.4,-980.08,-311.71,311.71
0.016,0.448,-0.67414,0.084459,-2285.6,-4537.9,-995.14,995.14
0.016,0.432,1.2889,0.8892,-10497,-6484.3,-1690.8,1690.8
0.016,0.416,4.6421,0.42279,-14294,-12994,-3449.4,3449.4
0.016,0.4,2.4857,-0.66242,-17194,-12787,-4053.8,4053.8
0.016,0.384,3.6155,0.75973,21297,34222,-5210.6,5210.6
0.016,0.368,4.148,-0.83338,-7.4482e+05,-7.2373e+05,-4028.9,4028.9
0.016,0.352,2.007,0.2882,-7.6589e+05,-6.9259e+05,533.48,533.48
0.016,0.336,4.3082,0.60976,-8.7122e+05,-6.0885e+05,6693.5,6693.5
0.016,0.32,3.2363,0.13422,-3.0104e+05,1.8817e+05,9231.6,9231.6
0.016,0.304,-0.23144,0.72891,-2.2187e+05,2.6712e+05,7603.7,7603.7
0.016,0.288,-1.4654,3.019,-1.5116e+05,1.514e+05,4255.9,4255.9
0.016,0.272,-2.1914,3.9115,-17157,-18703,2222.5,2222.5
0.016,0.256,-2.438,4.2952,22617,-35685,4199.4,4199.4
0.016,0.24,-1.9516,3.4604,43673,-36128,7115.8,7115.8
0.016,0.224,-1.339,2.7168,1.0216e+05,-40386,15657,15657
0.016,0.208,-1.0147,2.0492,57861,-18219,19749,19749
0.016,0.192,-1.0068,1.3014,40837,-14922,21074,21074
0.016,0.176,-2.3724,-1.088,4734.3,9773.1,17594,17594
0.016,0.16,-1.5705,-0.6856,14748,1534.5,8941.3,8941.3
0.016,0.144,-0.87892,0.22238,5343.4,3504.1,3769.1,3769.1
0.016,0.128,2.6923,-2.1821,-1392.1,-1395.1,-980.02,980.02
0.016,0.112,6.0784,-0.79754,-22071,-12267,226.6,226.6
0.016,0.096,1.9404,-2.0203,-19336,2031,1149,1149
0.016,0.08,1.9166,0.97604,-16128,3600.2,1852.1,1852.1
0.016,0.064,1.4912,0.19625,10083,21061,1579.7,1579.7
0.016,0.048,0.17563,0.22556,10209,5904.3,245.04,245.04
0.016,0.032,2.7286,0.37626,4696.6,3343.9,-562.72,562.72
0.016,0.016,3.4975,-6.1379,0,0,-485.8,485.8
0.032,0.496,0.88343,1.0021,-2860.2,2321.3,-171.32,171.32
0.032,0.48,-0.10098,-0.16251,-16209,-7720.5,-174.68,174.68
0.032,0.464,-0.029906,-0.54283,-22948,-22519,2.6622,2.6622
0.032,0.448,-0.13152,0.36857,-18995,-8457.1,-93.5,93.5
0.032,0.432,-0.30133,0.38912,46177,54711,-1289.9,1289.9
0.032,0.416,-0.21288,-0.32885,1.168e+05,1.3614e+05,-3837.3,3837.3
0.032,0.4,-0.017912,0.94064,2.1641e+05,2.3957e+05,-4239,4239
0.032,0.384,63.687,61.705,2.3258e+05,3.1754e+05,-10354,10354
0.032,0.368,4.3021,9.7549,-6.1512e+05,-4.9132e+05,-15389,15389
0.032,0.352,0.35114,3.9916,-1.2499e+06,-9.4737e+05,-18366,18366
0.032,0.336,-0.51004,6.0785,-1.7125e+06,-1.1256e+06,-12501,12501
0.032,0.32,-1.8873,7.0944,-1.2135e+06,-2.5972e+05,-6230.2,6230.2
0.032,0.304,-2.6112,6.787,-7.2809e+05,2.0737e+05,-1528.9,1528.9
0.032,0.288,-2.9858,5.9057,-4.9764e+05,4.6306e+05,167.24,167.24
0.032,0.272,-3.5401,5.2131,-2.6458e+05,1.4569e+05,878.7,878.7
0.032,0.256,-3.1866,4.0928,-1.2546e+05,68567,380.73,380.73
0.032,0.24,-0.44108,2.2904,34192,-54116,1147.6,1147.6
0.032,0.224,0.69387,1.7941,37441,-17987,1972.4,1972.4
0.032,0.208,1.6618,1.5286,3203.8,5230.6,1504.1,1504.1
0.032,0.192,-0.72933,2.2281,5187.1,-7357.2,172.5,172.5
0.032,0.176,-0.78438,1.6802,22682,-11062,-94.632,94.632
0.032,0.16,-0.60929,1.0117,23776,-15790,-531.26,531.26
0.032,0.144,0.062826,0.41915,-13482,-14091,-623.81,623.81
0.032,0.128,-0.098399,-0.34346,-50577,-14591,-1039.8,1039.8
0.032,0.112,0.16731,-0.077274,-1.2208e+05,-1.1075e+05,-614.25,614.25
0.032,0.096,-0.69817,-1.2174,-90866,-69138,-25.133,25.133
0.032,0.08,-0.21097,0.82225,-62295,-63830,558.81,558.81
0.032,0.064,0.50991,0.54734,15641,39578,535.4,535.4
0.032,0.048,0.65752,0.27473,10210,3925.9,385.41,385.41
0.032,0.032,-0.24369,1.8017,7386.1,-33.912,112.84,112.84
0.032,0.016,0.21238,-5.1598,0,0,-1.4878,1.4878
0.048,0.496,1.1322,1.9686,7937.3,1157.5,-128.89,128.89
0.048,0.48,-0.95903,0.058292,5421.9,-65712,139.92,139.92
0.048,0.464,-1.0193,-1.1091,12975,-65798,835.08,835.08
0.048,0.448,-0.30429,-0.69779,8753.2,1558.3,989.4,989.4
0.048,0.432,-0.03848,1.4233,1.3007e+05,1.8349e+05,-687.09,687.09
0.048,0.416,3.9055,7.1852,4.0371e+05,4.7411e+05,-2408.3,2408.3
0.048,0.4,4.2464,9.3639,5.6783e+05,8.0647e+05,-5457.7,5457.7
0.048,0.384,4.3637,10.703,3.8149e+05,1.0068e+06,-13619,13619
0.048,0.368,3.44,11.467,-8.7367e+05,1.6593e+05,-25582,25582
0.048,0.352,2.305,12.194,-1.6505e+06,-3.6226e+05,-34785,34785
0.048,0.336,-1.3109,9.8844,-2.4515e+06,-8.3684e+05,-34240,34240
0.048,0.32,-2.5424,9.8696,-2.0111e+06,-93537,-27583,27583
0.048,0.304,-3.177,9.4857,-1.5892e+06,2.6356e+05,-16021,16021
0.048,0.288,-3.7042,7.4145,-9.8937e+05,7.4709e+05,-7470.6,7470.6
0.048,0.272,-5.6004,7.7268,-4.9645e+05,3.2778e+05,-1984.8,1984.8
0.048,0.256,-3.4857,4.4468,-1.4678e+05,71578,-854.05,854.05
0.048,0.24,-2.7056,2.7921,85419,-51032,247.3,247.3
0.048,0.224,-1.5169,2.4306,1.1997e+05,-25587,1247.8,1247.8
0.048,0.208,-1.9328,2.8261,54591,44286,508.03,508.03
0.048,0.192,-0.73681,2.4771,60694,-35171,-759.55,759.55
0.048,0.176,-0.9296,2.2465,59435,7624.1,-1134,1134
0.048,0.16,-0.81695,1.5556,44407,-19657,-1513.2,1513.2
0.048,0.144,-0.35646,0.85182,3377.6,2254.6,-1634.6,1634.6
0.048,0.128,-1.8672,-0.57844,-45857,-27857,-2535.2,2535.2
0.048,0.112,-1.9165,-0.036956,-1.1881e+05,-1.1012e+05,-2331,2331
0.048,0.096,-2.4004,-3.332,-77654,-62865,-1534.2,1534.2
0.048,0.08,-0.4297,0.76551,-52345,-54847,-180.4,180.4
0.048,0.064,-0.55573,0.39387,12521,47160,328.8,328.8
0.048,0.048,-0.021433,-0.16957,-4872.1,6784.5,335.14,335.14
0.048,0.032,0.23474,4.0034,-3560.5,345.08,126.64,126.64
0.048,0.016,0.0083727,-7.7579,0,0,17.615,17.615
0.064,0.496,0.70863,3.9188,11397,-868.35,100.27,100.27
0.064,0.48,0.3196,0.10386,10210,-81964,684.35,684.35
0.064,0.464,0.98774,0.88796,36217,-1.4725e+05,2003.4,2003.4
0.064,0.448,1.1346,3.8738,60966,-46892,3388,3388
0.064,0.432,1.1505,6.0592,2.158e+05,1.8787e+05,3201,3201
0.064,0.416,3.709,10.642,4.4921e+05,7.3195e+05,1128.9,1128.9
0.064,0.4,9.8617,10.752,4.8715e+05,1.1808e+06,-4116.1,4116.1
0.064,0.384,2.4699,14.374,2.1229e+05,1.5895e+06,-18222,18222
0.064,0.368,-3.7301,11.343,-2.7789e+05,1.679e+06,-34414,34414
0.064,0.352,-4.6692,12.515,-1.1245e+06,1.4192e+06,-51819,51819
0.064,0.336,-5.9228,12.343,-1.9487e+06,8.4564e+05,-55922,55922
0.064,0.32,-7.0373,10.936,-2.1936e+06,5.9771e+05,-52605,52605
0.064,0.304,-6.4262,11.778,-1.6919e+06,6.0378e+05,-35331,35331
0.064,0.288,-5.5318,11.79,-1.0335e+06,8.4109e+05,-20996,20996
0.064,0.272,-5.0729,10.871,-5.1727e+05,5.2872e+05,-8531.1,8531.1
0.064,0.256,-3.4753,8.8277,-1.4579e+05,1.906e+05,-3239.3,3239.3
0.064,0.24,-2.623,6.1702,1.2147e+05,-26415,1509.3,1509.3
0.064,0.224,-2.9214,5.734,52251,-39302,2480.4,2480.4
0.064,0.208,-1.3812,3.5869,-24973,40693,451.67,451.67
0.064,0.192,-0.66113,4.0852,-18248,-32577,-2705,2705
0.064,0.176,-0.6175,1.8727,19776,-6830,-2589.6,2589.6
0.064,0.16,-0.61922,3.227,12555,-11918,-3502.9,3502.9
0.064,0.144,-0.44814,2.2327,2506.7,17430,-2980,2980
0.064,0.128,0.10894,-0.28366,-32325,-47436,-4666.4,4666.4
0.064,0.112,-0.11592,0.22504,-1.1606e+05,-91554,-4118.3,4118.3
0.064,0.096,-0.30258,0.86969,-85070,-51699,-3236.4,3236.4
0.064,0.08,0.52225,1.6175,-61183,-27940,-1167.1,1167.1
0.064,0.064,-0.32001,0.080219,-18723,24691,-148.66,148.66
0.064,0.048,-1.341,-0.21487,-32311,6793.9,407.2,407.2
0.064,0.032,-0.77408,0.98163,-25052,12478,106.65,106.65
0.064,0.016,0.24839,-6.6551,0,0,69.643,69.643
0.08,0.496,0.6153,7.6533,13883,-1496.3,131.36,131.36
0.08,0.48,1.213,5.422,38936,-1.0439e+05,918.68,918.68
0.08,0.464,0.68951,7.3134,1.0271e+05,-2.0922e+05,3109.4,3109.4
0.08,0.448,1.0041,7.6443,1.2762e+05,-67973,6121.7,6121.7
0.08,0.432,2.116,9.0559,2.0344e+05,2.1641e+05,9326.1,9326.1
0.08,0.416,2.3218,10.462,3.729e+05,7.2745e+05,10795,10795
0.08,0.4,-0.75786,12.778,3.4023e+05,1.0549e+06,3348.9,3348.9
0.08,0.384,-0.46575,15.279,68229,1.6004e+06,-13957,13957
0.08,0.368,-1.0123,18.976,-4.8714e+05,1.9694e+06,-36921,36921
0.08,0.352,-2.8551,20.429,-9.2919e+05,2.2241e+06,-55177,55177
0.08,0.336,-4.2903,21.64,-1.4284e+06,1.6756e+06,-62606,62606
0.08,0.32,-5.2149,20.414,-1.4979e+06,1.0818e+06,-59704,59704
0.08,0.304,-5.6798,18.667,-1.3106e+06,5.404e+05,-43802,43802
0.08,0.288,-4.9722,18.518,-7.8726e+05,4.2825e+05,-25854,25854
0.08,0.272,-5.056,16.326,-2.7584e+05,1.1227e+05,-7361.1,7361.1
0.08,0.256,-4.2004,12.697,1.248e+05,-1.5307e+05,3445.9,3445.9
0.08,0.24,-3.053,10.691,3.0871e+05,-2.1416e+05,9475.3,9475.3
0.08,0.224,-3.8893,8.1425,2.9752e+05,-1.7324e+05,7859.5,7859.5
0.08,0.208,-3.333,5.5529,1.6454e+05,-1.1416e+05,2719.8,2719.8
0.08,0.192,-3.1944,5.7462,1.1279e+05,-1.9495e+05,-1857.5,1857.5
0.08,0.176,-2.107,3.7578,43546,-2.0052e+05,-853.73,853.73
0.08,0.16,-1.6233,3.57,34335,-2.4641e+05,438.98,438.98
0.08,0.144,-0.8196,4.1755,61610,-1.2793e+05,707,707
0.08,0.128,-0.12129,1.162,1.033e+05,-2.0039e+05,-2587.1,2587.1
0.08,0.112,0.64847,-0.83822,26085,-1.2362e+05,-3882.5,3882.5
0.08,0.096,-0.35044,2.2288,18512,-1.525e+05,-3527,3527
0.08,0.08,-0.41692,1.8203,-43752,-32133,-1555.1,1555.1
0.08,0.064,0.19844,0.71198,-52987,22646,-400.55,400.55
0.08,0.048,-0.42877,1.8682,-55062,40821,529.12,529.12
0.08,0.032,0.75977,1.0889,-37870,55039,367.51,367.51
0.08,0.016,-0.045491,-2.3105,0,0,213.41,213.41
0.096,0.496,0.31036,12.679,0,0,94.801,94.801
0.096,0.48,0.72779,12.136,0,0,3112.7,3112.7
0.096,0.464,1.804,10.47,3.9717e+05,-2.244e+06,10062,10062
0.096,0.448,9.2796,13.874,4.2174e+05,-1.9736e+06,10258,10258
0.096,0.432,1.7115,12.993,2.8766e+05,-1.2273e+06,9811.1,9811.1
0.096,0.416,0.4592,14.58,1.0896e+05,-3.3892e+05,3911.5,3911.5
0.096,0.4,1.3662,15.844,-28979,3.547e+05,-325.29,325.29
0.096,0.384,3.0302,17.211,-1.1515e+05,9.0628e+05,-20699,20699
0.096,0.368,0.52376,20.121,-3.8542e+05,1.176e+06,-44973,44973
0.096,0.352,-4.8456,18.801,-6.574e+05,1.1239e+06,-64606,64606
0.096,0.336,-5.6434,16.579,-8.3194e+05,7.1826e+05,-67685,67685
0.096,0.32,-5.962,15.061,-7.8443e+05,1.322e+05,-60529,60529
0.096,0.304,-5.3492,13.237,-6.2052e+05,-2.7348e+05,-41771,41771
0.096,0.288,-2.8874,16.241,-4.3322e+05,-3.7835e+05,-18709,18709
0.096,0.272,-3.3217,16.625,-9686.8,-2.0761e+05,6300.3,6300.3
0.096,0.256,-3.307,14.384,3.5896e+05,1.9076e+05,20929,20929
0.096,0.24,-1.8086,13.683,5.4148e+05,3.8105e+05,25984,25984
0.096,0.224,-1.125,12.977,4.2877e+05,3.3926e+05,19184,19184
0.096,0.208,-0.52161,11.405,2.3186e+05,84118,8573.9,8573.9
0.096,0.192,0.2846,10.966,34449,-1.6928e+05,-587.48,587.48
0.096,0.176,-0.094059,9.1146,-56989,-2.9445e+05,-1274.9,1274.9
0.096,0.16,-0.27391,4.1852,-1.2112e+05,-3.629e+05,362.51,362.51
0.096,0.144,0.99872,6.9411,-1.2256e+05,-2.5907e+05,1971.6,1971.6
0.096,0.128,-0.22276,5.7649,-13551,-2.1278e+05,-1132.4,1132.4
0.096,0.112,1.4609,3.8732,66592,-2.3541e+05,-2060.4,2060.4
0.096,0.096,0.29406,2.8658,1.8601e+05,-3.9609e+05,-1996.5,1996.5
0.096,0.08,-0.37055,1.593,1.0059e+05,-3.9799e+05,319.83,319.83
0.096,0.064,-1.3128,1.2622,9604.6,-2.055e+05,24.756,24.756
0.096,0.048,-1.0886,3.0231,-56380,-49157,440.12,440.12
0.096,0.032,0.35851,1.9841,-37959,64382,-227.69,227.69
0.096,0.016,0.15934,0.70608,0,0,164.82,164.82
0.112,0.496,0.16412,18.643,0,0,0,0
0.112,0.48,0.40819,18.216,0,0,7435.9,7435.9
0.112,0.464,1.5738,15.204,7.0681e+05,-4.0406e+06,17119,17119
0.112,0.448,3.2997,8.8116,6.4929e+05,-3.7322e+06,18693,18693
0.112,0.432,2.5725,9.5557,2.8458e+05,-2.2948e+06,10289,10289
0.112,0.416,0.85746,12.486,72715,-1.4856e+06,1697.9,1697.9
0.112,0.4,0.067629,13.672,-64316,-7.4855e+05,-1815.5,1815.5
0.112,0.384,0.77143,13.659,-1.6544e+05,-3.1605e+05,-15926,15926
0.112,0.368,-0.54135,11.77,-4.629e+05,-2.2362e+05,-39426,39426
0.112,0.352,-4.1001,8.003,-5.8509e+05,-5.5259e+05,-56636,56636
0.112,0.336,-5.0651,6.5105,-4.962e+05,-7.5222e+05,-58373,58373
0.112,0.32,-4.2731,8.5354,-1.6964e+05,-8.025e+05,-46646,46646
0.112,0.304,-6.0514,7.0457,28898,-7.5048e+05,-20663,20663
0.112,0.288,-6.3407,9.3851,1.1816e+05,-4.9486e+05,11560,11560
0.112,0.272,-3.8948,12.626,2.6517e+05,-74019,41048,41048
0.112,0.256,-1.9514,14.139,4.8392e+05,6.4113e+05,50310,50310
0.112,0.24,0.34356,17.61,5.8944e+05,9.417e+05,46191,46191
0.112,0.224,0.0079514,17.213,5.4887e+05,8.6891e+05,31757,31757
0.112,0.208,-2.4483,13.69,3.7654e+05,4.5416e+05,16372,16372
0.112,0.192,-3.1152,13.633,1.0895e+05,88965,4069.7,4069.7
0.112,0.176,-2.0118,13.669,-1.2467e+05,-1.4545e+05,4233.9,4233.9
0.112,0.16,-2.2405,9.0666,-3.3575e+05,-2.7e+05,9178.7,9178.7
0.112,0.144,-3.1357,9.4677,-4.417e+05,-1.4013e+05,13380,13380
0.112,0.128,-3.0063,10.209,-2.6088e+05,-56566,8941.6,8941.6
0.112,0.112,-0.91181,8.6272,-1693,-2.9699e+05,2451.5,2451.5
0.112,0.096,0.60816,7.1679,3.3791e+05,-7.5616e+05,533,533
0.112,0.08,1.3872,6.2871,3.635e+05,-1.047e+06,-330.78,330.78
0.112,0.064,0.63172,3.2639,3.2812e+05,-9.7335e+05,-915.23,915.23
0.112,0.048,-0.14332,3.262,1.6568e+05,-6.2241e+05,-519.65,519.65
0.112,0.032,0.45358,3.9682,80362,-2.4133e+05,244.66,244.66
0.112,0.016,1.555,0.33124,0,0,1663.4,1663.4
0.128,0.496,0.039049,25.374,0,0,0,0
0.128,0.48,-1.1179,27.168,0,0,8032.7,8032.7
0.128,0.464,0.15314,26.03,7.0681e+05,-4.0406e+06,20263,20263
0.128,0.448,1.3418,20.3,6.4929e+05,-3.7322e+06,17938,17938
0.128,0.432,0.67949,16.424,3.5774e+05,-2.9622e+06,3974.3,3974.3
0.128,0.416,-0.1886,14.32,-22083,-2.2579e+06,-5455.9,5455.9
0.128,0.4,-0.20729,12.731,-3.3098e+05,-1.4726e+06,-7179.1,7179.1
0.128,0.384,-1.2427,11.176,-5.354e+05,-1.0168e+06,-24890,24890
0.128,0.368,-4.0469,7.1071,-7.7843e+05,-9.5905e+05,-51390,51390
0.128,0.352,-5.6422,3.2941,-6.2646e+05,-1.1819e+06,-68116,68116
0.128,0.336,-4.5404,2.9302,-2.557e+05,-1.2141e+06,-59218,59218
0.128,0.32,-2.1883,5.0272,2.2329e+05,-9.3453e+05,-39103,39103
0.128,0.304,-2.2727,6.0809,3.7657e+05,-6.0363e+05,-7091.1,7091.1
0.128,0.288,-1.7604,7.836,4.0993e+05,-72372,31966,31966
0.128,0.272,-1.6587,11.389,3.9598e+05,5.9203e+05,66431,66431
0.128,0.256,-0.14729,12.879,4.9841e+05,1.1464e+06,79766,79766
0.128,0.24,2.5863,15.66,5.2162e+05,1.2931e+06,70409,70409
0.128,0.224,2.0826,15.732,4.6265e+05,1.1999e+06,48969,48969
0.128,0.208,-0.17731,14.779,2.9741e+05,1.0304e+06,27621,27621
0.128,0.192,-1.7806,15.698,47429,8.9773e+05,11938,11938
0.128,0.176,-0.93205,15.789,-1.2893e+05,8.6547e+05,18547,18547
0.128,0.16,-1.9587,15.95,-3.275e+05,9.5347e+05,24282,24282
0.128,0.144,-4.1104,18.073,-4.8107e+05,1.1019e+06,30692,30692
0.128,0.128,-4.8612,18.195,-4.801e+05,1.1555e+06,19662,19662
0.128,0.112,-3.2043,14.093,-2.6789e+05,6.3472e+05,9441.7,9441.7
0.128,0.096,-1.8195,9.0591,75747,-1.4923e+05,-1128.5,1128.5
0.128,0.08,-0.68753,9.2786,3.9149e+05,-1.1708e+06,-6198.8,6198.8
0.128,0.064,1.4839,9.0308,5.1226e+05,-1.6816e+06,-5478.9,5478.9
0.128,0.048,3.0982,5.6507,3.7134e+05,-1.3642e+06,-1010.6,1010.6
0.128,0.032,3.7404,6.8297,1.6312e+05,-6.3489e+05,2209.1,2209.1
0.128,0.016,1.1462,5.1273,0,0,2232.7,2232.7
0.144,0.496,0.094027,31.135,0,0,0,0
0.144,0.48,0.4809,32.717,0,0,6020.6,6020.6
0.144,0.464,-0.68741,33.262,NaN,NaN,14497,14497
0.144,0.448,1.1547,30.623,NaN,NaN,20061,20061
0.144,0.432,1.1634,24.282,86388,-2.9019e+06,9712,9712
0.144,0.416,-1.7281,19.426,-2.0107e+05,-2.6859e+06,10736,10736
0.144,0.4,-3.4156,16.737,-4.4253e+05,-2.1152e+06,5542.5,5542.5
0.144,0.384,-3.9019,14.554,-6.708e+05,-1.7309e+06,-17406,17406
0.144,0.368,-5.789,12.852,-8.4866e+05,-1.5752e+06,-49005,49005
0.144,0.352,-6.9153,9.8371,-5.957e+05,-1.3119e+06,-58918,58918
0.144,0.336,-5.3102,5.403,-1.192e+05,-1.1087e+06,-41762,41762
0.144,0.32,-1.368,5.1686,4.3662e+05,-7.6478e+05,-16401,16401
0.144,0.304,0.015451,7.5747,5.6757e+05,-5.6916e+05,10861,10861
0.144,0.288,-1.1999,9.1918,5.2063e+05,-1.7919e+05,37801,37801
0.144,0.272,-0.76675,12.47,3.554e+05,1.2566e+05,70206,70206
0.144,0.256,1.8551,12.447,3.2335e+05,2.5594e+05,94649,94649
0.144,0.24,3.8639,11.955,2.919e+05,2.8363e+05,94172,94172
0.144,0.224,3.2775,14.457,3.1143e+05,5.3568e+05,69519,69519
0.144,0.208,1.3965,17.554,2.2044e+05,8.9734e+05,38718,38718
0.144,0.192,0.17441,19.654,62392,1.2804e+06,23806,23806
0.144,0.176,-1.2158,21.883,-1.2184e+05,1.6188e+06,43133,43133
0.144,0.16,-1.6533,23.981,-2.9665e+05,2.0477e+06,52859,52859
0.144,0.144,-1.9711,27.474,-4.3154e+05,2.4235e+06,66426,66426
0.144,0.128,-2.9506,28.848,-5.6276e+05,2.4259e+06,49830,49830
0.144,0.112,-2.5403,26.435,-6.3851e+05,1.897e+06,33595,33595
0.144,0.096,-3.2029,22.265,-5.3245e+05,1.0991e+06,8939.8,8939.8
0.144,0.08,-2.4489,20.205,-88729,-1.4628e+05,-6142.2,6142.2
0.144,0.064,1.014,14.802,3.7675e+05,-1.2716e+06,-5201.5,5201.5
0.144,0.048,0.77261,12.484,4.5717e+05,-1.4024e+06,1065.7,1065.7
0.144,0.032,-0.035367,12.102,2.4778e+05,-7.8912e+05,5461.7,5461.7
0.144,0.016,2.0493,5.891,0,0,3177.2,3177.2
0.16,0.496,0.51484,26.508,0,0,0,0
0.16,0.48,-0.64262,25.884,0,0,0,0
0.16,0.464,1.0026,25.255,NaN,NaN,0,0
0.16,0.448,2.178,25.092,NaN,NaN,-16480,16480
0.16,0.432,1.079,22.286,NaN,NaN,7510.4,7510.4
0.16,0.416,-1.9961,20.915,-5.2136e+05,-2.5735e+06,16776,16776
0.16,0.4,-3.0276,19.284,-6.8044e+05,-2.2782e+06,14935,14935
0.16,0.384,-2.3345,18.527,-6.1713e+05,-1.5541e+06,-13037,13037
0.16,0.368,-2.753,18.539,-6.3391e+05,-1.0577e+06,-41805,41805
0.16,0.352,-2.9575,19.04,-3.5136e+05,-5.2728e+05,-47349,47349
0.16,0.336,-0.63768,15.148,14819,-6.2795e+05,-22733,22733
0.16,0.32,0.46799,11.095,4.3091e+05,-9.9277e+05,-3460.4,3460.4
0.16,0.304,1.1344,10.659,5.3505e+05,-1.5068e+06,11147,11147
0.16,0.288,1.6471,11.012,4.7998e+05,-1.5793e+06,28764,28764
0.16,0.272,2.6643,11.603,3.7801e+05,-1.4498e+06,59633,59633
0.16,0.256,4.4764,12.498,3.5521e+05,-1.1993e+06,94617,94617
0.16,0.24,4.5057,12.572,3.1581e+05,-7.8657e+05,1.0219e+05,1.0219e+05
0.16,0.224,3.9159,14.961,2.8303e+05,-1.6963e+05,81792,81792
0.16,0.208,3.6995,17.604,1.2715e+05,5.9234e+05,49389,49389
0.16,0.192,2.3454,18.172,-37067,1.2918e+06,36394,36394
0.16,0.176,-0.26296,20.943,-2.0734e+05,2.0339e+06,66883,66883
0.16,0.16,-2.6365,24.804,-3.1066e+05,2.9524e+06,78997,78997
0.16,0.144,-4.3305,28.645,-4.1742e+05,3.7378e+06,98219,98219
0.16,0.128,-3.9507,31.416,-6.8936e+05,3.8308e+06,78993,78993
0.16,0.112,-3.2372,30.02,-1.0194e+06,3.3195e+06,65137,65137
0.16,0.096,-2.8907,28.593,-1.1773e+06,2.4455e+06,31796,31796
0.16,0.08,-2.0777,30.446,-7.834e+05,1.1796e+06,11371,11371
0.16,0.064,-0.77749,24.693,-2.0034e+05,-1.9621e+05,6130.4,6130.4
0.16,0.048,-1.3316,21.925,1.4143e+05,-7.7005e+05,8192.9,8192.9
0.16,0.032,-2.2523,19.549,1.1842e+05,-5.3079e+05,7697.3,7697.3
0.16,0.016,-0.28742,10.195,0,0,2772.9,2772.9
0.176,0.496,-1.1812,22.623,0,0,0,0
0.176,0.48,-2.4409,23.77,0,0,0,0
0.176,0.464,-2.071,22.545,NaN,NaN,0,0
0.176,0.448,-1.5748,19.554,NaN,NaN,NaN,NaN
0.176,0.432,-0.85681,16.174,NaN,NaN,34793,34793
0.176,0.416,-0.19194,17.998,NaN,NaN,33758,33758
0.176,0.4,-0.0054461,20.977,-5.1888e+05,-2.6767e+06,35385,35385
0.176,0.384,1.6414,22.865,-2.5559e+05,-1.7944e+06,15830,15830
0.176,0.368,0.49516,23.768,-2.7717e+05,-1.2632e+06,-5144.9,5144.9
0.176,0.352,0.24425,28.296,-31926,-6.7211e+05,-13945,13945
0.176,0.336,1.9984,26.11,2.1078e+05,-5.6252e+05,-8264.7,8264.7
0.176,0.32,3.3585,20.208,4.7932e+05,-1.2203e+06,-2746.1,2746.1
0.176,0.304,2.8512,17.789,5.3625e+05,-2.2768e+06,6160.2,6160.2
0.176,0.288,3.0595,14.389,5.3489e+05,-3.1146e+06,25884,25884
0.176,0.272,4.7567,11.927,5.2644e+05,-3.2686e+06,63888,63888
0.176,0.256,6.0826,10.66,5.2868e+05,-2.6833e+06,96098,96098
0.176,0.24,5.1598,10.466,5.6823e+05,-2.0902e+06,1.0727e+05,1.0727e+05
0.176,0.224,4.085,11.797,5.767e+05,-1.4937e+06,88170,88170
0.176,0.208,5.1194,12.359,4.0408e+05,-6.8648e+05,59922,59922
0.176,0.192,3.4553,12.377,77461,3.4839e+05,49609,49609
0.176,0.176,1.8935,16.724,-3.3125e+05,1.6729e+06,85259,85259
0.176,0.16,-2.5496,24.369,-6.2607e+05,3.2267e+06,99475,99475
0.176,0.144,-9.0896,31.427,-8.2457e+05,4.6021e+06,1.2056e+05,1.2056e+05
0.176,0.128,-8.0957,34.389,-1.0622e+06,5.164e+06,1.1012e+05,1.1012e+05
0.176,0.112,-6.41,31.25,-1.351e+06,4.7832e+06,1.0452e+05,1.0452e+05
0.176,0.096,-3.6316,30.457,-1.5681e+06,3.7672e+06,79400,79400
0.176,0.08,-3.0019,28.711,-1.3353e+06,2.4595e+06,53473,53473
0.176,0.064,-2.565,25.49,-6.5715e+05,7.8181e+05,35463,35463
0.176,0.048,-4.5045,25.145,-1.1086e+05,-77393,21720,21720
0.176,0.032,-4.9452,23.81,1.0933e+05,-3.4796e+05,9841,9841
0.176,0.016,-3.093,15.744,0,0,2829,2829
0.192,0.496,0.14733,25.666,0,0,0,0
0.192,0.48,-1.0331,26.276,0,0,0,0
0.192,0.464,0.21227,23.022,NaN,NaN,0,0
0.192,0.448,2.5476,14.286,NaN,NaN,NaN,NaN
0.192,0.432,2.6347,21.986,NaN,NaN,NaN,NaN
0.192,0.416,1.0553,23.314,NaN,NaN,16847,16847
0.192,0.4,-0.022197,25.871,NaN,NaN,48964,48964
0.192,0.384,1.1104,28.426,2.4018e+05,46217,33005,33005
0.192,0.368,1.0022,31.554,1.9958e+05,5.5633e+05,18895,18895
0.192,0.352,0.78512,34.815,2.304e+05,5.9091e+05,1882.1,1882.1
0.192,0.336,2.199,33.855,4.3773e+05,2.236e+05,-6319.8,6319.8
0.192,0.32,3.9647,28.981,5.5747e+05,-9.848e+05,-15930,15930
0.192,0.304,4.0662,23.693,6.2038e+05,-2.2691e+06,-3691,3691
0.192,0.288,3.8944,16.716,6.6768e+05,-3.7355e+06,32621,32621
0.192,0.272,5.3787,12.201,7.535e+05,-4.1615e+06,83620,83620
0.192,0.256,5.4559,9.6569,8.2911e+05,-3.7391e+06,1.1127e+05,1.1127e+05
0.192,0.24,4.9501,9.8458,9.1114e+05,-3.1524e+06,1.1487e+05,1.1487e+05
0.192,0.224,5.7334,10.32,9.5009e+05,-2.734e+06,1.0017e+05,1.0017e+05
0.192,0.208,5.5738,12.714,8.9285e+05,-2.1659e+06,82503,82503
0.192,0.192,3.9881,14.95,5.2578e+05,-1.1122e+06,75036,75036
0.192,0.176,1.4035,21.318,-79505,7.1378e+05,1.0688e+05,1.0688e+05
0.192,0.16,-3.1751,31.518,-6.5546e+05,3.0249e+06,1.019e+05,1.019e+05
0.192,0.144,-10.477,37.325,-1.0375e+06,5.0761e+06,1.1293e+05,1.1293e+05
0.192,0.128,-12.459,41.191,-1.3024e+06,6.1395e+06,1.0593e+05,1.0593e+05
0.192,0.112,-10.858,41.841,-1.6066e+06,6.2946e+06,1.322e+05,1.322e+05
0.192,0.096,-7.9043,39.072,-1.8112e+06,5.5886e+06,1.3136e+05,1.3136e+05
0.192,0.08,-5.6364,29.971,-1.7257e+06,4.4504e+06,1.1239e+05,1.1239e+05
0.192,0.064,-4.2296,25.068,-1.2793e+06,2.9576e+06,78042,78042
0.192,0.048,-5.4262,22.959,-6.4804e+05,1.5061e+06,44177,44177
0.192,0.032,-5.9287,22.247,-1.9619e+05,5.342e+05,16182,16182
0.192,0.016,-4.5199,16.999,0,0,3704.2,3704.2
0.208,0.496,-1.9234,29.774,0,0,0,0
0.208,0.48,-3.1288,22.584,0,0,0,0
0.208,0.464,-0.38234,23.259,NaN,NaN,0,0
0.208,0.448,-0.19822,29.656,NaN,NaN,NaN,NaN
0.208,0.432,0.11942,29.882,NaN,NaN,NaN,NaN
0.208,0.416,-0.14146,30.192,NaN,NaN,NaN,NaN
0.208,0.4,-0.38682,31.815,NaN,NaN,99559,99559
0.208,0.384,-0.75051,35.609,NaN,NaN,79446,79446
0.208,0.368,-1.5392,38.85,NaN,NaN,43394,43394
0.208,0.352,-0.3154,40.106,NaN,NaN,59673,59673
0.208,0.336,0.88104,38.971,6.3837e+05,1.8121e+05,19095,19095
0.208,0.32,1.7445,33.238,5.021e+05,-9.7348e+05,5738.8,5738.8
0.208,0.304,2.761,26.04,4.6388e+05,-1.7433e+06,-5875.2,5875.2
0.208,0.288,1.7958,21.945,4.4562e+05,-2.8001e+06,41143,41143
0.208,0.272,2.3351,17.861,5.6225e+05,-3.3571e+06,98883,98883
0.208,0.256,3.6527,15.726,6.819e+05,-3.3104e+06,1.302e+05,1.302e+05
0.208,0.24,4.0771,17.322,8.9306e+05,-3.1787e+06,1.3574e+05,1.3574e+05
0.208,0.224,4.3808,19.71,1.0807e+06,-2.9847e+06,1.2703e+05,1.2703e+05
0.208,0.208,4.3278,23.287,1.249e+06,-2.6558e+06,1.1901e+05,1.1901e+05
0.208,0.192,6.7112,27.452,9.4433e+05,-1.5567e+06,1.175e+05,1.175e+05
0.208,0.176,1.4862,34.579,3.1553e+05,4.918e+05,1.2916e+05,1.2916e+05
0.208,0.16,-2.2502,43.405,-4.6633e+05,3.0728e+06,1.0205e+05,1.0205e+05
0.208,0.144,-6.7253,45.455,-1.0069e+06,5.3788e+06,95547,95547
0.208,0.128,-10.13,48.334,-1.4409e+06,6.8649e+06,97095,97095
0.208,0.112,-13.637,49.114,-1.7667e+06,7.5115e+06,1.4367e+05,1.4367e+05
0.208,0.096,-16.56,50.127,-2.0365e+06,7.3936e+06,1.647e+05,1.647e+05
0.208,0.08,-11.81,48.585,-2.062e+06,6.4606e+06,1.5771e+05,1.5771e+05
0.208,0.064,-8.2987,44.841,-1.851e+06,5.0784e+06,1.1643e+05,1.1643e+05
0.208,0.048,-4.9948,41.709,-1.1223e+06,2.8695e+06,67439,67439
0.208,0.032,-3.992,36.224,-4.7542e+05,1.2122e+06,24481,24481
0.208,0.016,-5.8261,35.861,0,0,4867.7,4867.7
0.224,0.496,-1.7657,38.334,0,0,0,0
0.224,0.48,-0.95214,39.235,0,0,0,0
0.224,0.464,-0.0080384,38.374,NaN,NaN,0,0
0.224,0.448,0.47687,36.331,NaN,NaN,NaN,NaN
0.224,0.432,0.57281,38.09,NaN,NaN,NaN,NaN
0.224,0.416,-0.41318,40.199,NaN,NaN,NaN,NaN
0.224,0.4,-0.64982,41.754,NaN,NaN,NaN,NaN
0.224,0.384,-0.49613,42.681,NaN,NaN,NaN,NaN
0.224,0.368,-1.471,44.725,NaN,NaN,NaN,NaN
0.224,0.352,-1.8508,45.537,NaN,NaN,1.2182e+05,1.2182e+05
0.224,0.336,-1.7962,42.523,6.5861e+05,-13329,1.138e+05,1.138e+05
0.224,0.32,-0.68617,37.091,3.2304e+05,-1.0592e+06,65917,65917
0.224,0.304,-0.53823,33.004,2.3785e+05,-1.4577e+06,53219,53219
0.224,0.288,-1.0901,32.831,1.4053e+05,-1.9693e+06,51762,51762
0.224,0.272,-0.78738,31.334,2.2609e+05,-2.1981e+06,1.0168e+05,1.0168e+05
0.224,0.256,0.59133,30.591,3.0489e+05,-2.102e+06,1.3577e+05,1.3577e+05
0.224,0.24,0.61411,34.715,5.4322e+05,-2.0167e+06,1.5193e+05,1.5193e+05
0.224,0.224,5.4814,38.331,8.0962e+05,-1.8086e+06,1.5698e+05,1.5698e+05
0.224,0.208,7.2385,39.891,1.1435e+06,-1.7088e+06,1.5766e+05,1.5766e+05
0.224,0.192,7.1554,42.231,1.0023e+06,-1.0097e+06,1.4879e+05,1.4879e+05
0.224,0.176,4.1331,46.411,5.178e+05,5.617e+05,1.411e+05,1.411e+05
0.224,0.16,-0.25658,50.123,-2.5182e+05,2.9575e+06,1.0666e+05,1.0666e+05
0.224,0.144,-4.2534,52.029,-7.9814e+05,5.3539e+06,1.092e+05,1.092e+05
0.224,0.128,-6.044,56.463,-1.2937e+06,7.079e+06,1.2179e+05,1.2179e+05
0.224,0.112,-9.6396,60.496,-1.7068e+06,8.2306e+06,1.6387e+05,1.6387e+05
0.224,0.096,-14.443,60.826,-2.0629e+06,8.9287e+06,1.7836e+05,1.7836e+05
0.224,0.08,-15.171,63.816,-2.2061e+06,8.6557e+06,1.7716e+05,1.7716e+05
0.224,0.064,-13.414,58.752,-2.2296e+06,7.6943e+06,1.3807e+05,1.3807e+05
0.224,0.048,-9.8828,55.743,-1.4745e+06,4.5387e+06,86025,86025
0.224,0.032,-4.5794,51.153,-7.4385e+05,2.081e+06,31983,31983
0.224,0.016,-6.5802,48.547,0,0,6961.8,6961.8
0.24,0.496,-0.46065,45.275,0,0,0,0
0.24,0.48,0.42299,45.492,0,0,0,0
0.24,0.464,0.47082,45.411,NaN,NaN,0,0
0.24,0.448,0.86801,45.375,NaN,NaN,NaN,NaN
0.24,0.432,1.6574,43.792,NaN,NaN,NaN,NaN
0.24,0.416,1.6514,43.297,NaN,NaN,NaN,NaN
0.24,0.4,0.18284,44.57,NaN,NaN,NaN,NaN
0.24,0.384,-0.83791,45.61,NaN,NaN,NaN,NaN
0.24,0.368,-2.2539,46.385,NaN,NaN,NaN,NaN
0.24,0.352,-3.4683,48.238,NaN,NaN,2.6066e+05,2.6066e+05
0.24,0.336,-3.7116,47.687,NaN,NaN,2.0535e+05,2.0535e+05
0.24,0.32,-2.8809,45.35,-2.6169e+05,-5.2327e+05,1.2458e+05,1.2458e+05
0.24,0.304,-2.3752,44.834,-3.0432e+05,-3.9677e+05,76183,76183
0.24,0.288,-1.2081,42.598,-2.3799e+05,-4.9131e+05,63832,63832
0.24,0.272,-0.73433,43.101,-1.2836e+05,-7.4954e+05,1.0085e+05,1.0085e+05
0.24,0.256,-0.45616,43.764,-53527,-7.5344e+05,1.41e+05,1.41e+05
0.24,0.24,-0.25611,45.936,1.5071e+05,-5.1216e+05,1.6339e+05,1.6339e+05
0.24,0.224,2.9873,48.225,3.9256e+05,-1.4241e+05,1.7439e+05,1.7439e+05
0.24,0.208,4.2795,49.808,5.845e+05,92244,1.7355e+05,1.7355e+05
0.24,0.192,4.8576,50.224,5.2818e+05,5.4099e+05,1.6275e+05,1.6275e+05
0.24,0.176,2.4899,53.066,2.4609e+05,1.4605e+06,1.5774e+05,1.5774e+05
0.24,0.16,0.46533,57.26,-2.5334e+05,3.1232e+06,1.5805e+05,1.5805e+05
0.24,0.144,-3.2987,60.962,-6.3948e+05,4.9737e+06,1.788e+05,1.788e+05
0.24,0.128,-6.4916,66.962,-1.1838e+06,6.8429e+06,1.9118e+05,1.9118e+05
0.24,0.112,-7.952,70.429,-1.6138e+06,8.4543e+06,1.869e+05,1.869e+05
0.24,0.096,-9.2789,70.898,-1.9227e+06,9.3716e+06,1.6967e+05,1.6967e+05
0.24,0.08,-9.1509,71.581,-2.0505e+06,9.2317e+06,1.6396e+05,1.6396e+05
0.24,0.064,-9.219,70.929,-2.1074e+06,8.2546e+06,1.3674e+05,1.3674e+05
0.24,0.048,-9.5856,67.573,-1.3969e+06,4.7795e+06,92922,92922
0.24,0.032,-8.406,62.041,-6.5817e+05,2.0419e+06,35391,35391
0.24,0.016,-5.6456,56.264,0,0,8265.8,8265.8
0.256,0.496,0.54322,49.198,0,0,0,0
0.256,0.48,0.31088,48.242,0,0,0,0
0.256,0.464,0.94754,47.943,NaN,NaN,0,0
0.256,0.448,0.79969,47.545,NaN,NaN,NaN,NaN
0.256,0.432,1.1986,47.069,NaN,NaN,NaN,NaN
0.256,0.416,1.0273,46.701,NaN,NaN,NaN,NaN
0.256,0.4,0.16321,46.693,NaN,NaN,NaN,NaN
0.256,0.384,-0.67648,46.833,NaN,NaN,NaN,NaN
0.256,0.368,-1.6411,46.667,NaN,NaN,NaN,NaN
0.256,0.352,-1.9168,47.821,NaN,NaN,NaN,NaN
0.256,0.336,-1.9146,49.418,NaN,NaN,4.0095e+05,4.0095e+05
0.256,0.32,-2.2879,49.908,NaN,NaN,2.0703e+05,2.0703e+05
0.256,0.304,-2.1369,49.842,NaN,NaN,1.0756e+05,1.0756e+05
0.256,0.288,-2.0468,50.446,-1.1593e+05,-1.345e+05,66131,66131
0.256,0.272,-1.9437,52.298,-1.4875e+05,-1.7158e+05,1.0312e+05,1.0312e+05
0.256,0.256,-1.8077,54.178,-1.5025e+05,-64036,1.5487e+05,1.5487e+05
0.256,0.24,-0.44616,53.977,-36697,3.3521e+05,1.8242e+05,1.8242e+05
0.256,0.224,-1.2245,53.614,1.6598e+05,6.3704e+05,1.7687e+05,1.7687e+05
0.256,0.208,0.36939,54.308,1.7119e+05,9.5392e+05,1.6802e+05,1.6802e+05
0.256,0.192,0.70765,54.122,40433,1.2956e+06,1.5563e+05,1.5563e+05
0.256,0.176,-0.31857,55.566,-1.6488e+05,1.8465e+06,1.7019e+05,1.7019e+05
0.256,0.16,-0.67261,59.757,-4.0278e+05,2.9857e+06,1.9852e+05,1.9852e+05
0.256,0.144,-2.6923,65.578,-5.4023e+05,4.2968e+06,2.4523e+05,2.4523e+05
0.256,0.128,-4.9605,71.861,-8.0588e+05,5.7627e+06,2.5821e+05,2.5821e+05
0.256,0.112,-7.4687,75.53,-1.125e+06,7.3733e+06,2.1867e+05,2.1867e+05
0.256,0.096,-7.743,76.612,-1.5005e+06,8.5331e+06,1.6192e+05,1.6192e+05
0.256,0.08,-9.3366,77.142,-1.7775e+06,8.96e+06,1.4184e+05,1.4184e+05
0.256,0.064,-10.202,74.289,-1.9017e+06,8.4298e+06,1.2274e+05,1.2274e+05
0.256,0.048,-7.2551,73.243,-1.2891e+06,5.1809e+06,89939,89939
0.256,0.032,-7.1118,68.772,-5.8632e+05,2.2665e+06,34893,34893
0.256,0.016,-8.0708,70.523,0,0,8551.7,8551.7
0.272,0.496,0.17504,51.902,0,0,0,0
0.272,0.48,-0.63309,49.143,0,0,0,0
0.272,0.464,-0.47378,48.802,NaN,NaN,0,0
0.272,0.448,-0.60649,48.515,NaN,NaN,NaN,NaN
0.272,0.432,-0.060357,48.583,NaN,NaN,NaN,NaN
0.272,0.416,-0.26811,48.56,NaN,NaN,NaN,NaN
0.272,0.4,-0.31747,48.341,NaN,NaN,NaN,NaN
0.272,0.384,-0.10432,46.978,NaN,NaN,NaN,NaN
0.272,0.368,-0.88523,46.178,NaN,NaN,NaN,NaN
0.272,0.352,-0.79525,45.543,NaN,NaN,NaN,NaN
0.272,0.336,-0.36338,45.576,NaN,NaN,NaN,NaN
0.272,0.32,-0.99469,45.779,NaN,NaN,NaN,NaN
0.272,0.304,-2.0317,45.944,NaN,NaN,43277,43277
0.272,0.288,-2.3813,48.436,4.0101e+05,-1.0947e+06,89039,89039
0.272,0.272,-2.3369,51.08,2.3564e+05,-9.0302e+05,1.2697e+05,1.2697e+05
0.272,0.256,-3.2211,53.979,1.5358e+05,-6.4562e+05,1.9038e+05,1.9038e+05
0.272,0.24,-2.9013,54.701,-1.5499e+05,1.8857e+05,2.083e+05,2.083e+05
0.272,0.224,-4.1009,56.535,-2.3327e+05,7.2575e+05,1.8879e+05,1.8879e+05
0.272,0.208,-3.8023,58.426,-2.7625e+05,1.2149e+06,1.6552e+05,1.6552e+05
0.272,0.192,-2.7178,57.399,-2.901e+05,1.6107e+06,1.6396e+05,1.6396e+05
0.272,0.176,-2.5181,57.708,-3.3495e+05,2.0781e+06,1.8404e+05,1.8404e+05
0.272,0.16,-2.5946,61.425,-3.9318e+05,2.7509e+06,2.1073e+05,2.1073e+05
0.272,0.144,-2.7595,67.559,-3.4586e+05,3.2669e+06,2.4534e+05,2.4534e+05
0.272,0.128,-2.087,69.871,-3.9119e+05,3.8209e+06,2.5488e+05,2.5488e+05
0.272,0.112,-4.0098,72.786,-6.4401e+05,5.0816e+06,2.1719e+05,2.1719e+05
0.272,0.096,-5.0471,77.426,-1.085e+06,6.3894e+06,1.5315e+05,1.5315e+05
0.272,0.08,-7.2806,78.729,-1.5146e+06,7.3414e+06,1.222e+05,1.222e+05
0.272,0.064,-10.149,77.223,-1.7911e+06,7.4903e+06,1.0123e+05,1.0123e+05
0.272,0.048,-10.6,76.478,-1.2948e+06,4.946e+06,76578,76578
0.272,0.032,-9.4769,72.584,-6.1782e+05,2.3294e+06,29801,29801
0.272,0.016,-6.2555,72.123,0,0,7210,7210
0.288,0.496,-1.7079,50.822,0,0,0,0
0.288,0.48,-2.0736,47.269,0,0,0,0
0.288,0.464,-1.4118,47.563,NaN,NaN,0,0
0.288,0.448,-1.3927,47.747,NaN,NaN,NaN,NaN
0.288,0.432,-1.4882,48.443,NaN,NaN,NaN,NaN
0.288,0.416,-1.0946,49.2,NaN,NaN,NaN,NaN
0.288,0.4,0.11579,50.217,NaN,NaN,NaN,NaN
0.288,0.384,0.53882,49.569,NaN,NaN,NaN,NaN
0.288,0.368,-0.15636,48.076,NaN,NaN,NaN,NaN
0.288,0.352,-0.85452,46.608,NaN,NaN,NaN,NaN
0.288,0.336,-0.19765,43.84,NaN,NaN,NaN,NaN
0.288,0.32,-1.2495,42.025,NaN,NaN,NaN,NaN
0.288,0.304,-2.722,41.663,NaN,NaN,79268,79268
0.288,0.288,-1.2333,42.403,3.9616e+05,-1.2266e+06,1.217e+05,1.217e+05
0.288,0.272,-0.057852,42.542,2.6118e+05,-1.3108e+06,1.6298e+05,1.6298e+05
0.288,0.256,-1.1011,44.156,2.0653e+05,-1.2265e+06,2.1471e+05,2.1471e+05
0.288,0.24,-1.3142,47.632,22638,-1.0143e+06,2.2419e+05,2.2419e+05
0.288,0.224,-2.6031,50.783,-97460,-5.0071e+05,1.9716e+05,1.9716e+05
0.288,0.208,-2.9315,54.228,-1.9583e+05,3.3172e+05,1.7945e+05,1.7945e+05
0.288,0.192,-1.8326,56.815,-2.1414e+05,1.0394e+06,1.7827e+05,1.7827e+05
0.288,0.176,-1.8598,59.507,-2.1667e+05,1.6083e+06,1.8432e+05,1.8432e+05
0.288,0.16,-2.0277,61.817,-2.0729e+05,2.0995e+06,1.8749e+05,1.8749e+05
0.288,0.144,-1.5778,63.236,-1.4347e+05,2.4772e+06,1.9503e+05,1.9503e+05
0.288,0.128,-0.39576,64.074,-2.0193e+05,2.8418e+06,2.0147e+05,2.0147e+05
0.288,0.112,-2.1341,65.504,-4.0489e+05,3.3603e+06,1.8242e+05,1.8242e+05
0.288,0.096,-3.9549,68.458,-7.6579e+05,4.012e+06,1.3587e+05,1.3587e+05
0.288,0.08,-5.1694,71.678,-1.1338e+06,4.8754e+06,1.0379e+05,1.0379e+05
0.288,0.064,-7.2443,75.389,-1.4654e+06,5.5856e+06,75596,75596
0.288,0.048,-8.8488,77.759,-1.0957e+06,4.0214e+06,58286,58286
0.288,0.032,-9.3222,77.487,-5.9094e+05,2.0766e+06,23052,23052
0.288,0.016,-7.8844,74.109,0,0,6679.3,6679.3
0.304,0.496,-3.2733,49.472,0,0,0,0
0.304,0.48,-3.1149,45.42,0,0,0,0
0.304,0.464,-2.0038,46.363,NaN,NaN,0,0
0.304,0.448,-1.594,47.724,NaN,NaN,NaN,NaN
0.304,0.432,-1.4217,49.547,NaN,NaN,NaN,NaN
0.304,0.416,-0.91399,50.507,NaN,NaN,NaN,NaN
0.304,0.4,-0.098297,51.959,NaN,NaN,NaN,NaN
0.304,0.384,-0.090147,51.689,NaN,NaN,NaN,NaN
0.304,0.368,-0.91212,49.673,NaN,NaN,NaN,NaN
0.304,0.352,-1.8713,48.48,NaN,NaN,NaN,NaN
0.304,0.336,-2.2548,47.958,NaN,NaN,NaN,NaN
0.304,0.32,-2.3751,45.546,NaN,NaN,64306,64306
0.304,0.304,-2.7593,43.523,NaN,NaN,76503,76503
0.304,0.288,-0.39662,42.587,4.2122e+05,-1.0577e+06,1.0628e+05,1.0628e+05
0.304,0.272,0.75912,40.038,2.2919e+05,-1.3577e+06,1.4144e+05,1.4144e+05
0.304,0.256,0.29851,38.855,1.8438e+05,-1.4223e+06,1.8342e+05,1.8342e+05
0.304,0.24,0.20928,40.207,42585,-1.4306e+06,1.9476e+05,1.9476e+05
0.304,0.224,-0.30569,42.804,29288,-9.6459e+05,1.8799e+05,1.8799e+05
0.304,0.208,-0.61709,46.358,48061,-3.4147e+05,1.7673e+05,1.7673e+05
0.304,0.192,0.030757,48.834,88305,3.4605e+05,1.7589e+05,1.7589e+05
0.304,0.176,-0.25392,52.423,1.4748e+05,9.949e+05,1.7295e+05,1.7295e+05
0.304,0.16,0.14142,55.055,1.6889e+05,1.4944e+06,1.647e+05,1.647e+05
0.304,0.144,1.0267,55.841,1.9309e+05,1.7258e+06,1.5239e+05,1.5239e+05
0.304,0.128,0.37148,55.971,1.1075e+05,1.7835e+06,1.4685e+05,1.4685e+05
0.304,0.112,-0.79472,57.605,-1.0401e+05,1.9664e+06,1.3779e+05,1.3779e+05
0.304,0.096,-2.108,58.976,-3.5342e+05,2.3765e+06,1.0926e+05,1.0926e+05
0.304,0.08,-2.406,60.616,-5.4722e+05,2.9209e+06,85158,85158
0.304,0.064,-4.0288,60.766,-7.1173e+05,3.5772e+06,57327,57327
0.304,0.048,-5.9094,65.404,-5.2537e+05,2.6092e+06,44574,44574
0.304,0.032,-4.6194,68.244,-3.075e+05,1.4446e+06,18010,18010
0.304,0.016,-4.6123,66.954,0,0,5555.3,5555.3
0.32,0.496,-1.5473,45.407,0,0,0,0
0.32,0.48,-0.8489,44.405,0,0,0,0
0.32,0.464,-0.99112,46.004,NaN,NaN,0,0
0.32,0.448,-0.3127,47.97,NaN,NaN,NaN,NaN
0.32,0.432,0.94964,48.902,NaN,NaN,NaN,NaN
0.32,0.416,0.92859,48.851,NaN,NaN,NaN,NaN
0.32,0.4,0.55724,48.687,NaN,NaN,NaN,NaN
0.32,0.384,0.49267,48.443,NaN,NaN,NaN,NaN
0.32,0.368,-0.67601,46.676,NaN,NaN,NaN,NaN
0.32,0.352,-1.8533,46.071,NaN,NaN,NaN,NaN
0.32,0.336,-3.0646,46.724,NaN,NaN,NaN,NaN
0.32,0.32,-3.0288,45.631,NaN,NaN,39174,39174
0.32,0.304,-2.0873,44.916,2.7649e+05,5.3042e+05,50593,50593
0.32,0.288,0.0024251,43.872,4.8275e+05,-5.3632e+05,69802,69802
0.32,0.272,0.60265,41.026,2.3955e+05,-1.1695e+06,1.0552e+05,1.0552e+05
0.32,0.256,-0.31731,38.704,1.8637e+05,-1.659e+06,1.4785e+05,1.4785e+05
0.32,0.24,0.68231,35.614,79282,-1.9811e+06,1.6959e+05,1.6959e+05
0.32,0.224,1.1832,34.372,2.2916e+05,-1.6989e+06,1.6757e+05,1.6757e+05
0.32,0.208,1.8715,37.573,3.4618e+05,-1.172e+06,1.5245e+05,1.5245e+05
0.32,0.192,1.9891,41.339,4.4096e+05,-5.3948e+05,1.4148e+05,1.4148e+05
0.32,0.176,1.7248,44.916,5.0827e+05,1.2543e+05,1.384e+05,1.384e+05
0.32,0.16,2.6524,47.505,5.2755e+05,5.9976e+05,1.3315e+05,1.3315e+05
0.32,0.144,2.3028,49.433,4.618e+05,7.7547e+05,1.2064e+05,1.2064e+05
0.32,0.128,0.68454,50.922,3.4851e+05,7.5195e+05,1.0544e+05,1.0544e+05
0.32,0.112,-0.21838,51.812,2.0207e+05,8.1774e+05,95039,95039
0.32,0.096,-1.3148,53.06,93504,1.1063e+06,78202,78202
0.32,0.08,-1.4233,54.23,22217,1.467e+06,65793,65793
0.32,0.064,-1.1511,54.034,-98097,1.917e+06,44555,44555
0.32,0.048,-1.0183,56.435,-95309,1.4395e+06,34150,34150
0.32,0.032,-2.1865,58.506,-99681,8.2654e+05,14676,14676
0.32,0.016,-3.1235,57.248,0,0,4955.2,4955.2
0.336,0.496,-1.9404,39.851,0,0,0,0
0.336,0.48,-2.8458,42.483,0,0,0,0
0.336,0.464,-4.0084,42.503,NaN,NaN,0,0
0.336,0.448,-3.7798,43.119,NaN,NaN,NaN,NaN
0.336,0.432,-2.7786,41.549,NaN,NaN,NaN,NaN
0.336,0.416,-1.6671,40.446,NaN,NaN,NaN,NaN
0.336,0.4,-0.45006,40.183,NaN,NaN,NaN,NaN
0.336,0.384,0.14352,40.754,NaN,NaN,NaN,NaN
0.336,0.368,-0.54841,41.462,NaN,NaN,NaN,NaN
0.336,0.352,-1.1719,42.994,NaN,NaN,NaN,NaN
0.336,0.336,-1.7215,44.518,NaN,NaN,82571,82571
0.336,0.32,-1.7597,43.608,NaN,NaN,48005,48005
0.336,0.304,-1.2691,43.587,63216,1.0709e+06,35802,35802
0.336,0.288,-0.27238,42.016,3.4986e+05,2.2448e+05,38889,38889
0.336,0.272,-0.43383,39.52,1.1402e+05,-5.0576e+05,69385,69385
0.336,0.256,-1.3791,36.827,61571,-1.3012e+06,1.2954e+05,1.2954e+05
0.336,0.24,-0.56144,33.019,-64885,-1.8022e+06,1.5872e+05,1.5872e+05
0.336,0.224,0.7222,30.366,1.6004e+05,-1.7076e+06,1.5055e+05,1.5055e+05
0.336,0.208,2.1346,31.301,3.6771e+05,-1.4233e+06,1.2027e+05,1.2027e+05
0.336,0.192,3.0715,35.487,5.4515e+05,-1.0269e+06,1.0649e+05,1.0649e+05
0.336,0.176,4.9791,38.585,6.6078e+05,-4.8017e+05,1.0879e+05,1.0879e+05
0.336,0.16,4.5911,41.551,6.7656e+05,-40468,92892,92892
0.336,0.144,2.7787,42.676,5.8992e+05,1.9787e+05,82207,82207
0.336,0.128,1.0536,42.915,4.5328e+05,1.813e+05,67632,67632
0.336,0.112,1.1361,44.37,3.6003e+05,2.2849e+05,63193,63193
0.336,0.096,0.91796,45.183,2.904e+05,4.4962e+05,48254,48254
0.336,0.08,-0.63053,46.087,3.0285e+05,8.0095e+05,37002,37002
0.336,0.064,-0.50993,48.013,2.0647e+05,1.1596e+06,27190,27190
0.336,0.048,-0.86909,46.382,1.3144e+05,9.1795e+05,19495,19495
0.336,0.032,-1.5706,47.123,8084.7,5.1616e+05,8533.5,8533.5
0.336,0.016,-2.5298,46.7,0,0,2299.1,2299.1
0.352,0.496,-0.46697,31.253,0,0,0,0
0.352,0.48,0.43574,30.98,0,0,0,0
0.352,0.464,0.64333,29.811,NaN,NaN,0,0
0.352,0.448,-1.6848,28.968,NaN,NaN,NaN,NaN
0.352,0.432,-0.97243,30.397,NaN,NaN,NaN,NaN
0.352,0.416,-0.20529,33.078,NaN,NaN,NaN,NaN
0.352,0.4,-0.54447,36.165,NaN,NaN,NaN,NaN
0.352,0.384,-0.47233,37.929,NaN,NaN,NaN,NaN
0.352,0.368,-0.50569,39.412,NaN,NaN,NaN,NaN
0.352,0.352,-0.58603,41.727,NaN,NaN,NaN,NaN
0.352,0.336,0.049492,42.561,NaN,NaN,94990,94990
0.352,0.32,0.69225,40.468,-3.3575e+05,1.8127e+06,60441,60441
0.352,0.304,0.072086,39.945,-1.6622e+05,1.3207e+06,52320,52320
0.352,0.288,0.16293,38.925,-37891,5.2316e+05,55301,55301
0.352,0.272,-1.0704,36.469,-1.7381e+05,-4.4314e+05,99060,99060
0.352,0.256,-2.451,34.079,-2.1431e+05,-1.3961e+06,1.6262e+05,1.6262e+05
0.352,0.24,-1.889,32.501,-2.4645e+05,-1.8047e+06,1.827e+05,1.827e+05
0.352,0.224,-0.96114,32.018,10376,-1.7358e+06,1.5199e+05,1.5199e+05
0.352,0.208,0.33229,32.652,2.1843e+05,-1.6594e+06,1.0518e+05,1.0518e+05
0.352,0.192,2.308,32.705,4.7073e+05,-1.4143e+06,83568,83568
0.352,0.176,4.5761,33.914,7.9175e+05,-7.3172e+05,91013,91013
0.352,0.16,3.9757,36.816,1.033e+06,-1.074e+05,67479,67479
0.352,0.144,2.6499,36.357,9.8746e+05,1.3662e+05,52883,52883
0.352,0.128,1.6248,34.047,6.0867e+05,-3.6772e+05,29756,29756
0.352,0.112,0.19383,32.133,2.3532e+05,-8.0397e+05,26316,26316
0.352,0.096,-0.49374,31.984,-75845,-9.7833e+05,14341,14341
0.352,0.08,-0.98453,33.021,-1.9232e+05,-6.712e+05,6653.6,6653.6
0.352,0.064,-0.18593,37.328,-4.0591e+05,-4.1771e+05,5578.7,5578.7
0.352,0.048,-1.1316,37.32,-3.1376e+05,-1.4383e+05,4153.6,4153.6
0.352,0.032,-3.7203,39.009,-2.1471e+05,-49450,2004.8,2004.8
0.352,0.016,-2.5724,35.562,0,0,383.68,383.68
0.368,0.496,-0.94653,27.128,0,0,0,0
0.368,0.48,1.3035,27.543,0,0,0,0
0.368,0.464,0.54431,26.448,NaN,NaN,0,0
0.368,0.448,-1.1753,27.684,NaN,NaN,NaN,NaN
0.368,0.432,-1.3107,31.629,NaN,NaN,NaN,NaN
0.368,0.416,-0.56709,36.158,NaN,NaN,NaN,NaN
0.368,0.4,-0.88636,40.189,NaN,NaN,NaN,NaN
0.368,0.384,-0.37322,41.769,NaN,NaN,NaN,NaN
0.368,0.368,0.16866,42.038,NaN,NaN,NaN,NaN
0.368,0.352,0.19715,42.209,NaN,NaN,90551,90551
0.368,0.336,0.69832,42.977,NaN,NaN,87176,87176
0.368,0.32,0.36878,40.283,-5.643e+05,1.3221e+06,78068,78068
0.368,0.304,-0.80936,38.557,-5.9401e+05,8.0722e+05,73538,73538
0.368,0.288,-2.045,36.882,-5.4319e+05,-99251,82756,82756
0.368,0.272,-3.6641,31.129,-6.0584e+05,-1.3851e+06,1.2341e+05,1.2341e+05
0.368,0.256,-5.0724,25.87,-5.3193e+05,-2.4325e+06,1.7923e+05,1.7923e+05
0.368,0.24,-2.4207,29.397,-3.4384e+05,-2.605e+06,1.9201e+05,1.9201e+05
0.368,0.224,-1.0943,32.39,95915,-2.0113e+06,1.5083e+05,1.5083e+05
0.368,0.208,-0.16193,32.536,4.9498e+05,-1.3682e+06,98189,98189
0.368,0.192,1.2768,32.321,7.97e+05,-7.275e+05,79500,79500
0.368,0.176,4.0431,32.322,1.0421e+06,-29310,98225,98225
0.368,0.16,5.5463,31.267,1.1766e+06,5.0354e+05,78506,78506
0.368,0.144,3.8937,29.056,1.0172e+06,5.065e+05,56125,56125
0.368,0.128,0.95455,23.898,4.2114e+05,-4.8253e+05,17751,17751
0.368,0.112,-1.3122,19.006,-1.906e+05,-1.4773e+06,2800.5,2800.5
0.368,0.096,-1.7637,19.628,-5.3009e+05,-1.9864e+06,-13881,13881
0.368,0.08,-1.861,19.216,-4.8057e+05,-1.6199e+06,-21200,21200
0.368,0.064,-1.4993,19.859,-4.2728e+05,-1.1593e+06,-14911,14911
0.368,0.048,-1.856,21.732,-2.6571e+05,-5.8455e+05,-8748.1,8748.1
0.368,0.032,-2.2525,25.789,-1.5562e+05,-2.5089e+05,-3221.7,3221.7
0.368,0.016,-2.8506,23.988,0,0,-900.35,900.35
0.384,0.496,1.1395,22.911,0,0,0,0
0.384,0.48,2.0494,26.592,0,0,0,0
0.384,0.464,1.2598,28.037,NaN,NaN,0,0
0.384,0.448,0.44308,31.634,NaN,NaN,NaN,NaN
0.384,0.432,1.0963,36.268,NaN,NaN,NaN,NaN
0.384,0.416,0.76665,39.225,NaN,NaN,NaN,NaN
0.384,0.4,0.39677,41.702,NaN,NaN,-1.2996e+05,1.2996e+05
0.384,0.384,0.81255,43.812,NaN,NaN,-1.413e+05,1.413e+05
0.384,0.368,1.8257,44.825,NaN,NaN,-66305,66305
0.384,0.352,1.7657,43.445,NaN,NaN,19107,19107
0.384,0.336,0.90728,42.095,-5.5675e+05,-1.2045e+06,77036,77036
0.384,0.32,-0.65545,37.589,-6.631e+05,-7.5483e+05,73740,73740
0.384,0.304,-4.034,33.357,-8.037e+05,-1.2045e+06,81352,81352
0.384,0.288,-5.6184,27.9,-8.533e+05,-1.9437e+06,96878,96878
0.384,0.272,-5.5761,21.101,-8.3802e+05,-3.0794e+06,1.3491e+05,1.3491e+05
0.384,0.256,-4.907,16.186,-5.2121e+05,-3.4942e+06,1.8125e+05,1.8125e+05
0.384,0.24,-3.5229,14.48,-1.0339e+05,-2.9598e+06,1.9226e+05,1.9226e+05
0.384,0.224,-1.3548,16.836,4.1661e+05,-1.7902e+06,1.5207e+05,1.5207e+05
0.384,0.208,1.628,19.278,8.8036e+05,-6.9108e+05,95851,95851
0.384,0.192,3.1346,20.873,1.2656e+06,1.981e+05,71421,71421
0.384,0.176,2.9004,21.287,1.4661e+06,9.2055e+05,90709,90709
0.384,0.16,2.3837,20.342,1.3938e+06,1.334e+06,76850,76850
0.384,0.144,2.794,18.733,9.3015e+05,1.0123e+06,60565,60565
0.384,0.128,1.7953,16.69,1.6014e+05,-3.7296e+05,20846,20846
0.384,0.112,-1.0651,13.124,-5.4676e+05,-1.7768e+06,4165.2,4165.2
0.384,0.096,-2.1793,10.374,-8.0574e+05,-2.4763e+06,-17394,17394
0.384,0.08,-2.2751,8.0009,-7.0819e+05,-2.191e+06,-25118,25118
0.384,0.064,-1.4955,8.6018,-4.9956e+05,-1.696e+06,-19156,19156
0.384,0.048,-1.0619,11.217,-2.8987e+05,-9.5771e+05,-9668.7,9668.7
0.384,0.032,-1.9356,12.37,-1.2031e+05,-4.1241e+05,-2844.6,2844.6
0.384,0.016,-2.0687,9.8318,0,0,-338.59,338.59
0.4,0.496,2.0497,21.051,0,0,0,0
0.4,0.48,4.1236,25.204,0,0,0,0
0.4,0.464,4.5229,27.838,NaN,NaN,0,0
0.4,0.448,3.3006,29.611,NaN,NaN,NaN,NaN
0.4,0.432,1.2979,32.005,NaN,NaN,-86101,86101
0.4,0.416,2.6722,34.147,NaN,NaN,-96874,96874
0.4,0.4,2.9535,35.777,NaN,NaN,-84366,84366
0.4,0.384,3.0772,38.952,1.7208e+05,2.902e+06,-81634,81634
0.4,0.368,3.3363,40.526,-17621,1.8377e+06,-31941,31941
0.4,0.352,1.993,40.113,-2.5181e+05,4.2864e+05,24103,24103
0.4,0.336,0.76087,36.084,-6.4847e+05,-2.0144e+06,61856,61856
0.4,0.32,-2.3965,27.716,-8.7322e+05,-3.0864e+06,62190,62190
0.4,0.304,-5.7189,20.141,-9.5575e+05,-3.4457e+06,70951,70951
0.4,0.288,-6.3317,15.267,-8.6331e+05,-3.7749e+06,95013,95013
0.4,0.272,-4.9938,11.879,-7.1949e+05,-4.2057e+06,1.3759e+05,1.3759e+05
0.4,0.256,-4.0057,11.689,-2.6346e+05,-3.7403e+06,1.8329e+05,1.8329e+05
0.4,0.24,-3.1065,10.178,1.8896e+05,-2.6417e+06,1.9668e+05,1.9668e+05
0.4,0.224,-1.2966,8.8997,9.4479e+05,-1.0232e+06,1.6454e+05,1.6454e+05
0.4,0.208,0.59348,12.04,1.9443e+06,2.6745e+05,1.0974e+05,1.0974e+05
0.4,0.192,3.3764,14.208,2.6316e+06,1.1215e+06,82225,82225
0.4,0.176,3.6294,17.114,2.3055e+06,1.4085e+06,84498,84498
0.4,0.16,2.1306,18.066,1.2201e+06,1.132e+06,64602,64602
0.4,0.144,2.3012,15.125,2.5489e+05,5.1783e+05,42348,42348
0.4,0.128,1.3803,11.995,-1.8097e+05,-4.0337e+05,17780,17780
0.4,0.112,-0.99807,8.8532,-4.1549e+05,-1.1788e+06,15703,15703
0.4,0.096,-2.3636,6.1358,-4.6619e+05,-1.6504e+06,5209.9,5209.9
0.4,0.08,-3.0652,5.9375,-2.628e+05,-1.3889e+06,-5586.7,5586.7
0.4,0.064,-2.8315,4.6016,25370,-9.081e+05,-6439,6439
0.4,0.048,-1.5521,5.3944,1.0049e+05,-3.471e+05,-2008.7,2008.7
0.4,0.032,-1.0214,5.6844,76447,-85790,1345.2,1345.2
0.4,0.016,-2.3215,4.5308,0,0,445.39,445.39
0.416,0.496,3.4184,20.443,0,0,-157.81,157.81
0.416,0.48,3.5888,23.225,0,0,-302.12,302.12
0.416,0.464,1.7506,23.205,NaN,NaN,2050.7,2050.7
0.416,0.448,0.42368,19.781,NaN,NaN,6826.5,6826.5
0.416,0.432,1.3084,20.457,NaN,NaN,-19375,19375
0.416,0.416,3.1172,22.278,-55871,2.4431e+06,-43219,43219
0.416,0.4,3.2679,25.374,79030,2.0835e+06,-52778,52778
0.416,0.384,3.9437,25.491,78560,1.7545e+06,-52065,52065
0.416,0.368,4.404,24.635,47097,9.2696e+05,-18071,18071
0.416,0.352,1.4507,24.101,-2.1921e+05,-1.2383e+05,11660,11660
0.416,0.336,-0.94164,17.967,-5.2278e+05,-1.8292e+06,40648,40648
0.416,0.32,-2.2903,12.757,-7.2098e+05,-3.1883e+06,38098,38098
0.416,0.304,-3.9235,9.2852,-7.5273e+05,-3.8468e+06,56801,56801
0.416,0.288,-4.9079,7.6687,-7.2704e+05,-4.3515e+06,93892,93892
0.416,0.272,-5.5265,5.616,-7.2953e+05,-4.4701e+06,1.5178e+05,1.5178e+05
0.416,0.256,-6.7732,10.087,-2.8161e+05,-3.2933e+06,2.0644e+05,2.0644e+05
0.416,0.24,-2.3976,10.467,3.4131e+05,-1.6952e+06,2.2227e+05,2.2227e+05
0.416,0.224,-0.68159,9.5925,1.4839e+06,80563,2.069e+05,2.069e+05
0.416,0.208,1.8691,11.233,3.3143e+06,7.9936e+05,1.5743e+05,1.5743e+05
0.416,0.192,4.6368,13.518,3.6524e+06,9.9034e+05,1.2195e+05,1.2195e+05
0.416,0.176,4.1601,13.283,2.7942e+06,8.4466e+05,87373,87373
0.416,0.16,0.19061,11.12,6.7479e+05,3.0417e+05,50139,50139
0.416,0.144,-0.54248,8.7528,-1.3276e+05,-1.422e+05,29307,29307
0.416,0.128,0.78613,5.6635,-2.616e+05,-5.4873e+05,25518,25518
0.416,0.112,0.87811,3.5781,-2.5414e+05,-8.0846e+05,40753,40753
0.416,0.096,0.48045,9.1544,-2.7127e+05,-1.1377e+06,39879,39879
0.416,0.08,-0.37861,2.1063,-3.5529e+05,-1.1588e+06,31676,31676
0.416,0.064,-0.71141,1.8064,-3.2595e+05,-5.6977e+05,22554,22554
0.416,0.048,-0.67611,3.1828,-2.4265e+05,-1.9151e+05,15978,15978
0.416,0.032,-11.637,19.015,-80091,1.9009e+05,8402,8402
0.416,0.016,-2.403,6.348,0,0,1948.4,1948.4
0.432,0.496,3.6279,12.461,0,0,-612.15,612.15
0.432,0.48,4.66,13.052,0,0,-1005,1005
0.432,0.464,1.9445,11.584,-3.4154e+05,-9.0581e+05,98.843,98.843
0.432,0.448,-0.77016,10.424,-3.5672e+05,1.3279e+05,4078.9,4078.9
0.432,0.432,1.341,15.409,-5.8341e+05,2.2264e+05,-8441,8441
0.432,0.416,0.043647,17.628,-3.4624e+05,1.3362e+06,-22245,22245
0.432,0.4,1.6274,17.944,-1.357e+05,1.1913e+06,-22437,22437
0.432,0.384,1.0931,16.579,37449,1.2063e+06,-11174,11174
0.432,0.368,0.9547,13.251,1.3066e+05,6.824e+05,5429.5,5429.5
0.432,0.352,2.05,11.385,1.1593e+05,-3973.2,16741,16741
0.432,0.336,0.24628,9.0609,-1.3457e+05,-1.2615e+06,26675,26675
0.432,0.32,-1.8538,6.4778,-3.9069e+05,-2.346e+06,34369,34369
0.432,0.304,-2.9597,6.2736,-6.3539e+05,-2.988e+06,55099,55099
0.432,0.288,-5.2289,6.7096,-8.712e+05,-3.7274e+06,96253,96253
0.432,0.272,-8.3002,8.6092,-1.6173e+06,-5.0853e+06,1.517e+05,1.517e+05
0.432,0.256,-10.705,9.2465,-2.5202e+06,-4.2411e+06,2.0389e+05,2.0389e+05
0.432,0.24,-3.7348,9.9792,-2.5322e+06,-3.6558e+06,2.2481e+05,2.2481e+05
0.432,0.224,0.17592,11.07,4.9876e+05,-1.0675e+06,2.2048e+05,2.2048e+05
0.432,0.208,1.3354,11.333,4.3908e+06,-5.9398e+05,1.8306e+05,1.8306e+05
0.432,0.192,2.2188,9.7583,5.0164e+06,-1.1931e+05,1.4929e+05,1.4929e+05
0.432,0.176,1.2287,6.9628,2.7087e+06,-5.3887e+05,1.0428e+05,1.0428e+05
0.432,0.16,-0.56383,5.1682,-1.4273e+05,-9.7279e+05,60989,60989
0.432,0.144,-1.1077,2.9431,-3.1069e+05,-4.865e+05,30092,30092
0.432,0.128,-1.8226,2.2759,-7.4992e+05,-7.0114e+05,30305,30305
0.432,0.112,39.222,20.668,-6.0139e+05,-4.1606e+05,46760,46760
0.432,0.096,25.64,32.823,-7.8108e+05,-6.4101e+05,65750,65750
0.432,0.08,22.552,38.639,1.0419e+05,1.2022e+06,68681,68681
0.432,0.064,-2.5179,1.5982,-4.2245e+05,1.8011e+06,62068,62068
0.432,0.048,-5.8345,53.004,-3.1104e+05,1.5629e+06,37176,37176
0.432,0.032,-35.54,41.104,-2.6927e+05,7.2831e+05,15939,15939
0.432,0.016,-47.456,43.83,0,0,3062.2,3062.2
0.448,0.496,0.45688,4.1312,88769,44813,-904.59,904.59
0.448,0.48,1.5779,6.4525,1.3367e+05,1.6594e+05,-1433.2,1433.2
0.448,0.464,-0.30403,6.5972,93933,-47146,-832.09,832.09
0.448,0.448,-0.97879,3.9806,-2.2067e+05,2.7356e+05,2379.9,2379.9
0.448,0.432,0.80889,10.547,-8.0314e+05,43570,6933.3,6933.3
0.448,0.416,-3.3407,11.431,-1.0377e+06,4.6567e+05,9980.7,9980.7
0.448,0.4,-0.15128,11.798,-6.8287e+05,3.875e+05,9255.9,9255.9
0.448,0.384,1.199,9.5318,-2.8292e+05,4.6693e+05,7260.7,7260.7
0.448,0.368,-0.18887,7.9551,-2.8594e+05,-6.0662e+05,6588.4,6588.4
0.448,0.352,4.1029,6.7703,-6.123e+05,-1.7172e+06,12824,12824
0.448,0.336,3.1093,5.3326,-4.9184e+05,-2.1105e+06,27625,27625
0.448,0.32,-0.93559,5.5223,-2.1564e+05,-1.6419e+06,41533,41533
0.448,0.304,-3.7717,4.0728,-1.0375e+05,-1.2518e+06,63200,63200
0.448,0.288,-6.1523,7.4086,-1.9597e+06,-2.0774e+06,94521,94521
0.448,0.272,-17.273,8.0059,-3.1291e+06,-4.0059e+06,1.3224e+05,1.3224e+05
0.448,0.256,-33.581,-5.7501,-4.967e+06,-4.1344e+06,1.7389e+05,1.7389e+05
0.448,0.24,-48.518,0.19853,-5.2766e+06,-4.344e+06,1.9364e+05,1.9364e+05
0.448,0.224,-38.191,-0.61626,-2.3061e+06,-2.1634e+06,2.0743e+05,2.0743e+05
0.448,0.208,-1.2693,5.5192,4.9425e+05,-2.6819e+06,1.8957e+05,1.8957e+05
0.448,0.192,1.9417,5.6457,1.8444e+06,-2.4101e+06,1.6706e+05,1.6706e+05
0.448,0.176,-11.209,-1.6526,6.7283e+05,-2.5284e+06,1.2969e+05,1.2969e+05
0.448,0.16,-2.492,2.4141,-7.0851e+05,-1.8502e+06,80975,80975
0.448,0.144,-0.77568,3.7171,-13015,-7.6756e+05,47920,47920
0.448,0.128,-3.1915,2.9844,-7.5282e+05,-5.7241e+05,35253,35253
0.448,0.112,-2.4531,1.0213,-7.8771e+05,-4.0922e+05,58844,58844
0.448,0.096,5.2575,4.5039,-1.3006e+06,-5.454e+05,85782,85782
0.448,0.08,34.772,28.634,1.5798e+05,2.94e+06,97598,97598
0.448,0.064,4.6032,57.895,-7.8566e+05,3.5921e+06,84686,84686
0.448,0.048,-5.1515,60.156,-4.4895e+05,2.0526e+06,49668,49668
0.448,0.032,-35.573,44.3,-3.2788e+05,8.196e+05,19626,19626
0.448,0.016,-46.246,43.915,0,0,4123.9,4123.9
0.464,0.496,3.2119,1.9031,83564,29017,-971.42,971.42
0.464,0.48,4.7271,3.04,1.1239e+05,1.0646e+05,-1586.9,1586.9
0.464,0.464,2.3333,3.7289,17151,23520,-2866.3,2866.3
0.464,0.448,-0.34258,0.54214,-4.9122e+05,3.7018e+05,841.29,841.29
0.464,0.432,0.21856,6.7079,-1.2225e+06,1.8598e+05,8752.7,8752.7
0.464,0.416,-13.609,9.4578,-1.8947e+06,-39118,16425,16425
0.464,0.4,-12.371,6.7429,-1.9678e+06,-8.7183e+05,15413,15413
0.464,0.384,1.4578,5.4619,-1.4481e+06,-9.1674e+05,8000.9,8000.9
0.464,0.368,-2.3974,11.188,-1.4003e+06,-1.8705e+06,4322.7,4322.7
0.464,0.352,-16.352,4.898,-1.517e+06,-2.9006e+06,19129,19129
0.464,0.336,-13.087,6.2278,-1.1561e+06,-2.7968e+06,41821,41821
0.464,0.32,-0.71651,4.2318,-4.6164e+05,-1.7184e+06,55880,55880
0.464,0.304,-2.2794,0.95822,-1.7229e+05,-3.0828e+05,60683,60683
0.464,0.288,-2.2443,3.1565,-2.2178e+06,-1.0349e+06,70776,70776
0.464,0.272,-61.481,23.824,-3.9629e+06,-3.0825e+06,82905,82905
0.464,0.256,-137.5,-270.89,-8.0563e+06,-4.8922e+06,97382,97382
0.464,0.24,-91.849,-61.691,-9.9687e+06,-5.5913e+06,1.0989e+05,1.0989e+05
0.464,0.224,-67.028,6.4642,-6.228e+06,-3.4962e+06,1.3117e+05,1.3117e+05
0.464,0.208,-28.861,10.578,-3.4871e+06,-4.0932e+06,1.432e+05,1.432e+05
0.464,0.192,-36.878,9.5666,-2.5452e+06,-2.1039e+06,1.4086e+05,1.4086e+05
0.464,0.176,-12.319,2.0924,-3.323e+06,-1.9965e+06,1.2198e+05,1.2198e+05
0.464,0.16,-1.4005,5.83,-4.1191e+06,-6.7131e+05,73501,73501
0.464,0.144,347.9,-178.55,1.6751e+05,-6.9811e+05,36692,36692
0.464,0.128,0.20349,-1.0414,-7.0044e+05,-4.034e+05,17755,17755
0.464,0.112,1.4534,0.10462,-5.316e+05,-2.2596e+05,41164,41164
0.464,0.096,27.21,35.585,-7.4526e+05,-2.8697e+05,68991,68991
0.464,0.08,507.65,446.21,-2.774e+05,4.9609e+06,80214,80214
0.464,0.064,-8.7721,98.62,-2.2589e+06,4.6185e+06,70339,70339
0.464,0.048,-23.152,72.737,-1.2908e+06,2.6392e+06,40705,40705
0.464,0.032,-396.28,191.94,-8.3802e+05,-25009,17301,17301
0.464,0.016,-85.439,62.033,0,0,4045.2,4045.2
0.48,0.496,1.0913,1.1087,74280,25793,-478.41,478.41
0.48,0.48,1.6106,0.89626,87414,82805,-883.19,883.19
0.48,0.464,1.1115,0.21995,51288,1.1894e+05,-1865.8,1865.8
0.48,0.448,-0.45495,2.8502,-3.5737e+05,2.9954e+05,-327.92,327.92
0.48,0.432,-10.965,11.815,-1.028e+06,1.1176e+05,5574.7,5574.7
0.48,0.416,-17.01,9.6799,-1.7471e+06,-3.6154e+05,9994.9,9994.9
0.48,0.4,-18.874,7.7461,-1.8748e+06,-1.0706e+06,10072,10072
0.48,0.384,-19.908,3.2473,-1.4423e+06,-1.0752e+06,4684.8,4684.8
0.48,0.368,-5.2967,-2.5987,-1.4902e+06,-1.9621e+06,6559.3,6559.3
0.48,0.352,-13.311,8.8574,-1.7791e+06,-2.9792e+06,22031,22031
0.48,0.336,-15.942,7.5102,-1.3663e+06,-2.8242e+06,42442,42442
0.48,0.32,-0.024749,0.23436,-5.4251e+05,-1.5772e+06,49608,49608
0.48,0.304,-0.72293,0.5097,22127,39114,44032,44032
0.48,0.288,-7.0941,11.15,-1.6651e+06,1.1164e+05,39570,39570
0.48,0.272,-111.68,89.135,-2.2512e+06,2.6452e+05,38145,38145
0.48,0.256,-89.807,129.74,-2.9575e+06,1.7958e+05,43404,43404
0.48,0.24,-144.05,-84.744,-5.069e+06,-6.3875e+05,49242,49242
0.48,0.224,-65.739,4.8897,-5.1875e+06,-1.4109e+06,78204,78204
0.48,0.208,-245.05,-124.16,-5.438e+06,-2.5136e+06,1.0213e+05,1.0213e+05
0.48,0.192,-221.09,83.936,-5.0788e+06,-1.1927e+06,1.1124e+05,1.1124e+05
0.48,0.176,-102.83,56.738,-4.0077e+06,-8.5064e+05,97818,97818
0.48,0.16,-41.407,133.05,-3.5188e+06,5.2931e+05,55135,55135
0.48,0.144,11.532,0.60722,2.7833e+05,-5.5587e+05,25823,25823
0.48,0.128,1.0661,-1.7903,6697.7,-65039,4428,4428
0.48,0.112,-0.18239,0.3281,34410,-36744,25031,25031
0.48,0.096,1.4049,1.7337,53867,27405,40744,40744
0.48,0.08,17.533,102.7,-6.1589e+05,1.7475e+06,48393,48393
0.48,0.064,-13.351,67.429,-1.7046e+06,7.5354e+05,37267,37267
0.48,0.048,1.9971,10.571,-1.2176e+06,5.3824e+05,21925,21925
0.48,0.032,1.803,6.4331,-6.5192e+05,-6.0105e+05,9166.2,9166.2
0.48,0.016,0.95744,-0.007406,0,0,1969.3,1969.3
0.496,0.496,1.785,1.5083,5237.1,-9061.2,-191.84,191.84
0.496,0.48,1.0002,2.1213,13153,-9383.1,-394.5,394.5
0.496,0.464,-0.5431,0.57924,-28409,39247,-1035,1035
0.496,0.448,-3.8314,6.458,-3.1405e+05,1.7708e+05,-172.37,172.37
0.496,0.432,-14.44,12.646,-6.8709e+05,1.5693e+05,1479,1479
0.496,0.416,-125.72,105.34,-1.0938e+06,-1.2985e+05,1604.2,1604.2
0.496,0.4,-2.097,5.2663,-1.3432e+06,-7.5327e+05,874.59,874.59
0.496,0.384,-99.788,-47.495,-1.1493e+06,-9.2632e+05,-1540.4,1540.4
0.496,0.368,-35.764,-2.4661,-1.0842e+06,-1.1573e+06,2711.4,2711.4
0.496,0.352,-86.077,78.075,-9.6689e+05,-1.4088e+06,15043,15043
0.496,0.336,-73.412,-36.111,-7.8267e+05,-1.2137e+06,27419,27419
0.496,0.32,-23.293,21.98,-3.9283e+05,-7.6053e+05,28452,28452
0.496,0.304,-32.906,16.534,-1.9713e+05,79962,20457,20457
0.496,0.288,-113.32,113.61,-2.3633e+05,88111,14205,14205
0.496,0.272,-194.32,101.98,-2.7866e+05,1.2124e+05,11779,11779
0.496,0.256,-324.54,458.2,0,0,10136,10136
0.496,0.24,-78.862,11.203,-1.7775e+06,-2.4828e+05,12358,12358
0.496,0.224,-73.228,1.2766,-1.7775e+06,-2.4828e+05,31059,31059
0.496,0.208,-2.65,4.145,-1.7775e+06,-2.4828e+05,50154,50154
0.496,0.192,-2.1156,3.0976,-2.8436e+06,1.262e+06,57362,57362
0.496,0.176,15.244,-0.24738,-2.8436e+06,1.262e+06,45302,45302
0.496,0.16,6.8355,-6.5797,-2.8436e+06,1.262e+06,22002,22002
0.496,0.144,16.176,0.24385,12069,-26690,7427.4,7427.4
0.496,0.128,0.046044,-1.5031,3958.3,-18349,84.121,84.121
0.496,0.112,0.86514,-0.42174,28896,1614.9,5704.5,5704.5
0.496,0.096,0.21316,1.454,21948,25171,9499,9499
0.496,0.08,105.14,144.75,-3.8493e+05,1.0922e+06,9860.2,9860.2
0.496,0.064,-90.531,-51.444,-1.0654e+06,4.7096e+05,7507.8,7507.8
0.496,0.048,-259.47,123.64,-9.4702e+05,4.1863e+05,4317.7,4317.7
0.496,0.032,-312.83,106.11,-5.7949e+05,-5.3427e+05,2359.2,2359.2
0.496,0.016,-62.03,58.822,0,0,574.28,574.28
