0.016,0.496,-0.25282,2.9283,-8489.5,-26573,-39.788,39.788
0.016,0.48,2.3161,2.0284,-7223.7,-39450,51.158,51.158
0.016,0.464,1.6194,1.0617,7348.4,-14094,329.7,329.7
0.016,0.448,-0.2405,1.0104,28662,4412.6,583.27,583.27
0.016,0.432,1.025,-1.5198,35845,19230,747.91,747.91
0.016,0.416,1.7345,0.73406,13741,-19896,450.76,450.76
0.016,0.4,1.9673,0.69179,-6826,-11374,-1836.2,1836.2
0.016,0.384,4.5563,-0.57765,-31957,-9999.9,-7354,7354
0.016,0.368,5.2171,-1.432,-36751,2889.2,-8287.3,8287.3
0.016,0.352,3.8239,-0.14467,-40829,2647.8,-6759.1,6759.1
0.016,0.336,5.966,1.4325,-31711,-5292.6,-710.93,710.93
0.016,0.32,3.4988,1.4228,-20321,-5970,1708,1708
0.016,0.304,0.29064,0.40489,-15880,-2875.7,3359.5,3359.5
0.016,0.288,1.0526,-0.88975,-13633,5220.7,5547.8,5547.8
0.016,0.272,1.4289,-1.8729,-14813,5493.6,4469,4469
0.016,0.256,0.40049,1.4008,-9265,-1230.6,3856.3,3856.3
0.016,0.24,3.0302,1.7695,-12127,-4843.2,2694,2694
0.016,0.224,7.3636,0.46886,-10002,-4074.6,5444,5444
0.016,0.208,6.696,-1.1609,-5447.3,-1908.8,8551.5,8551.5
0.016,0.192,1.049,0.10155,5558.1,-4544.8,8230.4,8230.4
0.016,0.176,-0.96081,-0.53044,5528.5,-3013,5785.6,5785.6
0.016,0.16,-1.0704,-1.2112,4821.1,1748.7,1440.3,1440.3
0.016,0.144,-1.4703,-0.13097,3687.6,3154.5,-325.27,325.27
0.016,0.128,1.9618,-2.3789,3973.7,2353.2,-1032.3,1032.3
0.016,0.112,5.9994,0.52127,-9437.2,-15978,-368.48,368.48
0.016,0.096,1.6224,2.5195,-23273,-14062,-1156.6,1156.6
0.016,0.08,5.5854,-0.99896,-22995,-13950,-2124.3,2124.3
0.016,0.064,9.395,-0.0067994,-338.81,-12660,-3220,3220
0.016,0.048,2.1673,-2.3877,11805,-13204,-2131.5,2131.5
0.016,0.032,1.7575,0.019803,11262,-13530,-1072.1,1072.1
0.016,0.016,3.8387,-10.25,0,0,-52.371,52.371
0.032,0.496,-1.8206,4.8304,-9082.2,-66199,289.21,289.21
0.032,0.48,-1.3768,2.4179,-14242,-96211,244.39,244.39
0.032,0.464,0.18716,0.41191,-7006.6,-69424,456.62,456.62
0.032,0.448,1.0374,2.1362,2589.6,-19852,405.5,405.5
0.032,0.432,1.1456,0.14493,31677,-8337.9,744.54,744.54
0.032,0.416,2.0061,1.1237,20103,-73690,1001.1,1001.1
0.032,0.4,2.0457,0.7708,50628,-1.1054e+05,625.09,625.09
0.032,0.384,-0.24623,0.045893,687.28,-1.246e+05,518.05,518.05
0.032,0.368,-0.42254,-0.14345,-25031,-79639,202.23,202.23
0.032,0.352,-0.42372,-0.19654,-67375,-28426,2.0348,2.0348
0.032,0.336,-0.37776,0.29325,-50460,1229,-370.54,370.54
0.032,0.32,-0.30251,-0.022918,-23903,-6325.9,-566.45,566.45
0.032,0.304,-0.39788,-0.24342,-17524,792.1,-451.04,451.04
0.032,0.288,-0.65139,-0.20327,-9908.1,6839.8,-447.57,447.57
0.032,0.272,-0.424,-0.38998,-24575,1693.8,-477.42,477.42
0.032,0.256,-0.36228,0.092948,-34347,-16251,-516.52,516.52
0.032,0.24,-0.45302,0.47885,-43817,-16446,-444.27,444.27
0.032,0.224,-0.15319,-0.095069,-25845,-9051.3,-324.26,324.26
0.032,0.208,0.056277,-0.40574,-10854,11.664,-142.31,142.31
0.032,0.192,0.39313,-0.13834,-565.44,4222.7,-75.56,75.56
0.032,0.176,0.40164,-0.14463,-6648.5,2848,-76.581,76.581
0.032,0.16,-0.062131,0.049035,-16052,-11455,-142.15,142.15
0.032,0.144,-0.45694,0.26324,-32695,-21704,-168.5,168.5
0.032,0.128,0.13257,-0.31847,-53600,-15736,-278.11,278.11
0.032,0.112,0.022766,0.042202,-71094,-20213,-105.56,105.56
0.032,0.096,-0.6777,-0.12742,-90580,4995.2,68.014,68.014
0.032,0.08,-0.27514,-0.24291,-68427,7132.7,341.47,341.47
0.032,0.064,0.036533,0.091947,-47647,28415,248.4,248.4
0.032,0.048,0.071651,-1.325,-10855,6292,199.81,199.81
0.032,0.032,-1.1812,0.19316,-5825.6,-1527.6,94.063,94.063
0.032,0.016,-0.6824,-4.1098,0,0,-48.511,48.511
0.048,0.496,0.45572,4.2842,-6698.7,-88894,450.72,450.72
0.048,0.48,0.51909,2.6879,-27119,-1.292e+05,455.56,455.56
0.048,0.464,0.39264,1.7282,-33243,-1.2406e+05,582.74,582.74
0.048,0.448,0.2243,1.8239,-29793,-75305,486.6,486.6
0.048,0.432,-0.60541,0.88506,21667,-40483,1162.9,1162.9
0.048,0.416,1.8607,1.5785,84067,-1.2269e+05,2199,2199
0.048,0.4,3.8392,1.3315,1.2426e+05,-1.393e+05,2672.5,2672.5
0.048,0.384,4.725,0.35511,75572,-1.5354e+05,2399.7,2399.7
0.048,0.368,2.798,1.3423,-49894,-85093,1463.9,1463.9
0.048,0.352,0.51709,1.7904,-96374,-30335,1221.9,1221.9
0.048,0.336,-0.76833,-0.1328,-85030,-12575,1441.7,1441.7
0.048,0.32,-0.8577,0.30517,-16655,-3845.6,2087.9,2087.9
0.048,0.304,-0.8542,-0.32118,-11084,-149.68,1180.9,1180.9
0.048,0.288,-0.50323,0.096804,-5598.6,4065.5,764.99,764.99
0.048,0.272,-0.75389,-0.51689,-18146,339.67,44.312,44.312
0.048,0.256,-1.7175,-0.4087,-23236,-11080,461.48,461.48
0.048,0.24,-1.5434,-0.343,-30497,-8349.3,490.14,490.14
0.048,0.224,-0.85326,0.36609,-16630,-6282.3,608.69,608.69
0.048,0.208,-0.31667,0.28011,-8950,59.521,487.57,487.57
0.048,0.192,-0.3297,-0.14448,-1800.5,2926.6,50.433,50.433
0.048,0.176,-0.43694,1.1371,-6853.5,3647.2,-382.43,382.43
0.048,0.16,-1.0253,-0.0018634,-13534,-11785,-647.3,647.3
0.048,0.144,-1.5207,-1.1445,-30919,-23040,-632.95,632.95
0.048,0.128,-1.5997,-0.3145,-50740,-14863,-549.55,549.55
0.048,0.112,-1.9617,0.36276,-64419,-17480,-64.231,64.231
0.048,0.096,-1.887,-0.37805,-77145,6472.3,399.48,399.48
0.048,0.08,-2.1592,1.295,-58420,7785.6,756.03,756.03
0.048,0.064,-1.0754,0.7945,-43256,25465,449.16,449.16
0.048,0.048,-1.3643,-0.26063,-12215,4919.5,185.62,185.62
0.048,0.032,0.92068,-0.53126,-6569,-3741.6,20.94,20.94
0.048,0.016,0.6575,-2.1505,0,0,-95.676,95.676
0.064,0.496,0.97454,3.7923,2014.6,-70111,603.07,603.07
0.064,0.48,1.8169,3.0975,-49369,-1.0988e+05,963.79,963.79
0.064,0.464,1.9078,2.9914,-92394,-1.5402e+05,1577.4,1577.4
0.064,0.448,2.0381,2.3844,-1.3018e+05,-1.321e+05,1970.3,1970.3
0.064,0.432,2.1163,1.9598,-73354,-1.2458e+05,3159.8,3159.8
0.064,0.416,2.3088,3.8168,31241,-1.4696e+05,4694.5,4694.5
0.064,0.4,4.5535,1.1376,1.3667e+05,-1.3847e+05,5284.7,5284.7
0.064,0.384,2.7123,2.6136,97033,-1.3985e+05,4231.4,4231.4
0.064,0.368,2.8425,3.8003,-26868,-94931,2466.6,2466.6
0.064,0.352,1.0024,3.1909,-88510,-73802,1679.6,1679.6
0.064,0.336,-0.37038,-0.13236,-68247,-34468,2874.3,2874.3
0.064,0.32,-0.35585,0.19892,-17275,-34915,4456.6,4456.6
0.064,0.304,-0.36135,-0.036117,22420,-30112,4468.8,4468.8
0.064,0.288,0.016773,-0.35096,-1.5011e+05,1.8717e+05,3402.4,3402.4
0.064,0.272,0.031761,-0.17502,-1.6567e+05,2.0898e+05,2326.6,2326.6
0.064,0.256,-0.50052,0.12884,-2.1185e+05,2.6179e+05,2119.4,2119.4
0.064,0.24,-0.67646,0.10212,-20736,44664,1910.4,1910.4
0.064,0.224,-0.12222,0.4526,-4328.2,49687,1249.4,1249.4
0.064,0.208,0.15321,0.16012,-9141.9,38003,544.24,544.24
0.064,0.192,-0.4486,0.040685,-28251,49462,-275.09,275.09
0.064,0.176,-0.2423,0.38149,-31952,45746,-1019.9,1019.9
0.064,0.16,-0.081651,-0.19075,-32196,10028,-1400.2,1400.2
0.064,0.144,-0.30573,-0.46573,-51707,-13584,-1372.6,1372.6
0.064,0.128,-0.047874,-0.074902,-61822,-13262,-1054.5,1054.5
0.064,0.112,-0.39148,0.26647,-38576,-31675,-294.7,294.7
0.064,0.096,-0.74423,-0.10329,-14017,4125.6,348.06,348.06
0.064,0.08,-0.55229,0.26458,-5827.2,30429,776.89,776.89
0.064,0.064,-0.092281,0.031835,-11044,51272,392.55,392.55
0.064,0.048,0.43297,-0.19856,-7337.7,17330,114.33,114.33
0.064,0.032,0.49458,0.33484,4019.1,-15250,-39.452,39.452
0.064,0.016,-1.3199,-1.1912,0,0,-88.121,88.121
0.08,0.496,2.6011,3.849,3064.4,-29179,481.25,481.25
0.08,0.48,3.1291,3.5649,-81458,-88448,984.82,984.82
0.08,0.464,3.1544,3.9663,-1.6419e+05,-1.2568e+05,2081.7,2081.7
0.08,0.448,2.9845,3.32,-1.9637e+05,-1.2426e+05,3765.6,3765.6
0.08,0.432,1.9102,3.4794,-1.7615e+05,-1.1502e+05,5960.7,5960.7
0.08,0.416,1.8772,3.1791,-97481,-1.0441e+05,7638.2,7638.2
0.08,0.4,2.1814,2.8161,-23195,-31485,7731.3,7731.3
0.08,0.384,2.404,3.2912,25876,-20323,6288.5,6288.5
0.08,0.368,1.3804,3.3101,-57391,-46454,4331.6,4331.6
0.08,0.352,1.9933,3.2873,-94355,-1.011e+05,3405.3,3405.3
0.08,0.336,1.1318,1.7506,-1.1108e+05,-88450,4192.6,4192.6
0.08,0.32,-1.058,1.0743,-46333,-78362,6650.4,6650.4
0.08,0.304,-0.95809,-1.2678,49726,-1.1742e+05,8468,8468
0.08,0.288,0.42639,-0.4102,-75960,1.0205e+05,10746,10746
0.08,0.272,-8.9364,10.321,-59104,2.0714e+05,9206.6,9206.6
0.08,0.256,-1.2284,0.84748,-1.0829e+05,3.5209e+05,8672.1,8672.1
0.08,0.24,-0.99221,2.5815,33813,1.8643e+05,7042,7042
0.08,0.224,-0.45686,2.4035,5155.5,1.4998e+05,7002,7002
0.08,0.208,-0.84357,2.4387,-19928,83262,4606.6,4606.6
0.08,0.192,-1.0047,2.7542,-33401,74781,852.36,852.36
0.08,0.176,-0.94679,2.3118,-17729,38220,-1530,1530
0.08,0.16,-0.80395,1.6864,-11953,27671,-2349.3,2349.3
0.08,0.144,-0.77118,-0.07457,-4317.8,-10270,-1850.2,1850.2
0.08,0.128,-1.0332,0.029957,4278.3,-16822,-1341.6,1341.6
0.08,0.112,0.39,0.092028,32091,-43386,-281.99,281.99
0.08,0.096,2.1532,-1.2851,71357,-27823,915.12,915.12
0.08,0.08,2.0367,0.94702,52588,19744,1642.8,1642.8
0.08,0.064,1.0368,2.3158,51936,8719.7,1290,1290
0.08,0.048,0.85612,-0.52832,15267,-1193.4,767.31,767.31
0.08,0.032,-0.28834,1.6012,25768,-39901,285.77,285.77
0.08,0.016,-1.2083,-1.2879,0,0,42.214,42.214
0.096,0.496,4.5309,4.0063,0,0,764.45,764.45
0.096,0.48,4.1697,4.1517,-518.15,-3.0129e+05,1598.3,1598.3
0.096,0.464,3.917,4.1453,4229.1,-4.9295e+05,3575.7,3575.7
0.096,0.448,3.5934,5.4208,408.48,-4.2824e+05,6277.6,6277.6
0.096,0.432,2.8049,4.7277,37428,-4.2579e+05,8421.2,8421.2
0.096,0.416,2.1115,2.9649,61657,-3.4617e+05,9351.8,9351.8
0.096,0.4,1.4577,3.0911,44349,-1.703e+05,7936.1,7936.1
0.096,0.384,3.2714,3.8638,82993,-22029,6435.9,6435.9
0.096,0.368,2.6267,3.6569,1.0741e+05,-1.1855e+05,4691.3,4691.3
0.096,0.352,1.2537,3.5477,52363,-2.3702e+05,3522.9,3522.9
0.096,0.336,1.0308,3.3367,-51013,-2.1329e+05,4028.4,4028.4
0.096,0.32,0.76602,2.5583,-1.1908e+05,-1.0664e+05,6259.3,6259.3
0.096,0.304,0.82418,2.1246,9349,-1.4096e+05,10531,10531
0.096,0.288,2.8763,1.4118,-84979,84907,16230,16230
0.096,0.272,0.00070763,0.18948,-39031,1.3666e+05,18494,18494
0.096,0.256,0.84733,3.4672,-1.316e+05,3.0369e+05,19221,19221
0.096,0.24,1.0377,4.0168,-56642,3.1911e+05,16976,16976
0.096,0.224,-0.43042,5.0039,-1.8639e+05,4.639e+05,14114,14114
0.096,0.208,-0.94208,5.2497,-2.1862e+05,4.251e+05,7827.5,7827.5
0.096,0.192,-0.74635,4.067,-2.5217e+05,2.3494e+05,9.5822,9.5822
0.096,0.176,-0.80812,4.4036,-1.4001e+05,99970,-4654.2,4654.2
0.096,0.16,-0.42244,3.43,-48223,49610,-5465.3,5465.3
0.096,0.144,-0.043334,2.3209,29800,-5727.1,-3708.1,3708.1
0.096,0.128,0.80408,1.2196,23982,-44337,-1984.9,1984.9
0.096,0.112,0.8522,0.12862,16056,-73312,-88.98,88.98
0.096,0.096,0.82829,0.60008,35495,-22971,1435.8,1435.8
0.096,0.08,1.1451,0.97949,35111,-10237,2610.5,2610.5
0.096,0.064,0.42981,1.6573,8774.7,64888,2439.5,2439.5
0.096,0.048,0.052826,1.2229,-7708.7,45176,1848.7,1848.7
0.096,0.032,-2.4441,4.8009,-13602,47515,879.59,879.59
0.096,0.016,-2.0584,-0.47956,0,0,246.27,246.27
0.112,0.496,4.7645,4.682,0,0,716.31,716.31
0.112,0.48,5.6214,4.8206,42559,-3.4728e+05,2333.3,2333.3
0.112,0.464,4.4295,4.7382,2.0436e+05,-9.916e+05,5273.1,5273.1
0.112,0.448,4.4562,4.9456,2.0307e+05,-8.2915e+05,7998.1,7998.1
0.112,0.432,4.3378,4.8276,1.4426e+05,-7.1754e+05,10035,10035
0.112,0.416,5.3212,2.0095,-24741,-3.8194e+05,12059,12059
0.112,0.4,3.7856,3.1522,-1.8282e+05,-55226,11077,11077
0.112,0.384,1.6468,5.9711,-55196,1.2189e+05,8950,8950
0.112,0.368,2.8707,6.2213,90285,-29652,5242.6,5242.6
0.112,0.352,3.9936,3.976,39648,-2.1117e+05,4207.5,4207.5
0.112,0.336,0.61186,4.6908,-71772,-3.096e+05,5050.4,5050.4
0.112,0.32,0.75382,4.1252,-85817,-2.4054e+05,8405.5,8405.5
0.112,0.304,0.56261,4.0317,90250,-3.0329e+05,13084,13084
0.112,0.288,1.7824,3.3907,1.4704e+05,-2.9904e+05,21543,21543
0.112,0.272,2.8127,4.0874,1.4033e+05,-2.2544e+05,28556,28556
0.112,0.256,3.2231,3.0245,43489,27142,34398,34398
0.112,0.24,0.34322,4.5992,-1.7356e+05,5.6397e+05,34446,34446
0.112,0.224,-2.5572,8.6695,-4.0448e+05,9.9299e+05,28009,28009
0.112,0.208,-3.7129,8.9567,-4.7604e+05,1.0512e+06,14361,14361
0.112,0.192,-3.5334,7.0417,-3.1585e+05,5.0956e+05,-2314.8,2314.8
0.112,0.176,-3.6732,3.2124,-75204,-44781,-12316,12316
0.112,0.16,-1.3292,4.0648,82758,-3.5542e+05,-14358,14358
0.112,0.144,0.26513,4.2102,1.0514e+05,-3.3587e+05,-9569.9,9569.9
0.112,0.128,0.84081,2.2255,40285,-2.168e+05,-4930.1,4930.1
0.112,0.112,1.1932,1.3535,4579.7,-1.2173e+05,-72.799,72.799
0.112,0.096,0.64888,1.1521,-36176,-971.35,2114.3,2114.3
0.112,0.08,-0.55436,1.6309,-18408,-12811,3705.6,3705.6
0.112,0.064,0.20208,-1.0773,-71168,1.0216e+05,3398.7,3398.7
0.112,0.048,-1.3778,3.8768,-56326,57147,2761.4,2761.4
0.112,0.032,-2.9824,6.515,-64577,1.0646e+05,1445.4,1445.4
0.112,0.016,-1.3435,-0.20226,0,0,434.82,434.82
0.128,0.496,2.6821,9.2235,0,0,558.14,558.14
0.128,0.48,3.4223,9.195,1.128e+05,-3.7136e+05,3907.3,3907.3
0.128,0.464,3.2341,6.8825,5.2039e+05,-1.6041e+06,7617.6,7617.6
0.128,0.448,3.0019,5.7437,4.4221e+05,-1.4196e+06,10392,10392
0.128,0.432,1.9467,6.47,3.9455e+05,-1.2245e+06,10796,10796
0.128,0.416,-0.031252,5.934,2.4235e+05,-8.4937e+05,14229,14229
0.128,0.4,-1.4103,6.7716,20514,-3.1316e+05,16385,16385
0.128,0.384,-0.26913,9.2247,-46118,70642,14258,14258
0.128,0.368,1.0867,8.8924,1527.9,72602,8082.2,8082.2
0.128,0.352,0.065726,7.0528,-61654,-1.4594e+05,4681.2,4681.2
0.128,0.336,-1.6468,6.0298,-84725,-3.4662e+05,7314.6,7314.6
0.128,0.32,0.19666,3.5113,-40313,-3.3922e+05,13413,13413
0.128,0.304,2.8327,3.2957,1.867e+05,-3.6312e+05,19391,19391
0.128,0.288,2.0652,4.689,2.2091e+05,-4.6292e+05,29704,29704
0.128,0.272,2.7093,4.868,1.6267e+05,-4.5041e+05,39757,39757
0.128,0.256,3.6054,6.3567,-1268,-50197,51248,51248
0.128,0.24,1.0447,9.2124,-2.7444e+05,9.4842e+05,52893,52893
0.128,0.224,-3.1242,14.498,-5.914e+05,1.8206e+06,42404,42404
0.128,0.208,-2.1106,15.465,-7.3196e+05,2.0775e+06,18243,18243
0.128,0.192,-0.97312,14.264,-5.4841e+05,1.2807e+06,-9854.6,9854.6
0.128,0.176,1.1582,11.254,-1.6128e+05,1.6425e+05,-27477,27477
0.128,0.16,1.0147,7.4739,1.534e+05,-6.7029e+05,-28481,28481
0.128,0.144,1.1535,5.4578,2.588e+05,-8.1906e+05,-18891,18891
0.128,0.128,1.9541,4.8571,1.3076e+05,-5.2298e+05,-8509.1,8509.1
0.128,0.112,1.9484,2.5931,82748,-2.9657e+05,-802.7,802.7
0.128,0.096,2.2572,1.3477,-13871,-85790,2623.8,2623.8
0.128,0.08,1.7142,3.1074,-29632,-53572,4524.7,4524.7
0.128,0.064,0.79925,2.1034,-1.1165e+05,97765,3133.7,3133.7
0.128,0.048,-1.1466,2.569,-81367,57647,2571.6,2571.6
0.128,0.032,-0.41419,6.063,-56523,82405,1384.6,1384.6
0.128,0.016,-0.33177,0.88586,0,0,472.74,472.74
0.144,0.496,-0.094323,24.496,0,0,115.24,115.24
0.144,0.48,0.10575,22.176,0,0,3455.3,3455.3
0.144,0.464,-1.0966,16.712,6.2258e+05,-2.2428e+06,-3159.8,3159.8
0.144,0.448,-0.91078,13.557,3.9123e+05,-1.761e+06,-8765.1,8765.1
0.144,0.432,0.39909,10.603,2.6485e+05,-1.3419e+06,-9383,9383
0.144,0.416,1.4238,10.093,35352,-9.3154e+05,1585.1,1585.1
0.144,0.4,1.0327,9.3981,-1.2872e+05,-3.7016e+05,9457.8,9457.8
0.144,0.384,-0.46677,9.628,-2.2764e+05,-39761,6676.1,6676.1
0.144,0.368,-1.0379,10.716,-2.1808e+05,1.2044e+05,-4562.2,4562.2
0.144,0.352,-1.8258,9.1333,-2.4434e+05,-1.2523e+05,-12599,12599
0.144,0.336,-2.23,7.041,-79336,-4.8011e+05,-12069,12069
0.144,0.32,-0.70026,7.1574,1.6599e+05,-7.7954e+05,-668.35,668.35
0.144,0.304,1.4963,8.8397,4.1866e+05,-8.8662e+05,12649,12649
0.144,0.288,2.842,7.8992,4.1804e+05,-1.0354e+06,30050,30050
0.144,0.272,3.9304,6.1642,2.3686e+05,-6.5267e+05,46594,46594
0.144,0.256,3.1767,9.6436,5568.3,1.7934e+05,61142,61142
0.144,0.24,-0.22937,14.359,-2.5784e+05,1.5617e+06,63915,63915
0.144,0.224,-3.2907,21.096,-4.949e+05,2.6379e+06,47912,47912
0.144,0.208,-2.7445,22.122,-6.1312e+05,3.0752e+06,17054,17054
0.144,0.192,-1.6702,20.851,-5.0349e+05,2.3593e+06,-26403,26403
0.144,0.176,-1.8216,15.667,-1.5831e+05,6.9008e+05,-53641,53641
0.144,0.16,0.085557,12.581,1.6604e+05,-9.8783e+05,-58439,58439
0.144,0.144,0.73819,8.6939,3.6867e+05,-1.5775e+06,-42527,42527
0.144,0.128,3.0438,5.323,1.9665e+05,-1.0861e+06,-22614,22614
0.144,0.112,2.4213,3.5174,85974,-4.7295e+05,-8588,8588
0.144,0.096,2.5737,2.3732,-67995,-1.6479e+05,-281.65,281.65
0.144,0.08,1.7092,3.3049,-80893,-54827,1612.6,1612.6
0.144,0.064,0.18779,4.4454,-82163,-37255,427.2,427.2
0.144,0.048,0.68688,1.9961,-44947,-49205,653.29,653.29
0.144,0.032,0.77867,3.986,8628.2,-72879,376.15,376.15
0.144,0.016,-0.19415,1.7744,0,0,188.17,188.17
0.16,0.496,-2.2458,35.448,0,0,-51.177,51.177
0.16,0.48,-3.8576,31.145,0,0,2269.8,2269.8
0.16,0.464,-4.1654,24.275,NaN,NaN,-8475.4,8475.4
0.16,0.448,-1.7165,18.436,1.9832e+05,-2.0325e+06,-20109,20109
0.16,0.432,-0.8224,16.57,4.4767e+05,-1.7501e+06,-39581,39581
0.16,0.416,-1.6104,17.811,3.442e+05,-1.4503e+06,-42895,42895
0.16,0.4,-1.7216,17.771,1.9288e+05,-7.8039e+05,-47130,47130
0.16,0.384,-2.2378,16.137,-1.1843e+05,-2.8106e+05,-35894,35894
0.16,0.368,-2.8914,14.048,-2.1204e+05,-70874,-33929,33929
0.16,0.352,-1.5084,11.997,-1.5854e+05,-5.9203e+05,-38526,38526
0.16,0.336,-0.50162,10.15,1.075e+05,-1.2905e+06,-47081,47081
0.16,0.32,0.18161,10.91,4.0846e+05,-2.0452e+06,-39812,39812
0.16,0.304,2.3461,11.115,6.6721e+05,-2.3856e+06,-15640,15640
0.16,0.288,2.6579,11.145,7.3593e+05,-2.5123e+06,16497,16497
0.16,0.272,2.7508,10.717,5.446e+05,-1.635e+06,41940,41940
0.16,0.256,-0.060658,13.802,2.06e+05,-1.3669e+05,57006,57006
0.16,0.24,-2.6007,22.717,-1.372e+05,1.8044e+06,53791,53791
0.16,0.224,-1.9048,30.002,-3.6815e+05,3.0537e+06,34314,34314
0.16,0.208,-2.2746,31.791,-4.5286e+05,3.6013e+06,1265.2,1265.2
0.16,0.192,-2.0773,30.843,-5.8399e+05,3.1152e+06,-50505,50505
0.16,0.176,-2.0815,23.563,-3.3125e+05,1.3014e+06,-85011,85011
0.16,0.16,-0.84154,16.234,26389,-9.5144e+05,-94211,94211
0.16,0.144,1.5542,10.24,4.406e+05,-2.1068e+06,-71022,71022
0.16,0.128,2.1999,5.9682,3.4281e+05,-1.7524e+06,-38977,38977
0.16,0.112,0.84527,5.4552,1.2884e+05,-8.4777e+05,-16734,16734
0.16,0.096,0.78792,4.9092,-89058,-3.7388e+05,-3184.8,3184.8
0.16,0.08,-0.23197,4.327,-1.8229e+05,-1.1968e+05,-2220,2220
0.16,0.064,-0.11689,5.393,-1.2457e+05,-1.7357e+05,-3054.7,3054.7
0.16,0.048,0.54513,3.0573,-55041,-1.3922e+05,-1870.7,1870.7
0.16,0.032,-0.32688,3.4052,37031,-1.8251e+05,-762.4,762.4
0.16,0.016,-1.7832,5.1865,0,0,-91.017,91.017
0.176,0.496,-2.7312,38.229,0,0,-17.059,17.059
0.176,0.48,-4.0055,34.531,0,0,-25.589,25.589
0.176,0.464,-3.5338,34.172,NaN,NaN,-19648,19648
0.176,0.448,-3.0747,35.267,NaN,NaN,-69588,69588
0.176,0.432,-2.3431,33.313,NaN,NaN,-78115,78115
0.176,0.416,-2.3998,32.752,74280,-1.4932e+06,-79037,79037
0.176,0.4,-3.0666,33.595,28092,-8.2548e+05,-83208,83208
0.176,0.384,-2.3258,34.128,-1.4856e+05,-4.2316e+05,-1.0263e+05,1.0263e+05
0.176,0.368,-1.866,31.002,-1.2905e+05,-2.7748e+05,-1.2457e+05,1.2457e+05
0.176,0.352,-2.1871,24.581,-13016,-9.596e+05,-1.4614e+05,1.4614e+05
0.176,0.336,-0.23346,20.069,2.7306e+05,-1.809e+06,-1.3148e+05,1.3148e+05
0.176,0.32,1.6343,18.599,6.6953e+05,-2.8235e+06,-95949,95949
0.176,0.304,2.661,19.433,9.0669e+05,-3.1821e+06,-38498,38498
0.176,0.288,3.2442,20.233,9.575e+05,-3.1215e+06,5941.4,5941.4
0.176,0.272,3.4204,24.012,7.0769e+05,-2.1516e+06,37554,37554
0.176,0.256,-0.20091,28.167,3.2751e+05,-6.5535e+05,46647,46647
0.176,0.24,-2.3773,30.523,-31001,1.0454e+06,35626,35626
0.176,0.224,-3.057,32.515,-2.1385e+05,2.098e+06,8982.4,8982.4
0.176,0.208,-2.9683,34.132,-2.9639e+05,2.7624e+06,-21001,21001
0.176,0.192,-2.681,33.455,-5.3805e+05,2.479e+06,-70872,70872
0.176,0.176,-1.6421,27.432,-3.9019e+05,8.7738e+05,-1.0623e+05,1.0623e+05
0.176,0.16,-1.2579,19.088,-24135,-1.5344e+06,-1.2238e+05,1.2238e+05
0.176,0.144,0.98482,10.78,5.011e+05,-2.9719e+06,-96419,96419
0.176,0.128,2.3381,7.7905,5.3129e+05,-2.9174e+06,-54493,54493
0.176,0.112,2.2441,8.3537,2.783e+05,-1.9787e+06,-22611,22611
0.176,0.096,1.8783,6.3371,-18519,-1.176e+06,-5738.9,5738.9
0.176,0.08,0.55486,7.479,-1.492e+05,-6.1654e+05,-6361.8,6361.8
0.176,0.064,0.065775,8.3921,-1.2601e+05,-4.216e+05,-6245.4,6245.4
0.176,0.048,0.11057,5.052,-39300,-2.8065e+05,-3952.6,3952.6
0.176,0.032,-0.3487,5.9147,6847.5,-1.7726e+05,-1571.3,1571.3
0.176,0.016,-0.64917,7.0487,0,0,-288.33,288.33
0.192,0.496,-3.0439,41.815,0,0,0,0
0.192,0.48,-2.8532,41.93,0,0,0,0
0.192,0.464,-3.4401,43.68,NaN,NaN,0,0
0.192,0.448,-3.5603,46.173,NaN,NaN,NaN,NaN
0.192,0.432,-2.3643,45.834,NaN,NaN,-1.58e+05,1.58e+05
0.192,0.416,-2.2785,46.435,NaN,NaN,-1.5414e+05,1.5414e+05
0.192,0.4,-2.4616,47.898,NaN,NaN,-1.5226e+05,1.5226e+05
0.192,0.384,-1.5799,46.85,NaN,NaN,-1.6717e+05,1.6717e+05
0.192,0.368,-0.55077,44.867,2.0083e+05,-8.4248e+05,-1.7948e+05,1.7948e+05
0.192,0.352,-0.40571,41.212,2.5983e+05,-1.872e+06,-1.953e+05,1.953e+05
0.192,0.336,0.50439,37.495,4.5345e+05,-2.8016e+06,-1.9348e+05,1.9348e+05
0.192,0.32,1.7928,37.008,8.5487e+05,-3.8923e+06,-1.7909e+05,1.7909e+05
0.192,0.304,2.8948,36.097,1.0943e+06,-4.105e+06,-1.054e+05,1.054e+05
0.192,0.288,2.9113,36.507,1.1502e+06,-3.5947e+06,-28133,28133
0.192,0.272,1.6951,36.378,9.1743e+05,-2.6086e+06,35431,35431
0.192,0.256,-0.53033,35.554,5.8293e+05,-1.4005e+06,33480,33480
0.192,0.24,-2.2498,34.074,1.5513e+05,-1.9626e+05,9588.2,9588.2
0.192,0.224,-3.4185,33.564,-72179,4.0108e+05,-17493,17493
0.192,0.208,-3.0343,32.724,-2.4981e+05,7.2333e+05,-41683,41683
0.192,0.192,-3.0835,30.836,-4.7978e+05,4.3204e+05,-78439,78439
0.192,0.176,-1.4001,27.217,-4.4094e+05,-6.9567e+05,-1.1199e+05,1.1199e+05
0.192,0.16,-0.28675,19.938,-37958,-2.5572e+06,-1.3025e+05,1.3025e+05
0.192,0.144,2.7762,11.892,5.0649e+05,-3.873e+06,-1.0372e+05,1.0372e+05
0.192,0.128,4.7525,9.89,6.9868e+05,-4.0688e+06,-56032,56032
0.192,0.112,5.4433,9.1716,4.7155e+05,-3.3155e+06,-19078,19078
0.192,0.096,4.4608,7.4463,1.5604e+05,-2.368e+06,-3244.9,3244.9
0.192,0.08,2.3906,7.6541,-6291,-1.6482e+06,-5890.3,5890.3
0.192,0.064,2.759,6.8695,-20473,-1.2306e+06,-6558.3,6558.3
0.192,0.048,2.0111,7.2732,28288,-7.4199e+05,-4436.8,4436.8
0.192,0.032,0.74386,8.9553,14881,-3.2304e+05,-1595.1,1595.1
0.192,0.016,0.046574,9.7612,0,0,-280.51,280.51
0.208,0.496,-2.051,45.493,0,0,0,0
0.208,0.48,-2.6777,47.612,0,0,0,0
0.208,0.464,-3.5483,50.043,NaN,NaN,0,0
0.208,0.448,-3.6539,52.03,NaN,NaN,NaN,NaN
0.208,0.432,-2.9429,52.656,NaN,NaN,NaN,NaN
0.208,0.416,-2.6768,52.601,NaN,NaN,NaN,NaN
0.208,0.4,-2.686,51.983,NaN,NaN,NaN,NaN
0.208,0.384,-2.4777,50.961,NaN,NaN,-3.2747e+05,3.2747e+05
0.208,0.368,-1.5566,50.522,NaN,NaN,-3.2474e+05,3.2474e+05
0.208,0.352,-0.43895,48.952,NaN,NaN,-3.1693e+05,3.1693e+05
0.208,0.336,1.0441,48.236,NaN,NaN,-2.6498e+05,2.6498e+05
0.208,0.32,2.0016,48.096,1.1264e+06,-2.6397e+06,-2.2379e+05,2.2379e+05
0.208,0.304,3.5827,45.426,1.1738e+06,-2.6386e+06,-1.4361e+05,1.4361e+05
0.208,0.288,4.8666,42.856,1.1313e+06,-2.5276e+06,-52106,52106
0.208,0.272,3.5597,41.511,8.2309e+05,-2.0562e+06,4273.8,4273.8
0.208,0.256,0.37484,42.458,5.8314e+05,-1.6102e+06,20951,20951
0.208,0.24,-1.4807,42.949,3.1698e+05,-1.2502e+06,-7501.4,7501.4
0.208,0.224,-2.063,39.859,1.5898e+05,-1.1272e+06,-32331,32331
0.208,0.208,-2.2361,37.488,-12499,-1.0787e+06,-47212,47212
0.208,0.192,-1.4832,33.035,-2.0288e+05,-1.3636e+06,-75608,75608
0.208,0.176,-0.80197,30.156,-2.166e+05,-2.0364e+06,-1.0327e+05,1.0327e+05
0.208,0.16,0.96787,24.707,45763,-3.1468e+06,-1.2125e+05,1.2125e+05
0.208,0.144,2.5225,20.241,4.0242e+05,-4.0418e+06,-97692,97692
0.208,0.128,3.4372,15.634,5.4694e+05,-4.3152e+06,-52049,52049
0.208,0.112,2.4655,16,4.565e+05,-4.0396e+06,-15317,15317
0.208,0.096,2.106,14.29,2.9552e+05,-3.4593e+06,-1275.9,1275.9
0.208,0.08,2.5939,11.216,2.4662e+05,-2.9307e+06,-5714.2,5714.2
0.208,0.064,2.3586,9.0461,1.1392e+05,-2.2658e+06,-6737.3,6737.3
0.208,0.048,2.0909,9.4167,68031,-1.3102e+06,-4789.7,4789.7
0.208,0.032,1.9578,8.4688,-26928,-4.75e+05,-1760,1760
0.208,0.016,-0.26806,9.2607,0,0,-430.42,430.42
0.224,0.496,-0.97635,51.409,0,0,0,0
0.224,0.48,-1.8114,51.756,0,0,0,0
0.224,0.464,-2.1815,53.617,NaN,NaN,0,0
0.224,0.448,-3.1579,55.456,NaN,NaN,NaN,NaN
0.224,0.432,-3.016,55.67,NaN,NaN,NaN,NaN
0.224,0.416,-2.8105,55.43,NaN,NaN,NaN,NaN
0.224,0.4,-2.2485,55.19,NaN,NaN,NaN,NaN
0.224,0.384,-1.4377,53.866,NaN,NaN,NaN,NaN
0.224,0.368,-0.58916,52.892,NaN,NaN,NaN,NaN
0.224,0.352,0.73788,51.607,NaN,NaN,NaN,NaN
0.224,0.336,1.4517,50.913,NaN,NaN,-3.3166e+05,3.3166e+05
0.224,0.32,2.0993,49.822,NaN,NaN,-3.3823e+05,3.3823e+05
0.224,0.304,2.5887,47.912,NaN,NaN,-2.2261e+05,2.2261e+05
0.224,0.288,2.5841,46.8,1.1657e+06,-2.4014e+06,-79760,79760
0.224,0.272,2.3837,45.352,7.9948e+05,-1.8707e+06,-16963,16963
0.224,0.256,0.94224,45.739,5.7157e+05,-1.5681e+06,2434.4,2434.4
0.224,0.24,0.030421,46.047,3.6594e+05,-1.4459e+06,-19349,19349
0.224,0.224,-1.1869,46.281,2.5941e+05,-1.5443e+06,-34464,34464
0.224,0.208,-1.3708,45.532,1.6925e+05,-1.8028e+06,-45745,45745
0.224,0.192,-0.051847,43.036,72476,-2.0706e+06,-71038,71038
0.224,0.176,1.1356,39.696,-53020,-2.3726e+06,-93110,93110
0.224,0.16,2.0851,36.145,-16207,-2.8156e+06,-1.0612e+05,1.0612e+05
0.224,0.144,2.6587,34.048,64810,-3.2265e+06,-82061,82061
0.224,0.128,2.2755,32.36,53452,-3.3577e+06,-45475,45475
0.224,0.112,0.0016112,29.98,-1.0761e+05,-3.1842e+06,-15986,15986
0.224,0.096,-0.26195,25.57,-2.6015e+05,-2.9295e+06,-4527.2,4527.2
0.224,0.08,1.4676,20.512,-2.2684e+05,-2.7173e+06,-7348.3,7348.3
0.224,0.064,1.4359,20.689,-1.9927e+05,-2.358e+06,-8429.5,8429.5
0.224,0.048,-0.25247,21.311,-1.0471e+05,-1.4275e+06,-6649.1,6649.1
0.224,0.032,-0.58461,21.204,-72274,-5.905e+05,-3007.4,3007.4
0.224,0.016,-1.4055,16.256,0,0,-870.38,870.38
0.24,0.496,0.94775,54.119,0,0,0,0
0.24,0.48,0.21331,53.161,0,0,0,0
0.24,0.464,-0.36933,54.859,NaN,NaN,0,0
0.24,0.448,-0.95977,56.11,NaN,NaN,NaN,NaN
0.24,0.432,-1.7067,56.419,NaN,NaN,NaN,NaN
0.24,0.416,-2.4032,55.809,NaN,NaN,NaN,NaN
0.24,0.4,-3.0358,55.78,NaN,NaN,NaN,NaN
0.24,0.384,-2.0287,54.709,NaN,NaN,NaN,NaN
0.24,0.368,-1.2544,53.153,NaN,NaN,NaN,NaN
0.24,0.352,-1.4661,52.037,NaN,NaN,NaN,NaN
0.24,0.336,-0.76495,51.036,NaN,NaN,NaN,NaN
0.24,0.32,0.73019,50.991,NaN,NaN,NaN,NaN
0.24,0.304,1.0972,50.49,NaN,NaN,-2.6035e+05,2.6035e+05
0.24,0.288,2.7267,49.764,NaN,NaN,-85972,85972
0.24,0.272,3.111,48.839,5.221e+05,-1.6409e+06,-62766,62766
0.24,0.256,1.9399,48.19,2.7858e+05,-1.3122e+06,-24577,24577
0.24,0.24,0.67645,48.439,2.7066e+05,-1.295e+06,-24426,24426
0.24,0.224,-0.90414,48.75,2.475e+05,-1.3302e+06,-27356,27356
0.24,0.208,-1.566,48.611,3.5328e+05,-1.4978e+06,-38433,38433
0.24,0.192,-1.8744,47.72,4.3781e+05,-1.7024e+06,-65365,65365
0.24,0.176,-1.1923,45.679,3.0453e+05,-1.8918e+06,-80853,80853
0.24,0.16,-1.8926,43.977,67695,-2.0642e+06,-87351,87351
0.24,0.144,-1.3058,42.655,-2.1574e+05,-2.174e+06,-61801,61801
0.24,0.128,-0.7314,41.6,-4.66e+05,-2.191e+06,-34746,34746
0.24,0.112,-2.7038,41.498,-6.7187e+05,-2.1286e+06,-17473,17473
0.24,0.096,-3.8141,41.079,-8.1586e+05,-2.0126e+06,-9228.4,9228.4
0.24,0.08,-3.9594,40.936,-7.8901e+05,-1.8084e+06,-7870.2,7870.2
0.24,0.064,-4.6576,39.588,-8.2224e+05,-1.4407e+06,-3585.7,3585.7
0.24,0.048,-4.51,38.945,-5.6605e+05,-8.1843e+05,-1808.9,1808.9
0.24,0.032,-4.533,39.008,-3.0436e+05,-3.1083e+05,-1196.4,1196.4
0.24,0.016,-5.3854,36.74,0,0,-491.57,491.57
0.256,0.496,2.117,55.72,0,0,0,0
0.256,0.48,2.0377,53.584,0,0,0,0
0.256,0.464,0.22219,52.937,NaN,NaN,0,0
0.256,0.448,-0.033284,53.162,NaN,NaN,NaN,NaN
0.256,0.432,-0.97329,53.746,NaN,NaN,NaN,NaN
0.256,0.416,-3.2793,53.431,NaN,NaN,NaN,NaN
0.256,0.4,-5.1876,53.244,NaN,NaN,NaN,NaN
0.256,0.384,-4.8755,52.042,NaN,NaN,NaN,NaN
0.256,0.368,-4.6486,51.347,NaN,NaN,NaN,NaN
0.256,0.352,-4.7404,51.519,NaN,NaN,NaN,NaN
0.256,0.336,-2.9557,51.067,NaN,NaN,NaN,NaN
0.256,0.32,-1.1716,51.347,NaN,NaN,-60488,60488
0.256,0.304,1.0787,50.995,NaN,NaN,-97638,97638
0.256,0.288,1.9524,50.576,NaN,NaN,-69235,69235
0.256,0.272,2.8163,49.876,-41626,-2.4443e+05,-62698,62698
0.256,0.256,2.3018,49.235,69603,-7.5983e+05,-40498,40498
0.256,0.24,0.71126,48.786,1.478e+05,-9.366e+05,-31182,31182
0.256,0.224,-0.47247,48.273,2.6274e+05,-1.1335e+06,-24973,24973
0.256,0.208,-0.61441,47.324,4.8721e+05,-1.2334e+06,-31133,31133
0.256,0.192,0.10094,46.025,7.013e+05,-1.3009e+06,-54711,54711
0.256,0.176,-0.14009,44.434,5.917e+05,-1.4927e+06,-67259,67259
0.256,0.16,-2.4531,42.699,2.29e+05,-1.7903e+06,-68648,68648
0.256,0.144,-2.4081,41.475,-2.0971e+05,-1.992e+06,-43337,43337
0.256,0.128,-2.6767,41.162,-5.9086e+05,-1.9242e+06,-23546,23546
0.256,0.112,-4.8661,41.895,-8.7024e+05,-1.603e+06,-15179,15179
0.256,0.096,-4.408,44.438,-1.1365e+06,-1.1833e+06,-11049,11049
0.256,0.08,-4.2033,46.967,-1.2632e+06,-7.177e+05,-6612.9,6612.9
0.256,0.064,-5.4517,50.05,-1.3394e+06,-3.9154e+05,1485.1,1485.1
0.256,0.048,-5.9185,50.383,-9.3253e+05,-1.5118e+05,3713.9,3713.9
0.256,0.032,-6.2095,48.248,-4.5833e+05,-60557,2849.1,2849.1
0.256,0.016,-6.1752,47.287,0,0,642,642
0.272,0.496,2.6594,52.271,0,0,0,0
0.272,0.48,2.9304,51.431,0,0,0,0
0.272,0.464,1.3127,50.032,NaN,NaN,0,0
0.272,0.448,0.28411,49.455,NaN,NaN,NaN,NaN
0.272,0.432,-0.8324,49.379,NaN,NaN,NaN,NaN
0.272,0.416,-2.9286,48.336,NaN,NaN,NaN,NaN
0.272,0.4,-4.8538,48.132,NaN,NaN,NaN,NaN
0.272,0.384,-6.3028,48.127,NaN,NaN,NaN,NaN
0.272,0.368,-6.7781,48.456,NaN,NaN,NaN,NaN
0.272,0.352,-6.3636,49.515,NaN,NaN,-12024,12024
0.272,0.336,-4.69,50.48,NaN,NaN,-21575,21575
0.272,0.32,-2.7494,50.294,NaN,NaN,-35025,35025
0.272,0.304,-0.41819,49.924,-5.4242e+05,-1.0857e+06,-56220,56220
0.272,0.288,0.55648,49.427,-3.4741e+05,-7.8578e+05,-51832,51832
0.272,0.272,1.5208,48.196,-92697,-4.7738e+05,-46945,46945
0.272,0.256,1.7017,46.339,1.4005e+05,-3.8724e+05,-31679,31679
0.272,0.24,0.3572,44.598,2.8949e+05,-5.6759e+05,-24489,24489
0.272,0.224,-0.31434,43.195,4.3477e+05,-8.2756e+05,-18257,18257
0.272,0.208,-0.60452,42.809,6.9255e+05,-1.0422e+06,-19753,19753
0.272,0.192,0.090157,42.717,9.092e+05,-1.1485e+06,-31838,31838
0.272,0.176,0.37187,42.382,8.6481e+05,-1.3215e+06,-36586,36586
0.272,0.16,-0.73451,39.156,5.7657e+05,-1.536e+06,-30118,30118
0.272,0.144,-1.5691,35.755,2.5915e+05,-1.5237e+06,-10857,10857
0.272,0.128,-1.4288,37.574,24452,-1.2037e+06,1641.5,1641.5
0.272,0.112,-2.1855,40.809,-1.0038e+05,-7.5855e+05,-7.8984,7.8984
0.272,0.096,-2.3395,43.611,-3.6475e+05,-5.0805e+05,1510.6,1510.6
0.272,0.08,-3.3198,46.303,-7.6898e+05,-2.9959e+05,4734.3,4734.3
0.272,0.064,-6.0207,50.165,-1.2483e+06,-41525,13200,13200
0.272,0.048,-6.8455,50.764,-1.0302e+06,1.0222e+05,11826,11826
0.272,0.032,-6.272,51.191,-5.6033e+05,1.0738e+05,6809.6,6809.6
0.272,0.016,-6.2218,52.335,0,0,1972.9,1972.9
0.288,0.496,2.2725,49.323,0,0,0,0
0.288,0.48,2.5665,46.316,0,0,0,0
0.288,0.464,2.23,45.475,NaN,NaN,0,0
0.288,0.448,0.62137,44.042,NaN,NaN,NaN,NaN
0.288,0.432,-0.62236,42.569,NaN,NaN,NaN,NaN
0.288,0.416,-0.9862,40.852,NaN,NaN,-1.1961e+05,1.1961e+05
0.288,0.4,-2.5635,40.916,NaN,NaN,-88296,88296
0.288,0.384,-3.6211,41.805,NaN,NaN,-56780,56780
0.288,0.368,-4.3093,41.5,NaN,NaN,-3312.1,3312.1
0.288,0.352,-5.3984,43.351,NaN,NaN,16480,16480
0.288,0.336,-5.0582,46.309,-1.4455e+06,-3.0469e+06,1770.6,1770.6
0.288,0.32,-4.2768,45.877,-1.2689e+06,-2.731e+06,-14895,14895
0.288,0.304,-3.018,44.641,-8.8239e+05,-1.9981e+06,-27110,27110
0.288,0.288,-0.9203,42.567,-4.4961e+05,-1.2555e+06,-10424,10424
0.288,0.272,0.76707,39.254,-43658,-6.471e+05,522.55,522.55
0.288,0.256,1.2181,38.058,2.701e+05,-2.9516e+05,10895,10895
0.288,0.24,0.91342,38.857,4.4177e+05,-4.1628e+05,4515.3,4515.3
0.288,0.224,0.21724,37.556,5.8218e+05,-7.8047e+05,3212.4,3212.4
0.288,0.208,-0.2829,37.779,7.1919e+05,-1.1912e+06,-571.48,571.48
0.288,0.192,-0.93292,37.692,8.7685e+05,-1.2368e+06,-6257.6,6257.6
0.288,0.176,-0.34924,37.498,9.3433e+05,-9.5235e+05,-6029.8,6029.8
0.288,0.16,0.58547,37.503,8.3323e+05,-5.5438e+05,6944,6944
0.288,0.144,0.99121,37.649,7.4723e+05,-31259,19393,19393
0.288,0.128,2.3061,39.433,6.9318e+05,4.2735e+05,23652,23652
0.288,0.112,3.1467,42.958,6.8897e+05,7.9927e+05,20111,20111
0.288,0.096,2.1004,45.076,4.3116e+05,8.013e+05,19035,19035
0.288,0.08,-0.68538,47.333,-83795,6.7307e+05,20335,20335
0.288,0.064,-4.5013,48.873,-6.3446e+05,6.4843e+05,20944,20944
0.288,0.048,-6.012,51.207,-6.3177e+05,4.7087e+05,16171,16171
0.288,0.032,-3.6476,55.349,-3.5512e+05,2.9435e+05,8776.5,8776.5
0.288,0.016,-4.1096,58.261,0,0,2561.9,2561.9
0.304,0.496,1.5448,44.71,0,0,0,0
0.304,0.48,1.8148,41.432,0,0,0,0
0.304,0.464,1.8138,40.387,NaN,NaN,0,0
0.304,0.448,1.2403,37.745,NaN,NaN,NaN,NaN
0.304,0.432,-0.21893,36.684,NaN,NaN,NaN,NaN
0.304,0.416,-0.29326,33.251,NaN,NaN,-37777,37777
0.304,0.4,-2.3243,31.28,-9.8605e+05,-4.031e+06,-6528.4,6528.4
0.304,0.384,-3.0114,30.976,-8.8642e+05,-3.7957e+06,25718,25718
0.304,0.368,-2.8046,30.867,-7.6055e+05,-3.5314e+06,73025,73025
0.304,0.352,-2.662,32.486,-5.4517e+05,-3.1221e+06,53447,53447
0.304,0.336,-2.8473,34.204,-5.967e+05,-2.9805e+06,17482,17482
0.304,0.32,-5.401,32.607,-5.9606e+05,-2.7697e+06,-4792.1,4792.1
0.304,0.304,-4.7914,32.75,-4.9754e+05,-2.166e+06,8980.7,8980.7
0.304,0.288,-2.7713,32.292,-2.5496e+05,-1.4594e+06,34371,34371
0.304,0.272,-1.5231,30.062,-25327,-1.0107e+06,48690,48690
0.304,0.256,-0.6229,29.519,2.1412e+05,-6.8674e+05,49626,49626
0.304,0.24,0.39297,30.454,4.3257e+05,-6.1702e+05,37594,37594
0.304,0.224,-0.53184,29.258,5.4439e+05,-8.2346e+05,29827,29827
0.304,0.208,-0.65941,27.305,5.7791e+05,-1.2291e+06,16997,16997
0.304,0.192,-0.65502,24.313,6.0099e+05,-1.2316e+06,16226,16226
0.304,0.176,0.11145,25.614,6.7215e+05,-5.2952e+05,21023,21023
0.304,0.16,1.3306,33.91,7.698e+05,4.651e+05,41442,41442
0.304,0.144,2.2271,36.203,8.6521e+05,1.3393e+06,49600,49600
0.304,0.128,2.5017,37.813,8.8207e+05,1.7382e+06,44664,44664
0.304,0.112,2.3188,39.598,8.1632e+05,1.8602e+06,34569,34569
0.304,0.096,2.159,40.602,5.6172e+05,1.6185e+06,32478,32478
0.304,0.08,0.59934,41.512,1.8103e+05,1.4034e+06,34238,34238
0.304,0.064,-1.2169,44.22,-2.1467e+05,1.3672e+06,29754,29754
0.304,0.048,-2.0162,48.614,-2.8646e+05,9.5962e+05,19682,19682
0.304,0.032,-1.2941,53.213,-1.8443e+05,5.4134e+05,8696.7,8696.7
0.304,0.016,-1.9138,56.673,0,0,2598.6,2598.6
0.32,0.496,3.0764,40.641,0,0,0,0
0.32,0.48,2.6316,38.539,0,0,0,0
0.32,0.464,2.621,37.447,NaN,NaN,0,0
0.32,0.448,-0.13696,34.056,NaN,NaN,NaN,NaN
0.32,0.432,-1.243,30.93,NaN,NaN,-1.6582e+05,1.6582e+05
0.32,0.416,-3.349,27.321,NaN,NaN,-56905,56905
0.32,0.4,-4.195,24.101,-7.8217e+05,-3.8072e+06,-11971,11971
0.32,0.384,-3.9474,22.292,-7.5255e+05,-3.5974e+06,51902,51902
0.32,0.368,-2.8154,20.382,-7.1846e+05,-3.3942e+06,1.0203e+05,1.0203e+05
0.32,0.352,-2.8108,18.919,-5.6995e+05,-2.9871e+06,98057,98057
0.32,0.336,-2.9809,17.64,-5.636e+05,-2.8472e+06,53323,53323
0.32,0.32,-3.7131,15.705,-4.722e+05,-2.5108e+06,10803,10803
0.32,0.304,-3.2936,17.374,-3.4661e+05,-2.0059e+06,9285.7,9285.7
0.32,0.288,-2.6191,19.769,-70687,-1.1616e+06,31528,31528
0.32,0.272,-2.4379,20.086,1.5557e+05,-5.2813e+05,50007,50007
0.32,0.256,-3.4168,21.721,3.1879e+05,-1.0698e+05,55518,55518
0.32,0.24,-2.2487,21.303,4.7497e+05,82756,43459,43459
0.32,0.224,-0.64864,18.746,4.8669e+05,-93487,30537,30537
0.32,0.208,-0.93072,17.26,3.8826e+05,-6.4804e+05,12323,12323
0.32,0.192,-1.1444,15.219,3.1017e+05,-9.5334e+05,4062.9,4062.9
0.32,0.176,-0.11669,20.804,3.5752e+05,-5.209e+05,7837.7,7837.7
0.32,0.16,0.8192,26.36,4.6967e+05,4.2683e+05,26455,26455
0.32,0.144,0.10377,28.368,4.7198e+05,1.2369e+06,38769,38769
0.32,0.128,-0.50112,31.286,3.3658e+05,1.4032e+06,36241,36241
0.32,0.112,-2.0299,31.252,1.3677e+05,1.3184e+06,28602,28602
0.32,0.096,-2.7672,31.828,-75621,9.1164e+05,26101,26101
0.32,0.08,-1.7882,30.574,-2.0082e+05,7.7207e+05,29276,29276
0.32,0.064,-1.1296,33.384,-2.6658e+05,9.1173e+05,26314,26314
0.32,0.048,-1.9072,36.362,-1.9147e+05,7.5553e+05,18730,18730
0.32,0.032,-1.4485,41.372,-90317,5.2044e+05,8007.8,8007.8
0.32,0.016,-1.0339,47.714,0,0,2205.4,2205.4
0.336,0.496,2.9643,35.184,0,0,0,0
0.336,0.48,1.5038,32.413,0,0,0,0
0.336,0.464,-0.23531,32.57,NaN,NaN,0,0
0.336,0.448,-0.45817,31.484,NaN,NaN,NaN,NaN
0.336,0.432,-1.7009,26.626,NaN,NaN,-1.4665e+05,1.4665e+05
0.336,0.416,-1.6015,21.835,-6.8694e+05,-2.4246e+06,-60174,60174
0.336,0.4,-1.3126,20.425,-6.182e+05,-3.417e+06,-3189.1,3189.1
0.336,0.384,-2.156,18.209,-6.2807e+05,-3.3317e+06,88777,88777
0.336,0.368,-3.4659,18.021,-6.4503e+05,-3.2591e+06,1.4743e+05,1.4743e+05
0.336,0.352,-5.1692,17.116,-5.851e+05,-2.7868e+06,1.3683e+05,1.3683e+05
0.336,0.336,-4.6666,14.184,-4.8456e+05,-2.454e+06,80711,80711
0.336,0.32,-5.5482,12.948,-2.5117e+05,-1.9744e+06,25506,25506
0.336,0.304,-3.7587,14.634,-47918,-1.3666e+06,5204.1,5204.1
0.336,0.288,-1.2835,17.864,1.8413e+05,-6.4908e+05,16234,16234
0.336,0.272,0.20932,22.352,3.0719e+05,-1.1625e+05,25490,25490
0.336,0.256,0.73385,26.222,3.853e+05,3.5736e+05,37846,37846
0.336,0.24,-0.1098,26.834,4.9576e+05,9.6171e+05,30552,30552
0.336,0.224,-0.51517,25.606,5.4179e+05,1.2003e+06,21587,21587
0.336,0.208,-2.5786,22.672,3.9875e+05,7.0728e+05,4738.2,4738.2
0.336,0.192,-2.044,17.511,1.4899e+05,-2.9533e+05,-8900.1,8900.1
0.336,0.176,-2.1672,15.204,30799,-9.7117e+05,-9121.4,9121.4
0.336,0.16,-1.3642,18.457,1.3972e+05,-8.9676e+05,3883.7,3883.7
0.336,0.144,-1.3908,20.503,1.6464e+05,-3.8864e+05,17274,17274
0.336,0.128,-3.4398,18.517,-35267,-1.4848e+05,19077,19077
0.336,0.112,-5.3699,16.909,-3.042e+05,-2.133e+05,11103,11103
0.336,0.096,-4.7778,18.017,-4.6003e+05,-6.9458e+05,7601.4,7601.4
0.336,0.08,-4.3891,16.105,-4.2632e+05,-8.0159e+05,7962.8,7962.8
0.336,0.064,-4.1844,18.248,-3.0911e+05,-3.8123e+05,11138,11138
0.336,0.048,-3.1361,22.176,-1.5774e+05,12462,10048,10048
0.336,0.032,-4.1689,22.995,-42981,2.4133e+05,5211.3,5211.3
0.336,0.016,-1.8075,28.551,0,0,1798,1798
0.352,0.496,2.0204,26.856,0,0,0,0
0.352,0.48,-1.1021,26.914,0,0,0,0
0.352,0.464,-2.8167,30.735,NaN,NaN,0,0
0.352,0.448,-2.5493,29.265,NaN,NaN,NaN,NaN
0.352,0.432,-3.6812,29.634,NaN,NaN,-1.4663e+05,1.4663e+05
0.352,0.416,-2.3157,25.628,-8.0775e+05,-2.2586e+06,-89322,89322
0.352,0.4,-1.6835,19.16,-5.5463e+05,-3.125e+06,-42953,42953
0.352,0.384,-2.2897,13.241,-5.3943e+05,-3.1132e+06,57756,57756
0.352,0.368,-3.788,13.467,-5.4124e+05,-3.1282e+06,1.2563e+05,1.2563e+05
0.352,0.352,-5.761,15.512,-6.0483e+05,-2.5217e+06,1.4313e+05,1.4313e+05
0.352,0.336,-6.0182,15.212,-5.8904e+05,-2.0529e+06,96570,96570
0.352,0.32,-4.6668,17.339,-3.5384e+05,-1.4936e+06,43760,43760
0.352,0.304,-1.3795,18.878,-1.005e+05,-8.3186e+05,8615.2,8615.2
0.352,0.288,-0.85163,21.931,2.5938e+05,57982,11069,11069
0.352,0.272,0.98945,27.684,5.2952e+05,9.6499e+05,11841,11841
0.352,0.256,1.7235,32.135,7.8513e+05,1.6711e+06,19963,19963
0.352,0.24,0.89158,33.201,8.703e+05,2.1814e+06,17611,17611
0.352,0.224,0.95093,33.832,7.9058e+05,2.127e+06,11930,11930
0.352,0.208,-0.31294,30.525,4.0423e+05,1.2473e+06,-1362.2,1362.2
0.352,0.192,-2.0437,23.221,-34481,-3.196e+05,-20422,20422
0.352,0.176,-1.6012,17.767,-2.4852e+05,-1.4814e+06,-25946,25946
0.352,0.16,-0.51063,14.395,-34231,-1.7129e+06,-22256,22256
0.352,0.144,0.048898,11.546,66570,-1.221e+06,-8277.7,8277.7
0.352,0.128,-1.3234,10.635,-41732,-8.996e+05,2.2293,2.2293
0.352,0.112,-2.7844,9.7652,-2.8981e+05,-8.0873e+05,-2564.5,2564.5
0.352,0.096,-3.556,8.4582,-3.603e+05,-1.1279e+06,-7472.9,7472.9
0.352,0.08,-4.6275,7.3279,-3.3396e+05,-1.3291e+06,-10064,10064
0.352,0.064,-4.6182,8.4877,-2.388e+05,-1.1061e+06,-4058,4058
0.352,0.048,-2.7403,11.404,-1.1989e+05,-5.4981e+05,1441.2,1441.2
0.352,0.032,-0.81533,13.163,-8245.9,-57241,1795.2,1795.2
0.352,0.016,-0.34816,13.821,0,0,880.73,880.73
0.368,0.496,-0.17586,19.759,0,0,-17.059,17.059
0.368,0.48,-2.9713,24.076,0,0,-25.589,25.589
0.368,0.464,-3.0785,28.409,NaN,NaN,0,0
0.368,0.448,-3.3386,29.837,NaN,NaN,-1.1369e+05,1.1369e+05
0.368,0.432,-1.8776,30.023,NaN,NaN,-1.1145e+05,1.1145e+05
0.368,0.416,-1.4406,26.825,-3.978e+05,-2.4392e+06,-96057,96057
0.368,0.4,-3.6465,18.431,-3.4856e+05,-3.214e+06,-62325,62325
0.368,0.384,-4.0908,11.156,-4.1047e+05,-3.172e+06,6294.8,6294.8
0.368,0.368,-4.1929,11.622,-5.1949e+05,-3.0914e+06,85355,85355
0.368,0.352,-4.5983,14.238,-5.8214e+05,-2.1818e+06,1.1695e+05,1.1695e+05
0.368,0.336,-5.7859,15.526,-4.731e+05,-1.4299e+06,91628,91628
0.368,0.32,-4.3692,19.411,-1.8272e+05,-7.4353e+05,54311,54311
0.368,0.304,-2.4277,22.711,79473,-46768,34646,34646
0.368,0.288,-1.926,23.148,4.4091e+05,6.9574e+05,42544,42544
0.368,0.272,1.6774,25.159,6.6473e+05,1.3115e+06,30421,30421
0.368,0.256,2.2182,26.598,8.2684e+05,1.5009e+06,23106,23106
0.368,0.24,2.7269,22.693,7.2457e+05,1.5393e+06,12856,12856
0.368,0.224,2.3044,21.977,5.6148e+05,1.2391e+06,10658,10658
0.368,0.208,-1.2175,23.798,1.6745e+05,5.4659e+05,3421.9,3421.9
0.368,0.192,-2.7903,19.795,-2.0578e+05,-5.0418e+05,-9783,9783
0.368,0.176,-1.8218,17.064,-3.0965e+05,-1.1539e+06,-19192,19192
0.368,0.16,0.62645,14.325,-6319.1,-1.2163e+06,-22143,22143
0.368,0.144,1.9212,10.429,1.9093e+05,-9.2243e+05,-14945,14945
0.368,0.128,-0.13378,7.5532,2.2439e+05,-8.7731e+05,-5306,5306
0.368,0.112,-0.79155,4.1329,50305,-8.5354e+05,-3715.7,3715.7
0.368,0.096,-0.9065,4.9803,8034.3,-9.0187e+05,-6669.1,6669.1
0.368,0.08,-2.1783,5.4004,-43712,-8.6636e+05,-11869,11869
0.368,0.064,-2.6556,5.2771,-10868,-6.4975e+05,-7995.7,7995.7
0.368,0.048,-3.7654,5.9343,17274,-3.4791e+05,-2594.7,2594.7
0.368,0.032,-2.0818,7.2856,29947,-48262,129.01,129.01
0.368,0.016,-1.384,8.221,0,0,467.99,467.99
0.384,0.496,0.55903,14.019,0,0,8.9449,8.9449
0.384,0.48,-0.74297,17.796,0,0,1314.8,1314.8
0.384,0.464,-4.3356,22.48,NaN,NaN,4745.9,4745.9
0.384,0.448,-4.2343,25.586,NaN,NaN,-19951,19951
0.384,0.432,-2.3782,26.404,-88076,-7.4608e+05,-53986,53986
0.384,0.416,-2.5547,18.746,-71297,-2.1409e+06,-67478,67478
0.384,0.4,-1.8172,14.161,-1.7029e+05,-2.8466e+06,-57258,57258
0.384,0.384,-3.0076,9.7984,-2.7776e+05,-3.0223e+06,-9909.4,9909.4
0.384,0.368,-5.216,9.5593,-4.0856e+05,-2.7063e+06,57407,57407
0.384,0.352,-5.9022,9.9733,-3.4264e+05,-1.7543e+06,95653,95653
0.384,0.336,-4.0765,9.1917,-1.4572e+05,-1.0559e+06,84313,84313
0.384,0.32,-2.8233,10.677,1.0692e+05,-4.3917e+05,61734,61734
0.384,0.304,-1.4855,15.497,2.4658e+05,2.4411e+05,61830,61830
0.384,0.288,-0.24388,19.211,4.603e+05,9.7669e+05,80523,80523
0.384,0.272,1.9137,17.588,5.3562e+05,1.4004e+06,71615,71615
0.384,0.256,1.3427,15.066,5.4837e+05,1.0878e+06,48530,48530
0.384,0.24,1.3073,10.889,1.4721e+05,26583,23727,23727
0.384,0.224,1.167,8.7539,-88068,-6.0301e+05,13299,13299
0.384,0.208,-0.59499,10.78,-2.1764e+05,-9.776e+05,7611.5,7611.5
0.384,0.192,-2.0502,9.7528,-68745,-6.4867e+05,2725,2725
0.384,0.176,-0.34038,11.325,73811,-3.5143e+05,-2359.4,2359.4
0.384,0.16,0.67305,13.229,1.7097e+05,21987,-7239.4,7239.4
0.384,0.144,0.054841,11.261,1.6096e+05,1.6098e+05,-6935.7,6935.7
0.384,0.128,0.58844,10.216,1.6591e+05,-2.1619e+05,-1330,1330
0.384,0.112,2.2079,6.4947,1.3192e+05,-4.1569e+05,3444.8,3444.8
0.384,0.096,0.70382,6.4925,1.0988e+05,-4.2504e+05,3391.2,3391.2
0.384,0.08,-0.748,5.2301,-26517,-2.6833e+05,-262.01,262.01
0.384,0.064,-2.0544,4.0159,-1.0251e+05,-1.5331e+05,700.71,700.71
0.384,0.048,-3.4259,5.6332,-73719,-90380,5118.5,5118.5
0.384,0.032,-1.7071,5.283,-24811,-25441,5275.7,5275.7
0.384,0.016,-1.8527,4.2262,0,0,3518.7,3518.7
0.4,0.496,1.5035,10.271,0,0,59.333,59.333
0.4,0.48,-0.65515,8.0534,-33819,-1.231e+05,2156.4,2156.4
0.4,0.464,-3.4632,9.7675,-15486,-6.9686e+05,6177.4,6177.4
0.4,0.448,-4.9173,11.511,-3282.3,-3.4327e+05,-14197,14197
0.4,0.432,-5.7648,12.703,61135,-3.226e+05,-29344,29344
0.4,0.416,-2.2784,12.623,1.694e+05,-1.3342e+06,-47749,47749
0.4,0.4,-2.5076,10.241,63567,-2.1155e+06,-37216,37216
0.4,0.384,-3.2589,7.7296,-49279,-2.3932e+06,-11672,11672
0.4,0.368,-3.8432,6.3176,-2.0644e+05,-1.8646e+06,39774,39774
0.4,0.352,-3.9782,5.5769,-66931,-1.1137e+06,73809,73809
0.4,0.336,-2.0453,3.812,63414,-6.5192e+05,75732,75732
0.4,0.32,-0.52814,4.439,2.2442e+05,-1.1151e+05,68152,68152
0.4,0.304,0.15969,7.1119,1.8999e+05,3.928e+05,72301,72301
0.4,0.288,-0.53109,9.2694,2.8347e+05,7.7034e+05,95239,95239
0.4,0.272,0.33801,9.183,1.8311e+05,6.9782e+05,94545,94545
0.4,0.256,-0.51285,9.5318,-2.6469e+05,-2.6455e+05,71002,71002
0.4,0.24,-2.1898,9.0498,-9.8973e+05,-1.6637e+06,34763,34763
0.4,0.224,-10.903,5.2395,-9.6179e+05,-2.0587e+06,14191,14191
0.4,0.208,-2.8956,4.9805,-3.819e+05,-1.5319e+06,11079,11079
0.4,0.192,-0.56937,5.3574,4.7879e+05,-1.428e+05,17634,17634
0.4,0.176,-0.82579,9.7646,7.0677e+05,5.4904e+05,18383,18383
0.4,0.16,-1.3294,13.598,5.9986e+05,1.0289e+06,12572,12572
0.4,0.144,-2.2964,13.696,3.3226e+05,1.0599e+06,4106.1,4106.1
0.4,0.128,-1.4957,12.834,1.5009e+05,5.0433e+05,4056.9,4056.9
0.4,0.112,-0.50536,11.302,1.3521e+05,-66651,4863.4,4863.4
0.4,0.096,0.029766,9.3894,1.0538e+05,-4.614e+05,8340.7,8340.7
0.4,0.08,-0.6928,7.2433,-60278,-4.4552e+05,8081.6,8081.6
0.4,0.064,-2.3836,4.355,-2.7307e+05,-1.7988e+05,12828,12828
0.4,0.048,-1.9899,3.9944,-2.4256e+05,-48986,17556,17556
0.4,0.032,-0.81367,3.5948,-1.515e+05,43571,13378,13378
0.4,0.016,-0.67823,4.8743,0,0,7192.1,7192.1
0.416,0.496,2.6326,9.5319,0,0,191.19,191.19
0.416,0.48,0.44534,5.092,95030,-1.0973e+05,2599.5,2599.5
0.416,0.464,-1.1249,3.9654,1.1602e+05,-3.9299e+05,6387.3,6387.3
0.416,0.448,-2.5881,3.9949,63916,-1.9242e+05,4024.5,4024.5
0.416,0.432,-1.6107,7.7868,-7226.1,-1.5036e+05,-9200.6,9200.6
0.416,0.416,-3.0112,9.8838,46504,-7.239e+05,-21031,21031
0.416,0.4,-3.6483,6.1282,42808,-1.2195e+06,-15517,15517
0.416,0.384,-2.1034,5.426,77289,-1.3781e+06,7303,7303
0.416,0.368,-1.7211,5.3262,88743,-8.1137e+05,34116,34116
0.416,0.352,-1.3657,4.9634,1.9302e+05,-4.6464e+05,55035,55035
0.416,0.336,-1.9188,2.6906,1.6373e+05,-3.7504e+05,59203,59203
0.416,0.32,-3.7964,1.0878,1.1379e+05,-1.0783e+05,65300,65300
0.416,0.304,-2.4138,4.8938,-27676,84921,72530,72530
0.416,0.288,-2.3977,4.1634,-69604,1.4786e+05,92228,92228
0.416,0.272,-1.9426,2.3911,-3.5633e+05,-2.5607e+05,1.0126e+05,1.0126e+05
0.416,0.256,-2.4739,6.5547,-8.1672e+05,-9.7291e+05,97612,97612
0.416,0.24,-13.592,7.5367,-1.993e+06,-2.6231e+06,67299,67299
0.416,0.224,-12.082,5.5,-1.5265e+06,-2.5192e+06,43183,43183
0.416,0.208,-0.72776,3.1775,-85098,-1.5466e+06,31849,31849
0.416,0.192,-0.49868,6.5775,1.5744e+06,2.2001e+05,41523,41523
0.416,0.176,0.087551,10.834,1.7535e+06,7.6297e+05,41207,41207
0.416,0.16,-0.80389,12.86,9.5394e+05,1.1332e+06,29165,29165
0.416,0.144,-1.9533,14.521,3.1892e+05,1.367e+06,14546,14546
0.416,0.128,-2.0198,14.63,-43675,1.031e+06,6767.8,6767.8
0.416,0.112,-1.6689,13.102,-51982,2.749e+05,1887.3,1887.3
0.416,0.096,-1.6553,10.646,-22438,-4.6692e+05,4891.5,4891.5
0.416,0.08,-1.5223,7.474,-1.8462e+05,-6.9184e+05,12859,12859
0.416,0.064,-2.3601,5.8499,-5.1883e+05,-4.261e+05,23968,23968
0.416,0.048,-6.4189,6.5094,-4.9516e+05,-1.6221e+05,31397,31397
0.416,0.032,-6.5578,6.0983,-2.8457e+05,-26329,21874,21874
0.416,0.016,0.02705,5.1447,0,0,10908,10908
0.432,0.496,2.682,4.7982,-19467,-14961,398.14,398.14
0.432,0.48,1.955,3.354,10308,-1.0135e+05,2059.9,2059.9
0.432,0.464,2.7456,2.5701,-58055,-2.5459e+05,4655,4655
0.432,0.448,0.57416,2.1088,-81290,-1.3507e+05,1928.8,1928.8
0.432,0.432,-1.6825,3.5406,-1.1359e+05,-76302,-6122.1,6122.1
0.432,0.416,-2.959,6.0696,-22683,-3.1038e+05,-16032,16032
0.432,0.4,-2.7402,4.1899,-40181,-6.8825e+05,-9414.9,9414.9
0.432,0.384,-2.5934,1.7427,-6653.8,-7.2697e+05,7646,7646
0.432,0.368,-0.24996,4.6217,3.3645e+05,-2.2412e+05,29247,29247
0.432,0.352,-0.22774,5.4246,4.2255e+05,-5008.9,46243,46243
0.432,0.336,-0.70088,2.8361,3.5258e+05,-44185,50180,50180
0.432,0.32,-0.59976,2.697,-82279,-56623,58969,58969
0.432,0.304,-4.7111,8.088,-3.9447e+05,-52828,65925,65925
0.432,0.288,-3.4438,2.0072,-4.4859e+05,-1.6009e+05,84686,84686
0.432,0.272,-3.1314,0.7719,-1.7309e+06,-1.2304e+06,1.038e+05,1.038e+05
0.432,0.256,-8.7911,7.2754,-3.32e+06,-2.6172e+06,1.2117e+05,1.2117e+05
0.432,0.24,-130.85,-1.202,-4.9628e+06,-3.793e+06,1.1241e+05,1.1241e+05
0.432,0.224,-21.012,9.2556,-2.6119e+06,-2.7164e+06,84054,84054
0.432,0.208,-5.612,6.1451,1.1144e+06,-1.052e+06,64862,64862
0.432,0.192,-0.76703,8.1803,3.4723e+06,2.4625e+05,58451,58451
0.432,0.176,1.335,9.1216,3.0405e+06,5.3345e+05,54271,54271
0.432,0.16,0.72244,10.026,1.2796e+06,7.7453e+05,32824,32824
0.432,0.144,-0.46815,11.657,4.4533e+05,1.152e+06,14041,14041
0.432,0.128,-1.5843,14.198,50763,9.8734e+05,2976.7,2976.7
0.432,0.112,-1.7266,12.98,-1.1099e+05,2.9392e+05,-6166.9,6166.9
0.432,0.096,-2.5319,8.6577,-1.0301e+05,-4.6659e+05,-1700.1,1700.1
0.432,0.08,-2.6825,5.1124,-3.5029e+05,-8.0091e+05,12180,12180
0.432,0.064,-8.0004,1.631,-9.4689e+05,-3.3079e+05,29715,29715
0.432,0.048,-9.8506,2.5607,-9.1854e+05,-7235.1,36800,36800
0.432,0.032,-15.307,15.506,-5.9824e+05,1.8069e+05,24375,24375
0.432,0.016,-13.981,22.74,0,0,10915,10915
0.448,0.496,-0.42174,2.8438,-15384,-38495,371.98,371.98
0.448,0.48,-0.61767,2.7057,15343,-77964,1013.4,1013.4
0.448,0.464,-1.124,2.6564,-52395,-1.1046e+05,2135.2,2135.2
0.448,0.448,-1.8178,2.5975,-99103,-1.1192e+05,4282.4,4282.4
0.448,0.432,-2.4611,2.6059,-2.0329e+05,-1.9232e+05,1433.5,1433.5
0.448,0.416,-2.8101,2.232,-1.3083e+05,-3.3509e+05,-5509.3,5509.3
0.448,0.4,-0.98729,1.9811,-2.3617e+05,-6.17e+05,-5694.6,5694.6
0.448,0.384,-5.9553,-0.98942,-7.4541e+05,-1.058e+06,8562.6,8562.6
0.448,0.368,-3.6948,1.783,-1.0972e+06,-1.5695e+06,31837,31837
0.448,0.352,1.6889,4.4643,-4.6688e+05,-1.1179e+06,47200,47200
0.448,0.336,0.80094,2.0139,3.0639e+05,-7.9944e+05,46813,46813
0.448,0.32,0.61162,2.1184,6.7315e+05,-14111,50737,50737
0.448,0.304,0.069071,2.1064,-1.471e+05,-2.5287e+05,61204,61204
0.448,0.288,-10.788,5.6088,-5.5525e+05,-91582,92529,92529
0.448,0.272,-4.4158,0.77653,-4.0005e+06,-1.4167e+06,1.2859e+05,1.2859e+05
0.448,0.256,-46.157,17.656,-7.7704e+06,-2.2821e+06,1.7351e+05,1.7351e+05
0.448,0.24,-50.17,14.417,-1.005e+07,-2.9994e+06,1.8243e+05,1.8243e+05
0.448,0.224,-36.593,16.662,-6.839e+06,-1.6404e+06,1.5042e+05,1.5042e+05
0.448,0.208,-8.6536,7.0836,-1.1518e+06,-6.2437e+05,1.1055e+05,1.1055e+05
0.448,0.192,-2.9311,8.966,2.5062e+06,1.6756e+05,75650,75650
0.448,0.176,0.44437,8.1005,2.9459e+06,54766,57986,57986
0.448,0.16,0.87748,7.8189,1.4285e+06,1.6574e+05,27240,27240
0.448,0.144,1.5291,9.0166,6.8122e+05,6.2485e+05,8761.8,8761.8
0.448,0.128,0.74506,10.304,1.1249e+05,5.513e+05,-2767.3,2767.3
0.448,0.112,0.72092,8.857,-1.5638e+05,1.1455e+05,-10502,10502
0.448,0.096,-0.34401,7.1742,-1.1697e+05,-3.9462e+05,-7581.6,7581.6
0.448,0.08,-2.1401,5.1691,-4.1424e+05,-5.9327e+05,8072.5,8072.5
0.448,0.064,-8.824,0.49294,-9.558e+05,-2.5317e+05,25673,25673
0.448,0.048,-14.839,13.016,-9.467e+05,30116,34944,34944
0.448,0.032,-79.425,-30.741,-5.4054e+05,1.5825e+05,23028,23028
0.448,0.016,-60.372,39.07,0,0,10750,10750
0.464,0.496,-0.66083,0.081223,16773,-53370,241.55,241.55
0.464,0.48,-1.0679,-0.03472,-2.2233e+05,-66322,493.17,493.17
0.464,0.464,-2.0552,1.17,-2.7606e+05,-99429,177.35,177.35
0.464,0.448,-1.3586,1.725,-3.4201e+05,-1.0804e+05,1288.1,1288.1
0.464,0.432,-3.0001,0.053653,-2.3133e+05,-3.0604e+05,3370.1,3370.1
0.464,0.416,-4.1494,-1.812,-2.0232e+05,-4.658e+05,26.884,26.884
0.464,0.4,-1.903,0.0079731,-1.4259e+05,-7.004e+05,523.2,523.2
0.464,0.384,-5.9728,-2.8898,-1.4093e+06,-1.7334e+06,8009.3,8009.3
0.464,0.368,-30.936,-11.108,-2.7235e+06,-3.5203e+06,28979,28979
0.464,0.352,-31.699,-16.425,-3.1904e+06,-3.9454e+06,42482,42482
0.464,0.336,2.2863,0.34649,-1.8208e+06,-3.3119e+06,41850,41850
0.464,0.32,0.5425,0.92796,-4.269e+05,-1.4328e+06,43064,43064
0.464,0.304,-33.908,73.872,-1.3873e+06,-2.6047e+05,53608,53608
0.464,0.288,-69.99,58.216,-2.2304e+06,1.1225e+05,87122,87122
0.464,0.272,-72.647,70.102,-7.8711e+06,-1.625e+06,1.2349e+05,1.2349e+05
0.464,0.256,-64.531,8.8036,-1.1237e+07,-2.8616e+06,1.638e+05,1.638e+05
0.464,0.24,-90.43,0.66583,-1.2497e+07,-3.5894e+06,1.841e+05,1.841e+05
0.464,0.224,-78.63,8.9432,-1.0217e+07,-2.393e+06,1.6059e+05,1.6059e+05
0.464,0.208,-29.644,26.997,-5.4085e+06,-1.7796e+06,1.2314e+05,1.2314e+05
0.464,0.192,-9.4951,5.2668,-1.7031e+06,-7.2257e+05,72669,72669
0.464,0.176,-3.1731,6.3087,1.141e+06,-6.1229e+05,45867,45867
0.464,0.16,1.7088,5.6658,1.0084e+06,-1.5362e+05,15971,15971
0.464,0.144,2.4424,4.8694,9.7291e+05,1.6503e+05,779.41,779.41
0.464,0.128,1.5699,4.2707,3.1968e+05,94961,-6167.6,6167.6
0.464,0.112,0.84892,3.4224,-67058,-88619,-10298,10298
0.464,0.096,-0.80653,4.6117,-63565,-2.2887e+05,-9246.9,9246.9
0.464,0.08,0.31349,3.3212,-2.4382e+05,-2.7173e+05,-1091.8,1091.8
0.464,0.064,-6.1737,8.476,-1.3756e+06,-6.6296e+05,12584,12584
0.464,0.048,-18.398,-16.175,-1.3896e+06,-5.5558e+05,21645,21645
0.464,0.032,-68.515,173.95,-1.1374e+06,-4.8433e+05,15764,15764
0.464,0.016,11.134,-7.1652,0,0,7556.1,7556.1
0.48,0.496,-0.88144,-0.32521,31914,-41734,-74.532,74.532
0.48,0.48,-0.90952,-0.45514,-1.7755e+05,-48454,-12.775,12.775
0.48,0.464,-7.4237,4.2766,-1.7934e+05,-76077,-620.78,620.78
0.48,0.448,-1.8068,0.22775,-2.1811e+05,-1.0125e+05,-101.11,101.11
0.48,0.432,-0.61137,0.72485,-1.1357e+05,-2.6379e+05,1288.9,1288.9
0.48,0.416,-5.2108,0.13021,-1.6288e+05,-3.9106e+05,1842.6,1842.6
0.48,0.4,-7.0013,-5.5055,-58588,-4.8765e+05,624.69,624.69
0.48,0.384,-5.7143,-3.4132,-1.304e+06,-1.5417e+06,-1770.9,1770.9
0.48,0.368,-37.476,-13.465,-2.916e+06,-3.4963e+06,8944.6,8944.6
0.48,0.352,-47.6,-6.9646,-3.4543e+06,-4.037e+06,18144,18144
0.48,0.336,-42.391,-15.792,-2.1689e+06,-3.4546e+06,24575,24575
0.48,0.32,-52.371,54.814,-3.9715e+05,-1.4419e+06,25333,25333
0.48,0.304,-62.537,82.81,-9.6811e+05,-3.0553e+05,33575,33575
0.48,0.288,-33.818,35.647,-1.6063e+06,1.9642e+05,59994,59994
0.48,0.272,-170.18,5.6289,-5.8538e+06,-4.7805e+05,86010,86010
0.48,0.256,-78.216,6.7034,-7.7901e+06,-5.9473e+05,1.1289e+05,1.1289e+05
0.48,0.24,-204.41,134.38,-9.1204e+06,-1.57e+06,1.2426e+05,1.2426e+05
0.48,0.224,-51.413,12.657,-8.6783e+06,-1.2395e+06,1.1605e+05,1.1605e+05
0.48,0.208,-101.69,-15.676,-6.4127e+06,-1.5621e+06,93685,93685
0.48,0.192,-31.877,4.8738,-3.793e+06,-7.3265e+05,58001,58001
0.48,0.176,-17.856,4.4506,-4.5951e+05,-6.0033e+05,31219,31219
0.48,0.16,-0.60483,2.5688,5.2974e+05,-1.2393e+05,7038.6,7038.6
0.48,0.144,2.8257,1.3846,8.2512e+05,33614,-2777.3,2777.3
0.48,0.128,1.7223,0.74821,2.5045e+05,-27358,-6281,6281
0.48,0.112,-1.3401,1.3527,-60894,-86766,-6811.8,6811.8
0.48,0.096,0.025163,-0.67363,-38632,-61436,-8588.3,8588.3
0.48,0.08,-0.07678,2.0579,-77041,-6318.2,-6960,6960
0.48,0.064,-0.19945,0.33936,-8.4108e+05,-6.8012e+05,-944.65,944.65
0.48,0.048,-32.749,9.769,-8.6774e+05,-6.9499e+05,7037.6,7037.6
0.48,0.032,2.0529,29.415,-7.8315e+05,-7.1104e+05,6440.5,6440.5
0.48,0.016,11.673,-16.354,0,0,4011.1,4011.1
0.496,0.496,-1.4335,-0.56805,30447,-19152,-117.63,117.63
0.496,0.48,-1.483,-0.8499,-1.6814e+05,-3269.4,133.72,133.72
0.496,0.464,-7.4056,7.0503,-1.7448e+05,-21046,-195.11,195.11
0.496,0.448,-74.461,3.5016,-1.992e+05,-9979.2,-152.97,152.97
0.496,0.432,-1.6241,0.046635,-60827,-87297,251.66,251.66
0.496,0.416,-1.2551,0.59439,-96183,-1.9592e+05,387.36,387.36
0.496,0.4,-24.506,-29.226,91384,-2.2713e+05,216.43,216.43
0.496,0.384,-12.543,-8.3267,-6.0574e+05,-8.2037e+05,-5951.2,5951.2
0.496,0.368,-0.32428,1.3575,-1.5348e+06,-1.9464e+06,-3993.4,3993.4
0.496,0.352,-10.886,15.806,-2.6391e+06,-2.7891e+06,-1505.2,1505.2
0.496,0.336,-482.8,-192.98,-2.117e+06,-2.4012e+06,5998.8,5998.8
0.496,0.32,-210.81,40.84,-1.1714e+06,-1.134e+06,8720.3,8720.3
0.496,0.304,-417.37,1384.3,-9.1788e+05,1.1224e+05,12976,12976
0.496,0.288,27.963,15.652,-9.1788e+05,1.1224e+05,21958,21958
0.496,0.272,-64.37,-54.246,-2.6953e+06,-3.2775e+05,27332,27332
0.496,0.256,-136.35,-88.517,-2.1624e+06,-4.8681e+05,33150,33150
0.496,0.24,-48.488,-12.764,-3.2414e+06,-1.339e+06,38290,38290
0.496,0.224,-114.01,-29.812,-3.8826e+06,-1.2953e+06,43439,43439
0.496,0.208,-107.65,-8.8574,-4.1149e+06,-1.5881e+06,40524,40524
0.496,0.192,-41.059,2.2664,-3.2904e+06,-8.1901e+05,28224,28224
0.496,0.176,-23.285,4.8008,-8.4017e+05,-4.987e+05,13942,13942
0.496,0.16,-8.7503,3.5711,-33198,-64646,2256.1,2256.1
0.496,0.144,-4.2883,0.7036,3.6591e+05,-42617,-2505.8,2505.8
0.496,0.128,-1.0247,1.93,1.4337e+05,-57249,-3120.1,3120.1
0.496,0.112,-1.4358,1.5002,5097.2,-70085,-2401.3,2401.3
0.496,0.096,-0.17859,-0.54201,-16379,-15465,-4051.7,4051.7
0.496,0.08,-0.46191,1.4616,10037,10859,-6052.3,6052.3
0.496,0.064,-0.6528,0.11647,-6.9119e+05,-6.0569e+05,-5101.7,5101.7
0.496,0.048,-24.604,14.632,-6.9391e+05,-6.3982e+05,-1965.5,1965.5
0.496,0.032,-237.26,4.713,-6.9613e+05,-6.3204e+05,-38.266,38.266
0.496,0.016,-8.4312,41.221,0,0,498.07,498.07
