0.016,0.496,0.95252,-0.62556,-918.67,841.11,77.124,77.124
0.016,0.48,0.052354,-0.47987,-1239.6,2749,2913.7,2913.7
0.016,0.464,2.8589,0.15284,-2348.1,3970.4,7795.2,7795.2
0.016,0.448,-0.93105,1.332,-601.39,2181.2,10743,10743
0.016,0.432,0.79701,1.1609,-17103,-3292.4,9695.7,9695.7
0.016,0.416,4.141,0.25753,-24578,-4748.6,5718.9,5718.9
0.016,0.4,2.5862,-0.48907,-26336,-3283.1,3217.1,3217.1
0.016,0.384,4.338,-0.55625,-8732.2,-136.77,1276.7,1276.7
0.016,0.368,5.361,-0.8973,-2319.4,198.12,-641.98,641.98
0.016,0.352,2.9144,-0.20868,-7814,858.67,-2998.5,2998.5
0.016,0.336,5.0856,1.1331,-11221,854.79,-5069.1,5069.1
0.016,0.32,3.1824,-0.66571,-8580.3,-890.97,-5281.3,5281.3
0.016,0.304,0.16954,0.4997,-5451.2,-621.55,-3562.6,3562.6
0.016,0.288,0.68369,-0.59085,-6784.9,2868.2,-1335.5,1335.5
0.016,0.272,1.5358,-2.7707,-8288.3,3178.1,137.65,137.65
0.016,0.256,0.39869,0.0915,-8632.3,2562.4,300.77,300.77
0.016,0.24,2.8065,0.91093,-16747,-1280,119.11,119.11
0.016,0.224,7.2521,0.51957,-15874,-965.36,-752.43,752.43
0.016,0.208,5.6356,-1.0717,-10531,-4227.2,-1361.4,1361.4
0.016,0.192,1.1855,-0.28697,4052.3,-7238.1,-2352,2352
0.016,0.176,-0.52383,-0.71099,4418.1,-5571.9,-3379.7,3379.7
0.016,0.16,-0.57677,-1.3264,4454.9,751.82,-4209.7,4209.7
0.016,0.144,-1.0198,-0.035817,3206.5,4447.8,-3328.4,3328.4
0.016,0.128,2.4261,-1.9068,2886.2,2892.2,-1744.5,1744.5
0.016,0.112,6.39,0.24276,-4378.8,-6416.6,-1717.8,1717.8
0.016,0.096,1.3329,2.6003,-7221.2,-7640,-3332.6,3332.6
0.016,0.08,-0.25667,0.2886,-12070,26434,-6868.6,6868.6
0.016,0.064,-1.0589,1.161,-7923.1,35468,-8083.1,8083.1
0.016,0.048,-1.6989,0.65023,-6341.9,36782,-7384.9,7384.9
0.016,0.032,-2.0753,1.0221,-1378.7,3619.4,-3823,3823
0.016,0.016,-1.5597,0.52799,0,0,-1159.5,1159.5
0.032,0.496,0.64174,0.33389,21357,-6875.5,109.18,109.18
0.032,0.48,0.3137,-0.0091181,41069,2862.8,213.33,213.33
0.032,0.464,-0.021799,-0.12496,53083,2975.1,147.53,147.53
0.032,0.448,-0.053774,0.30236,12995,-32550,-223.59,223.59
0.032,0.432,-0.0397,0.06773,-22543,-47735,-978.78,978.78
0.032,0.416,-0.5041,-0.60321,-49530,-47379,-1326.7,1326.7
0.032,0.4,-0.37896,-0.32662,-51251,-19592,-1169.9,1169.9
0.032,0.384,-0.069434,0.19183,-51505,-1.0698e+05,-616.47,616.47
0.032,0.368,0.015819,0.084729,-28991,-1.134e+05,507.75,507.75
0.032,0.352,-0.094099,0.01417,-14268,-94285,1278,1278
0.032,0.336,-0.2794,0.32334,-1493,-2875.6,1631.3,1631.3
0.032,0.32,-0.10403,-0.13617,-10668,-2932.4,903.26,903.26
0.032,0.304,-0.09126,-0.34551,-7625.3,-2069.2,397.41,397.41
0.032,0.288,-0.41515,-0.2439,-6513.3,11063,198.01,198.01
0.032,0.272,-0.29115,-0.48004,-9045.3,20730,39.454,39.454
0.032,0.256,-0.24848,-0.064858,-13315,8485.5,-288.22,288.22
0.032,0.24,-0.51168,0.54494,-31538,-3010.9,-554.39,554.39
0.032,0.224,-0.24557,0.026316,-31994,-9315.4,-431.32,431.32
0.032,0.208,0.18521,-0.32746,-19036,-1751.9,-102.39,102.39
0.032,0.192,0.52311,-0.086782,-484.15,-1135.2,206.42,206.42
0.032,0.176,0.52037,-0.090673,-4978.4,3598,272.23,272.23
0.032,0.16,-0.11294,0.17165,-14710,-1814.3,243.55,243.55
0.032,0.144,-0.50604,0.30346,-36430,-4947.7,185.62,185.62
0.032,0.128,0.063087,-0.23048,-35027,-11577,47.79,47.79
0.032,0.112,-0.0041444,-0.054906,-16225,-13298,128.19,128.19
0.032,0.096,-0.33376,-0.027523,-26846,-59861,387.57,387.57
0.032,0.08,-0.21681,0.52634,-60199,-24751,804.07,804.07
0.032,0.064,-0.61471,2.445,-85342,-8772.8,1008.2,1008.2
0.032,0.048,-1.0679,1.8553,-51137,40099,822.6,822.6
0.032,0.032,-1.2981,1.9612,-10070,9529.5,459.12,459.12
0.032,0.016,-1.3209,-1.6302,0,0,186.97,186.97
0.048,0.496,0.47551,0.51531,13095,-5577,96.06,96.06
0.048,0.48,1.5584,0.29831,30391,4181,116.26,116.26
0.048,0.464,1.727,0.32837,39268,4170.5,-275.27,275.27
0.048,0.448,1.4416,0.15696,45029,1.182e+05,-1746.4,1746.4
0.048,0.432,0.76993,1.7983,9540.2,1.0126e+05,-4179.5,4179.5
0.048,0.416,-0.28845,-0.38623,-16710,95965,-5583.6,5583.6
0.048,0.4,-1.1723,-0.42505,13982,-2.0561e+05,-4385.1,4385.1
0.048,0.384,-1.0993,-0.88869,19051,-4.5575e+05,-1502.1,1502.1
0.048,0.368,1.3178,0.033875,6218.4,-5.6727e+05,1855.3,1855.3
0.048,0.352,1.2534,0.47497,-31175,-3.8141e+05,3563.4,3563.4
0.048,0.336,-0.24142,0.034,-24271,-1.276e+05,3881.7,3881.7
0.048,0.32,-0.44668,-0.40302,4213,-15086,2552,2552
0.048,0.304,-0.61607,-0.57299,-9915.8,-2963.8,1203.8,1203.8
0.048,0.288,-0.51747,0.17924,-6955.6,13913,494.48,494.48
0.048,0.272,-0.59163,0.97134,-7486,22127,127.88,127.88
0.048,0.256,-1.0225,0.53728,-8823.4,12995,-197.2,197.2
0.048,0.24,-1.1338,-0.48569,-25429,1987.3,-544.73,544.73
0.048,0.224,-1.1716,-0.26007,-29520,-4596.7,-276.1,276.1
0.048,0.208,-0.59557,-0.39426,-20050,-1409.5,217,217
0.048,0.192,0.19714,0.44452,-4009.7,-3817.9,765.27,765.27
0.048,0.176,-0.13984,1.1048,-8549.2,362.34,794.81,794.81
0.048,0.16,-1.1507,0.23605,-18456,-3841,733.6,733.6
0.048,0.144,-1.3673,-0.65689,-34323,-8242.7,739.79,739.79
0.048,0.128,-1.665,-0.64795,-26782,-12880,768.65,768.65
0.048,0.112,-0.50319,-1.1125,-9309.5,-6497.3,502.6,502.6
0.048,0.096,0.56509,-1.3231,-32344,-73429,391.22,391.22
0.048,0.08,-2.3473,-1.3716,-60895,-27357,783.46,783.46
0.048,0.064,-2.5412,1.2373,-1.0218e+05,23894,1565.8,1565.8
0.048,0.048,-1.6544,2.2655,-59457,95287,1649.8,1649.8
0.048,0.032,-1.7479,2.6373,-27563,52348,989.79,989.79
0.048,0.016,-1.5595,-4.5166,0,0,334.05,334.05
0.064,0.496,-0.1526,1.342,9995.5,-3543.1,108.12,108.12
0.064,0.48,-0.54748,1.0184,24838,20827,130.32,130.32
0.064,0.464,-0.086119,-0.16962,39646,47150,-471.54,471.54
0.064,0.448,-0.078848,0.28173,53638,1.8011e+05,-1786.9,1786.9
0.064,0.432,1.4905,8.6721,1.0916e+05,3.5502e+05,-5213.4,5213.4
0.064,0.416,-0.70645,-0.29372,94415,3.6537e+05,-9165.3,9165.3
0.064,0.4,-0.8014,-0.12386,1.0098e+05,-1.8744e+05,-9227,9227
0.064,0.384,5.2289,5.8913,75501,-7.3719e+05,-5872.2,5872.2
0.064,0.368,3.2215,8.2478,22266,-6.8489e+05,-284.3,284.3
0.064,0.352,0.42129,1.1896,3455,-3.6785e+05,1926.3,1926.3
0.064,0.336,1.3377,1.1131,-46253,-68700,2527.1,2527.1
0.064,0.32,-0.24089,0.43656,3550.7,-38237,1556.2,1556.2
0.064,0.304,-0.1753,0.05581,-15238,-13585,576.66,576.66
0.064,0.288,0.002623,-0.24623,-11444,-2560.1,-199.14,199.14
0.064,0.272,0.22224,0.049603,-49338,-22330,-769.74,769.74
0.064,0.256,-0.095896,0.27593,-74101,-27927,-1248.7,1248.7
0.064,0.24,-0.4134,-0.1017,-88308,-18424,-1512.1,1512.1
0.064,0.224,-0.0417,0.13595,-50959,-12228,-742.71,742.71
0.064,0.208,0.31758,-0.14612,-10722,-8652.8,108.55,108.55
0.064,0.192,-0.27881,-0.075345,-10388,1196.3,811.09,811.09
0.064,0.176,-0.36095,0.32453,-21810,15800,587.56,587.56
0.064,0.16,-0.05164,-0.16678,-39248,3919,585.31,585.31
0.064,0.144,-0.085742,-0.42152,-38898,-47694,702.55,702.55
0.064,0.128,0.20913,-0.30778,-35606,-44770,828.75,828.75
0.064,0.112,-0.031376,0.29306,-45142,-8815,334.29,334.29
0.064,0.096,-0.30677,-0.7946,-76299,-40281,-127.11,127.11
0.064,0.08,-0.17145,-1.3338,-92218,-26002,-110.97,110.97
0.064,0.064,0.68439,0.87101,-85471,50283,683.4,683.4
0.064,0.048,-0.21783,3.1565,-36420,1.1266e+05,1170.8,1170.8
0.064,0.032,-0.34665,3.2271,-7995.2,98639,898.15,898.15
0.064,0.016,-1.0045,-4.7529,0,0,449.75,449.75
0.08,0.496,-0.78398,2.018,-13815,4695.2,38.79,38.79
0.08,0.48,-0.5314,2.091,-22597,51988,-186.91,186.91
0.08,0.464,-0.41449,2.9855,-14146,1.4121e+05,-1397.9,1397.9
0.08,0.448,0.05542,4.2031,1239.5,2.4198e+05,-2813.2,2813.2
0.08,0.432,1.5889,11.065,1.9066e+05,7.059e+05,-4060.2,4060.2
0.08,0.416,2.0845,11.332,3.2232e+05,9.8797e+05,-6876,6876
0.08,0.4,32.594,152.51,3.0895e+05,2.5019e+05,-8016.4,8016.4
0.08,0.384,1.5506,-1.4749,2.2962e+05,-4.8644e+05,-7391.2,7391.2
0.08,0.368,2.1015,-2.2648,28001,-6.8204e+05,-3991,3991
0.08,0.352,0.52879,2.1317,-64689,-2.8602e+05,-1587.9,1587.9
0.08,0.336,0.12378,1.4546,-1.9031e+05,-1.0568e+05,-690.05,690.05
0.08,0.32,-0.21035,0.85504,-1.0326e+05,-78617,-285.14,285.14
0.08,0.304,-0.089667,0.65835,-33603,-34496,-837.17,837.17
0.08,0.288,0.28805,0.41639,-29918,-19094,-1835.7,1835.7
0.08,0.272,1.7582,-0.97894,-95537,-75427,-2780.3,2780.3
0.08,0.256,0.76679,-1.6319,-1.1752e+05,-1.001e+05,-3111.4,3111.4
0.08,0.24,1.8024,0.38364,-1.1204e+05,-1.1448e+05,-2826.8,2826.8
0.08,0.224,0.62136,0.61439,-42999,-77928,-1226.2,1226.2
0.08,0.208,0.91627,-1.0182,-12841,-59212,190.5,190.5
0.08,0.192,1.2123,0.25076,-3479.1,-22325,984.72,984.72
0.08,0.176,-0.44194,1.7049,-8493.1,-17362,304.64,304.64
0.08,0.16,-0.6633,-0.76286,-13824,-6557,-21.241,21.241
0.08,0.144,-0.54002,-0.96888,12647,-51427,-20.342,20.342
0.08,0.128,-0.73975,-1.4132,15221,-29005,459.91,459.91
0.08,0.112,-1.3012,0.46473,-13048,-10682,544.49,544.49
0.08,0.096,-2.4414,0.13145,-19066,-1843.2,399.97,399.97
0.08,0.08,-0.37347,-0.12516,-22737,19717,106.33,106.33
0.08,0.064,-0.23658,0.77,-2842,1.1988e+05,506.66,506.66
0.08,0.048,0.5014,3.4154,-6262.1,1.3802e+05,936.09,936.09
0.08,0.032,0.50818,3.7217,-3244.8,1.1118e+05,901.67,901.67
0.08,0.016,-0.65062,-3.8858,0,0,510.21,510.21
0.096,0.496,-1.6416,2.4804,-22353,21753,-278.14,278.14
0.096,0.48,-1.4096,3.3263,-14739,1.786e+05,-974.68,974.68
0.096,0.464,-1.0072,4.0418,-11538,3.8777e+05,-2955.8,2955.8
0.096,0.448,-0.58208,5.6679,-39409,2.4177e+05,-4362.8,4362.8
0.096,0.432,-1.458,3.1882,1.5575e+05,6.8353e+05,-3963.3,3963.3
0.096,0.416,1.8383,12.916,4.424e+05,1.1838e+06,-5113.4,5113.4
0.096,0.4,2.431,12.973,4.9053e+05,1.0584e+06,-7743.4,7743.4
0.096,0.384,0.19124,1.0305,2.9422e+05,92859,-10905,10905
0.096,0.368,2.3578,9.8815,32339,-2.9446e+05,-10363,10363
0.096,0.352,-1.2383,0.49211,-88954,-2.509e+05,-7778.1,7778.1
0.096,0.336,-3.4054,0.61679,-1.4613e+05,57564,-5354.2,5354.2
0.096,0.32,-1.9651,0.18523,-93951,-25226,-3995.7,3995.7
0.096,0.304,-0.26864,0.7807,8330.9,1138.9,-3950.2,3950.2
0.096,0.288,0.96185,1.2778,5624.1,-57276,-4920.8,4920.8
0.096,0.272,1.1494,0.28479,-73350,-1.1331e+05,-6122.8,6122.8
0.096,0.256,2.2795,-0.71258,-69847,-1.7655e+05,-6016.5,6016.5
0.096,0.24,4.4758,0.24229,-62235,-2.017e+05,-4773.4,4773.4
0.096,0.224,2.4739,0.40384,7726.2,-1.5299e+05,-1704.8,1704.8
0.096,0.208,0.073358,-0.28929,-20301,-1.0942e+05,481.35,481.35
0.096,0.192,0.32445,0.108,-65887,9049,1210.4,1210.4
0.096,0.176,-0.15523,1.1401,-48975,-19023,137.98,137.98
0.096,0.16,-0.23532,0.42459,-48680,17532,-201.15,201.15
0.096,0.144,-0.39399,0.91173,1845.6,-46921,353.55,353.55
0.096,0.128,-0.78596,0.98398,-3866.9,15826,1347.4,1347.4
0.096,0.112,-0.70476,0.75684,-30926,17863,1838.6,1838.6
0.096,0.096,-0.2657,0.32721,-36779,29684,1331.6,1331.6
0.096,0.08,0.92051,0.53012,69051,42576,803.81,803.81
0.096,0.064,-0.86597,1.0599,2.7798e+05,70491,528.25,528.25
0.096,0.048,-0.72442,2.2615,2.8822e+05,64305,1061,1061
0.096,0.032,-0.013555,2.0878,1.8058e+05,40346,949.63,949.63
0.096,0.016,0.3243,-3.5459,0,0,628.82,628.82
0.112,0.496,-4.1173,0.45017,-20380,21164,-817.53,817.53
0.112,0.48,-2.3716,2.5472,3876.5,3.0511e+05,-2411.4,2411.4
0.112,0.464,-1.698,5.3994,-19262,7.1167e+05,-5627.5,5627.5
0.112,0.448,-2.0092,6.7264,-38386,6.3069e+05,-5838.4,5838.4
0.112,0.432,-0.69544,1.4464,35370,8.7866e+05,-3129,3129
0.112,0.416,1.535,15.359,3.1751e+05,8.8126e+05,-1027.4,1027.4
0.112,0.4,3.2727,14.511,4.8152e+05,6.8679e+05,-4715.5,4715.5
0.112,0.384,2.3095,14.284,3.3044e+05,-1.2165e+05,-10403,10403
0.112,0.368,0.7546,3.447,64709,-5.3312e+05,-12316,12316
0.112,0.352,0.56418,1.6742,-1.3948e+05,-4.4172e+05,-9545.3,9545.3
0.112,0.336,-0.6355,1.6961,-1.8893e+05,38266,-6284.9,6284.9
0.112,0.32,-0.47488,3.1012,-1.6925e+05,1.705e+05,-4545.2,4545.2
0.112,0.304,-0.77145,1.0259,-9309.8,1.2118e+05,-4072.3,4072.3
0.112,0.288,0.45679,2.5299,57725,-1.217e+05,-4121,4121
0.112,0.272,3.5242,0.43261,72615,-2.824e+05,-4744.6,4744.6
0.112,0.256,3.1749,0.93694,1.1878e+05,-3.7762e+05,-4545.4,4545.4
0.112,0.24,4.8603,1.7998,1.048e+05,-3.0918e+05,-3606.3,3606.3
0.112,0.224,3.6625,1.5701,69660,-2.2729e+05,221.44,221.44
0.112,0.208,1.8888,3.166,-42218,-1.7698e+05,2859,2859
0.112,0.192,0.58892,2.6249,-95929,-90339,3372.4,3372.4
0.112,0.176,-1.6601,3.4538,-59025,-76568,1851,1851
0.112,0.16,-0.65635,1.2337,-52692,38324,2117,2117
0.112,0.144,-0.94723,2.7027,-25532,30262,4596.8,4596.8
0.112,0.128,-1.3829,3.4221,-85213,1.2689e+05,7204.5,7204.5
0.112,0.112,-1.2762,3.1787,-1.2413e+05,1.1741e+05,6713.7,6713.7
0.112,0.096,-1.699,2.4973,-1.2457e+05,85923,5947.3,5947.3
0.112,0.08,-1.5263,0.68231,-92744,12913,4516.2,4516.2
0.112,0.064,2.4302,1.5148,65807,42157,4325.2,4325.2
0.112,0.048,4.0284,1.4292,98072,50475,3258,3258
0.112,0.032,0.92401,-0.047955,1.2253e+05,52611,1659.1,1659.1
0.112,0.016,-0.78609,-2.1985,0,0,765.94,765.94
0.128,0.496,-2.6549,3.0774,-20380,21164,-779.2,779.2
0.128,0.48,-1.0144,3.652,8445.4,3.1772e+05,-3098.9,3098.9
0.128,0.464,-1.8391,5.4952,-32745,8.5707e+05,-5570.7,5570.7
0.128,0.448,-3.1465,7.9047,-8108.3,9.1563e+05,-4372.6,4372.6
0.128,0.432,-1.3982,11.176,13152,9.4666e+05,-1718.4,1718.4
0.128,0.416,-1.8455,9.6089,2.512e+05,6.785e+05,-1236.9,1236.9
0.128,0.4,1.5443,7.3186,3.6966e+05,6.4228e+05,-6168.5,6168.5
0.128,0.384,1.4473,6.0793,2.759e+05,-1.106e+05,-10670,10670
0.128,0.368,0.90325,4.4068,1.0513e+05,-3.8955e+05,-11686,11686
0.128,0.352,0.82118,4.5874,-56282,-4.9218e+05,-9640.9,9640.9
0.128,0.336,0.21355,6.2208,-55572,-17431,-6603.3,6603.3
0.128,0.32,-1.2287,7.2263,-75710,97766,-4034.1,4034.1
0.128,0.304,-1.1866,6.258,7520.3,-1.8383e+05,-829.05,829.05
0.128,0.288,0.0092318,5.0584,1.0162e+05,-4.433e+05,2346.8,2346.8
0.128,0.272,2.7044,0.69254,1.6816e+05,-5.9366e+05,2469.2,2469.2
0.128,0.256,3.5865,1.596,2.1358e+05,-5.2071e+05,2495.9,2495.9
0.128,0.24,3.6083,2.2169,1.5938e+05,-3.119e+05,2094.8,2094.8
0.128,0.224,1.9883,4.0727,1.1459e+05,-1.9692e+05,6731.4,6731.4
0.128,0.208,0.8095,3.3085,12093,-1.3868e+05,9364.6,9364.6
0.128,0.192,0.95977,1.6772,-90475,-59849,9914.4,9914.4
0.128,0.176,-0.27261,1.8655,-1.2026e+05,2402.1,7810.7,7810.7
0.128,0.16,-0.44013,3.9119,-1.5166e+05,1.6948e+05,9118.1,9118.1
0.128,0.144,-0.93457,4.9459,-1.525e+05,2.859e+05,13459,13459
0.128,0.128,-2.2473,3.7733,-1.9264e+05,4.2106e+05,15408,15408
0.128,0.112,-4.2025,5.8587,-2.2278e+05,4.3366e+05,15655,15655
0.128,0.096,-3.7217,4.4457,-2.0238e+05,3.1223e+05,13387,13387
0.128,0.08,-2.9222,1.4917,-2.2372e+05,1.9725e+05,12386,12386
0.128,0.064,-3.3095,0.33152,-67736,1.6332e+05,8910.6,8910.6
0.128,0.048,-1.8744,3.7823,-8310.6,1.3088e+05,5561.3,5561.3
0.128,0.032,-1.5996,3.839,89334,86626,2399.1,2399.1
0.128,0.016,-1.0659,0.74893,0,0,915.2,915.2
0.144,0.496,-3.3206,7.1396,0,0,-450.97,450.97
0.144,0.48,-1.4658,10.83,20978,2.2038e+05,-2498.5,2498.5
0.144,0.464,-0.82973,11.752,-30129,1.1511e+06,-4680.6,4680.6
0.144,0.448,-1.1735,13.034,-3922.5,1.3796e+06,-2348.4,2348.4
0.144,0.432,-1.186,15.309,56304,1.3004e+06,303.51,303.51
0.144,0.416,0.12515,14.7,2.1299e+05,6.5445e+05,-865.63,865.63
0.144,0.4,0.15241,15.606,2.3469e+05,2.3413e+05,-7582.8,7582.8
0.144,0.384,-0.71304,17.103,2.559e+05,-3.5342e+05,-11491,11491
0.144,0.368,0.69265,13.437,1.4428e+05,-3.4749e+05,-11285,11285
0.144,0.352,-0.21232,14.744,50029,-2.1588e+05,-9035,9035
0.144,0.336,-0.76854,17.499,-69222,-1.9295e+05,-7269.3,7269.3
0.144,0.32,1.0103,14.426,-1.3795e+05,-2.859e+05,-4952.9,4952.9
0.144,0.304,-0.23426,11.518,-90551,-9.2118e+05,348.41,348.41
0.144,0.288,-0.15709,8.4562,36125,-1.1572e+06,8122.5,8122.5
0.144,0.272,1.8681,4.3216,1.6469e+05,-1.2091e+06,12807,12807
0.144,0.256,1.693,4.2793,1.4538e+05,-7.3849e+05,16725,16725
0.144,0.24,1.247,4.8366,43377,-3.4607e+05,16679,16679
0.144,0.224,1.4422,5.5328,-24852,-1.7093e+05,21150,21150
0.144,0.208,1.4803,6.3215,3945.5,-1.5274e+05,26527,26527
0.144,0.192,1.2403,6.8639,-7779.8,-92955,31030,31030
0.144,0.176,0.37064,7.1836,-67292,69150,31942,31942
0.144,0.16,-0.37903,8.1482,-1.6147e+05,3.2567e+05,33383,33383
0.144,0.144,-0.7279,9.3063,-2.9107e+05,5.8594e+05,34215,34215
0.144,0.128,-1.3505,10.884,-4.1239e+05,8.3145e+05,37387,37387
0.144,0.112,-1.1173,10.856,-5.2778e+05,1.0307e+06,36030,36030
0.144,0.096,-2.2884,10.301,-5.2153e+05,9.8316e+05,33871,33871
0.144,0.08,-3.9086,7.0054,-6.1934e+05,7.6614e+05,26282,26282
0.144,0.064,-5.6868,4.7528,-5.4097e+05,5.456e+05,17227,17227
0.144,0.048,-3.8234,3.1688,-3.8954e+05,3.0868e+05,9236.7,9236.7
0.144,0.032,-3.5518,8.6912,-1.0901e+05,1.7828e+05,3619.1,3619.1
0.144,0.016,-2.2061,4.0497,0,0,1096.1,1096.1
0.16,0.496,-3.3226,20.256,0,0,1.0617,1.0617
0.16,0.48,-1.3857,22.717,0,0,-1170.6,1170.6
0.16,0.464,0.039056,22.8,NaN,NaN,-1567,1567
0.16,0.448,0.72897,20.874,NaN,NaN,-787.38,787.38
0.16,0.432,0.44036,23.283,3.99e+05,1.0577e+06,1077.7,1077.7
0.16,0.416,0.038647,24.619,2.9455e+05,8.3697e+05,-1621,1621
0.16,0.4,0.51831,24.592,1.8154e+05,9.9938e+05,-16179,16179
0.16,0.384,1.4831,26.136,2.0428e+05,2.9017e+05,-25720,25720
0.16,0.368,0.81832,24.581,1.4786e+05,84950,-27305,27305
0.16,0.352,0.35811,25.702,98366,-1.9684e+05,-20582,20582
0.16,0.336,1.0956,26.28,-52626,-6.1957e+05,-13392,13392
0.16,0.32,-0.13283,19.061,-1.0831e+05,-1.1123e+06,-7853.6,7853.6
0.16,0.304,-1.0226,14.131,-47505,-2.0417e+06,-958.02,958.02
0.16,0.288,-0.051511,8.8855,1.2809e+05,-2.3253e+06,8780.1,8780.1
0.16,0.272,1.8698,6.7906,2.3794e+05,-2.2171e+06,14907,14907
0.16,0.256,0.66736,8.3009,1.6217e+05,-1.5254e+06,21254,21254
0.16,0.24,-1.8439,8.5103,32033,-9.5149e+05,24660,24660
0.16,0.224,0.60281,7.2675,-31014,-6.1656e+05,34696,34696
0.16,0.208,0.74552,8.2613,-19537,-4.2962e+05,47032,47032
0.16,0.192,1.0649,9.3611,-58736,-2.7906e+05,57901,57901
0.16,0.176,0.62632,10.28,-1.4249e+05,-1.2336e+05,62173,62173
0.16,0.16,0.18784,10.414,-2.6149e+05,2.5554e+05,55311,55311
0.16,0.144,-0.78519,13.067,-4.3016e+05,7.9927e+05,57520,57520
0.16,0.128,-2.5526,14.281,-5.7814e+05,1.2631e+06,61584,61584
0.16,0.112,-3.662,15.52,-6.8769e+05,1.4796e+06,68478,68478
0.16,0.096,-5.8741,15.996,-6.782e+05,1.3144e+06,60005,60005
0.16,0.08,-6.1964,14.993,-6.5697e+05,1.0708e+06,45067,45067
0.16,0.064,-5.7129,11.992,-5.4432e+05,8.326e+05,28086,28086
0.16,0.048,-5.5961,10.732,-3.4272e+05,4.9747e+05,14828,14828
0.16,0.032,-4.0287,14.258,-1.2997e+05,2.5328e+05,5814.2,5814.2
0.16,0.016,-4.2402,13.112,0,0,1441.3,1441.3
0.176,0.496,-3.5579,26.371,0,0,0,0
0.176,0.48,-1.3901,30.704,0,0,0,0
0.176,0.464,1.0209,29.976,NaN,NaN,0,0
0.176,0.448,1.5936,27.237,NaN,NaN,-3789.9,3789.9
0.176,0.432,3.3949,28.026,NaN,NaN,-4359.7,4359.7
0.176,0.416,3.1481,28.93,NaN,NaN,-6089,6089
0.176,0.4,2.7772,27.423,NaN,NaN,-25880,25880
0.176,0.384,1.8231,29.788,4.5995e+05,16927,-37363,37363
0.176,0.368,1.452,30.184,2.8198e+05,64708,-55003,55003
0.176,0.352,2.0836,30.651,1.5279e+05,-2.0096e+05,-52819,52819
0.176,0.336,1.9273,29.101,-1.9572e+05,-8.8595e+05,-42685,42685
0.176,0.32,1.0878,21.78,-2.9527e+05,-1.5547e+06,-22096,22096
0.176,0.304,1.8211,17,-2.3994e+05,-2.3999e+06,-6674.7,6674.7
0.176,0.288,2.7098,12.861,-28.033,-2.9026e+06,4233.5,4233.5
0.176,0.272,3.0418,11.541,1.9959e+05,-2.8723e+06,6585,6585
0.176,0.256,2.9717,10.875,2.2061e+05,-2.3755e+06,9792.7,9792.7
0.176,0.24,3.5149,10.366,1.4491e+05,-1.8498e+06,11777,11777
0.176,0.224,2.1994,12.308,-4250.7,-1.3678e+06,27921,27921
0.176,0.208,1.3352,11.769,-1.0211e+05,-9.3184e+05,51333,51333
0.176,0.192,1.1881,11.522,-1.6753e+05,-7.856e+05,72701,72701
0.176,0.176,1.4409,13.305,-1.8391e+05,-7.7047e+05,85484,85484
0.176,0.16,1.5058,13.35,-3.1255e+05,-3.9474e+05,83754,83754
0.176,0.144,0.29445,16.928,-5.2773e+05,4.0231e+05,90597,90597
0.176,0.128,-2.4267,18.434,-8.3185e+05,1.2704e+06,1.001e+05,1.001e+05
0.176,0.112,-4.1504,17.904,-1.0428e+06,1.6804e+06,1.0418e+05,1.0418e+05
0.176,0.096,-3.965,16.047,-1.084e+06,1.6632e+06,87273,87273
0.176,0.08,-3.7409,16.237,-8.8744e+05,1.4486e+06,62707,62707
0.176,0.064,-3.4328,17.6,-6.1599e+05,1.2906e+06,39451,39451
0.176,0.048,-3.3115,20.147,-3.1113e+05,8.4087e+05,23070,23070
0.176,0.032,-3.4838,22.847,-1.1723e+05,4.3879e+05,9346,9346
0.176,0.016,-2.5426,22.75,0,0,2274.2,2274.2
0.192,0.496,-0.7196,37.922,0,0,0,0
0.192,0.48,1.3485,35.593,0,0,0,0
0.192,0.464,3.1507,34.426,NaN,NaN,0,0
0.192,0.448,3.5244,32.684,NaN,NaN,NaN,NaN
0.192,0.432,4.7784,30.361,NaN,NaN,NaN,NaN
0.192,0.416,4.7916,31.501,NaN,NaN,NaN,NaN
0.192,0.4,4.1906,30.041,NaN,NaN,-64725,64725
0.192,0.384,3.3885,32.097,NaN,NaN,-69926,69926
0.192,0.368,1.8023,33.22,NaN,NaN,-85870,85870
0.192,0.352,0.322,33.976,24923,-1.0225e+06,-98883,98883
0.192,0.336,0.36377,33.872,-4.1708e+05,-1.4029e+06,-82797,82797
0.192,0.32,0.63596,28.442,-4.2469e+05,-1.9802e+06,-55325,55325
0.192,0.304,2.1097,23.278,-3.1325e+05,-2.5418e+06,-19495,19495
0.192,0.288,1.4448,20.498,-39071,-3.1653e+06,452.75,452.75
0.192,0.272,1.608,19.573,1.9755e+05,-3.1594e+06,129.69,129.69
0.192,0.256,1.4969,20.714,3.2991e+05,-2.9217e+06,-311.11,311.11
0.192,0.24,2.5392,21.553,3.4878e+05,-2.5249e+06,1036.7,1036.7
0.192,0.224,2.6376,20.355,2.4446e+05,-2.1069e+06,22088,22088
0.192,0.208,1.0767,18.689,9276.2,-1.7085e+06,52286,52286
0.192,0.192,0.074789,19.073,-1.8375e+05,-1.8628e+06,80178,80178
0.192,0.176,1.6865,14.274,-2.8619e+05,-2.0617e+06,99274,99274
0.192,0.16,1.8148,13.278,-3.7901e+05,-1.858e+06,1.0668e+05,1.0668e+05
0.192,0.144,-0.71267,16.382,-5.4412e+05,-8.3075e+05,1.2659e+05,1.2659e+05
0.192,0.128,-2.9872,16.713,-8.7434e+05,4.1276e+05,1.3417e+05,1.3417e+05
0.192,0.112,-6.6356,18.616,-1.1381e+06,1.3185e+06,1.2854e+05,1.2854e+05
0.192,0.096,-6.3659,18.581,-1.2465e+06,1.7676e+06,99879,99879
0.192,0.08,-3.6911,19.529,-1.0892e+06,1.8262e+06,76825,76825
0.192,0.064,-1.6216,23.026,-8.6627e+05,1.8653e+06,55239,55239
0.192,0.048,-0.092687,26.058,-5.0458e+05,1.28e+06,34414,34414
0.192,0.032,-1.1104,29.841,-2.1666e+05,6.6942e+05,14417,14417
0.192,0.016,-2.2777,30.985,0,0,3584.5,3584.5
0.208,0.496,-0.2835,43.445,0,0,0,0
0.208,0.48,1.8919,38.966,0,0,0,0
0.208,0.464,4.4036,38.132,NaN,NaN,0,0
0.208,0.448,5.6015,36.616,NaN,NaN,NaN,NaN
0.208,0.432,6.0341,32.807,NaN,NaN,NaN,NaN
0.208,0.416,7.1625,35.65,NaN,NaN,NaN,NaN
0.208,0.4,5.5766,35.68,NaN,NaN,NaN,NaN
0.208,0.384,2.4963,35.11,NaN,NaN,NaN,NaN
0.208,0.368,1.7565,36.811,NaN,NaN,-1.6064e+05,1.6064e+05
0.208,0.352,0.39113,38.303,NaN,NaN,-1.2559e+05,1.2559e+05
0.208,0.336,-0.22172,37.64,-5.9313e+05,-1.3779e+06,-94588,94588
0.208,0.32,1.6539,32.927,-6.1969e+05,-1.9921e+06,-60001,60001
0.208,0.304,3.0595,27.871,-4.9183e+05,-2.2952e+06,-15636,15636
0.208,0.288,3.3939,27.366,-2.2912e+05,-2.5979e+06,15416,15416
0.208,0.272,5.2318,30.175,12524,-2.3072e+06,21848,21848
0.208,0.256,3.9035,31.942,1.5509e+05,-2.0316e+06,21630,21630
0.208,0.24,4.2013,32.347,1.6347e+05,-1.8742e+06,18292,18292
0.208,0.224,4.2781,29.649,1.2276e+05,-1.7506e+06,36442,36442
0.208,0.208,3.253,27.973,-33305,-1.5936e+06,62987,62987
0.208,0.192,3.6849,26.052,-1.2448e+05,-1.8568e+06,93878,93878
0.208,0.176,3.3522,18.999,-2.857e+05,-2.1228e+06,1.2124e+05,1.2124e+05
0.208,0.16,1.3577,17.19,-4.511e+05,-2.1983e+06,1.4791e+05,1.4791e+05
0.208,0.144,1.4645,14.497,-7.1806e+05,-1.3934e+06,1.6061e+05,1.6061e+05
0.208,0.128,-0.63611,15.812,-1.0385e+06,-1.1785e+05,1.5283e+05,1.5283e+05
0.208,0.112,-4.0307,22.492,-1.3172e+06,1.2802e+06,1.281e+05,1.281e+05
0.208,0.096,-5.1699,28.454,-1.4684e+06,2.3482e+06,1.0418e+05,1.0418e+05
0.208,0.08,-4.8806,31.22,-1.4821e+06,3.0181e+06,88819,88819
0.208,0.064,-4.1224,31.185,-1.3109e+06,3.1544e+06,67552,67552
0.208,0.048,-3.0428,33.811,-8.2785e+05,2.1839e+06,42254,42254
0.208,0.032,-2.0071,36.024,-3.3748e+05,9.903e+05,17734,17734
0.208,0.016,-1.3698,36.068,0,0,4336.3,4336.3
0.224,0.496,1.3342,44.858,0,0,0,0
0.224,0.48,2.9668,40.911,0,0,0,0
0.224,0.464,4.3781,41.367,NaN,NaN,0,0
0.224,0.448,5.8511,42.452,NaN,NaN,NaN,NaN
0.224,0.432,5.345,41.312,NaN,NaN,NaN,NaN
0.224,0.416,3.5916,41.859,NaN,NaN,NaN,NaN
0.224,0.4,3.5199,40.696,NaN,NaN,NaN,NaN
0.224,0.384,2.6559,39.92,NaN,NaN,NaN,NaN
0.224,0.368,1.7871,41.584,NaN,NaN,NaN,NaN
0.224,0.352,0.61354,40.1,NaN,NaN,-1.2172e+05,1.2172e+05
0.224,0.336,1.5588,38.834,-4.2423e+05,-1.529e+06,-95116,95116
0.224,0.32,3.9575,38.501,-4.766e+05,-2.2526e+06,-67816,67816
0.224,0.304,4.573,39.881,-3.9523e+05,-2.5335e+06,4482.9,4482.9
0.224,0.288,4.4193,41.451,-1.705e+05,-2.5051e+06,54263,54263
0.224,0.272,4.6438,42.775,1605,-1.888e+06,64693,64693
0.224,0.256,4.1333,44.346,-9434.3,-1.203e+06,58805,58805
0.224,0.24,2.8302,44.045,-88309,-8.7999e+05,48917,48917
0.224,0.224,2.0253,42.799,-1.5004e+05,-8.4839e+05,56736,56736
0.224,0.208,1.8808,39.952,-2.5591e+05,-9.8694e+05,76948,76948
0.224,0.192,0.58683,37.574,-3.254e+05,-1.2546e+06,1.0758e+05,1.0758e+05
0.224,0.176,0.006917,36.103,-4.9593e+05,-1.3244e+06,1.4375e+05,1.4375e+05
0.224,0.16,-0.078712,33.518,-6.0741e+05,-1.3834e+06,1.6474e+05,1.6474e+05
0.224,0.144,-0.62028,30.297,-8.3335e+05,-9.0942e+05,1.6155e+05,1.6155e+05
0.224,0.128,-2.4345,29.808,-1.0946e+06,10709,1.407e+05,1.407e+05
0.224,0.112,-3.6782,34.155,-1.405e+06,1.4429e+06,1.177e+05,1.177e+05
0.224,0.096,-5.2293,38.989,-1.6636e+06,2.7925e+06,1.0272e+05,1.0272e+05
0.224,0.08,-7.1426,40.247,-1.8673e+06,3.8069e+06,89349,89349
0.224,0.064,-9.5796,43.098,-1.9083e+06,4.1913e+06,66956,66956
0.224,0.048,-6.6521,42.001,-1.292e+06,2.9205e+06,38228,38228
0.224,0.032,-4.5285,41.872,-6.0281e+05,1.3882e+06,14930,14930
0.224,0.016,-5.3475,43.022,0,0,3371.4,3371.4
0.24,0.496,2.5489,47.842,0,0,0,0
0.24,0.48,3.3691,43.128,0,0,0,0
0.24,0.464,3.3518,44.262,NaN,NaN,0,0
0.24,0.448,4.6813,45.329,NaN,NaN,NaN,NaN
0.24,0.432,6.2584,45.299,NaN,NaN,NaN,NaN
0.24,0.416,5.4749,44.928,NaN,NaN,NaN,NaN
0.24,0.4,3.5724,44.897,NaN,NaN,NaN,NaN
0.24,0.384,3.3319,45.423,NaN,NaN,NaN,NaN
0.24,0.368,3.8779,44.865,NaN,NaN,NaN,NaN
0.24,0.352,3.8089,43.913,NaN,NaN,-42892,42892
0.24,0.336,3.5707,44.242,NaN,NaN,-37176,37176
0.24,0.32,4.3247,44.642,NaN,NaN,-26937,26937
0.24,0.304,5.4801,45.961,NaN,NaN,39233,39233
0.24,0.288,6.1332,46.91,-57039,-9.1178e+05,88225,88225
0.24,0.272,5.0196,48.1,-78068,-4.9452e+05,83158,83158
0.24,0.256,3.959,48.88,-2.8835e+05,-2.1229e+05,71427,71427
0.24,0.24,2.5418,49.135,-4.7142e+05,30835,51177,51177
0.24,0.224,1.4664,48.449,-5.5195e+05,-8578,54836,54836
0.24,0.208,0.31195,47.273,-6.8272e+05,535.19,78498,78498
0.24,0.192,-0.66556,46.226,-7.7351e+05,95630,1.163e+05,1.163e+05
0.24,0.176,-1.577,47.653,-9.3187e+05,3.1777e+05,1.57e+05,1.57e+05
0.24,0.16,-3.1175,46.676,-1.0931e+06,4.9659e+05,1.6053e+05,1.6053e+05
0.24,0.144,-4.0581,44.347,-1.2762e+06,6.7763e+05,1.4126e+05,1.4126e+05
0.24,0.128,-5.2359,43.529,-1.4722e+06,1.0665e+06,1.142e+05,1.142e+05
0.24,0.112,-6.5488,42.618,-1.6851e+06,1.8401e+06,97713,97713
0.24,0.096,-7.9729,43.515,-1.919e+06,2.7182e+06,86907,86907
0.24,0.08,-8.9791,45.103,-2.1888e+06,3.7138e+06,66961,66961
0.24,0.064,-10.065,48.238,-2.2993e+06,4.1566e+06,40013,40013
0.24,0.048,-11.172,47.502,-1.5787e+06,2.9617e+06,16888,16888
0.24,0.032,-10.575,49.41,-7.5819e+05,1.3962e+06,4597.3,4597.3
0.24,0.016,-5.8378,44.909,0,0,368.44,368.44
0.256,0.496,2.7474,51.072,0,0,0,0
0.256,0.48,4.433,46.701,0,0,0,0
0.256,0.464,4.7719,46.769,NaN,NaN,0,0
0.256,0.448,4.8893,46.741,NaN,NaN,NaN,NaN
0.256,0.432,6.528,47.518,NaN,NaN,NaN,NaN
0.256,0.416,6.5248,46.678,NaN,NaN,NaN,NaN
0.256,0.4,5.8576,46.299,NaN,NaN,NaN,NaN
0.256,0.384,5.0569,47.503,NaN,NaN,NaN,NaN
0.256,0.368,4.4742,47.624,NaN,NaN,NaN,NaN
0.256,0.352,4.3384,48.405,NaN,NaN,NaN,NaN
0.256,0.336,4.8725,49.127,NaN,NaN,NaN,NaN
0.256,0.32,5.161,49.502,NaN,NaN,NaN,NaN
0.256,0.304,5.2975,50.098,NaN,NaN,1.4093e+05,1.4093e+05
0.256,0.288,4.7473,50.534,NaN,NaN,1.4984e+05,1.4984e+05
0.256,0.272,3.0462,50.888,NaN,NaN,74059,74059
0.256,0.256,2.1754,50.279,-4.0959e+05,-1.8201e+05,41175,41175
0.256,0.24,1.96,49.932,-5.4838e+05,53406,21673,21673
0.256,0.224,1.368,49.673,-6.6516e+05,79769,26000,26000
0.256,0.208,0.47511,49.718,-9.4925e+05,2.0218e+05,59494,59494
0.256,0.192,-1.9363,50.504,-1.2017e+06,3.4841e+05,94126,94126
0.256,0.176,-3.9718,52.237,-1.3614e+06,6.5235e+05,1.2474e+05,1.2474e+05
0.256,0.16,-5.3878,52.191,-1.4856e+06,1.0159e+06,1.1392e+05,1.1392e+05
0.256,0.144,-8.23,50.482,-1.5668e+06,1.2208e+06,97017,97017
0.256,0.128,-8.9082,48.371,-1.7616e+06,1.3894e+06,78767,78767
0.256,0.112,-9.0896,45.861,-1.9685e+06,1.6584e+06,66296,66296
0.256,0.096,-9.7296,46.274,-2.1953e+06,1.9683e+06,45699,45699
0.256,0.08,-9.252,47.056,-2.3527e+06,2.281e+06,17497,17497
0.256,0.064,-9.1855,46.733,-2.3818e+06,2.4576e+06,-1955.4,1955.4
0.256,0.048,-8.7322,48.105,-1.5923e+06,1.7003e+06,-7265.2,7265.2
0.256,0.032,-8.4245,50.371,-7.809e+05,8.7089e+05,-3604,3604
0.256,0.016,-7.9772,49.964,0,0,-896.23,896.23
0.272,0.496,3.031,55.224,0,0,0,0
0.272,0.48,4.2548,50.48,0,0,0,0
0.272,0.464,4.2934,50.002,NaN,NaN,0,0
0.272,0.448,4.1433,49.639,NaN,NaN,NaN,NaN
0.272,0.432,5.0446,49.714,NaN,NaN,NaN,NaN
0.272,0.416,6.1353,48.392,NaN,NaN,NaN,NaN
0.272,0.4,6.7462,49.147,NaN,NaN,NaN,NaN
0.272,0.384,6.6376,50.398,NaN,NaN,NaN,NaN
0.272,0.368,5.7069,49.886,NaN,NaN,NaN,NaN
0.272,0.352,4.808,51.015,NaN,NaN,NaN,NaN
0.272,0.336,4.2043,51.646,NaN,NaN,NaN,NaN
0.272,0.32,4.2022,52.17,NaN,NaN,NaN,NaN
0.272,0.304,3.4877,52.288,NaN,NaN,NaN,NaN
0.272,0.288,3.0549,51.827,NaN,NaN,-1.7738e+05,1.7738e+05
0.272,0.272,2.9086,51.257,NaN,NaN,-80236,80236
0.272,0.256,3.3185,50.916,63992,-7.443e+05,-52458,52458
0.272,0.24,2.2804,50.131,-2.0074e+05,-4.5271e+05,-28170,28170
0.272,0.224,0.72428,50.555,-4.0608e+05,-3.9619e+05,-4445.9,4445.9
0.272,0.208,-0.48333,48.938,-8.442e+05,-2.5257e+05,33730,33730
0.272,0.192,-1.3667,47.429,-1.239e+06,-2.011e+05,64529,64529
0.272,0.176,-3.5612,48.331,-1.5127e+06,-39912,79440,79440
0.272,0.16,-5.8588,48.812,-1.763e+06,2.0025e+05,65872,65872
0.272,0.144,-7.7799,47.178,-1.9436e+06,3.8936e+05,57499,57499
0.272,0.128,-9.4488,46.109,-2.1611e+06,5.12e+05,42617,42617
0.272,0.112,-8.8667,47.403,-2.2615e+06,5.9529e+05,23746,23746
0.272,0.096,-8.0914,47.594,-2.2634e+06,5.7262e+05,-1799.9,1799.9
0.272,0.08,-7.1273,47.93,-2.1909e+06,5.2414e+05,-20458,20458
0.272,0.064,-6.3688,45.65,-2.0386e+06,3.8719e+05,-26465,26465
0.272,0.048,-5.4202,46.26,-1.3062e+06,2.2298e+05,-17721,17721
0.272,0.032,-5.0693,46.419,-6.1521e+05,82036,-6864.7,6864.7
0.272,0.016,-6.3187,43.34,0,0,-1454.2,1454.2
0.288,0.496,1.0734,58.341,0,0,0,0
0.288,0.48,1.4187,54.742,0,0,0,0
0.288,0.464,1.6274,53.767,NaN,NaN,0,0
0.288,0.448,2.456,53.172,NaN,NaN,NaN,NaN
0.288,0.432,3.7671,52.902,NaN,NaN,NaN,NaN
0.288,0.416,4.3555,51.946,NaN,NaN,NaN,NaN
0.288,0.4,6.5669,50.987,NaN,NaN,NaN,NaN
0.288,0.384,7.2624,51.408,NaN,NaN,NaN,NaN
0.288,0.368,5.5692,51.723,NaN,NaN,NaN,NaN
0.288,0.352,4.3412,51.84,NaN,NaN,NaN,NaN
0.288,0.336,2.9695,52.259,NaN,NaN,NaN,NaN
0.288,0.32,2.6886,51.475,NaN,NaN,NaN,NaN
0.288,0.304,2.3049,51.817,NaN,NaN,-1.496e+05,1.496e+05
0.288,0.288,2.6584,51.813,NaN,NaN,-1.624e+05,1.624e+05
0.288,0.272,3.6391,50.676,1.072e+06,-1.1165e+06,-1.2601e+05,1.2601e+05
0.288,0.256,4.9282,50.729,6.0479e+05,-1.1278e+06,-1.0088e+05,1.0088e+05
0.288,0.24,4.0055,49.942,2.7613e+05,-9.6863e+05,-63387,63387
0.288,0.224,2.0151,49.147,-1.2845e+05,-8.9761e+05,-33026,33026
0.288,0.208,0.52687,46.79,-6.5466e+05,-8.2219e+05,1334.9,1334.9
0.288,0.192,-0.060176,44.864,-1.1328e+06,-8.617e+05,17596,17596
0.288,0.176,-1.7826,43.332,-1.4881e+06,-8.5107e+05,23280,23280
0.288,0.16,-3.9156,42.767,-1.7533e+06,-8.4013e+05,16797,16797
0.288,0.144,-5.7086,41.218,-1.9598e+06,-7.2581e+05,15686,15686
0.288,0.128,-8.3723,40.612,-2.1436e+06,-5.7089e+05,7254.5,7254.5
0.288,0.112,-7.8789,42.998,-2.2124e+06,-4.2165e+05,-4073.7,4073.7
0.288,0.096,-5.9159,44.283,-2.1184e+06,-4.0341e+05,-23702,23702
0.288,0.08,-4.9114,44.497,-1.8906e+06,-5.0362e+05,-29080,29080
0.288,0.064,-3.8372,44.3,-1.6491e+06,-5.632e+05,-25876,25876
0.288,0.048,-2.5795,42.93,-1.0044e+06,-4.041e+05,-10161,10161
0.288,0.032,-2.9926,41.051,-4.6904e+05,-2.0117e+05,-2521.1,2521.1
0.288,0.016,-3.5149,40.056,0,0,7.2235,7.2235
0.304,0.496,-0.95988,60.694,0,0,0,0
0.304,0.48,-1.1953,57.579,0,0,0,0
0.304,0.464,-0.86336,56.36,NaN,NaN,0,0
0.304,0.448,0.43101,54.835,NaN,NaN,NaN,NaN
0.304,0.432,2.56,53.308,NaN,NaN,NaN,NaN
0.304,0.416,3.2511,52.005,NaN,NaN,NaN,NaN
0.304,0.4,4.6331,51.44,NaN,NaN,NaN,NaN
0.304,0.384,5.323,51.296,NaN,NaN,NaN,NaN
0.304,0.368,4.0525,50.615,NaN,NaN,NaN,NaN
0.304,0.352,2.9609,49.084,NaN,NaN,NaN,NaN
0.304,0.336,2.2184,48.167,NaN,NaN,NaN,NaN
0.304,0.32,1.8178,47.14,NaN,NaN,-58078,58078
0.304,0.304,2.2478,47.915,NaN,NaN,-88761,88761
0.304,0.288,4.841,48.341,1.3221e+06,-4.8572e+05,-1.0648e+05,1.0648e+05
0.304,0.272,4.934,47.662,1.1503e+06,-8.5665e+05,-1.1099e+05,1.1099e+05
0.304,0.256,4.4652,47.156,9.2957e+05,-1.0817e+06,-95658,95658
0.304,0.24,3.3577,46.712,5.7743e+05,-1.2123e+06,-70912,70912
0.304,0.224,1.1841,46.059,1.0151e+05,-1.2347e+06,-45407,45407
0.304,0.208,0.048552,46.536,-5.1023e+05,-1.1796e+06,-23783,23783
0.304,0.192,-1.1091,46.45,-1.1024e+06,-1.1758e+06,-3208.9,3208.9
0.304,0.176,-3.0972,45.372,-1.5221e+06,-1.1243e+06,13037,13037
0.304,0.16,-3.6872,45.258,-1.767e+06,-1.1231e+06,20295,20295
0.304,0.144,-4.4718,43.839,-1.9561e+06,-9.7134e+05,22174,22174
0.304,0.128,-5.5116,44.649,-2.0713e+06,-7.329e+05,16910,16910
0.304,0.112,-5.9758,46.587,-2.0979e+06,-4.5862e+05,5076.4,5076.4
0.304,0.096,-5.9012,47.531,-1.8818e+06,-2.4617e+05,-9193.1,9193.1
0.304,0.08,-5.5024,48.596,-1.5662e+06,-50898,-8457.9,8457.9
0.304,0.064,-3.9579,50.634,-1.2436e+06,2.4705e+05,-2702,2702
0.304,0.048,-1.8083,50.149,-7.1884e+05,2.8954e+05,6356,6356
0.304,0.032,-1.0808,47.632,-3.2437e+05,1.9297e+05,3262.5,3262.5
0.304,0.016,-1.5132,46.654,0,0,590.21,590.21
0.32,0.496,-1.3482,54.68,0,0,0,0
0.32,0.48,-0.42583,54.555,0,0,0,0
0.32,0.464,0.44489,54.124,NaN,NaN,0,0
0.32,0.448,0.33151,52.69,NaN,NaN,NaN,NaN
0.32,0.432,1.7979,50.795,NaN,NaN,NaN,NaN
0.32,0.416,3.414,49.708,NaN,NaN,NaN,NaN
0.32,0.4,3.2372,49.171,NaN,NaN,NaN,NaN
0.32,0.384,1.6652,47.907,NaN,NaN,NaN,NaN
0.32,0.368,0.63882,46.331,NaN,NaN,NaN,NaN
0.32,0.352,0.26041,43.875,NaN,NaN,NaN,NaN
0.32,0.336,-0.071279,42.55,NaN,NaN,-29766,29766
0.32,0.32,0.59834,42.069,NaN,NaN,-42903,42903
0.32,0.304,2.6301,43.315,1.0652e+06,-3.7937e+05,-56487,56487
0.32,0.288,4.1934,43.838,1.2305e+06,-3.5512e+05,-60372,60372
0.32,0.272,4.8515,43.811,1.1924e+06,-6.1328e+05,-55770,55770
0.32,0.256,4.5255,43.808,1.067e+06,-8.3649e+05,-50188,50188
0.32,0.24,3.9526,44.147,7.5844e+05,-1.1097e+06,-47632,47632
0.32,0.224,1.2004,44.212,2.7547e+05,-1.2002e+06,-49207,49207
0.32,0.208,-0.92774,45.425,-3.314e+05,-1.1585e+06,-38293,38293
0.32,0.192,-3.6442,46.726,-9.3753e+05,-1.0095e+06,-22548,22548
0.32,0.176,-5.1032,47.409,-1.3589e+06,-7.6742e+05,4476.1,4476.1
0.32,0.16,-4.7287,50.178,-1.5201e+06,-5.1809e+05,21799,21799
0.32,0.144,-4.4432,49.972,-1.5848e+06,-1.7977e+05,32122,32122
0.32,0.128,-5.3726,52.876,-1.5875e+06,1.9685e+05,28954,28954
0.32,0.112,-4.2048,56.127,-1.5484e+06,6.1461e+05,19277,19277
0.32,0.096,-4.4344,56.2,-1.3307e+06,9.8288e+05,6463.1,6463.1
0.32,0.08,-3.7701,56.507,-1.0798e+06,1.3617e+06,5387.8,5387.8
0.32,0.064,-3.1586,58.553,-8.3972e+05,1.7727e+06,11726,11726
0.32,0.048,-1.6911,58.966,-4.884e+05,1.3595e+06,17017,17017
0.32,0.032,0.82489,57.641,-2.17e+05,7.4299e+05,8910,8910
0.32,0.016,2.1129,54.345,0,0,1787.1,1787.1
0.336,0.496,-2.694,48.918,0,0,0,0
0.336,0.48,-1.9225,50.209,0,0,0,0
0.336,0.464,-0.31359,50.919,NaN,NaN,0,0
0.336,0.448,-0.52267,49.937,NaN,NaN,NaN,NaN
0.336,0.432,0.28035,48.699,NaN,NaN,NaN,NaN
0.336,0.416,1.5203,47.227,NaN,NaN,NaN,NaN
0.336,0.4,1.2747,45.103,NaN,NaN,NaN,NaN
0.336,0.384,0.67219,43.375,NaN,NaN,1.0124e+05,1.0124e+05
0.336,0.368,-0.60565,42.6,NaN,NaN,1.1522e+05,1.1522e+05
0.336,0.352,-1.2031,41.806,NaN,NaN,79211,79211
0.336,0.336,-0.26714,41.103,NaN,NaN,23249,23249
0.336,0.32,0.56721,41.238,1.0083e+06,1.172e+06,-20342,20342
0.336,0.304,1.9978,40.516,1.1868e+06,7.3278e+05,-14030,14030
0.336,0.288,3.5556,39.668,1.2993e+06,5.223e+05,-1971.4,1971.4
0.336,0.272,4.9539,39.403,1.3565e+06,1.6064e+05,11509,11509
0.336,0.256,5.6481,39.436,1.3247e+06,39183,6772.9,6772.9
0.336,0.24,5.7298,37.88,1.0917e+06,-1.5087e+05,-10820,10820
0.336,0.224,3.8422,37.421,6.7831e+05,-2.7623e+05,-29810,29810
0.336,0.208,1.6147,39.175,1.1374e+05,-4.4826e+05,-39092,39092
0.336,0.192,-0.93195,41.141,-4.1954e+05,-4.9072e+05,-30299,30299
0.336,0.176,-2.4112,44.131,-7.5839e+05,-2.0199e+05,-6860.8,6860.8
0.336,0.16,-2.1433,48.282,-8.7981e+05,1.9131e+05,23103,23103
0.336,0.144,-1.773,51.158,-8.9754e+05,7.2131e+05,38854,38854
0.336,0.128,-2.4889,54.022,-8.3677e+05,1.305e+06,43532,43532
0.336,0.112,-2.1418,56.441,-7.4762e+05,1.8349e+06,25265,25265
0.336,0.096,-1.0288,57.71,-5.936e+05,2.1619e+06,11447,11447
0.336,0.08,-1.107,57.484,-5.2798e+05,2.3807e+06,7134.3,7134.3
0.336,0.064,-1.3217,60.918,-5.5646e+05,2.6541e+06,14549,14549
0.336,0.048,-0.59131,59.51,-3.9716e+05,1.9256e+06,16553,16553
0.336,0.032,-0.21259,60.419,-2.2291e+05,1.035e+06,7796.2,7796.2
0.336,0.016,0.72346,60.996,0,0,813.99,813.99
0.352,0.496,-1.8979,42.08,0,0,0,0
0.352,0.48,-2.8276,43.529,0,0,0,0
0.352,0.464,-1.5602,44.57,NaN,NaN,0,0
0.352,0.448,-0.71077,45.665,NaN,NaN,NaN,NaN
0.352,0.432,-0.16283,45.183,NaN,NaN,NaN,NaN
0.352,0.416,-0.010072,44.199,NaN,NaN,53915,53915
0.352,0.4,-0.13735,42.276,NaN,NaN,65768,65768
0.352,0.384,-0.31541,40.571,NaN,NaN,31625,31625
0.352,0.368,-1.626,39.668,-1.9573e+05,-3.8687e+06,8498.8,8498.8
0.352,0.352,-1.6499,38.622,-80775,-3.2562e+06,-21032,21032
0.352,0.336,-0.93932,38.864,17403,-2.8297e+06,-24301,24301
0.352,0.32,0.94638,39.433,5.0502e+05,-1.0236e+06,-15381,15381
0.352,0.304,3.2505,37.677,9.3734e+05,-77602,13270,13270
0.352,0.288,6.0023,35.152,1.1655e+06,5.5984e+05,34462,34462
0.352,0.272,7.7044,33.601,1.279e+06,7.4007e+05,49171,49171
0.352,0.256,6.9273,30.958,1.3129e+06,1.0396e+06,40677,40677
0.352,0.24,7.303,29.872,1.2058e+06,1.0529e+06,22222,22222
0.352,0.224,5.5628,31.721,9.4567e+05,1.0283e+06,-7030.5,7030.5
0.352,0.208,2.7479,33.294,5.2006e+05,6.4043e+05,-31477,31477
0.352,0.192,1.6264,36.91,74958,2.2828e+05,-45405,45405
0.352,0.176,0.15182,39.878,-2.4196e+05,89018,-34047,34047
0.352,0.16,-0.43548,43.577,-3.4638e+05,5.3543e+05,-6265,6265
0.352,0.144,-0.46376,46.082,-2.9564e+05,1.3577e+06,20182,20182
0.352,0.128,0.10363,47.613,-1.2543e+05,2.3046e+06,31540,31540
0.352,0.112,1.0108,49.206,-4874.2,3.0293e+06,19738,19738
0.352,0.096,1.2842,50.289,-410.08,3.1561e+06,6578.9,6578.9
0.352,0.08,0.80187,49.748,-1.6332e+05,2.8546e+06,1714.4,1714.4
0.352,0.064,0.68524,50.894,-4.2787e+05,2.3573e+06,5258.7,5258.7
0.352,0.048,0.52737,48.119,-3.657e+05,1.4773e+06,8350.7,8350.7
0.352,0.032,0.1023,49.056,-2.3587e+05,6.9496e+05,3157.9,3157.9
0.352,0.016,-0.57507,49.034,0,0,-249.57,249.57
0.368,0.496,-2.0251,28.524,0,0,0,0
0.368,0.48,-2.0979,32.579,0,0,0,0
0.368,0.464,-2.029,36.388,NaN,NaN,0,0
0.368,0.448,-1.605,39.725,NaN,NaN,NaN,NaN
0.368,0.432,-1.5161,40.699,NaN,NaN,33544,33544
0.368,0.416,-2.0246,38.276,NaN,NaN,-1656.5,1656.5
0.368,0.4,-0.99799,35.572,33999,-3.0722e+06,-2692,2692
0.368,0.384,-1.0795,31.971,-309.74,-3.7757e+06,-31924,31924
0.368,0.368,-2.0451,26.587,-84450,-3.7096e+06,-44374,44374
0.368,0.352,-2.418,22.965,-1.9368e+05,-3.7804e+06,-48176,48176
0.368,0.336,-1.6266,25.953,-2.1782e+05,-3.3876e+06,-31114,31114
0.368,0.32,-0.47053,27.196,1.1494e+05,-1.9937e+06,-3728.1,3728.1
0.368,0.304,3.1095,26.085,5.4003e+05,-6.3869e+05,29063,29063
0.368,0.288,4.1162,25.346,8.6216e+05,4.4685e+05,53945,53945
0.368,0.272,3.8596,21.943,1.0021e+06,1.2372e+06,69937,69937
0.368,0.256,3.6251,22.964,1.0466e+06,1.8597e+06,66848,66848
0.368,0.24,2.9886,27.791,1.027e+06,2.3769e+06,53516,53516
0.368,0.224,2.7616,32.437,9.3706e+05,2.6939e+06,22357,22357
0.368,0.208,1.9794,31.816,7.5768e+05,2.4295e+06,-14452,14452
0.368,0.192,-1.1375,34.246,4.6476e+05,1.8699e+06,-42016,42016
0.368,0.176,-2.6688,34.795,1.554e+05,1.2165e+06,-44292,44292
0.368,0.16,-2.7872,37.57,-1.552e+05,1.1572e+06,-14241,14241
0.368,0.144,-2.0352,42.293,-2.7629e+05,1.5101e+06,17753,17753
0.368,0.128,-0.72067,44.002,-1.526e+05,2.1353e+06,39982,39982
0.368,0.112,1.28,43.704,-19515,2.4193e+06,29444,29444
0.368,0.096,1.9694,40.697,-19054,2.2711e+06,14133,14133
0.368,0.08,1.3777,37.457,-1.7556e+05,1.6613e+06,2655.9,2655.9
0.368,0.064,0.43347,36.101,-4.3306e+05,7.0006e+05,-1072.5,1072.5
0.368,0.048,-1.0328,32.91,-3.4062e+05,1.7912e+05,-997.81,997.81
0.368,0.032,-2.1221,31.281,-2.4556e+05,-1.8828e+05,-2797,2797
0.368,0.016,-0.35566,30.926,0,0,-1800.6,1800.6
0.384,0.496,-2.3098,21.504,0,0,0,0
0.384,0.48,-2.0182,25.333,0,0,0,0
0.384,0.464,-1.6332,26.815,NaN,NaN,0,0
0.384,0.448,-1.2562,32.098,NaN,NaN,-77804,77804
0.384,0.432,-0.76589,32.431,NaN,NaN,-41324,41324
0.384,0.416,-1.2822,30.449,59763,-6.0641e+05,-39402,39402
0.384,0.4,-1.8208,24.926,15528,-1.7314e+06,-40130,40130
0.384,0.384,-1.5019,17.379,11633,-2.2177e+06,-75599,75599
0.384,0.368,-1.965,9.3267,-61186,-2.6221e+06,-99964,99964
0.384,0.352,-1.9145,7.3749,-1.7399e+05,-2.747e+06,-92344,92344
0.384,0.336,-4.1709,9.3829,-2.227e+05,-2.5653e+06,-46789,46789
0.384,0.32,-4.4296,10.329,-53199,-1.9824e+06,3016.7,3016.7
0.384,0.304,-1.77,8.4982,2.7237e+05,-9.5473e+05,30037,30037
0.384,0.288,-0.31634,11.416,5.4685e+05,2.648e+05,50935,50935
0.384,0.272,-0.81577,12.719,6.1263e+05,1.5847e+06,69674,69674
0.384,0.256,1.628,21.951,6.2381e+05,2.5586e+06,79065,79065
0.384,0.24,2.2243,30.347,6.7863e+05,3.3999e+06,73107,73107
0.384,0.224,2.5905,34.231,7.6945e+05,3.8373e+06,38272,38272
0.384,0.208,3.0817,31.731,6.7209e+05,3.3683e+06,-1922.1,1922.1
0.384,0.192,1.6007,27.92,3.4153e+05,2.1038e+06,-35033,35033
0.384,0.176,-0.058501,26.415,-98148,5.6801e+05,-38036,38036
0.384,0.16,-0.53984,26.289,-4.1862e+05,31542,-15622,15622
0.384,0.144,-2.2454,27.467,-5.2222e+05,66128,16402,16402
0.384,0.128,-2.5626,27.45,-3.9545e+05,4.7823e+05,35341,35341
0.384,0.112,-0.50053,29.47,-2.6992e+05,8.7793e+05,32102,32102
0.384,0.096,0.6206,26.893,-1.7629e+05,1.2838e+06,17804,17804
0.384,0.08,0.72911,25.484,-1.2541e+05,1.2478e+06,4784.3,4784.3
0.384,0.064,0.57437,23.753,-72804,3.2173e+05,-2547.6,2547.6
0.384,0.048,-1.9396,16.505,5183.4,-1.3663e+05,-4667.2,4667.2
0.384,0.032,-2.3307,13.144,-11480,-4.4236e+05,-4434.7,4434.7
0.384,0.016,0.067443,11.375,0,0,-2067.1,2067.1
0.4,0.496,-0.82143,14.896,0,0,0,0
0.4,0.48,-0.51102,17.126,0,0,443.12,443.12
0.4,0.464,-0.12488,16.267,NaN,NaN,1859.6,1859.6
0.4,0.448,1.0184,17.484,NaN,NaN,-20120,20120
0.4,0.432,0.21837,19.438,84371,3.8228e+05,-25946,25946
0.4,0.416,-1.1493,21.572,1.1373e+05,26756,-47623,47623
0.4,0.4,-0.42746,16.8,99815,-7.491e+05,-65709,65709
0.4,0.384,0.33915,11.174,41704,-1.3978e+06,-95177,95177
0.4,0.368,0.29334,4.8261,-34443,-1.6436e+06,-88385,88385
0.4,0.352,-0.93678,3.454,-1.6971e+05,-1.747e+06,-52382,52382
0.4,0.336,-3.3294,4.3478,-2.3124e+05,-1.6275e+06,-9265.1,9265.1
0.4,0.32,-3.4183,4.7472,-1.5037e+05,-1.3559e+06,19586,19586
0.4,0.304,-1.8541,5.4669,94245,-4.4795e+05,27966,27966
0.4,0.288,-0.61874,8.9101,3.6673e+05,6.1657e+05,40623,40623
0.4,0.272,1.338,15.209,4.7375e+05,1.9342e+06,56155,56155
0.4,0.256,3.0722,22.211,5.6791e+05,2.9447e+06,67537,67537
0.4,0.24,4.1933,26.394,7.4063e+05,3.7345e+06,59510,59510
0.4,0.224,4.8849,28.816,7.7124e+05,3.8823e+06,27781,27781
0.4,0.208,4.5733,26.555,5.9359e+05,2.9764e+06,-7110.8,7110.8
0.4,0.192,2.3014,19.253,1.9115e+05,1.5724e+06,-27764,27764
0.4,0.176,1.1168,14.029,-1.2149e+05,80843,-25873,25873
0.4,0.16,0.2092,11.362,-3.6331e+05,-5.3618e+05,-6257.6,6257.6
0.4,0.144,-1.3321,9.0557,-4.9451e+05,-8.0791e+05,14967,14967
0.4,0.128,-2.7737,6.1671,-4.579e+05,-8.518e+05,29500,29500
0.4,0.112,-2.576,8.3164,-3.4945e+05,-6.6729e+05,29438,29438
0.4,0.096,-0.6919,16.324,-2.2643e+05,-36873,22258,22258
0.4,0.08,0.86883,18.563,6176.1,5.5591e+05,10210,10210
0.4,0.064,0.91496,14.016,2.1672e+05,1.9862e+05,-3102.2,3102.2
0.4,0.048,1.6049,10.844,2.6377e+05,-29316,-12267,12267
0.4,0.032,1.9898,5.6784,1.3166e+05,-3.8893e+05,-11743,11743
0.4,0.016,-3.4939,4.3745,0,0,-5503.6,5503.6
0.416,0.496,-0.64017,11.061,0,0,0,0
0.416,0.48,0.82601,10.361,0,0,-29744,29744
0.416,0.464,1.0911,11.822,1.2404e+05,-1.2386e+05,-49282,49282
0.416,0.448,0.9768,13.696,88830,-2.6341e+05,-64819,64819
0.416,0.432,1.3614,13.196,53827,-1.0381e+05,-42770,42770
0.416,0.416,0.87786,12.315,1.0417e+05,-1.5514e+05,-42660,42660
0.416,0.4,2.1513,11.017,1.1334e+05,-2.683e+05,-59094,59094
0.416,0.384,3.2912,6.3268,73431,-4.7444e+05,-62498,62498
0.416,0.368,1.2721,2.0648,-6908.8,-4.6408e+05,-47572,47572
0.416,0.352,-0.14415,2.7489,-98596,-3.7836e+05,-14336,14336
0.416,0.336,-0.32771,3.5459,-1.2504e+05,-2.4088e+05,12061,12061
0.416,0.32,-0.93572,2.9874,-30640,-1.5322e+05,27658,27658
0.416,0.304,-0.71431,6.21,5.296e+05,-4.1175e+05,35349,35349
0.416,0.288,1.2251,10.864,9.3546e+05,68771,42539,42539
0.416,0.272,3.0394,14.474,1.1703e+06,1.054e+06,47576,47576
0.416,0.256,3.1828,19.692,1.2729e+06,2.1591e+06,49869,49869
0.416,0.24,4.6621,23.714,1.1921e+06,2.8779e+06,37845,37845
0.416,0.224,4.1055,23.583,8.5048e+05,2.4366e+06,12394,12394
0.416,0.208,0.61919,18.722,63244,1.4016e+06,-9482.2,9482.2
0.416,0.192,0.64842,14.022,-2.911e+05,-2.983e+05,-13759,13759
0.416,0.176,1.5907,9.9105,-3.3122e+05,-1.3694e+06,-2776.7,2776.7
0.416,0.16,0.22733,6.4506,-2.324e+05,-1.4634e+06,8023.1,8023.1
0.416,0.144,-0.97588,4.1168,-1.9136e+05,-1.3607e+06,12988,12988
0.416,0.128,-1.6018,3.177,-96605,-1.2123e+06,18764,18764
0.416,0.112,-2.3575,3.8131,-72944,-7.7631e+05,23127,23127
0.416,0.096,-2.43,7.5576,85421,2.1698e+05,23659,23659
0.416,0.08,-3.8809,10.736,32551,1.7523e+06,13411,13411
0.416,0.064,0.30963,11.241,2.7772e+05,2.0139e+06,-195.83,195.83
0.416,0.048,2.2869,8.0374,1.4215e+05,1.4409e+06,-12139,12139
0.416,0.032,2.5466,6.5057,1.7777e+05,1.0948e+05,-12226,12226
0.416,0.016,3.0615,1.8401,0,0,-6606.9,6606.9
0.432,0.496,-0.035389,9.7876,0,0,-19289,19289
0.432,0.48,0.34901,11.547,0,0,-1.0576e+05,1.0576e+05
0.432,0.464,0.17795,8.829,2.3168e+06,-1.3984e+05,-1.6594e+05,1.6594e+05
0.432,0.448,1.5006,8.4804,1.0964e+06,-1.9045e+05,-1.6174e+05,1.6174e+05
0.432,0.432,0.65744,8.0473,5.8831e+05,-1.3011e+05,-90733,90733
0.432,0.416,1.3129,6.3915,3442.7,-1.2798e+05,-47547,47547
0.432,0.4,1.4822,4.9808,83070,-90340,-49394,49394
0.432,0.384,1.4883,4.0534,69822,-1.5084e+05,-40845,40845
0.432,0.368,0.87684,1.9356,-35919,-95894,-25289,25289
0.432,0.352,0.51908,1.7587,-1.1315e+05,-45667,-6162,6162
0.432,0.336,-0.84642,3.1041,2.9079e+05,-7.7443e+05,7489.8,7489.8
0.432,0.32,-1.9537,5.4276,3.8746e+05,-7.3671e+05,18325,18325
0.432,0.304,0.41195,4.9076,8.3656e+05,-1.0704e+06,28777,28777
0.432,0.288,2.394,8.7662,8.458e+05,-1.5967e+05,34909,34909
0.432,0.272,3.2737,9.9128,1.1168e+06,4.3989e+05,35252,35252
0.432,0.256,4.2238,12.726,1.1958e+06,1.1233e+06,27434,27434
0.432,0.24,4.3595,17.491,9.4653e+05,1.3937e+06,13166,13166
0.432,0.224,0.049886,17.018,3.6722e+05,6.1595e+05,-5102,5102
0.432,0.208,-2.4011,12.138,-4.3369e+05,-2.6227e+05,-12266,12266
0.432,0.192,-1.8819,10.278,-5.1696e+05,-1.1126e+06,-6837,6837
0.432,0.176,-0.96839,8.5365,-2.0396e+05,-1.1994e+06,8379.4,8379.4
0.432,0.16,-0.23247,4.8993,20403,-7.3588e+05,16059,16059
0.432,0.144,-1.5678,3.3181,31743,-4.3447e+05,14569,14569
0.432,0.128,-2.8258,2.8436,41708,-2.0733e+05,17364,17364
0.432,0.112,-0.43474,2.7049,-38061,1.7461e+05,16423,16423
0.432,0.096,-4.2655,3.4993,1.1155e+05,6.0149e+05,16430,16430
0.432,0.08,4.1306,14.428,-57710,1.7688e+06,3915.9,3915.9
0.432,0.064,-4.1374,46.714,1.7482e+05,2.0285e+06,-7071.7,7071.7
0.432,0.048,13.88,3.6912,-55747,1.527e+06,-16757,16757
0.432,0.032,-11.864,-25.113,90671,51794,-13728,13728
0.432,0.016,12.832,-4.7638,0,0,-7136.8,7136.8
0.448,0.496,0.15558,6.3158,0,0,-34972,34972
0.448,0.48,2.0432,7.967,1.7401e+07,1.085e+07,-1.6e+05,1.6e+05
0.448,0.464,2.8883,7.3077,3.0091e+07,1.2855e+07,-2.4504e+05,2.4504e+05
0.448,0.448,2.4348,7.0615,1.8831e+07,7.5984e+06,-2.3912e+05,2.3912e+05
0.448,0.432,1.2904,6.3284,7.0201e+06,1.0536e+06,-1.3639e+05,1.3639e+05
0.448,0.416,-0.094898,5.5573,1.3603e+06,92624,-64754,64754
0.448,0.4,0.071071,3.9612,78455,-1.4966e+05,-47566,47566
0.448,0.384,0.22262,2.3645,-49052,-1.572e+05,-30521,30521
0.448,0.368,-0.47363,0.89609,-60559,-1.4159e+05,-26033,26033
0.448,0.352,-1.5978,2.1397,1.0382e+05,-4.7805e+05,-19763,19763
0.448,0.336,-19.213,42.443,2.5471e+05,-2.0609e+06,-16003,16003
0.448,0.32,-0.97031,2.8506,3.2543e+05,-2.0408e+06,-2301.3,2301.3
0.448,0.304,-0.49583,1.3094,5.7523e+05,-2.0515e+06,12314,12314
0.448,0.288,0.68337,4.3057,7.2833e+05,-6.0876e+05,23459,23459
0.448,0.272,0.8055,4.9308,9.6896e+05,-3.1195e+05,23503,23503
0.448,0.256,2.3113,5.1941,9.7437e+05,37114,14441,14441
0.448,0.24,1.3171,6.1312,5.5148e+05,1.9126e+05,2068.9,2068.9
0.448,0.224,-1.5164,6.8188,3220.1,-4.4861e+05,-11365,11365
0.448,0.208,-2.2362,6.4323,-6.0178e+05,-6.9917e+05,-13927,13927
0.448,0.192,-2.7573,6.9961,-4.4548e+05,-1.07e+06,-10645,10645
0.448,0.176,-2.5541,5.7789,-35421,-8.701e+05,762.33,762.33
0.448,0.16,-0.71858,3.069,1.1653e+05,-4.7052e+05,6955.1,6955.1
0.448,0.144,-0.35027,2.7891,1.1953e+05,-3.0922e+05,8897.5,8897.5
0.448,0.128,-1.4498,1.7324,26916,-64114,11801,11801
0.448,0.112,-1.9078,4.7398,-3.438e+05,8.5249e+05,4287.1,4287.1
0.448,0.096,1.2697,4.6917,-1.6388e+05,1.0113e+06,-5455.4,5455.4
0.448,0.08,4.7799,1.0857,-4.4206e+05,2.118e+06,-25050,25050
0.448,0.064,7.4932,7.1984,-83568,2.2564e+06,-31904,31904
0.448,0.048,17.662,-17.262,-3.3597e+05,1.7857e+06,-28779,28779
0.448,0.032,9.9218,-7.2494,0,0,-14897,14897
0.448,0.016,-0.89454,0.64048,0,0,-4125,4125
0.464,0.496,-30.231,-36.592,0,0,-25827,25827
0.464,0.48,-44.887,7.4468,1.7401e+07,1.085e+07,-1.2811e+05,1.2811e+05
0.464,0.464,3.2665,4.4521,2.7553e+07,1.0135e+07,-2.1634e+05,2.1634e+05
0.464,0.448,5.3035,5.4793,1.6951e+07,5.8146e+06,-2.25e+05,2.25e+05
0.464,0.432,3.9562,4.3546,5.3455e+06,-3.8649e+05,-1.422e+05,1.422e+05
0.464,0.416,2.068,3.0423,4.7376e+05,54517,-63217,63217
0.464,0.4,-0.55808,4.4181,-5.0718e+05,-1866.4,-34632,34632
0.464,0.384,-2.1285,2.8657,-4.1407e+05,50655,-22271,22271
0.464,0.368,-0.82741,0.06395,-65708,-62490,-25203,25203
0.464,0.352,-1.4623,-1.0446,2.1438e+05,-2.2685e+05,-31876,31876
0.464,0.336,-0.90445,0.63029,1.303e+05,-2.9208e+06,-32664,32664
0.464,0.32,-5.9421,-17.314,1.4491e+05,-3.0171e+06,-21864,21864
0.464,0.304,-1.2578,0.41915,-56164,-2.4716e+06,-7852.4,7852.4
0.464,0.288,-0.9124,1.4628,56033,5249,-1261,1261
0.464,0.272,0.88864,1.9403,-27907,24822,807.84,807.84
0.464,0.256,0.49811,0.3904,-85716,-17516,-2821.9,2821.9
0.464,0.24,-0.81172,0.47209,-1.5842e+05,-2.744e+05,-4039.6,4039.6
0.464,0.224,-1.6169,2.2609,-2.4532e+05,-3.8805e+05,-13292,13292
0.464,0.208,-3.0581,3.4184,-1.977e+05,-6.4671e+05,-17441,17441
0.464,0.192,-2.0084,3.6832,-60087,-5.2724e+05,-21472,21472
0.464,0.176,-1.7042,4.5457,-26535,-5.7905e+05,-17622,17622
0.464,0.16,0.69692,1.8029,-1.2e+05,-7.4216e+05,-12196,12196
0.464,0.144,-2.4869,5.3169,-2.6552e+05,-8.6311e+05,-4236.5,4236.5
0.464,0.128,16.096,-23.153,-1.2715e+05,-7.2302e+05,2356.5,2356.5
0.464,0.112,10.542,-19.056,-5.9501e+05,1.5773e+06,-8388,8388
0.464,0.096,-0.044244,3.4984,4.2477e+05,6.627e+05,-30191,30191
0.464,0.08,-2.1951,0.412,5.0959e+05,7.0881e+05,-56850,56850
0.464,0.064,159.24,117.73,-3.1493e+05,-3.6769e+06,-61888,61888
0.464,0.048,-2.7603,-19.086,-1.5571e+06,-3.0524e+06,-46496,46496
0.464,0.032,-6.9183,9.3367,-8.8977e+05,-1.7442e+06,-21717,21717
0.464,0.016,120.1,-67.979,0,0,-5023.1,5023.1
0.48,0.496,-309.86,-404.86,0,0,-6537.2,6537.2
0.48,0.48,-428.38,-51.07,1.1601e+07,7.2335e+06,-45998,45998
0.48,0.464,-140.55,-31.675,1.7617e+07,6.7825e+06,-81088,81088
0.48,0.448,-46.588,-2.7026,1.4306e+07,5.1171e+06,-94428,94428
0.48,0.432,-13.673,0.92209,4.9118e+06,-3.3143e+05,-62304,62304
0.48,0.416,-9.1021,3.2096,5.335e+05,1.3223e+05,-26700,26700
0.48,0.4,-13.71,17.841,-4.909e+05,85756,-6608.6,6608.6
0.48,0.384,-2.0791,0.45384,-4.17e+05,1.2006e+05,-2827.9,2827.9
0.48,0.368,1.116,-0.44132,-26642,-39978,-13017,13017
0.48,0.352,0.65414,-0.22656,2.396e+05,-1.9784e+05,-25354,25354
0.48,0.336,-1.5885,-0.22936,-1.902e+05,-1.8418e+06,-31223,31223
0.48,0.32,-12.636,-38.23,-2.1567e+05,-1.8787e+06,-25417,25417
0.48,0.304,-0.88919,-0.50193,-4.3272e+05,-1.7124e+06,-14355,14355
0.48,0.288,-0.91719,-0.26291,4962.5,-50833,-9229,9229
0.48,0.272,-2.0547,-0.52926,-1.1494e+05,-1.362e+05,-5978.5,5978.5
0.48,0.256,-4.9976,-1.1796,-1.4987e+05,-1.9212e+05,-6186.2,6186.2
0.48,0.24,-1.7994,-0.91884,-1.0198e+05,-3.351e+05,-4273.1,4273.1
0.48,0.224,0.79495,1.4575,-35473,-1.8966e+05,-9341.2,9341.2
0.48,0.208,-2.0161,5.0483,82188,-2.0907e+05,-15525,15525
0.48,0.192,0.18937,1.7474,1.1248e+05,-73738,-21189,21189
0.48,0.176,1.4828,2.3843,3927.4,-2.6761e+05,-22563,22563
0.48,0.16,-11.107,5.5105,-1.5884e+05,-6.0811e+05,-18668,18668
0.48,0.144,-2.231,-15.13,-3.1914e+05,-7.6454e+05,-10089,10089
0.48,0.128,81.256,-216.4,-1.5048e+05,-7.6846e+05,-3645.7,3645.7
0.48,0.112,13.8,-21.738,-4.6681e+05,9.4596e+05,-10744,10744
0.48,0.096,3.399,-0.47179,4.3877e+05,1.8377e+05,-31445,31445
0.48,0.08,2.5995,-1.0264,4.3877e+05,1.8377e+05,-56023,56023
0.48,0.064,28.144,16.947,-2.8808e+05,-2.4818e+06,-62929,62929
0.48,0.048,-30.462,-4.2743,-1.0381e+06,-2.0349e+06,-47455,47455
0.48,0.032,2.6411,-21.299,-7.7855e+05,-1.5262e+06,-22257,22257
0.48,0.016,-11.689,8.8935,0,0,-4696.6,4696.6
0.496,0.496,-176.07,113.13,0,0,9147,9147
0.496,0.48,-128.41,3.612,0,0,7910.1,7910.1
0.496,0.464,-206.41,-98.643,-1.4329e+06,-1.572e+06,-2966.4,2966.4
0.496,0.448,-80.73,-11.844,-1.6231e+06,-1.6267e+06,-16650,16650
0.496,0.432,-48.517,11.628,-1.6601e+06,-1.5287e+06,-12974,12974
0.496,0.416,-56.431,50.119,-8.5505e+05,-1.5046e+05,673.79,673.79
0.496,0.4,-135.01,242.71,-5.4766e+05,67348,7032.3,7032.3
0.496,0.384,-4.4161,-0.55704,-3.2873e+05,1.3683e+05,3621.5,3621.5
0.496,0.368,2.6457,2.9355,6600.3,39773,-2961.9,2961.9
0.496,0.352,-0.11111,0.68846,79734,2.153e+05,-11303,11303
0.496,0.336,-14.666,-45.868,-1.5539e+05,-6.9287e+05,-16041,16041
0.496,0.32,-158.46,-542,-1.7579e+05,-7.6082e+05,-14819,14819
0.496,0.304,-15.577,-49.597,-2.2255e+05,-9.4207e+05,-8597.3,8597.3
0.496,0.288,-14.427,-46.213,-14127,-48979,-7035.4,7035.4
0.496,0.272,-4.163,-7.8175,-1.6574e+05,-1.6959e+05,-4448.3,4448.3
0.496,0.256,-16.092,-19.334,-1.9206e+05,-1.9351e+05,-4897.7,4897.7
0.496,0.24,-38.552,-79.452,-73300,-2.7454e+05,-858.86,858.86
0.496,0.224,-12.49,62.879,45857,-53740,-3326.8,3326.8
0.496,0.208,-6.1494,14.931,1.3375e+05,-72225,-5518.2,5518.2
0.496,0.192,0.44907,2.8386,1.1869e+05,39118,-9278.7,9278.7
0.496,0.176,1.869,-3.3705,-1.0048e+05,-1.6084e+05,-11077,11077
0.496,0.16,1.0378,-30.329,-2.4504e+05,-5.0513e+05,-11693,11693
0.496,0.144,-44.17,40.229,-3.641e+05,-5.7045e+05,-7957.6,7957.6
0.496,0.128,-59.473,-141.44,-99634,-5.1162e+05,-3100.4,3100.4
0.496,0.112,-0.53518,0.60182,0,0,-4816.1,4816.1
0.496,0.096,-1.2776,0.21758,7.2507e+05,-3.2049e+05,-17045,17045
0.496,0.08,-0.53686,-1.8526,7.2507e+05,-3.2049e+05,-32016,32016
0.496,0.064,-50.534,12.787,-1.4412e+05,-1.8066e+06,-35785,35785
0.496,0.048,-298.06,-52.173,-7.7855e+05,-1.5262e+06,-27362,27362
0.496,0.032,-96.895,-115.4,-6.9204e+05,-1.3566e+06,-12984,12984
0.496,0.016,-63.407,36.227,0,0,-3933.4,3933.4
