0.016,0.496,-1.5665,-3.1536,0,0,-12.951,12.951
0.016,0.48,0.20702,1.1095,-1653.8,-3575.6,-135.38,135.38
0.016,0.464,3.4273,1.1183,-444.97,-262.12,102.58,102.58
0.016,0.448,-0.12106,1.1956,-212.97,-1580.4,156.24,156.24
0.016,0.432,1.2832,2.6691,-15261,-1546,-4033.8,4033.8
0.016,0.416,4.6421,0.3926,-25671,-1352.1,-13409,13409
0.016,0.4,2.9109,-0.36416,-1.2897e+05,-12174,-20040,20040
0.016,0.384,4.6891,-0.5921,-1.1706e+05,-9293.2,-17851,17851
0.016,0.368,6.0756,-0.93379,-1.059e+05,-12951,-4756.1,4756.1
0.016,0.352,3.4376,0.45335,2577.5,1418.1,3881.5,3881.5
0.016,0.336,4.6131,1.1928,-11982,-15889,3081.7,3081.7
0.016,0.32,3.4434,0.79137,-11911,-17289,-1347.1,1347.1
0.016,0.304,0.23861,0.53835,-19641,-20337,-548.24,548.24
0.016,0.288,1.0079,-0.433,-2073.3,-6833.7,6201.8,6201.8
0.016,0.272,1.8888,-3.0345,-11406,4857.2,10290,10290
0.016,0.256,0.33907,-0.94896,-39033,81909,6934.8,6934.8
0.016,0.24,0.85882,1.2737,-41581,85695,2841,2841
0.016,0.224,0.41822,2.1931,-30059,71812,-768.78,768.78
0.016,0.208,0.044161,1.9888,-12094,14235,-451.71,451.71
0.016,0.192,-0.77167,1.6639,-15010,16895,-429.3,429.3
0.016,0.176,-2.0958,-0.69365,-9533.3,42170,690.34,690.34
0.016,0.16,-1.6436,-0.62823,7293.6,32287,2255.7,2255.7
0.016,0.144,-1.4275,0.41977,11764,30119,5378.5,5378.5
0.016,0.128,2.1208,-2.0542,-6377.8,9842.5,4035,4035
0.016,0.112,5.4094,0.022368,-7746.1,6888.4,4182.5,4182.5
0.016,0.096,0.17523,0.55057,-1689.4,5209.8,3321.4,3321.4
0.016,0.08,1.1507,0.80857,21087,19347,5276.7,5276.7
0.016,0.064,-1.0343,0.24163,14989,8049.4,3285.5,3285.5
0.016,0.048,-0.29969,0.34625,11519,9515.5,168.93,168.93
0.016,0.032,1.7983,0.18747,-2668.8,-5508.9,-1541.6,1541.6
0.016,0.016,4.8812,-6.0917,0,0,-1126.9,1126.9
0.032,0.496,0.72175,1.0634,0,0,-103.02,103.02
0.032,0.48,0.21977,4.0034,-4949.6,-17403,-117.06,117.06
0.032,0.464,-0.07194,-0.37639,-8511,-8375,-164.47,164.47
0.032,0.448,0.014899,0.46691,-12274,-1624.5,-203.86,203.86
0.032,0.432,-0.23019,0.39089,-23681,14094,1561.9,1561.9
0.032,0.416,-0.46041,-0.43195,-55933,11805,3734.3,3734.3
0.032,0.4,-0.42082,-0.092387,-2.0508e+05,-44136,6669.5,6669.5
0.032,0.384,-1.6232,-1.1143,-1.9571e+05,-46117,6199.4,6199.4
0.032,0.368,0.070154,-0.41597,-1.7289e+05,-61051,5650.4,5650.4
0.032,0.352,0.85885,0.35824,-2195.5,-31931,4920.4,4920.4
0.032,0.336,1.2897,0.83963,51781,-1.6468e+05,6223.4,6223.4
0.032,0.32,1.427,0.16428,29298,-72055,7377.6,7377.6
0.032,0.304,0.052871,-0.46426,-33547,-14266,5191.8,5191.8
0.032,0.288,-0.30858,-0.2193,-1.0965e+05,1.8675e+05,1527.2,1527.2
0.032,0.272,-0.24798,-0.42122,-1.1186e+05,2.0644e+05,-3539.3,3539.3
0.032,0.256,-0.51732,0.79351,-1.2687e+05,3.4015e+05,-4579.7,4579.7
0.032,0.24,-1.4225,3.3842,-1.0009e+05,2.7125e+05,-4379.2,4379.2
0.032,0.224,-1.1144,2.7566,-89788,1.6136e+05,-2461.6,2461.6
0.032,0.208,-0.58242,0.83629,-58299,53839,-1738.5,1738.5
0.032,0.192,-1.3588,2.4547,-76630,59581,-1180.3,1180.3
0.032,0.176,-1.6783,1.8354,-30714,86498,-661.57,661.57
0.032,0.16,-1.2923,1.4698,9102.8,32679,30.362,30.362
0.032,0.144,-0.67278,0.903,33405,81133,43.011,43.011
0.032,0.128,-0.15094,-0.34898,-17490,62921,-492.86,492.86
0.032,0.112,-0.2529,0.060943,-69823,17115,-854.19,854.19
0.032,0.096,0.13493,0.71262,-78548,-49682,-37.421,37.421
0.032,0.08,0.3164,0.57671,-17528,6876.1,630.03,630.03
0.032,0.064,0.89593,2.0285,21105,30716,890.55,890.55
0.032,0.048,0.28697,0.11332,25090,43746,315.9,315.9
0.032,0.032,0.45157,0.82102,-4363.6,-13740,94.673,94.673
0.032,0.016,0.28133,-4.9373,0,0,-76.639,76.639
0.048,0.496,0.97563,1.3667,-5739.3,81443,-320.23,320.23
0.048,0.48,0.050636,3.7987,-661.36,65576,-510.08,510.08
0.048,0.464,-0.68571,-0.94446,3003.9,75474,-693.98,693.98
0.048,0.448,-0.741,0.36989,365.94,594.94,-768.89,768.89
0.048,0.432,-0.60328,0.6264,-22025,17673,2469,2469
0.048,0.416,-0.09841,-0.013416,2.9321e+05,-4.5823e+05,7232.2,7232.2
0.048,0.4,-1.6209,-0.6334,16960,-5.2459e+05,12628,12628
0.048,0.384,-0.41478,-1.8438,-8383.1,-5.4201e+05,11828,11828
0.048,0.368,1.4883,0.80524,-3.976e+05,-6198.5,10254,10254
0.048,0.352,0.33228,0.98402,-1.645e+05,89664,9186.5,9186.5
0.048,0.336,0.68224,0.9286,-94803,18340,12360,12360
0.048,0.32,2.4307,0.92823,-77945,1.4101e+05,15707,15707
0.048,0.304,-0.1782,4.8142,-1.2907e+05,3.2259e+05,14018,14018
0.048,0.288,-0.88558,4.4922,-2.7861e+05,6.9199e+05,3900.5,3900.5
0.048,0.272,-1.4576,5.7641,-3.6239e+05,7.6071e+05,-11409,11409
0.048,0.256,-1.9516,6.0363,-4.0364e+05,8.4872e+05,-16715,16715
0.048,0.24,-2.2149,5.8047,-3.2368e+05,6.1518e+05,-14257,14257
0.048,0.224,-1.6453,4.0932,-2.2496e+05,3.5397e+05,-6668.3,6668.3
0.048,0.208,-2.6911,1.1497,-1.5919e+05,1.7182e+05,-4949.7,4949.7
0.048,0.192,-2.1562,2.9076,-1.4534e+05,1.2921e+05,-3248.2,3248.2
0.048,0.176,-2.0072,2.5991,-90650,1.3349e+05,-1717.8,1717.8
0.048,0.16,-1.0666,1.846,10338,50833,-78.744,78.744
0.048,0.144,-0.59729,1.4625,45229,92799,-21.273,21.273
0.048,0.128,-0.28682,3.7519,2756.7,91586,-837.17,837.17
0.048,0.112,-1.9172,-0.024361,-62117,22480,-1202.8,1202.8
0.048,0.096,-2.3007,-1.3696,-59246,-43095,137.77,137.77
0.048,0.08,-0.99415,-0.062381,-17405,75253,1351.1,1351.1
0.048,0.064,-0.21646,2.6658,20426,83855,1585.3,1585.3
0.048,0.048,0.0068668,0.57203,12489,98218,609.35,609.35
0.048,0.032,0.3702,1.583,-2242.7,-20961,135.88,135.88
0.048,0.016,-0.0034377,-5.6956,0,0,-200.37,200.37
0.064,0.496,0.77857,-0.0076501,4054.8,46746,-606.79,606.79
0.064,0.48,0.57289,2.8973,-29480,31783,-1138,1138
0.064,0.464,-0.023025,0.04315,-50070,43106,-1740.5,1740.5
0.064,0.448,-0.37352,0.032984,-99123,-4784.2,-1994.9,1994.9
0.064,0.432,-0.44217,-0.051626,-77886,25892,1996.5,1996.5
0.064,0.416,-0.67186,0.17815,2.2854e+05,-4.5566e+05,8689.2,8689.2
0.064,0.4,12.69,-4.2711,71475,-4.9403e+05,16501,16501
0.064,0.384,2.3404,0.49038,-7916.8,-5.0516e+05,16605,16605
0.064,0.368,0.54066,1.7615,-7.6753e+05,2.6458e+05,15717,15717
0.064,0.352,-0.66634,4.4481,-7.2502e+05,4.9179e+05,15148,15148
0.064,0.336,-1.4205,4.933,-7.0567e+05,6.3959e+05,21766,21766
0.064,0.32,-0.64836,6.333,-4.2106e+05,8.5216e+05,28482,28482
0.064,0.304,-1.0343,8.5398,-4.8705e+05,1.2362e+06,28478,28478
0.064,0.288,-2.3104,10.355,-6.542e+05,1.6576e+06,13589,13589
0.064,0.272,-2.9345,11.041,-7.1472e+05,1.6493e+06,-13013,13013
0.064,0.256,-4.1669,10.446,-7.0952e+05,1.4468e+06,-25897,25897
0.064,0.24,-4.4532,9.1276,-6.0161e+05,9.9856e+05,-25784,25784
0.064,0.224,-3.6874,7.7547,-4.4935e+05,5.5579e+05,-13739,13739
0.064,0.208,-2.9855,6.1418,-2.8856e+05,3.0019e+05,-9860.5,9860.5
0.064,0.192,-4.2506,4.1344,-1.417e+05,1.4855e+05,-6726,6726
0.064,0.176,-2.7572,2.7357,331.03,36225,-4733.7,4733.7
0.064,0.16,-1.5952,0.41909,1.0462e+05,-57241,-2407.9,2407.9
0.064,0.144,-0.50384,2.5175,93144,2866.4,-1867.9,1867.9
0.064,0.128,-0.23798,1.6979,53752,26335,-1835.2,1835.2
0.064,0.112,-0.46758,-0.041788,-52766,-16139,-1564.2,1564.2
0.064,0.096,-0.6584,0.20613,-45090,-76076,273.01,273.01
0.064,0.08,0.8508,0.92374,-48688,89057,1594.6,1594.6
0.064,0.064,0.038931,3.7917,27713,81439,1718.8,1718.8
0.064,0.048,-0.093801,0.58084,12509,1.0572e+05,670.22,670.22
0.064,0.032,-0.47972,2.2173,8617.1,-30283,132.63,132.63
0.064,0.016,-0.26149,-5.8247,0,0,-299.31,299.31
0.08,0.496,1.2197,-0.18588,4054.8,46746,-120.2,120.2
0.08,0.48,3.0317,2.515,-94766,52207,43.098,43.098
0.08,0.464,1.4138,2.9043,-1.9271e+05,30630,-1148.2,1148.2
0.08,0.448,-0.085576,2.7316,-3.1233e+05,13947,-1961.9,1961.9
0.08,0.432,-0.91309,-0.53649,-2.6104e+05,-48465,794.53,794.53
0.08,0.416,0.93098,2.5294,1.6619e+05,-5.5826e+05,7675.3,7675.3
0.08,0.4,0.84435,2.9944,1.3892e+05,-5.7766e+05,15121,15121
0.08,0.384,1.9087,3.2335,14464,-4.3901e+05,17050,17050
0.08,0.368,0.24007,4.3361,-9.0101e+05,5.996e+05,18458,18458
0.08,0.352,-1.5564,7.1479,-1.0362e+06,1.0999e+06,21518,21518
0.08,0.336,-2.2901,8.3234,-1.1182e+06,1.7716e+06,32054,32054
0.08,0.32,-2.4546,11.261,-8.1586e+05,2.1904e+06,41341,41341
0.08,0.304,-3.3945,14.889,-8.3058e+05,2.7239e+06,43633,43633
0.08,0.288,-4.4234,16.488,-1.3172e+06,3.0863e+06,25933,25933
0.08,0.272,-4.9873,15.596,-1.4378e+06,3.0587e+06,-7870.8,7870.8
0.08,0.256,-5.2605,14.824,-1.4639e+06,2.7679e+06,-30989,30989
0.08,0.24,-5.7401,12.693,-9.6531e+05,2.015e+06,-36663,36663
0.08,0.224,-5.8278,10.693,-6.5063e+05,1.1797e+06,-24210,24210
0.08,0.208,-5.3752,10.635,-3.1417e+05,4.3723e+05,-18988,18988
0.08,0.192,-3.9863,8.335,18560,-44464,-14342,14342
0.08,0.176,-2.0473,6.0961,1.965e+05,-2.3688e+05,-12550,12550
0.08,0.16,-0.61326,4.2324,2.2813e+05,-2.4177e+05,-8252.7,8252.7
0.08,0.144,-0.19519,3.547,1.6998e+05,-1.714e+05,-6771.2,6771.2
0.08,0.128,-0.25767,3.0939,1.0227e+05,-85103,-4556.5,4556.5
0.08,0.112,1.3197,1.6322,88283,-97792,-2789.8,2789.8
0.08,0.096,-0.63082,2.1018,45540,-52669,-430.28,430.28
0.08,0.08,0.28587,1.4877,9015.5,70120,811.07,811.07
0.08,0.064,0.43194,3.3008,-12076,55793,961.47,961.47
0.08,0.048,0.47691,1.0137,-12943,59613,336.69,336.69
0.08,0.032,-0.41065,3.0465,-7639.1,-22529,3.8866,3.8866
0.08,0.016,-0.057857,-1.58,0,0,-73.738,73.738
0.096,0.496,2.6116,3.7794,1.1642e+05,-2.6671e+05,1220.1,1220.1
0.096,0.48,3.7649,3.3978,10086,-3.0011e+05,2854.2,2854.2
0.096,0.464,2.1979,3.6171,-1.696e+05,-1.2399e+05,587.64,587.64
0.096,0.448,0.4223,4.5518,-5.1173e+05,2.4178e+05,-3180.1,3180.1
0.096,0.432,-1.325,5.7878,-4.1207e+05,66491,-3227.6,3227.6
0.096,0.416,1.0166,4.3694,-3.0782e+05,-1.8717e+05,2615.9,2615.9
0.096,0.4,2.0065,3.3181,-1.3187e+05,-2.5626e+05,12704,12704
0.096,0.384,1.0624,4.8759,-2.6378e+05,39723,20363,20363
0.096,0.368,-0.12812,6.3412,-8.3883e+05,7.5761e+05,29397,29397
0.096,0.352,-3.7299,10.815,-1.1527e+06,1.5011e+06,37711,37711
0.096,0.336,-4.2185,14.858,-1.2921e+06,2.5389e+06,49076,49076
0.096,0.32,-4.5,21.168,-1.0565e+06,3.3689e+06,56305,56305
0.096,0.304,-4.5578,23.21,-1.1172e+06,4.1381e+06,54804,54804
0.096,0.288,-4.329,24.438,-1.582e+06,4.5125e+06,36467,36467
0.096,0.272,-5.4664,23.33,-1.68e+06,4.4118e+06,905.69,905.69
0.096,0.256,-5.5476,24.106,-1.6958e+06,4.0312e+06,-30182,30182
0.096,0.24,-5.6864,24.93,-1.2287e+06,3.2067e+06,-44277,44277
0.096,0.224,-5.989,19.648,-8.0962e+05,2.0936e+06,-39699,39699
0.096,0.208,-4.6791,14.663,-3.4175e+05,8.6259e+05,-36297,36297
0.096,0.192,-3.4622,11.145,1.259e+05,-1.7021e+05,-33828,33828
0.096,0.176,-1.7599,8.3146,3.2705e+05,-6.3946e+05,-29817,29817
0.096,0.16,-0.70467,6.7629,3.083e+05,-6.2673e+05,-20732,20732
0.096,0.144,-1.9369,5.6485,1.7368e+05,-4.0591e+05,-15452,15452
0.096,0.128,0.1042,4.3861,-37047,-2.0064e+05,-10801,10801
0.096,0.112,0.070533,3.1582,-1.2456e+05,-1.2608e+05,-6852.6,6852.6
0.096,0.096,0.905,1.6382,-1.4121e+05,-58719,-3168.9,3168.9
0.096,0.08,-0.67813,2.3674,-37795,-7313.5,-1467.8,1467.8
0.096,0.064,-0.028284,1.5826,24177,-16159,-612.63,612.63
0.096,0.048,-0.97413,2.257,29602,-10374,-401.5,401.5
0.096,0.032,-0.62426,3.4709,-10311,-15301,-177.86,177.86
0.096,0.016,0.29747,-3.0408,0,0,380.72,380.72
0.112,0.496,3.5017,1.9473,1.2268e+05,-2.768e+05,2529.7,2529.7
0.112,0.48,5.944,3.0422,63009,-3.7348e+05,5758.5,5758.5
0.112,0.464,1.9741,8.336,-1.9051e+05,-1.706e+05,2891.4,2891.4
0.112,0.448,1.0155,9.5042,-5.7894e+05,4.437e+05,-3343.8,3343.8
0.112,0.432,0.58071,8.9687,-4.7243e+05,-27538,-6610,6610
0.112,0.416,0.24553,6.4968,-3.1085e+05,-3.8729e+05,-1621.9,1621.9
0.112,0.4,-0.1439,4.9662,-1.0649e+05,-6.1429e+05,12234,12234
0.112,0.384,0.13156,5.1775,-1.5101e+05,-1.6968e+05,29227,29227
0.112,0.368,-1.38,6.9398,-3.876e+05,5.2265e+05,48517,48517
0.112,0.352,-2.628,12.523,-6.4435e+05,1.3436e+06,62614,62614
0.112,0.336,-2.6744,19.501,-7.4761e+05,2.4545e+06,69822,69822
0.112,0.32,-2.5221,27.203,-8.1915e+05,3.5079e+06,68543,68543
0.112,0.304,-2.9581,32.029,-9.8442e+05,4.4501e+06,56300,56300
0.112,0.288,-3.8125,33.948,-1.5618e+06,5.0544e+06,31695,31695
0.112,0.272,-5.3754,31.115,-1.7536e+06,5.0844e+06,-4751,4751
0.112,0.256,-5.6426,29.299,-1.6918e+06,4.5416e+06,-37826,37826
0.112,0.24,-5.8963,28.009,-1.1723e+06,3.5778e+06,-55737,55737
0.112,0.224,-7.0966,26.482,-6.9579e+05,2.3946e+06,-60401,60401
0.112,0.208,-3.7133,24.98,-3.2278e+05,1.0605e+06,-62495,62495
0.112,0.192,-4.4397,20.866,1.2976e+05,-2.8251e+05,-63226,63226
0.112,0.176,-3.9436,15.363,3.7921e+05,-9.9019e+05,-53311,53311
0.112,0.16,-2.8532,11.672,4.1964e+05,-1.1478e+06,-38016,38016
0.112,0.144,-2.5909,7.9375,2.882e+05,-9.096e+05,-26674,26674
0.112,0.128,-3.2349,4.4925,-1894,-6.3385e+05,-20553,20553
0.112,0.112,-3.8535,3.2594,-84841,-3.1917e+05,-13748,13748
0.112,0.096,-3.4531,3.4385,-88353,-1.4878e+05,-7214.4,7214.4
0.112,0.08,-1.2572,2.6988,13605,-1.3661e+05,-3776.8,3776.8
0.112,0.064,0.70956,2.3735,5276.8,-1.202e+05,-1942.1,1942.1
0.112,0.048,0.55828,2.9059,-12259,-69304,-880.77,880.77
0.112,0.032,0.3252,3.3469,-39498,-10892,-291.27,291.27
0.112,0.016,0.38271,-3.015,0,0,768.01,768.01
0.128,0.496,2.3711,2.2588,1.2268e+05,-2.768e+05,2391.3,2391.3
0.128,0.48,0.78198,11.088,2.1469e+05,-4.844e+05,5628.8,5628.8
0.128,0.464,0.38162,17.805,2.1756e+05,-2.6303e+05,1620.1,1620.1
0.128,0.448,0.84835,15.358,-4.8209e+05,8.3133e+05,-6916.4,6916.4
0.128,0.432,0.14747,11.142,-3.7147e+05,-81416,-9746.2,9746.2
0.128,0.416,-0.93716,8.8024,-2.948e+05,-6.9262e+05,-3396.1,3396.1
0.128,0.4,-0.3142,7.5257,-1.3703e+05,-1.0324e+06,14142,14142
0.128,0.384,0.10008,6.8501,-1.8056e+05,-6.7405e+05,34969,34969
0.128,0.368,-0.50129,8.7571,-3.4199e+05,1.062e+05,58215,58215
0.128,0.352,-1.4231,13.174,-5.4509e+05,9.4298e+05,72601,72601
0.128,0.336,-0.68809,17.121,-5.795e+05,1.7259e+06,75758,75758
0.128,0.32,-1.0742,23.392,-5.9153e+05,2.55e+06,67103,67103
0.128,0.304,-2.5088,28.395,-7.4915e+05,3.5208e+06,48144,48144
0.128,0.288,-4.2091,32.258,-9.4639e+05,4.2318e+06,19859,19859
0.128,0.272,-5.0746,30.861,-1.1328e+06,4.1195e+06,-16990,16990
0.128,0.256,-5.6509,26.93,-1.0713e+06,3.0777e+06,-49490,49490
0.128,0.24,-6.0051,22.515,-9.752e+05,1.9782e+06,-67797,67797
0.128,0.224,-7.1198,24.542,-6.0344e+05,1.0448e+06,-75236,75236
0.128,0.208,-4.6193,27.433,-3.0416e+05,3.3523e+05,-78606,78606
0.128,0.192,-3.695,25.459,1.3133e+05,-4.656e+05,-80449,80449
0.128,0.176,-1.9829,21.644,4.1229e+05,-1.016e+06,-70155,70155
0.128,0.16,-0.92191,16.448,4.7206e+05,-1.3546e+06,-51552,51552
0.128,0.144,-1.3768,10.18,2.6824e+05,-1.3265e+06,-37458,37458
0.128,0.128,-0.8532,7.1862,-26342,-1.0491e+06,-27675,27675
0.128,0.112,-1.0279,6.9617,-1.2468e+05,-4.79e+05,-19882,19882
0.128,0.096,-0.084543,6.5243,-32358,-2.1886e+05,-9725.4,9725.4
0.128,0.08,1.6437,4.0975,58133,-1.8326e+05,-3928.9,3928.9
0.128,0.064,1.0744,3.2466,88366,-2.238e+05,-1494.3,1494.3
0.128,0.048,0.082459,3.4041,30397,-1.326e+05,-482.47,482.47
0.128,0.032,1.8042,3.2257,3091.1,-49228,-149.19,149.19
0.128,0.016,3.3004,0.33462,0,0,527.71,527.71
0.144,0.496,1.6334,11.671,0,0,1266.5,1266.5
0.144,0.48,0.85669,20.724,0,0,3298.8,3298.8
0.144,0.464,1.2655,25.332,NaN,NaN,306.86,306.86
0.144,0.448,0.53016,20.902,-2.7711e+05,6.6528e+05,-27719,27719
0.144,0.432,1.4793,17.329,-2.9483e+05,-5.1843e+05,-36999,36999
0.144,0.416,1.1845,14.779,-2.4693e+05,-9.3009e+05,-27724,27724
0.144,0.4,0.38146,13.751,-2.0276e+05,-1.3571e+06,-1385.7,1385.7
0.144,0.384,0.47214,12.056,-2.3516e+05,-1.0805e+06,23527,23527
0.144,0.368,-2.1579,15.063,-3.9948e+05,-4.3109e+05,36090,36090
0.144,0.352,-4.1445,15.239,-5.2478e+05,3.0683e+05,46134,46134
0.144,0.336,-2.7701,13.949,-4.9928e+05,6.9333e+05,45897,45897
0.144,0.32,-1.3489,13.24,-4.0986e+05,1.1074e+06,32108,32108
0.144,0.304,-1.6824,19.638,-4.7224e+05,1.7955e+06,2369.4,2369.4
0.144,0.288,-2.703,24.546,-6.2046e+05,2.5054e+06,-30588,30588
0.144,0.272,-3.4022,22.41,-7.7345e+05,2.395e+06,-61283,61283
0.144,0.256,-5.8072,19.478,-6.7996e+05,1.4913e+06,-75406,75406
0.144,0.24,-4.8229,17.041,-5.816e+05,6.8614e+05,-81930,81930
0.144,0.224,-5.116,18.059,-2.9011e+05,1.9607e+05,-84175,84175
0.144,0.208,-3.7623,19.104,-3805.9,-1.237e+05,-92561,92561
0.144,0.192,-1.2434,18.62,3.2455e+05,-5.4405e+05,-97575,97575
0.144,0.176,-0.88957,17.67,4.9011e+05,-9.4245e+05,-92345,92345
0.144,0.16,-1.1797,13.31,3.7615e+05,-1.3495e+06,-73746,73746
0.144,0.144,-1.7571,9.2748,1.7961e+05,-1.4726e+06,-58098,58098
0.144,0.128,-1.6178,7.4747,52236,-1.2434e+06,-41816,41816
0.144,0.112,-0.76775,7.5863,86074,-6.3097e+05,-30808,30808
0.144,0.096,0.38641,6.5839,1.468e+05,-2.977e+05,-15409,15409
0.144,0.08,0.97812,5.3102,98514,-1.4529e+05,-5621.7,5621.7
0.144,0.064,0.92821,5.0464,23578,-55945,-1619.8,1619.8
0.144,0.048,2.1506,5.3943,-25782,14634,43.6,43.6
0.144,0.032,0.68771,8.59,-14241,32340,-166.18,166.18
0.144,0.016,-1.1745,7.8553,0,0,55.571,55.571
0.16,0.496,2.3253,26.585,0,0,218.09,218.09
0.16,0.48,4.0618,26.781,0,0,327.14,327.14
0.16,0.464,3.2055,26.945,NaN,NaN,-2523.3,2523.3
0.16,0.448,0.91825,21,NaN,NaN,-51227,51227
0.16,0.432,1.8346,18.163,-1.7361e+05,-7.9664e+05,-53352,53352
0.16,0.416,1.238,19.047,-1.9714e+05,-1.4302e+06,-37522,37522
0.16,0.4,0.36159,20.79,-3.8475e+05,-1.648e+06,-10810,10810
0.16,0.384,-0.34744,17.915,-4.8573e+05,-1.3869e+06,1856.8,1856.8
0.16,0.368,-1.6767,14.821,-6.6245e+05,-8.0025e+05,2611.5,2611.5
0.16,0.352,-3.9635,13.915,-7.9765e+05,-93022,848.2,848.2
0.16,0.336,-4.7212,13.257,-8.3196e+05,2.0258e+05,2790,2790
0.16,0.32,-3.5484,10.355,-7.0492e+05,4.2604e+05,-8252,8252
0.16,0.304,-1.5958,14.83,-5.8889e+05,8.2277e+05,-35740,35740
0.16,0.288,-2.3756,18.248,-5.7495e+05,1.3004e+06,-71312,71312
0.16,0.272,-4.4411,17.36,-4.9101e+05,1.1428e+06,-97518,97518
0.16,0.256,-3.8548,13.011,-3.2632e+05,6.5672e+05,-93645,93645
0.16,0.24,-3.3629,16.802,-99990,1.6458e+05,-83464,83464
0.16,0.224,-2.6486,19.261,1.6843e+05,-1.9815e+05,-73860,73860
0.16,0.208,0.17287,18.695,5.0985e+05,-6.5718e+05,-87012,87012
0.16,0.192,1.602,17.668,6.8947e+05,-1.0869e+06,-1.0125e+05,1.0125e+05
0.16,0.176,1.0613,14.463,5.4105e+05,-1.4328e+06,-1.1255e+05,1.1255e+05
0.16,0.16,-0.64571,10.559,1.6101e+05,-1.7718e+06,-1.004e+05,1.004e+05
0.16,0.144,-1.1485,8.2648,-72284,-1.9625e+06,-85433,85433
0.16,0.128,-1.0257,6.3072,-85934,-1.7127e+06,-60624,60624
0.16,0.112,0.62617,4.8736,-7479.4,-1.2036e+06,-45376,45376
0.16,0.096,1.3036,4.55,27512,-8.6077e+05,-22682,22682
0.16,0.08,1.2692,6.6989,-13352,-6.4104e+05,-10601,10601
0.16,0.064,1.5195,8.2629,-64210,-4.5444e+05,-3733.8,3733.8
0.16,0.048,0.85602,9.1615,-68162,-2.0619e+05,-3150.6,3150.6
0.16,0.032,1.6218,11.829,-35437,-82217,-963.59,963.59
0.16,0.016,2.1973,9.9633,0,0,-536.41,536.41
0.176,0.496,3.179,33.596,0,0,0,0
0.176,0.48,4.4819,30.174,0,0,0,0
0.176,0.464,3.5585,25.048,NaN,NaN,0,0
0.176,0.448,1.2791,19.908,NaN,NaN,-1.2667e+05,1.2667e+05
0.176,0.432,2.1898,17.528,NaN,NaN,-1.1799e+05,1.1799e+05
0.176,0.416,1.6902,20.425,NaN,NaN,-60057,60057
0.176,0.4,0.041501,23.804,-6.896e+05,-1.814e+06,-32217,32217
0.176,0.384,-0.17652,19.852,-7.1104e+05,-1.44e+06,-22849,22849
0.176,0.368,-2.0759,17.545,-8.5818e+05,-1.093e+06,-29131,29131
0.176,0.352,-4.5917,18.215,-9.8575e+05,-5.2501e+05,-34995,34995
0.176,0.336,-5.573,18.17,-1.0541e+06,-1.517e+05,-45813,45813
0.176,0.32,-6.2278,21.692,-8.6844e+05,1.5058e+05,-55053,55053
0.176,0.304,-4.5863,22.463,-8.3195e+05,5.9743e+05,-82331,82331
0.176,0.288,-3.6995,23.733,-7.9228e+05,1.143e+06,-1.1013e+05,1.1013e+05
0.176,0.272,-5.367,21.065,-6.0616e+05,1.3445e+06,-1.3244e+05,1.3244e+05
0.176,0.256,-1.6858,20.124,-2.2365e+05,1.4816e+06,-1.0773e+05,1.0773e+05
0.176,0.24,-0.070458,23.548,1.5241e+05,1.4332e+06,-76299,76299
0.176,0.224,1.2187,27.271,4.9287e+05,1.1711e+06,-53927,53927
0.176,0.208,2.0889,26.948,8.3239e+05,3.7548e+05,-75337,75337
0.176,0.192,2.1234,23.784,9.5891e+05,-7.195e+05,-1.0302e+05,1.0302e+05
0.176,0.176,2.138,19.292,7.1814e+05,-1.7858e+06,-1.2838e+05,1.2838e+05
0.176,0.16,0.73607,14.479,2.9328e+05,-2.6111e+06,-1.2786e+05,1.2786e+05
0.176,0.144,1.6296,11.118,1.1215e+05,-3.0163e+06,-1.1396e+05,1.1396e+05
0.176,0.128,2.5885,9.389,1.1245e+05,-2.942e+06,-85713,85713
0.176,0.112,2.6684,7.3015,1.7456e+05,-2.6019e+06,-56672,56672
0.176,0.096,2.9653,7.055,1.1167e+05,-2.2141e+06,-33023,33023
0.176,0.08,3.7764,8.981,1407.3,-1.7146e+06,-20220,20220
0.176,0.064,2.882,10.415,-1.217e+05,-1.1935e+06,-16759,16759
0.176,0.048,2.093,10.203,-1.353e+05,-5.7741e+05,-10406,10406
0.176,0.032,1.5823,16.577,-79837,-2.3681e+05,-3500.8,3500.8
0.176,0.016,0.85729,18.352,0,0,-905.29,905.29
0.192,0.496,0.63524,33.427,0,0,0,0
0.192,0.48,3.1817,30.778,0,0,0,0
0.192,0.464,3.5185,26.228,NaN,NaN,0,0
0.192,0.448,2.5639,22.209,NaN,NaN,NaN,NaN
0.192,0.432,2.5796,20.995,NaN,NaN,NaN,NaN
0.192,0.416,2.1446,22.411,NaN,NaN,-38504,38504
0.192,0.4,0.27591,24.311,-7.2201e+05,-1.9012e+06,-38267,38267
0.192,0.384,-0.39172,21.987,-7.9795e+05,-1.477e+06,-46792,46792
0.192,0.368,-1.4773,22.98,-9.5724e+05,-1.1528e+06,-59760,59760
0.192,0.352,-3.3302,27.239,-1.112e+06,-6.359e+05,-76400,76400
0.192,0.336,-4.0472,32.638,-1.3041e+06,-80219,-81630,81630
0.192,0.32,-4.5632,37.851,-1.2383e+06,4.5425e+05,-76005,76005
0.192,0.304,-5.4957,40.007,-1.2191e+06,9.8743e+05,-72498,72498
0.192,0.288,-3.8312,39.758,-1.0736e+06,1.4597e+06,-85502,85502
0.192,0.272,-1.1722,38.265,-6.8969e+05,1.9464e+06,-1.0499e+05,1.0499e+05
0.192,0.256,0.46205,38.34,-2.2843e+05,2.3489e+06,-86302,86302
0.192,0.24,1.4741,38.691,1.3759e+05,2.4114e+06,-56022,56022
0.192,0.224,1.8914,38.567,4.6838e+05,2.0988e+06,-28998,28998
0.192,0.208,2.4894,37.626,7.8163e+05,1.1538e+06,-51390,51390
0.192,0.192,3.164,34.501,9.5854e+05,-1.8461e+05,-85352,85352
0.192,0.176,2.8113,31.099,8.6472e+05,-1.7032e+06,-1.1953e+05,1.1953e+05
0.192,0.16,2.9302,24.565,6.2132e+05,-2.9272e+06,-1.3028e+05,1.3028e+05
0.192,0.144,3.0839,19.24,5.0469e+05,-3.5949e+06,-1.2168e+05,1.2168e+05
0.192,0.128,4.3162,18.386,4.8659e+05,-3.5772e+06,-91356,91356
0.192,0.112,3.9666,17.885,5.2094e+05,-3.2366e+06,-62335,62335
0.192,0.096,4.4507,19.396,4.5768e+05,-2.8224e+06,-39446,39446
0.192,0.08,3.1781,23.722,3.3625e+05,-2.2927e+06,-31484,31484
0.192,0.064,1.9844,25.643,1.7345e+05,-1.7098e+06,-22919,22919
0.192,0.048,1.8545,28.577,46429,-8.9712e+05,-13065,13065
0.192,0.032,2.9381,31.774,5671,-3.9122e+05,-3901.2,3901.2
0.192,0.016,3.1267,32.334,0,0,-838.85,838.85
0.208,0.496,1.4334,34.114,0,0,0,0
0.208,0.48,2.1296,30.115,0,0,0,0
0.208,0.464,1.3865,25.626,NaN,NaN,0,0
0.208,0.448,0.88808,23.518,NaN,NaN,NaN,NaN
0.208,0.432,0.25207,24.896,NaN,NaN,NaN,NaN
0.208,0.416,0.21025,28.621,NaN,NaN,-43683,43683
0.208,0.4,-1.112,29.675,-4.9793e+05,-2.0056e+06,-50237,50237
0.208,0.384,-2.1317,31.597,-8.193e+05,-1.6036e+06,-60008,60008
0.208,0.368,-2.3404,30.287,-1.0517e+06,-1.2668e+06,-77653,77653
0.208,0.352,-3.2041,33.988,-1.3286e+06,-8.9742e+05,-94196,94196
0.208,0.336,-3.8274,39.082,-1.5166e+06,-5.932e+05,-1.0915e+05,1.0915e+05
0.208,0.32,-4.1505,42.155,NaN,NaN,-96166,96166
0.208,0.304,-4.9456,43.738,-1.6232e+06,1.8568e+06,-77833,77833
0.208,0.288,-4.3047,44.78,-1.28e+06,2.3192e+06,-42978,42978
0.208,0.272,-2.8889,45.468,-8.8399e+05,2.7579e+06,-35540,35540
0.208,0.256,-1.0126,46.219,-5.4201e+05,3.2192e+06,-13058,13058
0.208,0.24,0.18787,46.054,-3.5613e+05,3.2713e+06,-8699.8,8699.8
0.208,0.224,0.29901,45.523,-45049,3.0891e+06,-3478.7,3478.7
0.208,0.208,1.2701,44.867,3.1646e+05,2.2137e+06,-30811,30811
0.208,0.192,2.3178,41.332,6.5204e+05,9.2452e+05,-61838,61838
0.208,0.176,2.4512,36.292,8.0501e+05,-6.7942e+05,-91590,91590
0.208,0.16,2.5057,30.586,7.8275e+05,-2.04e+06,-1.047e+05,1.047e+05
0.208,0.144,3.1289,29.296,7.8188e+05,-2.8387e+06,-1.0136e+05,1.0136e+05
0.208,0.128,2.4704,31.827,8.126e+05,-3.0036e+06,-80450,80450
0.208,0.112,3.3867,34.442,8.8839e+05,-2.8086e+06,-54584,54584
0.208,0.096,4.0487,34.897,8.3463e+05,-2.4491e+06,-36040,36040
0.208,0.08,2.9036,37.989,7.1134e+05,-1.9638e+06,-24801,24801
0.208,0.064,2.178,40.737,5.4113e+05,-1.4204e+06,-16576,16576
0.208,0.048,1.6251,42.627,2.9884e+05,-7.6859e+05,-6010.6,6010.6
0.208,0.032,2.3964,43.273,1.3402e+05,-3.1952e+05,-1213.4,1213.4
0.208,0.016,2.5844,41.411,0,0,74.444,74.444
0.224,0.496,3.6287,34.76,0,0,0,0
0.224,0.48,4.1858,28.933,0,0,0,0
0.224,0.464,3.5733,24.464,NaN,NaN,0,0
0.224,0.448,1.4318,24.896,NaN,NaN,NaN,NaN
0.224,0.432,0.67162,29.296,NaN,NaN,NaN,NaN
0.224,0.416,0.063757,34.699,NaN,NaN,-47666,47666
0.224,0.4,-1.0349,37.843,NaN,NaN,-55506,55506
0.224,0.384,-1.7342,38.21,NaN,NaN,-78830,78830
0.224,0.368,-1.8983,36.34,NaN,NaN,-1.1103e+05,1.1103e+05
0.224,0.352,-2.1066,37.772,NaN,NaN,-1.4167e+05,1.4167e+05
0.224,0.336,-1.6788,40.714,NaN,NaN,-1.4976e+05,1.4976e+05
0.224,0.32,-1.9442,41.742,NaN,NaN,-1.0854e+05,1.0854e+05
0.224,0.304,-2.066,43.52,NaN,NaN,-34880,34880
0.224,0.288,-2.6776,45.436,NaN,NaN,51538,51538
0.224,0.272,-3.0583,46.458,-8.8433e+05,2.7785e+06,75397,75397
0.224,0.256,-2.1087,47.266,-8.5138e+05,3.2797e+06,78040,78040
0.224,0.24,-1.9084,46.484,-7.5846e+05,3.4024e+06,49131,49131
0.224,0.224,-2.4052,45.14,-5.2875e+05,3.4055e+06,25326,25326
0.224,0.208,-1.6926,45.218,-1.8713e+05,2.5956e+06,-3592.4,3592.4
0.224,0.192,-0.11142,43.705,1.4705e+05,1.4814e+06,-27153,27153
0.224,0.176,0.96324,40.94,3.5838e+05,3.2197e+05,-44436,44436
0.224,0.16,0.74549,38.254,4.7943e+05,-5.6312e+05,-52022,52022
0.224,0.144,2.3067,38.117,5.8848e+05,-1.0669e+06,-56563,56563
0.224,0.128,3.5664,39.342,7.5952e+05,-1.2376e+06,-45698,45698
0.224,0.112,3.8322,40.027,9.0348e+05,-1.1806e+06,-34987,34987
0.224,0.096,3.8148,41.015,9.3897e+05,-1.0026e+06,-16383,16383
0.224,0.08,3.6096,42.804,8.5985e+05,-7.5078e+05,-6050.5,6050.5
0.224,0.064,3.0621,43.089,7.6022e+05,-4.6913e+05,4482.5,4482.5
0.224,0.048,2.473,44.693,4.7237e+05,-2.4511e+05,7934.2,7934.2
0.224,0.032,3.017,44.853,2.3417e+05,-96083,4683.5,4683.5
0.224,0.016,3.4308,43.031,0,0,1428.5,1428.5
0.24,0.496,2.8591,38.499,0,0,0,0
0.24,0.48,3.4339,36.222,0,0,0,0
0.24,0.464,3.9686,35.965,NaN,NaN,0,0
0.24,0.448,3.9119,35.899,NaN,NaN,NaN,NaN
0.24,0.432,3.219,37.771,NaN,NaN,NaN,NaN
0.24,0.416,2.2929,38.391,NaN,NaN,NaN,NaN
0.24,0.4,0.57722,40.228,NaN,NaN,NaN,NaN
0.24,0.384,-0.59655,40.726,NaN,NaN,NaN,NaN
0.24,0.368,-0.95928,41.238,NaN,NaN,NaN,NaN
0.24,0.352,-0.43996,42.738,NaN,NaN,NaN,NaN
0.24,0.336,-0.11377,43.53,NaN,NaN,NaN,NaN
0.24,0.32,-1.1183,43.87,NaN,NaN,NaN,NaN
0.24,0.304,-0.92638,44.207,NaN,NaN,NaN,NaN
0.24,0.288,-1.3916,45.491,NaN,NaN,2.5701e+05,2.5701e+05
0.24,0.272,-1.9147,46.756,-1.0403e+06,2.5823e+06,2.1214e+05,2.1214e+05
0.24,0.256,-1.7485,47.634,-1.1126e+06,2.9786e+06,1.79e+05,1.79e+05
0.24,0.24,-2.4826,47.007,-1.0652e+06,3.0422e+06,1.0606e+05,1.0606e+05
0.24,0.224,-2.2963,46.515,-9.5831e+05,2.9875e+06,59000,59000
0.24,0.208,-1.9604,46.285,-7.0997e+05,2.4693e+06,21029,21029
0.24,0.192,-1.7184,45.821,-4.1191e+05,1.704e+06,4544.7,4544.7
0.24,0.176,-1.1391,44.982,-1.6802e+05,1.022e+06,-13018,13018
0.24,0.16,-1.1142,45.011,47220,5.0573e+05,-16859,16859
0.24,0.144,0.081796,45.375,2.3702e+05,2.5986e+05,-19420,19420
0.24,0.128,1.4226,47.348,4.3138e+05,1.3627e+05,-10231,10231
0.24,0.112,2.7532,47.611,5.5572e+05,1.5256e+05,1203.9,1203.9
0.24,0.096,3.1713,48.253,5.262e+05,3.2739e+05,15298,15298
0.24,0.08,2.2799,48.941,4.6944e+05,4.4198e+05,24024,24024
0.24,0.064,1.2571,48.992,4.729e+05,4.7426e+05,23069,23069
0.24,0.048,2.0293,49.674,3.4332e+05,2.6114e+05,17667,17667
0.24,0.032,3.0769,48.011,2.0445e+05,95025,8619.7,8619.7
0.24,0.016,2.8818,45.112,0,0,2380.8,2380.8
0.256,0.496,2.5694,43.353,0,0,0,0
0.256,0.48,3.6649,42.167,0,0,0,0
0.256,0.464,4.5002,41.567,NaN,NaN,0,0
0.256,0.448,5.0881,41.815,NaN,NaN,NaN,NaN
0.256,0.432,4.51,41.242,NaN,NaN,NaN,NaN
0.256,0.416,3.8276,42.85,NaN,NaN,NaN,NaN
0.256,0.4,0.70599,44.605,NaN,NaN,NaN,NaN
0.256,0.384,-0.9537,45.895,NaN,NaN,NaN,NaN
0.256,0.368,-0.92059,47.432,NaN,NaN,NaN,NaN
0.256,0.352,-1.3467,48.444,NaN,NaN,NaN,NaN
0.256,0.336,-1.3067,48.133,NaN,NaN,NaN,NaN
0.256,0.32,-1.6485,48.347,NaN,NaN,NaN,NaN
0.256,0.304,-1.7318,48.485,NaN,NaN,NaN,NaN
0.256,0.288,-1.9371,48.86,NaN,NaN,3.1055e+05,3.1055e+05
0.256,0.272,-2.3946,49.106,-1.0939e+06,2.1753e+06,2.7573e+05,2.7573e+05
0.256,0.256,-2.1783,49.744,-1.237e+06,2.649e+06,2.2352e+05,2.2352e+05
0.256,0.24,-2.8855,49.457,-1.2972e+06,2.6854e+06,1.5542e+05,1.5542e+05
0.256,0.224,-2.6693,49.038,-1.2901e+06,2.6355e+06,87672,87672
0.256,0.208,-2.0284,49.582,-1.1835e+06,2.3563e+06,53131,53131
0.256,0.192,-1.6911,49.555,-9.298e+05,1.8833e+06,26895,26895
0.256,0.176,-0.67352,49.223,-6.1547e+05,1.4735e+06,9386.1,9386.1
0.256,0.16,-0.14664,49.937,-2.8834e+05,1.1501e+06,6182.2,6182.2
0.256,0.144,-0.36773,50.785,-11449,1.0384e+06,6585.6,6585.6
0.256,0.128,-0.40871,52.232,1.5435e+05,1.0143e+06,18151,18151
0.256,0.112,-1.4185,53.871,2.4957e+05,1.0701e+06,26471,26471
0.256,0.096,-1.0984,54.8,2.0389e+05,1.2275e+06,39694,39694
0.256,0.08,-2.8172,56.141,1.6165e+05,1.2863e+06,40777,40777
0.256,0.064,-1.3814,56.449,1.6383e+05,1.2137e+06,31741,31741
0.256,0.048,0.033529,54.856,1.3146e+05,7.3371e+05,21236,21236
0.256,0.032,0.86658,52.094,97054,3.1474e+05,9669.9,9669.9
0.256,0.016,0.86209,48.616,0,0,2626.6,2626.6
0.272,0.496,3.0198,49.004,0,0,0,0
0.272,0.48,6.0371,46.003,0,0,0,0
0.272,0.464,6.9562,44.625,NaN,NaN,0,0
0.272,0.448,5.6505,43.706,NaN,NaN,NaN,NaN
0.272,0.432,4.3587,43.601,NaN,NaN,NaN,NaN
0.272,0.416,3.016,46.768,NaN,NaN,NaN,NaN
0.272,0.4,1.1242,48.443,NaN,NaN,NaN,NaN
0.272,0.384,-0.65616,49.268,NaN,NaN,NaN,NaN
0.272,0.368,-0.93043,50.555,NaN,NaN,NaN,NaN
0.272,0.352,-0.9619,52.419,NaN,NaN,NaN,NaN
0.272,0.336,-0.85135,53.343,NaN,NaN,NaN,NaN
0.272,0.32,-1.7079,53.06,NaN,NaN,NaN,NaN
0.272,0.304,-3.0313,54.016,NaN,NaN,NaN,NaN
0.272,0.288,-3.2286,54.941,NaN,NaN,3.9851e+05,3.9851e+05
0.272,0.272,-3.5938,54.115,NaN,NaN,3.2486e+05,3.2486e+05
0.272,0.256,-3.8922,53.878,-1.3251e+06,2.341e+06,2.3321e+05,2.3321e+05
0.272,0.24,-4.321,53.327,-1.4694e+06,2.3642e+06,1.5906e+05,1.5906e+05
0.272,0.224,-4.7139,52.316,-1.519e+06,2.2609e+06,1.0565e+05,1.0565e+05
0.272,0.208,-4.2387,52.173,-1.4798e+06,2.1733e+06,67399,67399
0.272,0.192,-2.8244,52.546,-1.2316e+06,1.9035e+06,39818,39818
0.272,0.176,-1.5029,51.973,-8.1038e+05,1.6197e+06,14792,14792
0.272,0.16,0.1951,53.157,-3.3424e+05,1.3273e+06,18400,18400
0.272,0.144,0.6123,54.479,40565,1.2393e+06,15541,15541
0.272,0.128,0.84863,55.291,1.5072e+05,1.314e+06,24369,24369
0.272,0.112,-0.61177,57.012,90968,1.4196e+06,29906,29906
0.272,0.096,-0.98318,58.488,-84024,1.4944e+06,45092,45092
0.272,0.08,-0.77956,58.817,-1.5922e+05,1.3823e+06,44292,44292
0.272,0.064,-1.529,58.868,-1.4899e+05,1.254e+06,32392,32392
0.272,0.048,-1.8837,58.627,-90088,7.677e+05,19855,19855
0.272,0.032,-2.2399,57.666,-23384,3.6956e+05,8578.7,8578.7
0.272,0.016,-0.36893,52.229,0,0,2399.4,2399.4
0.288,0.496,5.562,49.245,0,0,0,0
0.288,0.48,6.6968,47.477,0,0,0,0
0.288,0.464,6.26,46.928,NaN,NaN,0,0
0.288,0.448,4.6441,46.303,NaN,NaN,NaN,NaN
0.288,0.432,2.2405,46.741,NaN,NaN,NaN,NaN
0.288,0.416,0.19433,48.28,NaN,NaN,NaN,NaN
0.288,0.4,-1.579,48.234,NaN,NaN,NaN,NaN
0.288,0.384,-2.908,48.033,NaN,NaN,NaN,NaN
0.288,0.368,-3.7942,49.053,NaN,NaN,NaN,NaN
0.288,0.352,-2.8088,50.587,NaN,NaN,NaN,NaN
0.288,0.336,-2.0452,51.49,NaN,NaN,NaN,NaN
0.288,0.32,-2.0351,51.37,NaN,NaN,NaN,NaN
0.288,0.304,-1.9029,52.947,NaN,NaN,NaN,NaN
0.288,0.288,-1.6161,55.4,NaN,NaN,NaN,NaN
0.288,0.272,-1.5582,56.243,NaN,NaN,3.7169e+05,3.7169e+05
0.288,0.256,-2.1039,56.559,NaN,NaN,1.8107e+05,1.8107e+05
0.288,0.24,-2.4819,57.324,-1.7384e+06,2.3815e+06,1.475e+05,1.475e+05
0.288,0.224,-2.9292,56.605,-1.5766e+06,2.1763e+06,1.0168e+05,1.0168e+05
0.288,0.208,-3.1026,56.359,-1.4237e+06,2.1424e+06,76962,76962
0.288,0.192,-1.7404,56.69,-1.1065e+06,1.9173e+06,50300,50300
0.288,0.176,-0.47743,54.335,-6.1093e+05,1.6518e+06,32128,32128
0.288,0.16,-0.45586,53.875,-81159,1.3276e+06,30237,30237
0.288,0.144,0.15146,53.489,3.2743e+05,1.1548e+06,16470,16470
0.288,0.128,0.94384,53.667,3.8774e+05,9.9343e+05,16207,16207
0.288,0.112,-1.1007,55.09,2.0718e+05,8.3317e+05,14847,14847
0.288,0.096,-2.5388,55.312,-37448,6.5968e+05,30576,30576
0.288,0.08,-1.9947,54.147,-1.5889e+05,5.2475e+05,29687,29687
0.288,0.064,-2.8074,54.66,-1.7763e+05,5.4016e+05,23300,23300
0.288,0.048,-2.674,57.241,-1.4922e+05,3.7072e+05,15737,15737
0.288,0.032,-3.4102,58.581,-76101,2.3e+05,6805.9,6805.9
0.288,0.016,-3.7861,56.515,0,0,1982.8,1982.8
0.304,0.496,6.7306,47.931,0,0,0,0
0.304,0.48,5.7314,47.399,0,0,0,0
0.304,0.464,4.342,47.937,NaN,NaN,0,0
0.304,0.448,2.9736,48.123,NaN,NaN,NaN,NaN
0.304,0.432,1.0015,48.368,NaN,NaN,NaN,NaN
0.304,0.416,-1.6528,48.037,NaN,NaN,NaN,NaN
0.304,0.4,-3.4575,46.772,NaN,NaN,NaN,NaN
0.304,0.384,-4.8415,45.599,NaN,NaN,NaN,NaN
0.304,0.368,-5.4283,45.033,NaN,NaN,NaN,NaN
0.304,0.352,-4.8925,44.255,NaN,NaN,NaN,NaN
0.304,0.336,-4.3987,44.533,NaN,NaN,NaN,NaN
0.304,0.32,-3.4031,45.219,NaN,NaN,NaN,NaN
0.304,0.304,-1.7827,46.817,NaN,NaN,NaN,NaN
0.304,0.288,-0.7667,49.789,NaN,NaN,NaN,NaN
0.304,0.272,0.28367,52.302,NaN,NaN,2.2202e+05,2.2202e+05
0.304,0.256,1.2381,54.909,NaN,NaN,1.3199e+05,1.3199e+05
0.304,0.24,1.3421,56.906,2.9186e+05,1.8334e+06,1.1296e+05,1.1296e+05
0.304,0.224,0.62883,57.338,-5.4818e+05,2.0446e+06,93595,93595
0.304,0.208,0.54335,57.816,-5.818e+05,2.1227e+06,76541,76541
0.304,0.192,0.85163,57.611,-5.3226e+05,2.0347e+06,70611,70611
0.304,0.176,0.52218,55.054,-1.5312e+05,1.7853e+06,57487,57487
0.304,0.16,-0.23463,53.108,2.9218e+05,1.3674e+06,47016,47016
0.304,0.144,-0.07185,50.221,6.0845e+05,1.0195e+06,15706,15706
0.304,0.128,0.51137,47.675,5.7045e+05,6.0991e+05,1295.6,1295.6
0.304,0.112,-1.1561,46.562,2.601e+05,2.0085e+05,-8530.6,8530.6
0.304,0.096,-2.7434,47.429,-93287,-1.9113e+05,-1559.7,1559.7
0.304,0.08,-2.5322,48.319,-2.8833e+05,-4.3656e+05,-1387.5,1387.5
0.304,0.064,-2.2355,48.595,-3.4923e+05,-4.5767e+05,4649.7,4649.7
0.304,0.048,-2.0805,50.535,-2.648e+05,-3.0526e+05,6899.9,6899.9
0.304,0.032,-2.4481,53.015,-1.3484e+05,-1.0578e+05,3857.1,3857.1
0.304,0.016,-2.96,53.199,0,0,1179,1179
0.32,0.496,5.1672,48.281,0,0,0,0
0.32,0.48,3.8137,46.098,0,0,0,0
0.32,0.464,2.7541,46.096,NaN,NaN,0,0
0.32,0.448,2.2676,45.432,NaN,NaN,NaN,NaN
0.32,0.432,0.86778,45.245,NaN,NaN,NaN,NaN
0.32,0.416,-1.4259,44.532,NaN,NaN,NaN,NaN
0.32,0.4,-2.6322,44.196,NaN,NaN,NaN,NaN
0.32,0.384,-4.1775,43.76,NaN,NaN,NaN,NaN
0.32,0.368,-5.074,42.912,NaN,NaN,NaN,NaN
0.32,0.352,-4.3254,41.732,NaN,NaN,NaN,NaN
0.32,0.336,-3.7287,41.668,NaN,NaN,NaN,NaN
0.32,0.32,-2.4345,41.533,NaN,NaN,NaN,NaN
0.32,0.304,-1.538,42.514,NaN,NaN,NaN,NaN
0.32,0.288,0.16375,44.125,NaN,NaN,NaN,NaN
0.32,0.272,1.5763,47.021,NaN,NaN,2.2712e+05,2.2712e+05
0.32,0.256,3.0862,50.437,1.1136e+06,4.2573e+06,1.5038e+05,1.5038e+05
0.32,0.24,3.8332,52.775,9.0446e+05,3.4941e+06,1.2125e+05,1.2125e+05
0.32,0.224,3.783,54.196,5.0442e+05,3.1453e+06,75567,75567
0.32,0.208,3.5168,55.463,2.859e+05,2.7759e+06,71706,71706
0.32,0.192,2.2836,54.979,1.7288e+05,2.4982e+06,81194,81194
0.32,0.176,1.5749,53.754,3.0995e+05,2.0798e+06,86708,86708
0.32,0.16,1.198,51.327,4.9332e+05,1.5268e+06,66644,66644
0.32,0.144,1.1931,47.322,5.6016e+05,8.4599e+05,26708,26708
0.32,0.128,0.4358,43.748,3.7886e+05,63026,-8735.2,8735.2
0.32,0.112,-0.55145,41.494,36658,-6.4071e+05,-39279,39279
0.32,0.096,-1.0079,41.753,-3.3072e+05,-1.2126e+06,-48115,48115
0.32,0.08,-2.2161,42.601,-5.5754e+05,-1.5587e+06,-41787,41787
0.32,0.064,-2.3547,43.222,-6.8151e+05,-1.6915e+06,-21382,21382
0.32,0.048,-2.4312,44.657,-4.7746e+05,-1.1611e+06,-6364.3,6364.3
0.32,0.032,-2.9598,46.029,-2.4121e+05,-5.4584e+05,-1023.9,1023.9
0.32,0.016,-2.7595,46.403,0,0,-30.616,30.616
0.336,0.496,3.0446,46.525,0,0,0,0
0.336,0.48,1.949,43.918,0,0,0,0
0.336,0.464,0.66884,43.119,NaN,NaN,0,0
0.336,0.448,0.24901,41.127,NaN,NaN,NaN,NaN
0.336,0.432,0.26454,39.81,NaN,NaN,NaN,NaN
0.336,0.416,-0.46364,39.095,NaN,NaN,NaN,NaN
0.336,0.4,-1.581,39.398,NaN,NaN,2.793e+05,2.793e+05
0.336,0.384,-1.5505,40.789,NaN,NaN,2.7077e+05,2.7077e+05
0.336,0.368,-1.0135,40.932,NaN,NaN,2.6515e+05,2.6515e+05
0.336,0.352,-0.77018,40.849,NaN,NaN,2.4992e+05,2.4992e+05
0.336,0.336,-0.90757,41.24,NaN,NaN,2.295e+05,2.295e+05
0.336,0.32,-0.67309,41.449,NaN,NaN,2.0851e+05,2.0851e+05
0.336,0.304,0.13234,42.369,NaN,NaN,2.0551e+05,2.0551e+05
0.336,0.288,0.77268,43.265,NaN,NaN,2.2731e+05,2.2731e+05
0.336,0.272,1.7314,45.049,NaN,NaN,2.4707e+05,2.4707e+05
0.336,0.256,3.9998,48.444,1.238e+06,5.1898e+06,1.9295e+05,1.9295e+05
0.336,0.24,5.4128,50.135,1.1081e+06,4.4634e+06,1.4409e+05,1.4409e+05
0.336,0.224,5.4659,50.825,1.0392e+06,4.2738e+06,77109,77109
0.336,0.208,4.9812,51.986,8.5772e+05,3.7456e+06,64322,64322
0.336,0.192,3.172,51.432,6.9296e+05,3.331e+06,82283,82283
0.336,0.176,2.3028,49.614,5.5055e+05,2.551e+06,1.0154e+05,1.0154e+05
0.336,0.16,1.3672,46.91,5.1129e+05,1.6555e+06,98828,98828
0.336,0.144,0.99815,43.661,3.3817e+05,6.2753e+05,52756,52756
0.336,0.128,-0.45756,39.349,14816,-4.2677e+05,1406.3,1406.3
0.336,0.112,-0.77355,36.881,-4.4168e+05,-1.4513e+06,-53690,53690
0.336,0.096,-1.0126,36.791,-8.2319e+05,-2.4567e+06,-76551,76551
0.336,0.08,-2.2091,35.895,-1.0048e+06,-3.0732e+06,-75914,75914
0.336,0.064,-1.9722,35.178,-1.0225e+06,-3.2242e+06,-49213,49213
0.336,0.048,-2.0228,36.729,-6.4362e+05,-2.1026e+06,-23466,23466
0.336,0.032,-2.2386,37.592,-3.0434e+05,-9.7105e+05,-7741.6,7741.6
0.336,0.016,-2.0809,35.818,0,0,-1611.4,1611.4
0.352,0.496,0.4272,39.912,0,0,0,0
0.352,0.48,-0.19449,37.717,0,0,0,0
0.352,0.464,-0.22357,38.137,NaN,NaN,0,0
0.352,0.448,-0.58875,37.215,NaN,NaN,NaN,NaN
0.352,0.432,-0.73075,35.903,NaN,NaN,NaN,NaN
0.352,0.416,-1.5645,34.576,NaN,NaN,3.0398e+05,3.0398e+05
0.352,0.4,-1.9749,32.981,NaN,NaN,2.5451e+05,2.5451e+05
0.352,0.384,-0.79147,32.881,-99036,-4.4184e+05,2.4422e+05,2.4422e+05
0.352,0.368,-0.71011,34.575,34509,-3.9168e+05,2.2426e+05,2.2426e+05
0.352,0.352,-0.81819,35.67,-57893,-6.0177e+05,2.063e+05,2.063e+05
0.352,0.336,-2.1799,36.921,51611,-2.5442e+05,1.7992e+05,1.7992e+05
0.352,0.32,-1.2226,36.134,2.6017e+05,5.2242e+05,1.6712e+05,1.6712e+05
0.352,0.304,0.44214,37.664,5.6878e+05,1.8216e+06,1.982e+05,1.982e+05
0.352,0.288,1.0946,41.948,7.1195e+05,3.113e+06,2.5133e+05,2.5133e+05
0.352,0.272,3.3586,45.884,6.5948e+05,4.3807e+06,2.8344e+05,2.8344e+05
0.352,0.256,6.3466,48.298,9.5278e+05,5.3215e+06,2.3201e+05,2.3201e+05
0.352,0.24,6.677,49.042,1.1661e+06,5.5093e+06,1.6319e+05,1.6319e+05
0.352,0.224,5.7729,48.387,1.2555e+06,5.4348e+06,85494,85494
0.352,0.208,5.1734,48.705,1.1317e+06,5.0105e+06,62479,62479
0.352,0.192,3.9582,47.567,8.7833e+05,4.3354e+06,79737,79737
0.352,0.176,2.3701,43.795,5.955e+05,3.3084e+06,1.0644e+05,1.0644e+05
0.352,0.16,1.0557,40.982,4.6408e+05,2.3073e+06,1.209e+05,1.209e+05
0.352,0.144,0.16573,38.686,1.7125e+05,1.1468e+06,77743,77743
0.352,0.128,-0.978,37.009,-2.6521e+05,-3.2904e+05,24285,24285
0.352,0.112,-1.6026,34.253,-8.3941e+05,-1.9206e+06,-39814,39814
0.352,0.096,-3.7447,28.734,-1.2535e+06,-3.4959e+06,-71416,71416
0.352,0.08,-7.2925,24.815,-1.4191e+06,-4.3176e+06,-82590,82590
0.352,0.064,-4.8276,20.594,-1.3188e+06,-4.3378e+06,-67064,67064
0.352,0.048,-3.0361,22.682,-8.0924e+05,-2.7527e+06,-38505,38505
0.352,0.032,-3.353,24.501,-3.4363e+05,-1.2215e+06,-14856,14856
0.352,0.016,-2.3485,19.041,0,0,-3310.9,3310.9
0.368,0.496,1.0648,24.563,0,0,0,0
0.368,0.48,-0.92876,24.32,0,0,0,0
0.368,0.464,-0.24323,24.894,NaN,NaN,45011,45011
0.368,0.448,-0.83058,26.15,NaN,NaN,1.9392e+05,1.9392e+05
0.368,0.432,-0.27065,25.812,NaN,NaN,2.155e+05,2.155e+05
0.368,0.416,-0.12253,24.71,NaN,NaN,2.2166e+05,2.2166e+05
0.368,0.4,-1.5575,23.897,2.7993e+05,1.321e+05,2.1411e+05,2.1411e+05
0.368,0.384,-1.2954,23.652,2.4483e+05,-1.1411e+05,2.0643e+05,2.0643e+05
0.368,0.368,-0.75042,24.715,2.0818e+05,-3.231e+05,2.054e+05,2.054e+05
0.368,0.352,-0.36354,24.781,1.1691e+05,-5.1977e+05,1.9587e+05,1.9587e+05
0.368,0.336,-1.7014,26.657,1.4274e+05,-1.9492e+05,1.7959e+05,1.7959e+05
0.368,0.32,0.29454,26.497,3.5144e+05,8.7303e+05,1.8105e+05,1.8105e+05
0.368,0.304,1.9091,28.133,5.8885e+05,2.2106e+06,2.1121e+05,2.1121e+05
0.368,0.288,1.6649,33.945,6.9845e+05,3.5304e+06,2.5723e+05,2.5723e+05
0.368,0.272,3.7782,39.919,6.9409e+05,4.6533e+06,2.8891e+05,2.8891e+05
0.368,0.256,4.9095,45.582,9.1828e+05,5.7233e+06,2.501e+05,2.501e+05
0.368,0.24,4.8649,46.711,1.1446e+06,6.2166e+06,1.7872e+05,1.7872e+05
0.368,0.224,4.7961,47.129,1.2546e+06,6.2302e+06,1.016e+05,1.016e+05
0.368,0.208,4.6083,46.983,1.0703e+06,5.7339e+06,77112,77112
0.368,0.192,3.6391,45.121,8.0065e+05,4.9716e+06,83666,83666
0.368,0.176,2.6022,42.561,5.0611e+05,3.9986e+06,90350,90350
0.368,0.16,1.4204,41.341,3.8218e+05,2.9614e+06,1.0539e+05,1.0539e+05
0.368,0.144,1.1262,39.631,71547,1.6487e+06,74499,74499
0.368,0.128,0.013155,38.631,-3.9679e+05,-1.7997e+05,42611,42611
0.368,0.112,-1.5587,34.597,-1.096e+06,-2.2187e+06,-16285,16285
0.368,0.096,-2.7165,26.729,-1.5075e+06,-4.0359e+06,-50753,50753
0.368,0.08,-6.7607,21.807,-1.628e+06,-4.8845e+06,-77017,77017
0.368,0.064,-8.9228,15.559,-1.3045e+06,-4.6699e+06,-72711,72711
0.368,0.048,-6.7211,14.859,-7.5671e+05,-2.8957e+06,-46445,46445
0.368,0.032,-3.9443,14.322,-2.8083e+05,-1.2688e+06,-19589,19589
0.368,0.016,-2.3378,12.02,0,0,-4686.8,4686.8
0.384,0.496,0.73584,18.432,0,0,105.65,105.65
0.384,0.48,-0.36339,18.534,0,0,2260,2260
0.384,0.464,-1.1915,18.329,NaN,NaN,37960,37960
0.384,0.448,-2.3288,15.997,-3.2738e+05,-1.5789e+06,96676,96676
0.384,0.432,-2.0836,15.004,-2.9396e+05,-1.3759e+06,1.3204e+05,1.3204e+05
0.384,0.416,-0.76391,17.438,-1.9917e+05,-1.0203e+06,1.5179e+05,1.5179e+05
0.384,0.4,0.48692,19.852,1.1042e+05,-1.7735e+05,1.4876e+05,1.4876e+05
0.384,0.384,0.85635,18.39,2.4865e+05,1.3647e+05,1.4681e+05,1.4681e+05
0.384,0.368,0.063428,15.379,2.5495e+05,-7325.3,1.4957e+05,1.4957e+05
0.384,0.352,-0.32553,13.801,1.6485e+05,-2.1361e+05,1.5588e+05,1.5588e+05
0.384,0.336,-0.031934,15.614,1.5901e+05,14312,1.5697e+05,1.5697e+05
0.384,0.32,0.22168,19.01,3.1487e+05,1.0546e+06,1.6415e+05,1.6415e+05
0.384,0.304,2.3325,25.952,5.3404e+05,2.4182e+06,1.9013e+05,1.9013e+05
0.384,0.288,2.6193,31.476,7.1324e+05,3.7888e+06,2.2405e+05,2.2405e+05
0.384,0.272,3.8664,37.881,7.9334e+05,4.8608e+06,2.4981e+05,2.4981e+05
0.384,0.256,5.4626,41.806,9.1419e+05,5.6744e+06,2.2188e+05,2.2188e+05
0.384,0.24,6.2766,42.282,9.8422e+05,6.0786e+06,1.7267e+05,1.7267e+05
0.384,0.224,4.8123,43.493,9.3672e+05,5.7854e+06,1.1843e+05,1.1843e+05
0.384,0.208,3.3185,42.516,6.7647e+05,4.7731e+06,96181,96181
0.384,0.192,2.4598,39.324,4.0973e+05,3.6628e+06,80269,80269
0.384,0.176,2.0184,37.699,1.73e+05,2.65e+06,58250,58250
0.384,0.16,1.664,37.264,1.6557e+05,1.9804e+06,50413,50413
0.384,0.144,1.6939,34.712,1.6547e+05,1.2425e+06,32354,32354
0.384,0.128,1.2733,33.412,34261,1.2954e+05,18301,18301
0.384,0.112,0.3263,31.301,-8.1021e+05,-1.7729e+06,-16716,16716
0.384,0.096,-6.4717,24.222,-1.7156e+06,-3.749e+06,-56880,56880
0.384,0.08,-8.0271,15.326,-2.4483e+06,-5.0106e+06,-88624,88624
0.384,0.064,-9.0615,10.226,-1.843e+06,-4.5082e+06,-89972,89972
0.384,0.048,-7.8395,9.5685,-1.0019e+06,-2.7259e+06,-58273,58273
0.384,0.032,-4.7076,9.9373,-1.495e+05,-1.0258e+06,-25491,25491
0.384,0.016,-2.3866,10.294,0,0,-6065.5,6065.5
0.4,0.496,3.3325,15.456,0,0,200.86,200.86
0.4,0.48,2.7837,15.54,0,0,2762.5,2762.5
0.4,0.464,0.90439,14.831,-5.6917e+05,-8.0915e+05,30196,30196
0.4,0.448,-1.026,11.353,-3.8637e+05,-1.1844e+06,67150,67150
0.4,0.432,-1.3267,8.3692,-3.0037e+05,-1.0553e+06,97279,97279
0.4,0.416,-1.9146,10.684,-1.4388e+05,-7.6007e+05,94830,94830
0.4,0.4,-0.20417,12.741,1.1935e+05,-71274,88216,88216
0.4,0.384,1.0148,12.494,3.1133e+05,2.8568e+05,82800,82800
0.4,0.368,0.62493,12.381,3.7238e+05,2.2569e+05,1.0869e+05,1.0869e+05
0.4,0.352,-0.32387,12.335,3.4133e+05,1.8461e+05,1.3406e+05,1.3406e+05
0.4,0.336,0.50776,12.652,2.9021e+05,4.8467e+05,1.5665e+05,1.5665e+05
0.4,0.32,-0.15663,16.11,3.7041e+05,1.5747e+06,1.69e+05,1.69e+05
0.4,0.304,0.80379,22.7,5.7228e+05,2.8353e+06,1.7207e+05,1.7207e+05
0.4,0.288,2.9723,28.905,8.1438e+05,4.0045e+06,1.7623e+05,1.7623e+05
0.4,0.272,4.5749,32.61,8.7341e+05,4.6234e+06,1.8489e+05,1.8489e+05
0.4,0.256,4.2883,34.941,7.7988e+05,4.5905e+06,1.7358e+05,1.7358e+05
0.4,0.24,3.5883,35.637,4.6073e+05,3.8935e+06,1.4149e+05,1.4149e+05
0.4,0.224,2.2743,35.57,1.3134e+05,2.7357e+06,96279,96279
0.4,0.208,0.41723,27.461,-2.3111e+05,1.3872e+06,72484,72484
0.4,0.192,1.5033,23.133,-2.9859e+05,6.6753e+05,56675,56675
0.4,0.176,1.9333,23.847,-86455,4.6342e+05,32459,32459
0.4,0.16,0.90139,19.685,3.1067e+05,7.0596e+05,17191,17191
0.4,0.144,1.3909,18.033,6.1186e+05,4.4036e+05,2109.1,2109.1
0.4,0.128,3.2007,17.204,2.5363e+05,-5.3391e+05,212.15,212.15
0.4,0.112,3.3398,15.709,-1.1339e+06,-2.3823e+06,-6264.1,6264.1
0.4,0.096,-10.941,24.239,-2.8868e+06,-3.5563e+06,-12369,12369
0.4,0.08,-21.615,24.596,-4.3857e+06,-4.091e+06,-27975,27975
0.4,0.064,-23.065,21.566,-3.8075e+06,-3.9775e+06,-37749,37749
0.4,0.048,-6.0216,4.4525,-2.306e+06,-2.7086e+06,-34345,34345
0.4,0.032,-3.3397,3.8107,-5.7423e+05,-1.508e+06,-16254,16254
0.4,0.016,-1.1284,4.9396,0,0,-4497.3,4497.3
0.416,0.496,3.5196,11.676,0,0,55.081,55.081
0.416,0.48,2.9994,11.691,-1.3268e+05,-1.8145e+05,2231.7,2231.7
0.416,0.464,1.0062,9.7615,-4.4455e+05,-6.6761e+05,7004.2,7004.2
0.416,0.448,0.15007,7.4342,-3.6208e+05,-8.6599e+05,18269,18269
0.416,0.432,-1.3634,4.997,-2.3703e+05,-8.3967e+05,29262,29262
0.416,0.416,-1.2338,5.5363,-1.7607e+05,-6.9333e+05,38239,38239
0.416,0.4,-0.52348,8.0108,36344,-2.581e+05,42234,42234
0.416,0.384,0.7065,7.6962,2.3827e+05,96287,49338,49338
0.416,0.368,0.73889,7.7768,4.2335e+05,2.7346e+05,72630,72630
0.416,0.352,1.5311,8.6703,4.352e+05,4.4435e+05,1.0202e+05,1.0202e+05
0.416,0.336,0.89125,11.817,4.1515e+05,8.738e+05,1.3177e+05,1.3177e+05
0.416,0.32,0.38054,16.302,3.926e+05,1.7174e+06,1.3979e+05,1.3979e+05
0.416,0.304,1.1686,20.94,4.6144e+05,2.6007e+06,1.407e+05,1.407e+05
0.416,0.288,3.1213,23.188,5.8675e+05,3.1556e+06,1.4001e+05,1.4001e+05
0.416,0.272,4.124,23.94,5.2262e+05,2.9956e+06,1.3615e+05,1.3615e+05
0.416,0.256,2.8566,20.205,33699,2.0374e+06,1.128e+05,1.128e+05
0.416,0.24,-0.91326,15.916,-6.8157e+05,3.2023e+05,88558,88558
0.416,0.224,-3.5651,12.645,-1.2636e+06,-1.5925e+06,72717,72717
0.416,0.208,-3.6702,14.302,-1.4163e+06,-2.9586e+06,74235,74235
0.416,0.192,-3.6869,13.622,-1.4337e+06,-3.0701e+06,65546,65546
0.416,0.176,-1.7543,13.735,-1.1055e+06,-2.4113e+06,44645,44645
0.416,0.16,1.2463,13.886,1.7989e+05,-1.0995e+06,27184,27184
0.416,0.144,1.4391,13.293,1.2411e+06,-7.1108e+05,10562,10562
0.416,0.128,2.0237,10.573,3.0657e+06,-1.0234e+06,655.81,655.81
0.416,0.112,-6.2373,23.074,6.593e+05,-2.578e+06,12036,12036
0.416,0.096,-28.995,26.926,-1.4336e+06,-3.3341e+06,48336,48336
0.416,0.08,-39.82,42.228,-5.7341e+06,-3.7088e+06,70988,70988
0.416,0.064,-46.482,36.309,-6.4571e+06,-2.8109e+06,53506,53506
0.416,0.048,-27.835,11.653,-4.158e+06,-1.6307e+06,17384,17384
0.416,0.032,-16.816,-3.7425,-2.1251e+06,-7.3419e+05,174.96,174.96
0.416,0.016,-0.46651,0.41037,0,0,-42.263,42.263
0.432,0.496,3.301,10.601,0,0,-341.22,341.22
0.432,0.48,2.5878,8.1874,-1.321e+05,-1.8624e+05,-254.15,254.15
0.432,0.464,1.0838,5.9392,-3.2098e+05,-4.6078e+05,1095.7,1095.7
0.432,0.448,0.35558,4.6586,-2.796e+05,-4.9573e+05,8031.7,8031.7
0.432,0.432,-0.96612,4.5178,-1.489e+05,-4.9267e+05,17809,17809
0.432,0.416,-0.81816,1.5682,-2.6091e+05,-5.8268e+05,30721,30721
0.432,0.4,-3.9449,3.1485,-1.487e+05,-4.4131e+05,45939,45939
0.432,0.384,-1.0274,3.0078,2.6791e+05,-2.2786e+05,66071,66071
0.432,0.368,2.0309,2.922,1.1621e+06,3.5571e+05,93577,93577
0.432,0.352,2.5227,4.4181,1.5973e+06,8.1342e+05,1.1781e+05,1.1781e+05
0.432,0.336,1.6548,8.4475,1.3968e+06,1.2943e+06,1.3389e+05,1.3389e+05
0.432,0.32,1.6191,13.176,7.4079e+05,1.5759e+06,1.4179e+05,1.4179e+05
0.432,0.304,0.86787,14.025,2.2917e+05,1.7326e+06,1.4962e+05,1.4962e+05
0.432,0.288,1.9019,12.127,-1.6593e+05,1.5288e+06,1.5343e+05,1.5343e+05
0.432,0.272,2.031,9.925,-1.4545e+06,1.1519e+06,1.3584e+05,1.3584e+05
0.432,0.256,-2.199,9.6388,-2.294e+06,-7.261e+05,78556,78556
0.432,0.24,-15.807,16.273,-2.5931e+06,-2.4229e+06,26580,26580
0.432,0.224,-9.5597,7.6784,-2.3646e+06,-5.0637e+06,10270,10270
0.432,0.208,-12.511,1.0061,-2.5152e+06,-5.9752e+06,49154,49154
0.432,0.192,-8.065,7.9103,-3.1487e+06,-6.2485e+06,85904,85904
0.432,0.176,-11.807,21.145,-3.1435e+06,-4.5403e+06,87336,87336
0.432,0.16,-9.2973,22.777,-1.7541e+06,-2.6558e+06,75662,75662
0.432,0.144,2.6764,11.16,2.6212e+05,-1.7163e+06,51515,51515
0.432,0.128,1.3435,7.8728,2.7189e+06,-1.9482e+06,31482,31482
0.432,0.112,9.3935,28.357,4.1394e+05,-3.1254e+06,37406,37406
0.432,0.096,-30.624,40.729,-1.7455e+06,-3.225e+06,1.0208e+05,1.0208e+05
0.432,0.08,-99.703,81.496,-6.9376e+06,-2.9842e+06,1.6654e+05,1.6654e+05
0.432,0.064,-100.65,162.5,-1.0729e+07,-1.032e+06,1.552e+05,1.552e+05
0.432,0.048,-74.271,21.019,-6.5829e+06,-6.3618e+05,85562,85562
0.432,0.032,-87.699,-17.723,-4.0465e+06,-4.2642e+05,23943,23943
0.432,0.016,-73.068,-18.273,0,0,5551,5551
0.448,0.496,4.8445,9.5163,0,0,-615.7,615.7
0.448,0.48,3.3599,5.6339,-54974,-50103,-1620.4,1620.4
0.448,0.464,2.5232,3.9928,-76210,-1.4381e+05,-1297.2,1297.2
0.448,0.448,1.8915,3.2949,53102,-1.7745e+05,2720.9,2720.9
0.448,0.432,0.88262,2.6321,1.1672e+05,-2.0235e+05,17534,17534
0.448,0.416,1.0695,0.74407,-7.6655e+05,-1.5919e+06,42799,42799
0.448,0.4,-8.358,1.0718,-1.2958e+06,-2.0028e+06,77282,77282
0.448,0.384,-3.8468,2.1078,-1.5765e+06,-3.0817e+06,1.1399e+05,1.1399e+05
0.448,0.368,2.9347,2.5812,-7.2525e+05,-2.5126e+06,1.5004e+05,1.5004e+05
0.448,0.352,3.8172,3.1114,-1.3134e+05,-2.1634e+06,1.7431e+05,1.7431e+05
0.448,0.336,2.75,3.8328,2.6907e+05,-7.9356e+05,1.8017e+05,1.8017e+05
0.448,0.32,1.6646,5.2065,6.1381e+05,6.8413e+05,1.7704e+05,1.7704e+05
0.448,0.304,0.083073,5.9564,3.3625e+05,9.7124e+05,1.7e+05,1.7e+05
0.448,0.288,-5.1385,9.3657,-1.1088e+06,5.1e+05,1.6878e+05,1.6878e+05
0.448,0.272,-14.3,17.262,-3.0288e+06,-1.9409e+05,1.4552e+05,1.4552e+05
0.448,0.256,-53.189,28.236,-4.385e+06,-2.0089e+06,64046,64046
0.448,0.24,-18.546,8.1714,-3.5901e+06,-3.3703e+06,-12058,12058
0.448,0.224,-2.9999,4.9308,-2.9461e+06,-6.1758e+06,-33804,33804
0.448,0.208,-17.078,5.2689,-2.9835e+06,-6.8893e+06,37409,37409
0.448,0.192,-25.061,7.8028,-5.8761e+06,-5.6016e+06,1.0299e+05,1.0299e+05
0.448,0.176,-27.229,11.545,-6.9604e+06,-3.2013e+06,1.2058e+05,1.2058e+05
0.448,0.16,-42.166,32.419,-6.257e+06,-1.7794e+06,1.0027e+05,1.0027e+05
0.448,0.144,-16.88,16.422,-3.0493e+06,-2.1794e+06,77834,77834
0.448,0.128,-0.12238,5.0745,7.8171e+05,-2.3877e+06,44379,44379
0.448,0.112,-2.2957,4.397,-38741,-2.8082e+06,42236,42236
0.448,0.096,-34.62,26.301,-5.7585e+05,-2.5969e+06,81106,81106
0.448,0.08,-227.31,365.03,-5.2279e+06,-3.2282e+06,1.5502e+05,1.5502e+05
0.448,0.064,-113.25,-21.051,-1.5761e+07,2.1397e+06,1.5062e+05,1.5062e+05
0.448,0.048,-83.935,6.543,-6.3044e+06,8.5588e+05,94014,94014
0.448,0.032,-91.718,-32.872,-3.9403e+06,5.3493e+05,22514,22514
0.448,0.016,-91.776,-20.406,0,0,4402.6,4402.6
0.464,0.496,1.0726,4.289,28562,-3040.4,-749.46,749.46
0.464,0.48,2.5309,3.2814,1.0043e+05,72577,-2182.3,2182.3
0.464,0.464,3.294,3.1249,1.3635e+05,48634,-2371.7,2371.7
0.464,0.448,2.8035,1.5279,860.07,-1.4072e+05,2041,2041
0.464,0.432,1.9955,0.92147,-7.6328e+05,-1.4195e+06,19973,19973
0.464,0.416,1.2422,2.7379,-2.5292e+06,-4.2395e+06,47319,47319
0.464,0.4,-34.284,-10.647,-3.6526e+06,-5.7297e+06,90212,90212
0.464,0.384,-18.19,-1.2689,-4.6392e+06,-6.0622e+06,1.3961e+05,1.3961e+05
0.464,0.368,-29.295,-11.8,-3.9852e+06,-6.4992e+06,1.8904e+05,1.8904e+05
0.464,0.352,-28.48,-11.923,-3.4325e+06,-6.9292e+06,2.1829e+05,2.1829e+05
0.464,0.336,-10.079,-4.157,-2.4116e+06,-7.0816e+06,2.1289e+05,2.1289e+05
0.464,0.32,-2.0205,-1.1464,-1.1511e+06,-3.6646e+06,1.8038e+05,1.8038e+05
0.464,0.304,1.4406,3.7677,-1.2311e+06,-2.7572e+06,1.4889e+05,1.4889e+05
0.464,0.288,0.601,1.448,-3.4837e+06,-1.0102e+06,1.3543e+05,1.3543e+05
0.464,0.272,-38.872,38.465,-6.2305e+06,-1.307e+06,1.2782e+05,1.2782e+05
0.464,0.256,-94.299,56.838,-8.2647e+06,-1.1854e+06,62613,62613
0.464,0.24,-112.52,57.279,-4.892e+06,-2.6264e+06,-10079,10079
0.464,0.224,-146.08,74.556,-2.8631e+06,-5.9602e+06,-47878,47878
0.464,0.208,-153.59,-94.211,-3.2483e+06,-6.6854e+06,3140.9,3140.9
0.464,0.192,-109.01,54.868,-8.1574e+06,-5.2425e+06,69696,69696
0.464,0.176,-86.286,42.97,-9.5135e+06,-2.692e+06,98878,98878
0.464,0.16,-63.645,39.774,-9.3677e+06,-2.4325e+06,80006,80006
0.464,0.144,-50.448,37.069,-4.8398e+06,-2.9069e+06,63082,63082
0.464,0.128,-17.645,16.456,-2.4955e+06,-2.7147e+06,36383,36383
0.464,0.112,-12.666,8.3655,-1.404e+05,-1.3622e+06,37330,37330
0.464,0.096,-15.952,27.125,-3.0598e+06,-5.9266e+05,43956,43956
0.464,0.08,172.47,340.51,-4.5386e+06,-4.2378e+05,89669,89669
0.464,0.064,-141.3,-273.97,-8.0335e+06,1.0508e+06,86616,86616
0.464,0.048,-143.71,3.8309,-1.6451e+06,7.5126e+05,56832,56832
0.464,0.032,-458.88,-178.15,-1.0282e+06,4.6953e+05,10017,10017
0.464,0.016,-167.53,-67.521,0,0,768.78,768.78
0.48,0.496,-0.69734,1.7674,24991,-2660.3,-498.83,498.83
0.48,0.48,1.6611,0.19691,1.041e+05,89179,-1680.4,1680.4
0.48,0.464,1.6326,1.001,1.5321e+05,80193,-1760.6,1760.6
0.48,0.448,0.51514,0.77371,44386,-1.0196e+05,1791.9,1791.9
0.48,0.432,-10.662,-1.4867,-7.5976e+05,-1.3674e+06,10554,10554
0.48,0.416,-33.307,-14.415,-2.3779e+06,-4.0101e+06,20703,20703
0.48,0.4,-42.648,-16.956,-3.4855e+06,-5.453e+06,44206,44206
0.48,0.384,-36.246,-13.517,-4.753e+06,-5.8671e+06,80136,80136
0.48,0.368,-61.072,2.6284,-4.8349e+06,-6.7544e+06,1.2968e+05,1.2968e+05
0.48,0.352,-46.067,-49.271,-4.6815e+06,-7.4311e+06,1.6206e+05,1.6206e+05
0.48,0.336,-34.725,-40.486,-3.4572e+06,-7.6464e+06,1.5876e+05,1.5876e+05
0.48,0.32,-30.849,-29.754,-1.5799e+06,-3.9957e+06,1.2313e+05,1.2313e+05
0.48,0.304,-7.4788,-3.7476,-1.1403e+06,-2.8335e+06,90916,90916
0.48,0.288,-23.449,-6.4148,-2.9786e+06,-8.1863e+05,85069,85069
0.48,0.272,-72.305,34.896,-4.1135e+06,-1.1975e+06,90958,90958
0.48,0.256,-136.27,117.01,-4.7074e+06,3.6316e+05,56108,56108
0.48,0.24,-182.05,-26.246,0,0,6723.5,6723.5
0.48,0.224,-697.28,306.49,0,0,-29939,29939
0.48,0.208,-403.83,209.12,0,0,-7479.4,7479.4
0.48,0.192,-429.42,236.91,-4.134e+06,1.5472e+06,29924,29924
0.48,0.176,-114.9,132.55,-5.621e+06,1.7606e+06,56960,56960
0.48,0.16,5.0356,-16.248,-6.7986e+06,1.6116e+05,46705,46705
0.48,0.144,-50.104,15.053,-3.8811e+06,-1.405e+06,42852,42852
0.48,0.128,-8.0393,8.9291,-2.4583e+06,-1.7466e+06,23270,23270
0.48,0.112,1.1381,-0.54219,1.7702e+05,-3.8708e+05,31411,31411
0.48,0.096,1.576,-1.5479,-1.786e+06,2.6145e+05,25528,25528
0.48,0.08,-79.907,0.17705,-1.9404e+06,6.5951e+05,43821,43821
0.48,0.064,-76.726,-264.05,-1.4577e+06,4.4284e+05,30527,30527
0.48,0.048,-7.4547,-3.0822,1.4311e+06,4.6969e+05,14537,14537
0.48,0.032,-35.056,-10.718,1.0733e+06,3.5227e+05,-4339.7,4339.7
0.48,0.016,-1.1779,0.32109,0,0,-3418.7,3418.7
0.496,0.496,0.96121,1.8581,22215,-2364.7,-317.84,317.84
0.496,0.48,0.01748,0.4915,55795,9207.9,-992.38,992.38
0.496,0.464,-0.82948,0.72979,71911,1070,-872.04,872.04
0.496,0.448,-5.8408,-1.7961,-1.6484e+05,-1.4578e+05,1162.6,1162.6
0.496,0.432,-15.44,-5.4382,-9.2383e+05,-1.3773e+06,1615.6,1615.6
0.496,0.416,-35.541,-17.581,-1.8428e+06,-2.8343e+06,-1853.9,1853.9
0.496,0.4,-64.355,-24.009,-2.3821e+06,-3.9149e+06,3174.7,3174.7
0.496,0.384,-368.04,-196.54,-3.0086e+06,-3.1271e+06,20890,20890
0.496,0.368,-98.251,12.973,-3.101e+06,-4.0313e+06,53181,53181
0.496,0.352,-38.203,-21.647,-3.1101e+06,-4.652e+06,73338,73338
0.496,0.336,-121.78,-396.57,-2.4778e+06,-5.9441e+06,69527,69527
0.496,0.32,-124.43,-327.85,-1.5952e+06,-3.7982e+06,41209,41209
0.496,0.304,-85.862,25.991,-1.4752e+06,-3.0965e+06,25104,25104
0.496,0.288,-107.05,57.073,-2.3741e+06,-1.0533e+06,25906,25906
0.496,0.272,-86.464,50.844,-2.5442e+06,-9.3359e+05,38471,38471
0.496,0.256,-282.36,238.38,-2.081e+06,4.1011e+05,27420,27420
0.496,0.24,-129.26,-11.304,0,0,12883,12883
0.496,0.224,-187.2,45.497,0,0,-178.71,178.71
0.496,0.208,0.77825,0.011841,0,0,3811.2,3811.2
0.496,0.192,0.74566,-0.40776,0,0,9955.9,9955.9
0.496,0.176,-426.98,215.27,0,0,15971,15971
0.496,0.16,-32.811,8.4527,-1.3883e+06,-8.7501e+05,14101,14101
0.496,0.144,-71.348,57.966,-7.3114e+05,-9.5506e+05,16428,16428
0.496,0.128,0.098463,0.97994,-6.337e+05,-8.5151e+05,10698,10698
0.496,0.112,-0.80041,0.21054,1.2891e+06,4.5881e+05,14620,14620
0.496,0.096,-0.65295,-1.5082,-9.046e+05,5.6009e+05,12631,12631
0.496,0.08,-83.893,-55.229,-1.0359e+06,6.3298e+05,16135,16135
0.496,0.064,-541.42,-451.11,-9.1108e+05,2.7678e+05,7548.8,7548.8
0.496,0.048,-316.87,-123.65,1.0733e+06,3.5227e+05,-1027.4,1027.4
0.496,0.032,-457.02,-472.5,9.5405e+05,3.1313e+05,-4922.3,4922.3
0.496,0.016,-130.65,0.28873,0,0,-2171.1,2171.1
