0.016,0.496,-0.1307,3.5697,0,0,52.769,52.769
0.016,0.48,-1.2256,2.778,-424.41,-15619,76.01,76.01
0.016,0.464,-1.674,2.7609,-3962.6,-15358,84.153,84.153
0.016,0.448,1.5283,0.035836,5944.1,-19495,-753.78,753.78
0.016,0.432,0.85041,2.4462,2757.3,-5444.9,-2575,2575
0.016,0.416,3.6963,0.36048,-3482.7,-6516.4,-4725.2,4725.2
0.016,0.4,2.5432,-0.67488,-17693,821.13,-4021.4,4021.4
0.016,0.384,4.5526,0.47487,-16275,756.24,-2848.9,2848.9
0.016,0.368,6.3041,-0.7769,-8286.6,570.61,-1094.4,1094.4
0.016,0.352,3.6587,-0.36417,-10751,143.73,-99.862,99.862
0.016,0.336,6.1648,-0.48511,-10067,276.23,2341.4,2341.4
0.016,0.32,3.4624,0.68712,-8130.5,917.49,5251,5251
0.016,0.304,0.1748,0.1333,-5280.4,841.22,2842.2,2842.2
0.016,0.288,0.53845,-0.49296,-7044.6,443.32,1450,1450
0.016,0.272,1.1163,-0.30798,-8362.7,1231.2,-774.32,774.32
0.016,0.256,0.26064,-0.046847,-5914.2,593.77,1171,1171
0.016,0.24,2.8447,0.54139,-18759,-230.46,1466,1466
0.016,0.224,7.751,0.67247,-18751,609.31,1953.7,1953.7
0.016,0.208,7.0195,0.27069,-14568,3032.5,1775.5,1775.5
0.016,0.192,0.838,0.1855,4669.9,188.02,1188.4,1188.4
0.016,0.176,-0.72205,-0.37987,4625.4,-120.93,708.57,708.57
0.016,0.16,-0.385,-0.82731,2196.1,1311.5,647.26,647.26
0.016,0.144,-0.71403,0.50698,-146.18,4830.4,667.22,667.22
0.016,0.128,2.3854,-1.9603,473.96,3313.2,450.49,450.49
0.016,0.112,5.9871,-0.14904,-8220.3,-22461,322.55,322.55
0.016,0.096,1.1199,4.6441,-13195,-21441,145.58,145.58
0.016,0.08,5.4589,-1.4316,-15499,-19054,24.613,24.613
0.016,0.064,6.8813,0.13925,-14648,-42383,-131.06,131.06
0.016,0.048,1.7828,-0.65314,-10498,-43090,-84.875,84.875
0.016,0.032,3.0928,0.21901,-7998.2,-44894,-43.785,43.785
0.016,0.016,2.1224,-3.6799,0,0,11.809,11.809
0.032,0.496,0.96317,5.5771,0,0,239.01,239.01
0.032,0.48,0.53647,3.332,8171.1,-60636,645.43,645.43
0.032,0.464,0.4924,1.3015,-16900,-14759,1151.3,1151.3
0.032,0.448,-0.27168,1.6099,7592.6,-45025,1264.9,1264.9
0.032,0.432,0.55348,1.4639,-8824.3,14041,1197.9,1197.9
0.032,0.416,-0.16851,-0.32261,-8031.6,-24181,936.4,936.4
0.032,0.4,-0.43847,-0.24541,-49841,5529,771.72,771.72
0.032,0.384,-0.24407,0.30913,-38854,-1012,674.74,674.74
0.032,0.368,-0.068983,0.12939,-23415,-638.98,700.49,700.49
0.032,0.352,-0.049391,-0.18455,-12249,4432.6,607.98,607.98
0.032,0.336,-0.25166,0.24767,-16863,3361,496.83,496.83
0.032,0.32,-0.061019,-0.095009,-16987,7885.6,349.43,349.43
0.032,0.304,-0.087296,-0.35983,-12366,11525,395.98,395.98
0.032,0.288,-0.49473,-0.22286,-12189,8608.3,164.98,164.98
0.032,0.272,-0.25825,-0.25165,-12602,8403.4,-216.96,216.96
0.032,0.256,-0.08503,0.16858,-15514,-2137.9,-696.23,696.23
0.032,0.24,-0.42563,0.49408,-38067,-1595.4,-932.26,932.26
0.032,0.224,-0.28464,-0.087973,-40917,-2180.3,-906.97,906.97
0.032,0.208,0.21248,-0.39304,-27558,-5770.5,-653.06,653.06
0.032,0.192,0.67346,-0.10291,-7611.4,2879.9,-396.62,396.62
0.032,0.176,0.47038,-0.040408,-10757,4286.6,-309.24,309.24
0.032,0.16,-0.052508,0.26819,-22614,11693,-534.84,534.84
0.032,0.144,-0.4257,0.48982,-29713,415.92,-755.89,755.89
0.032,0.128,0.07316,-0.23418,-38782,-4032.1,-912.13,912.13
0.032,0.112,-0.0097727,-0.079419,-50115,-39386,-978.25,978.25
0.032,0.096,-0.65429,-0.016257,-58234,-31475,-793.29,793.29
0.032,0.08,-0.1017,-0.061771,-16065,-47717,-603.33,603.33
0.032,0.064,0.27114,0.12073,26406,-92887,-279.92,279.92
0.032,0.048,0.57476,-1.4769,47741,-1.0009e+05,-128.91,128.91
0.032,0.032,1.631,1.114,24442,-82374,-16.057,16.057
0.032,0.016,1.1777,-7.267,0,0,35.562,35.562
0.048,0.496,1.0522,4.3001,0,0,339.98,339.98
0.048,0.48,0.93014,3.9903,-13570,-1.111e+05,1032.7,1032.7
0.048,0.464,1.121,1.6105,-44402,-50508,1890.4,1890.4
0.048,0.448,0.10999,3.2356,-14148,-70590,2305.8,2305.8
0.048,0.432,0.93385,1.8603,-22473,1295.5,2334.2,2334.2
0.048,0.416,0.44819,2.387,-18964,-42706,2125,2125
0.048,0.4,-1.414,-0.17114,-54731,-12026,1696.3,1696.3
0.048,0.384,-1.6022,-0.084997,-39085,-2889.6,1200,1200
0.048,0.368,-0.2331,0.67974,-26519,-1245.3,776.2,776.2
0.048,0.352,-0.1249,-0.060072,-14161,4030.9,548.48,548.48
0.048,0.336,-0.57878,0.23863,-14226,-119.64,440.21,440.21
0.048,0.32,-0.74791,0.63907,-12166,4657.8,184.07,184.07
0.048,0.304,-0.71414,-0.11393,-45157,45917,1515.1,1515.1
0.048,0.288,-0.17821,0.2908,-1.3007e+05,1.291e+05,2737.1,2737.1
0.048,0.272,0.061806,0.45566,-1.3073e+05,1.3298e+05,4176.5,4176.5
0.048,0.256,-0.76219,0.40554,-97046,88162,2592.6,2592.6
0.048,0.24,-1.1463,-0.39016,-36843,4474.6,967.28,967.28
0.048,0.224,-1.1651,-0.13254,-41724,-2926.1,-575.25,575.25
0.048,0.208,-0.23725,-0.91314,-32194,-7278.1,-529.54,529.54
0.048,0.192,0.22921,-0.93877,-12517,3822,-447.36,447.36
0.048,0.176,-0.57498,1.1791,-13305,8194.2,-571.32,571.32
0.048,0.16,-1.0798,0.38788,-21622,14094,-919.21,919.21
0.048,0.144,-1.1901,-0.12975,-24442,-408.94,-1206,1206
0.048,0.128,-1.3395,-0.10957,-36584,-4578.3,-1467.4,1467.4
0.048,0.112,-1.5774,-0.25175,-45437,-35090,-1197.7,1197.7
0.048,0.096,-1.4549,-0.93951,-54901,-38237,-569.44,569.44
0.048,0.08,-1.5875,0.29467,-10006,-62837,232,232
0.048,0.064,2.0975,-0.48794,-53228,-46957,740.19,740.19
0.048,0.048,1.2872,-0.54583,-34120,-42707,756.85,756.85
0.048,0.032,0.21152,3.8891,-58123,-17607,475.37,475.37
0.048,0.016,-0.47447,-4.6328,0,0,153.52,153.52
0.064,0.496,1.1892,3.436,0,0,244.22,244.22
0.064,0.48,1.4349,3.7154,-47777,-1.2528e+05,591.05,591.05
0.064,0.464,1.0835,2.5684,-98467,-82313,1598,1598
0.064,0.448,1.4874,3.3002,-73049,-94315,2629.6,2629.6
0.064,0.432,1.28,3.213,-55519,-49775,3774.2,3774.2
0.064,0.416,0.44117,1.4566,-35649,-84618,4340.6,4340.6
0.064,0.4,-1.0745,-0.14753,-36024,-42353,4226.5,4226.5
0.064,0.384,-0.60781,-0.34762,-37639,3968.3,3103.9,3103.9
0.064,0.368,0.054668,0.089765,-15189,-18151,1778.4,1778.4
0.064,0.352,0.046438,-0.0858,-4347.1,4122.4,740.97,740.97
0.064,0.336,-0.19909,-0.3356,9024.5,7552.6,509.23,509.23
0.064,0.32,-0.28446,-0.0355,-35697,-2308.6,337.64,337.64
0.064,0.304,-0.084107,0.063046,-84084,12755,7840.5,7840.5
0.064,0.288,0.30772,-0.21151,8.6673e+05,-2.2509e+06,12367,12367
0.064,0.272,0.67632,-0.15971,9.524e+05,-2.2489e+06,17362,17362
0.064,0.256,0.57979,0.025386,1.0503e+06,-2.3375e+06,10497,10497
0.064,0.24,0.17393,-0.057216,89020,-78476,6662.1,6662.1
0.064,0.224,0.10334,0.16659,30858,-43756,1603.1,1603.1
0.064,0.208,0.17004,-0.24536,-23805,-7540.4,683.39,683.39
0.064,0.192,-0.26882,-0.15078,-22192,2211.9,-552.97,552.97
0.064,0.176,-0.14218,0.42497,-20634,8995.3,-912.87,912.87
0.064,0.16,0.1401,-0.16216,-24993,13545,-1287.3,1287.3
0.064,0.144,0.10024,-0.36076,-28654,317.25,-1425.2,1425.2
0.064,0.128,0.42791,-0.030835,-38452,-3454.4,-1369.8,1369.8
0.064,0.112,-0.013039,0.2604,-45287,-5885.5,-605.12,605.12
0.064,0.096,-0.70836,-0.077717,-22462,-61957,720.48,720.48
0.064,0.08,0.95359,-0.67865,-6042,-33065,1937.9,1937.9
0.064,0.064,0.70382,0.32911,-87716,72364,2481.1,2481.1
0.064,0.048,-2.2314,2.9813,-95420,1.2576e+05,1936.1,1936.1
0.064,0.032,-2.5658,3.1995,-94919,95283,1010.7,1010.7
0.064,0.016,-1.4697,-3.1378,0,0,235.77,235.77
0.08,0.496,2.6106,3.8976,0,0,202.78,202.78
0.08,0.48,2.9368,4.3354,-89016,-1.1217e+05,-11.895,11.895
0.08,0.464,2.3959,3.2796,-1.4605e+05,-1.4386e+05,559.55,559.55
0.08,0.448,1.6399,3.673,-1.2882e+05,-1.1969e+05,1969,1969
0.08,0.432,1.247,3.4529,-67754,-1.1834e+05,4620.7,4620.7
0.08,0.416,2.4608,1.4555,-16418,-1.4469e+05,6971.9,6971.9
0.08,0.4,0.81743,1.0859,-563.29,-1.3004e+05,6966.6,6966.6
0.08,0.384,-0.21292,0.57513,-41501,-68868,5230.3,5230.3
0.08,0.368,0.10605,-1.4606,-63225,-51665,2586.8,2586.8
0.08,0.352,1.7815,-1.5914,-36521,-34236,1086,1086
0.08,0.336,1.3988,1.1488,846.59,-14991,325.57,325.57
0.08,0.32,-0.75716,0.85992,-13424,-67238,202.88,202.88
0.08,0.304,-1.1228,-1.8833,-51480,-76842,12666,12666
0.08,0.288,0.40485,0.1117,9.4438e+05,-2.384e+06,26557,26557
0.08,0.272,47.938,-48.273,1.0488e+06,-2.4095e+06,39090,39090
0.08,0.256,2.0428,-2.0246,1.1074e+06,-2.427e+06,30678,30678
0.08,0.24,2.1198,-1.5865,62351,-1.0486e+05,18578,18578
0.08,0.224,0.026603,0.57312,-35415,13713,6663.4,6663.4
0.08,0.208,-0.10664,0.78257,-42155,59270,2313.4,2313.4
0.08,0.192,-0.11171,0.64618,3285.5,24852,-46.191,46.191
0.08,0.176,-0.0089803,0.39126,21212,19067,-1110.8,1110.8
0.08,0.16,-0.31619,-0.43204,-3374,-7340.9,-1273.3,1273.3
0.08,0.144,-0.54927,-0.45677,1091.5,8836.8,-979,979
0.08,0.128,-0.7418,0.182,-2700,7957.1,-587.95,587.95
0.08,0.112,0.037756,0.69964,9697.5,13277,522.33,522.33
0.08,0.096,-0.51114,-0.54051,43754,-85586,2137.7,2137.7
0.08,0.08,1.5947,-2.0826,7092.2,-6862,3444.9,3444.9
0.08,0.064,-0.15558,2.1158,-1.3728e+05,1.3773e+05,3664.7,3664.7
0.08,0.048,-1.6126,4.2036,-1.702e+05,2.3293e+05,2705.2,2705.2
0.08,0.032,-2.2547,3.8798,-1.3167e+05,1.5031e+05,1297,1297
0.08,0.016,-1.6162,-0.47054,0,0,321.45,321.45
0.096,0.496,2.9449,6.3454,0,0,270.81,270.81
0.096,0.48,3.8218,4.3704,-1.1741e+05,-69343,-371.33,371.33
0.096,0.464,2.5241,4.9728,-2.0808e+05,-1.5305e+05,-233.57,233.57
0.096,0.448,2.0337,4.506,-1.6539e+05,-1.6031e+05,731.88,731.88
0.096,0.432,2.9674,3.4385,-64989,-2.129e+05,4710.9,4710.9
0.096,0.416,3.777,3.0797,51969,-2.5574e+05,8141.1,8141.1
0.096,0.4,3.6109,2.4298,59712,-2.6822e+05,9806.2,9806.2
0.096,0.384,1.8718,1.8792,16960,-2.448e+05,8699.8,8699.8
0.096,0.368,1.1708,0.97895,-2886.6,-2.3876e+05,6541.1,6541.1
0.096,0.352,1.618,1.0394,-23796,-1.3082e+05,4111.8,4111.8
0.096,0.336,1.308,0.83259,2640.8,-57289,1743,1743
0.096,0.32,-0.23235,0.29143,5539.8,-1.2474e+05,1014.6,1014.6
0.096,0.304,2.0106,-1.1313,1.4702e+05,-2.937e+05,17330,17330
0.096,0.288,2.6448,-1.0806,1.2244e+06,-2.6909e+06,35770,35770
0.096,0.272,2.8703,-1.3332,1.2459e+06,-2.6021e+06,53344,53344
0.096,0.256,2.3418,-2.203,1.1795e+06,-2.4697e+06,47969,47969
0.096,0.24,-1.7046,1.2144,35497,-42799,34812,34812
0.096,0.224,-2.4066,1.2308,-67021,45902,16721,16721
0.096,0.208,-1.4237,1.7106,-1.0091e+05,94856,4893.2,4893.2
0.096,0.192,0.65732,2.9114,-35869,31278,-1363.2,1363.2
0.096,0.176,0.30968,0.59419,10485,13755,-2348.5,2348.5
0.096,0.16,-0.021442,0.067773,41083,-48363,-2414.5,2414.5
0.096,0.144,-0.26386,0.092543,47267,-22203,-1776.6,1776.6
0.096,0.128,0.099228,0.013024,32796,-27147,-787.1,787.1
0.096,0.112,0.88059,-0.064593,3277.1,-26414,347.25,347.25
0.096,0.096,1.2322,-0.95251,19884,-89605,2177.9,2177.9
0.096,0.08,0.44205,-1.8672,-14318,11351,3236.5,3236.5
0.096,0.064,-0.32185,1.4039,-68585,1.204e+05,3362.8,3362.8
0.096,0.048,-0.33513,2.3275,-95668,1.932e+05,2313.2,2313.2
0.096,0.032,-1.0404,5.047,-51891,97167,1085.7,1085.7
0.096,0.016,-0.6661,0.5819,0,0,307.24,307.24
0.112,0.496,4.174,7.0696,0,0,765.97,765.97
0.112,0.48,3.5843,5.2879,-33319,-2.5624e+05,303.91,303.91
0.112,0.464,2.5366,5.9324,-1.3556e+05,-4.2828e+05,248.49,248.49
0.112,0.448,3.9315,3.7159,-1.8033e+05,-3.1991e+05,106.67,106.67
0.112,0.432,3.4867,3.5682,-1.9145e+05,-1.9748e+05,2574,2574
0.112,0.416,2.5552,4.1284,-79335,-2.5286e+05,6112.4,6112.4
0.112,0.4,3.4952,4.6074,-14042,-3.8367e+05,9330.8,9330.8
0.112,0.384,2.9084,3.1641,32871,-4.7675e+05,11790,11790
0.112,0.368,3.4806,2.2841,53463,-4.4749e+05,11590,11590
0.112,0.352,4.1603,1.145,19841,-2.7707e+05,9016,9016
0.112,0.336,1.173,2.7526,-55757,-89712,4218.6,4218.6
0.112,0.32,1.1179,2.6265,-79329,-21614,1684.5,1684.5
0.112,0.304,2.6838,0.76978,1.0231e+05,-1.6916e+05,16869,16869
0.112,0.288,4.0992,-0.029542,2.0377e+05,-2.8116e+05,38286,38286
0.112,0.272,1.043,0.67789,2.1976e+05,-2.9814e+05,58132,58132
0.112,0.256,-0.24748,2.7316,1.1487e+05,-1.6337e+05,61896,61896
0.112,0.24,0.52636,3.0632,32785,-1.0175e+05,55243,55243
0.112,0.224,1.1011,2.4463,-46531,-24896,37999,37999
0.112,0.208,0.92916,2.0724,-98388,33609,17224,17224
0.112,0.192,-0.24741,2.993,-62440,2115.7,839.38,839.38
0.112,0.176,0.5455,1.6654,-33173,21774,-3718.5,3718.5
0.112,0.16,1.1137,-1.094,25477,-46964,-3810.2,3810.2
0.112,0.144,2.3652,-0.71355,37273,-23848,-2413.4,2413.4
0.112,0.128,2.0504,0.20667,-498.71,-63957,-1455.8,1455.8
0.112,0.112,1.6014,-0.25969,15225,-1.375e+05,-536.23,536.23
0.112,0.096,2.1427,-0.96033,2185.8,-1.616e+05,1008.7,1008.7
0.112,0.08,-0.7369,-0.24779,23784,-1.1618e+05,2162.7,2162.7
0.112,0.064,-0.69778,0.3611,-40329,42998,2437.1,2437.1
0.112,0.048,-0.6305,1.6328,-32387,79970,1769.4,1769.4
0.112,0.032,-0.4659,5.0435,-23135,67838,863.39,863.39
0.112,0.016,0.7753,0.069694,0,0,319.42,319.42
0.128,0.496,4.4405,6.0795,0,0,774.22,774.22
0.128,0.48,4.2754,5.9775,-2615.7,-2.6331e+05,322.8,322.8
0.128,0.464,5.5806,4.467,-1.2147e+05,-4.8347e+05,644.23,644.23
0.128,0.448,3.7778,4.408,-1.8796e+05,-4.4773e+05,-1854,1854
0.128,0.432,1.536,6.4042,-2.1315e+05,-4.2448e+05,-1929.4,1929.4
0.128,0.416,1.0389,7.0221,-1.6297e+05,-5.0529e+05,-1405.1,1405.1
0.128,0.4,2.861,6.0731,-59953,-6.3119e+05,4428.8,4428.8
0.128,0.384,2.7389,5.2549,66144,-7.51e+05,11009,11009
0.128,0.368,2.9365,4.9989,1.2602e+05,-7.1464e+05,15290,15290
0.128,0.352,3.5041,2.6196,-17176,-3.9703e+05,13211,13211
0.128,0.336,1.2962,3.2152,-1.637e+05,-45252,7200.4,7200.4
0.128,0.32,-0.84625,4.8128,-1.2296e+05,50180,4940.7,4940.7
0.128,0.304,-0.93344,5.6004,1.5475e+05,-1.8602e+05,19759,19759
0.128,0.288,-0.11551,4.6025,1.8842e+05,-2.3584e+05,37337,37337
0.128,0.272,-0.25361,3.3646,99332,-1.2811e+05,52925,52925
0.128,0.256,1.2092,2.1033,22241,-56783,56016,56016
0.128,0.24,2.0067,1.6304,1.1624e+05,-1.9614e+05,58706,58706
0.128,0.224,2.3484,1.6471,1.9759e+05,-3.7518e+05,50568,50568
0.128,0.208,3.5223,1.0524,86891,-2.7535e+05,33559,33559
0.128,0.192,1.441,1.8357,21529,-1.8692e+05,11085,11085
0.128,0.176,0.80883,1.9544,-43495,-47756,-669.15,669.15
0.128,0.16,0.075071,-0.21886,28768,-80984,-4471.2,4471.2
0.128,0.144,0.22045,-0.43886,44132,-71185,-3061.3,3061.3
0.128,0.128,0.60962,0.62513,33635,-1.1967e+05,-2259.6,2259.6
0.128,0.112,2.0457,0.32535,12869,-1.5836e+05,-1474.5,1474.5
0.128,0.096,3.3877,-0.31066,4933.6,-1.5251e+05,28.057,28.057
0.128,0.08,2.1366,0.66618,-7913,-1.3001e+05,1511.2,1511.2
0.128,0.064,1.3916,-0.35116,-44280,16656,2153,2153
0.128,0.048,-0.06767,2.231,-46053,42560,1438.2,1438.2
0.128,0.032,-0.69074,4.0206,-34709,72024,590.94,590.94
0.128,0.016,-1.1776,-2.1885,0,0,35.195,35.195
0.144,0.496,3.7419,6.2194,0,0,591.71,591.71
0.144,0.48,5.1388,6.1017,73982,-3.3285e+05,1219.1,1219.1
0.144,0.464,4.8643,7.5938,-29031,-7.2082e+05,2994.5,2994.5
0.144,0.448,3.468,9.4864,-1.9578e+05,-5.9724e+05,1845.3,1845.3
0.144,0.432,4.01,10.305,-3.7835e+05,-3.7594e+05,-623.71,623.71
0.144,0.416,4.019,9.7733,-4.9761e+05,-2.8465e+05,-2891.9,2891.9
0.144,0.4,1.9399,9.2218,-3.9084e+05,-4.0765e+05,806.98,806.98
0.144,0.384,1.9668,7.6986,-1.7515e+05,-6.1736e+05,11145,11145
0.144,0.368,2.4218,6.4234,11557,-7.4404e+05,20366,20366
0.144,0.352,0.39466,6.4409,-74636,-4.5293e+05,22444,22444
0.144,0.336,-0.93284,7.5133,-2.5975e+05,-22325,18906,18906
0.144,0.32,0.68196,7.8216,-3.2155e+05,3.0089e+05,15573,15573
0.144,0.304,1.658,7.9674,-2.0668e+05,3.2138e+05,26202,26202
0.144,0.288,1.3223,6.3293,-1.6938e+05,3.9849e+05,36498,36498
0.144,0.272,-0.66813,7.8392,-1.4733e+05,3.5272e+05,43084,43084
0.144,0.256,-1.4414,7.9032,-1.3645e+05,2.2049e+05,37806,37806
0.144,0.24,-0.85748,4.3027,41359,-1.9478e+05,39918,39918
0.144,0.224,1.524,2.8728,2.2602e+05,-5.456e+05,39287,39287
0.144,0.208,3.6314,1.6809,2.4202e+05,-5.6356e+05,34528,34528
0.144,0.192,2.3005,2.3409,1.617e+05,-3.9782e+05,15198,15198
0.144,0.176,1.4948,2.6055,10919,-1.4915e+05,2254.7,2254.7
0.144,0.16,1.6072,2.3675,-3534.1,-79482,-4635,4635
0.144,0.144,1.4847,1.8672,-11250,-53193,-3440.5,3440.5
0.144,0.128,1.9761,1.0236,20644,-96988,-2878.5,2878.5
0.144,0.112,3.153,1.6767,22821,-1.1105e+05,-2440.5,2440.5
0.144,0.096,1.5481,3.2652,20262,-1.2411e+05,-1447.6,1447.6
0.144,0.08,2.5153,2.078,-6454.6,-87701,155.28,155.28
0.144,0.064,1.4593,2.0029,-66132,33622,521.88,521.88
0.144,0.048,0.73455,3.4698,-68579,80458,-324.87,324.87
0.144,0.032,0.68963,4.0335,-63993,92189,-896.6,896.6
0.144,0.016,1.0896,-2.2262,0,0,-622.66,622.66
0.16,0.496,3.6464,10.828,0,0,131.52,131.52
0.16,0.48,3.747,13.2,0,0,889.63,889.63
0.16,0.464,4.056,15.451,-1.6614e+05,-1.9736e+05,3116.7,3116.7
0.16,0.448,4.8323,15.752,-1.8387e+05,-5.8037e+05,8911.1,8911.1
0.16,0.432,3.1366,13.843,-3.0941e+05,-5.6542e+05,11006,11006
0.16,0.416,0.74142,14.609,-5.2352e+05,-3.7346e+05,11592,11592
0.16,0.4,-1.3923,15.97,-4.7715e+05,-3.9403e+05,6303.4,6303.4
0.16,0.384,1.06,15.303,-3.5829e+05,-4.597e+05,7908.4,7908.4
0.16,0.368,1.692,13.385,-2.6147e+05,-4.953e+05,13558,13558
0.16,0.352,0.16776,11.704,-3.8667e+05,-1.366e+05,29059,29059
0.16,0.336,-0.95424,13.785,-5.4821e+05,4.4089e+05,39822,39822
0.16,0.32,-0.4804,14.615,-6.3011e+05,9.636e+05,42465,42465
0.16,0.304,-1.6795,14.327,-5.9095e+05,1.2073e+06,42530,42530
0.16,0.288,-1.5384,14.589,-5.8219e+05,1.2909e+06,39043,39043
0.16,0.272,-2.1656,15.604,-5.9509e+05,1.2548e+06,34357,34357
0.16,0.256,-2.6938,13.585,-5.5682e+05,9.7261e+05,17899,17899
0.16,0.24,-2.7794,11.066,-2.7643e+05,2.8842e+05,12653,12653
0.16,0.224,-1.0142,9.1121,71071,-4.578e+05,21900,21900
0.16,0.208,0.22178,5.3501,2.9014e+05,-7.4393e+05,34650,34650
0.16,0.192,0.68275,5.6242,3.0327e+05,-6.2616e+05,27243,27243
0.16,0.176,1.3157,4.0752,1.6203e+05,-3.4567e+05,10215,10215
0.16,0.16,0.78862,3.4177,63795,-1.8045e+05,-5038.3,5038.3
0.16,0.144,1.0874,3.4546,1574.2,-56449,-8645.8,8645.8
0.16,0.128,1.8439,2.5473,52547,-84989,-11444,11444
0.16,0.112,2.1449,2.8745,10752,-28437,-10129,10129
0.16,0.096,1.5343,3.7327,-32753,-72284,-7621.4,7621.4
0.16,0.08,1.4941,2.6011,-86551,18248,-5008.3,5008.3
0.16,0.064,1.3868,3.2639,-93389,49519,-3349.7,3349.7
0.16,0.048,0.026276,4.3484,-71172,91856,-3070.6,3070.6
0.16,0.032,-1.3289,4.247,-54276,69826,-2152.8,2152.8
0.16,0.016,0.26389,0.54687,0,0,-1081.1,1081.1
0.176,0.496,4.8544,24.116,0,0,0,0
0.176,0.48,7.0276,22.85,0,0,1196.6,1196.6
0.176,0.464,5.3035,21.891,NaN,NaN,4164,4164
0.176,0.448,3.4114,21.624,NaN,NaN,19640,19640
0.176,0.432,1.6653,20.902,-8.2798e+05,2.2304e+05,22823,22823
0.176,0.416,0.9119,19.558,-9.9851e+05,5.5209e+05,23613,23613
0.176,0.4,1.1824,22.134,-8.2651e+05,2.034e+05,11120,11120
0.176,0.384,1.3032,27.426,-6.4238e+05,-19566,8957.4,8957.4
0.176,0.368,1.2389,26.029,-4.3526e+05,-2.491e+05,11092,11092
0.176,0.352,1.1173,23.475,-4.7397e+05,26154,29444,29444
0.176,0.336,0.33029,24.959,-8.4024e+05,1.2267e+06,40577,40577
0.176,0.32,-3.1973,27.838,-1.2499e+06,2.4094e+06,35871,35871
0.176,0.304,-4.3106,28.038,-1.4678e+06,3.0605e+06,30793,30793
0.176,0.288,-4.1216,26.302,-1.3734e+06,2.9496e+06,22999,22999
0.176,0.272,-4.1635,22.483,-1.1318e+06,2.3419e+06,21207,21207
0.176,0.256,-4.9934,20.688,-9.0102e+05,1.5378e+06,638.36,638.36
0.176,0.24,-4.3847,16.904,-4.6739e+05,3.5692e+05,-5929.9,5929.9
0.176,0.224,-2.8824,13.34,-60589,-6.6127e+05,4447,4447
0.176,0.208,-2.5186,9.7416,3.3082e+05,-1.2877e+06,26158,26158
0.176,0.192,-0.68646,8.0878,3.9158e+05,-1.1874e+06,27254,27254
0.176,0.176,1.7082,5.1681,2.7603e+05,-8.7076e+05,16493,16493
0.176,0.16,1.1008,4.3343,1.117e+05,-5.1518e+05,-372.93,372.93
0.176,0.144,1.4697,2.7758,-750.09,-2.4614e+05,-9796.8,9796.8
0.176,0.128,1.7078,4.4642,11796,-2.8793e+05,-20343,20343
0.176,0.112,2.6073,1.888,2537.6,-3.4387e+05,-24019,24019
0.176,0.096,2.302,2.3665,-76548,-4.5841e+05,-20516,20516
0.176,0.08,0.48152,2.1501,-1.0415e+05,-3.0809e+05,-13744,13744
0.176,0.064,1.0871,2.9511,-1.1632e+05,-2.6983e+05,-9135.5,9135.5
0.176,0.048,1.123,3.8761,-74035,-1.1778e+05,-6588.7,6588.7
0.176,0.032,0.20696,2.9037,-48059,-72810,-3507.7,3507.7
0.176,0.016,-1.3382,2.3996,0,0,-1312.3,1312.3
0.192,0.496,3.961,30.061,0,0,0,0
0.192,0.48,5.5209,27.238,0,0,0,0
0.192,0.464,3.9884,23.948,NaN,NaN,0,0
0.192,0.448,3.3272,21.363,NaN,NaN,46837,46837
0.192,0.432,2.9573,23.595,NaN,NaN,45323,45323
0.192,0.416,1.6036,26.796,NaN,NaN,44480,44480
0.192,0.4,1.551,29.716,NaN,NaN,19145,19145
0.192,0.384,0.42596,36.453,-9.2189e+05,3.1929e+05,7012.2,7012.2
0.192,0.368,-0.87775,37.743,-8.3061e+05,3.5418e+05,3074,3074
0.192,0.352,-2.5528,35.584,-8.0799e+05,5.1093e+05,22248,22248
0.192,0.336,-4.6932,34.406,-1.2643e+06,2.1982e+06,31775,31775
0.192,0.32,-5.97,35.011,-1.6852e+06,3.5131e+06,16467,16467
0.192,0.304,-8.4959,37.308,-2.0195e+06,4.1546e+06,9791.1,9791.1
0.192,0.288,-8.4566,35.364,-1.864e+06,3.7438e+06,690.14,690.14
0.192,0.272,-6.0863,30.153,-1.5251e+06,2.7787e+06,7599.2,7599.2
0.192,0.256,-4.5593,28.456,-1.0213e+06,1.4091e+06,-9141.2,9141.2
0.192,0.24,-3.5972,23.623,-4.9183e+05,-7372.8,-11245,11245
0.192,0.224,-2.5665,17.908,10668,-1.0924e+06,3665.6,3665.6
0.192,0.208,-1.9731,12.817,4.9184e+05,-1.9225e+06,27986,27986
0.192,0.192,-0.30244,9.3514,7.3272e+05,-2.2316e+06,33546,33546
0.192,0.176,1.0285,7.247,6.5718e+05,-2.1598e+06,24397,24397
0.192,0.16,2.5169,3.9356,4.4298e+05,-1.7575e+06,8585.8,8585.8
0.192,0.144,1.5022,2.7138,3.2067e+05,-1.4307e+06,-1810.6,1810.6
0.192,0.128,3.2749,4.9544,3.4145e+05,-1.4516e+06,-17498,17498
0.192,0.112,3.0444,2.7634,3.4507e+05,-1.3342e+06,-27172,27172
0.192,0.096,2.5056,2.8745,1.9949e+05,-1.1055e+06,-29945,29945
0.192,0.08,2.4551,4.0358,65401,-5.4366e+05,-23093,23093
0.192,0.064,1.3644,5.1964,-34930,-3.7998e+05,-15099,15099
0.192,0.048,1.0946,3.4684,-56190,-1.4868e+05,-8637.6,8637.6
0.192,0.032,-0.045434,3.7478,-45158,-1.4504e+05,-3603,3603
0.192,0.016,-0.64666,2.4731,0,0,-1157.5,1157.5
0.208,0.496,3.888,35.988,0,0,0,0
0.208,0.48,5.913,32.611,0,0,0,0
0.208,0.464,5.0386,30.403,NaN,NaN,0,0
0.208,0.448,2.8872,28.993,NaN,NaN,NaN,NaN
0.208,0.432,1.9831,32.041,NaN,NaN,NaN,NaN
0.208,0.416,0.68355,35.988,NaN,NaN,NaN,NaN
0.208,0.4,1.0035,38.801,NaN,NaN,8928.1,8928.1
0.208,0.384,-0.2782,41.445,NaN,NaN,10368,10368
0.208,0.368,-2.8674,41.19,NaN,NaN,8926,8926
0.208,0.352,-5.9337,39.212,NaN,NaN,12827,12827
0.208,0.336,-8.104,38.642,-2.0541e+06,4.8441e+06,8757.5,8757.5
0.208,0.32,-8.547,38.334,-2.3002e+06,5.3636e+06,4343.1,4343.1
0.208,0.304,-7.9509,39.736,-2.4695e+06,5.0697e+06,6670.2,6670.2
0.208,0.288,-7.2904,40.134,-2.1915e+06,4.115e+06,3941.7,3941.7
0.208,0.272,-4.6982,35.84,-1.7774e+06,3.0059e+06,942.14,942.14
0.208,0.256,-2.5083,30.041,-1.3319e+06,1.8212e+06,-12616,12616
0.208,0.24,-1.4535,28.831,-8.8576e+05,7.2896e+05,-11898,11898
0.208,0.224,-3.0386,27.392,-4.9873e+05,-2.0537e+05,-3166.7,3166.7
0.208,0.208,-2.2132,23.588,18697,-1.18e+06,16875,16875
0.208,0.192,1.228,16.817,4.9795e+05,-1.9668e+06,24676,24676
0.208,0.176,1.3663,11.402,7.154e+05,-2.3577e+06,26425,26425
0.208,0.16,0.76043,8.7725,6.6157e+05,-2.2635e+06,19614,19614
0.208,0.144,1.6353,8.0887,7.0063e+05,-2.3679e+06,15408,15408
0.208,0.128,3.2063,8.7897,8.4337e+05,-2.5974e+06,-657.64,657.64
0.208,0.112,3.2764,9.1232,9.7331e+05,-2.5328e+06,-13347,13347
0.208,0.096,2.1322,13.658,8.2485e+05,-2.0118e+06,-24260,24260
0.208,0.08,2.0467,15.138,5.8602e+05,-1.1071e+06,-19297,19297
0.208,0.064,1.369,17.623,4.1039e+05,-6.9026e+05,-14442,14442
0.208,0.048,1.0556,12.037,1.8613e+05,-2.5606e+05,-7588.2,7588.2
0.208,0.032,0.23201,11.507,79531,-1.8825e+05,-3151.2,3151.2
0.208,0.016,0.12294,7.3743,0,0,-1258.4,1258.4
0.224,0.496,2.6531,42.538,0,0,0,0
0.224,0.48,2.9045,41.615,0,0,0,0
0.224,0.464,3.3425,40.509,NaN,NaN,0,0
0.224,0.448,3.6716,40.236,NaN,NaN,NaN,NaN
0.224,0.432,3.2958,40.416,NaN,NaN,NaN,NaN
0.224,0.416,1.3341,41.261,NaN,NaN,NaN,NaN
0.224,0.4,0.42413,41.323,NaN,NaN,NaN,NaN
0.224,0.384,-1.4507,41.322,NaN,NaN,NaN,NaN
0.224,0.368,-4.2333,39.032,NaN,NaN,NaN,NaN
0.224,0.352,-6.6553,36.237,NaN,NaN,70.719,70.719
0.224,0.336,-7.2712,36.87,NaN,NaN,3071,3071
0.224,0.32,-6.2941,39.64,NaN,NaN,14198,14198
0.224,0.304,-6.6121,40.874,-2.6883e+06,4.4619e+06,50526,50526
0.224,0.288,-6.5193,41.098,-2.181e+06,3.4928e+06,47347,47347
0.224,0.272,-5.8318,39.753,-1.9558e+06,2.9231e+06,43073,43073
0.224,0.256,-5.8412,38.6,-1.7584e+06,2.3596e+06,26338,26338
0.224,0.24,-6.6303,37.878,-1.6995e+06,2.2252e+06,32511,32511
0.224,0.224,-8.2426,38.108,-1.4878e+06,1.9322e+06,41431,41431
0.224,0.208,-7.8422,36.51,-1.019e+06,1.1266e+06,45116,45116
0.224,0.192,-5.6426,33.987,-3.4196e+05,-1.8274e+05,37495,37495
0.224,0.176,-4.0741,30.748,1.8669e+05,-1.1752e+06,30199,30199
0.224,0.16,-4.0356,29.289,5.067e+05,-1.4015e+06,25261,25261
0.224,0.144,-2.8352,26.725,8.6955e+05,-1.563e+06,31563,31563
0.224,0.128,0.84171,23.181,1.2233e+06,-1.7691e+06,31172,31172
0.224,0.112,0.60369,20.992,1.4344e+06,-1.8078e+06,28712,28712
0.224,0.096,-0.32827,24.579,1.3603e+06,-1.4262e+06,16442,16442
0.224,0.08,-0.20794,25.866,1.1471e+06,-7.028e+05,9243.6,9243.6
0.224,0.064,-0.82374,28.404,9.6509e+05,-3.043e+05,2722.2,2722.2
0.224,0.048,-0.5516,30.686,5.6412e+05,-11321,434.61,434.61
0.224,0.032,-0.01093,31.582,2.6007e+05,-27586,-213.34,213.34
0.224,0.016,-1.2713,32.167,0,0,-627.07,627.07
0.24,0.496,2.3335,49.25,0,0,0,0
0.24,0.48,3.6222,46.266,0,0,0,0
0.24,0.464,4.6304,45.491,NaN,NaN,0,0
0.24,0.448,4.6717,44.823,NaN,NaN,NaN,NaN
0.24,0.432,2.2652,43.646,NaN,NaN,NaN,NaN
0.24,0.416,-0.088264,41.559,NaN,NaN,NaN,NaN
0.24,0.4,-1.3143,39.373,NaN,NaN,NaN,NaN
0.24,0.384,-3.1766,37.71,NaN,NaN,NaN,NaN
0.24,0.368,-4.4167,34.762,NaN,NaN,NaN,NaN
0.24,0.352,-5.5527,32.138,NaN,NaN,3.7318e+05,3.7318e+05
0.24,0.336,-5.3177,33.817,NaN,NaN,4.1305e+05,4.1305e+05
0.24,0.32,-4.8301,37.538,NaN,NaN,3.136e+05,3.136e+05
0.24,0.304,-6.332,40.469,NaN,NaN,2.2149e+05,2.2149e+05
0.24,0.288,-6.1907,41.983,-2.2306e+06,3.0437e+06,1.5189e+05,1.5189e+05
0.24,0.272,-6.6271,44.187,-2.2287e+06,3.2972e+06,1.0197e+05,1.0197e+05
0.24,0.256,-7.7239,46.044,-2.2944e+06,3.4224e+06,76259,76259
0.24,0.24,-9.1719,47.14,-2.4186e+06,3.7945e+06,66479,66479
0.24,0.224,-10.48,48.501,-2.4055e+06,3.7626e+06,75066,75066
0.24,0.208,-9.8968,47.337,-2.1185e+06,3.2485e+06,66139,66139
0.24,0.192,-8.3384,46.233,-1.5501e+06,2.197e+06,43701,43701
0.24,0.176,-7.0999,44.854,-8.8856e+05,1.2401e+06,27729,27729
0.24,0.16,-4.7671,43.777,-2.8401e+05,8.4899e+05,23376,23376
0.24,0.144,-1.5857,43.339,3.7249e+05,7.3219e+05,35745,35745
0.24,0.128,0.38567,43.01,9.3228e+05,7.5105e+05,54046,54046
0.24,0.112,2.8006,41.99,1.3189e+06,7.1583e+05,75487,75487
0.24,0.096,2.6384,41.707,1.3971e+06,8.5003e+05,83808,83808
0.24,0.08,1.704,42.912,1.3047e+06,1.1565e+06,70425,70425
0.24,0.064,0.97569,44.409,1.1972e+06,1.5327e+06,41944,41944
0.24,0.048,0.025884,46.595,7.4841e+05,1.1787e+06,16246,16246
0.24,0.032,-0.20399,48.187,3.7161e+05,6.5602e+05,4164.8,4164.8
0.24,0.016,0.61326,47.651,0,0,458.7,458.7
0.256,0.496,1.8569,51.266,0,0,0,0
0.256,0.48,2.2063,48.166,0,0,0,0
0.256,0.464,2.7058,46.196,NaN,NaN,0,0
0.256,0.448,1.6081,44.773,NaN,NaN,NaN,NaN
0.256,0.432,0.22162,41.598,NaN,NaN,NaN,NaN
0.256,0.416,-1.2675,38.576,NaN,NaN,5.2986e+05,5.2986e+05
0.256,0.4,-3.0031,36.244,NaN,NaN,4.1345e+05,4.1345e+05
0.256,0.384,-4.4939,34.554,NaN,NaN,3.8471e+05,3.8471e+05
0.256,0.368,-4.8213,32.071,NaN,NaN,3.327e+05,3.327e+05
0.256,0.352,-5.1287,31.517,NaN,NaN,3.0853e+05,3.0853e+05
0.256,0.336,-4.8035,34.018,-9.7304e+05,-3.1751e+06,2.8727e+05,2.8727e+05
0.256,0.32,-4.6997,35.898,-9.5679e+05,-2.823e+06,2.7404e+05,2.7404e+05
0.256,0.304,-5.6662,38.617,-8.7982e+05,-2.4689e+06,2.3199e+05,2.3199e+05
0.256,0.288,-5.4079,42.21,-8.2717e+05,-1.8201e+06,1.9159e+05,1.9159e+05
0.256,0.272,-5.4623,47.092,-1.3566e+06,-21753,1.3769e+05,1.3769e+05
0.256,0.256,-6.8125,49.709,-1.8869e+06,1.2568e+06,1.1114e+05,1.1114e+05
0.256,0.24,-8.1544,51.205,-2.3718e+06,2.5728e+06,98823,98823
0.256,0.224,-9.1193,53.453,-2.4761e+06,3.2045e+06,95153,95153
0.256,0.208,-8.1438,54.792,-2.3602e+06,3.3145e+06,79831,79831
0.256,0.192,-7.5246,54.587,-2.0972e+06,2.9426e+06,47559,47559
0.256,0.176,-6.9756,54.424,-1.6835e+06,2.5617e+06,21679,21679
0.256,0.16,-5.1717,54.647,-1.1279e+06,2.5786e+06,15657,15657
0.256,0.144,-2.9762,55.292,-4.8224e+05,2.9561e+06,30191,30191
0.256,0.128,-0.93093,56.476,41200,3.4131e+06,60982,60982
0.256,0.112,0.52611,57.466,4.4333e+05,3.7063e+06,90213,90213
0.256,0.096,1.0228,56.017,6.8246e+05,3.8954e+06,1.0729e+05,1.0729e+05
0.256,0.08,0.65967,56.239,8.0821e+05,4.1532e+06,92399,92399
0.256,0.064,-0.79537,57.322,8.0015e+05,4.5534e+06,60707,60707
0.256,0.048,-1.2597,60.417,5.3943e+05,3.1923e+06,26865,26865
0.256,0.032,-0.30201,63.457,2.6444e+05,1.6886e+06,8493.3,8493.3
0.256,0.016,-0.25194,64.539,0,0,1875.8,1875.8
0.272,0.496,0.84981,48.037,0,0,0,0
0.272,0.48,0.41921,45.312,0,0,0,0
0.272,0.464,-0.42047,42.5,NaN,NaN,0,0
0.272,0.448,-1.502,38.931,NaN,NaN,NaN,NaN
0.272,0.432,-1.1019,32.655,NaN,NaN,NaN,NaN
0.272,0.416,-1.0346,28.997,NaN,NaN,3.9748e+05,3.9748e+05
0.272,0.4,-1.8145,27.865,-1.5312e+05,-3.9625e+06,2.7232e+05,2.7232e+05
0.272,0.384,-2.9044,28.209,-2.1829e+05,-3.799e+06,2.3555e+05,2.3555e+05
0.272,0.368,-2.6813,30.425,-2.2859e+05,-3.5088e+06,1.7098e+05,1.7098e+05
0.272,0.352,-3.2165,31.349,-2.3726e+05,-2.9984e+06,1.7913e+05,1.7913e+05
0.272,0.336,-3.388,32.392,-3.1767e+05,-2.4873e+06,2.1531e+05,2.1531e+05
0.272,0.32,-3.0286,33.446,-3.5407e+05,-2.0762e+06,2.4158e+05,2.4158e+05
0.272,0.304,-2.916,35.682,-3.9849e+05,-1.7276e+06,2.2404e+05,2.2404e+05
0.272,0.288,-2.1507,38.875,-4.0458e+05,-1.1738e+06,1.7807e+05,1.7807e+05
0.272,0.272,-2.3866,42.325,-5.0893e+05,-6.0517e+05,1.1307e+05,1.1307e+05
0.272,0.256,-4.126,46.222,-7.3362e+05,-10312,99308,99308
0.272,0.24,-5.8808,49.561,-1.3271e+06,1.0644e+06,81928,81928
0.272,0.224,-7.1391,51.772,-1.6749e+06,1.7897e+06,71896,71896
0.272,0.208,-6.6201,54.35,-1.824e+06,2.3418e+06,55311,55311
0.272,0.192,-6.2019,57.309,-1.7582e+06,2.6185e+06,28467,28467
0.272,0.176,-6.8878,60.082,-1.5563e+06,2.9313e+06,5147.1,5147.1
0.272,0.16,-5.2875,62.835,-1.2269e+06,3.3443e+06,729.84,729.84
0.272,0.144,-4.3055,64.949,-8.2734e+05,3.8811e+06,18262,18262
0.272,0.128,-3.7882,67.016,-5.2135e+05,4.5441e+06,50395,50395
0.272,0.112,-2.8142,69.143,-2.2853e+05,5.2232e+06,80631,80631
0.272,0.096,-1.5468,70.248,-3481.3,5.8916e+06,1.0039e+05,1.0039e+05
0.272,0.08,-1.6449,71.806,2.0421e+05,6.5834e+06,91915,91915
0.272,0.064,-0.88589,72.445,3.1684e+05,7.3468e+06,64434,64434
0.272,0.048,-0.83047,74.433,2.6725e+05,5.1709e+06,32189,32189
0.272,0.032,0.86243,78.069,1.6105e+05,2.7346e+06,11416,11416
0.272,0.016,-0.16728,76.972,0,0,2921.7,2921.7
0.288,0.496,0.16081,41.675,0,0,0,0
0.288,0.48,-0.46304,38.153,0,0,0,0
0.288,0.464,-2.258,35.581,NaN,NaN,0,0
0.288,0.448,-3.8212,31.977,NaN,NaN,NaN,NaN
0.288,0.432,-3.1729,27.085,NaN,NaN,NaN,NaN
0.288,0.416,-4.4165,23.145,NaN,NaN,3.7337e+05,3.7337e+05
0.288,0.4,-2.4675,20.518,-1.5074e+05,-3.3022e+06,2.3486e+05,2.3486e+05
0.288,0.384,-1.0967,19.9,-1.624e+05,-3.2185e+06,1.9211e+05,1.9211e+05
0.288,0.368,-1.4996,23.098,-57702,-2.9368e+06,1.0502e+05,1.0502e+05
0.288,0.352,-1.6463,25.276,1.0205e+05,-2.436e+06,1.0696e+05,1.0696e+05
0.288,0.336,-1.8212,27.181,1.5229e+05,-1.9551e+06,1.3864e+05,1.3864e+05
0.288,0.32,-0.79167,29.775,1.3202e+05,-1.5822e+06,1.9455e+05,1.9455e+05
0.288,0.304,-0.76626,32.235,46641,-1.2759e+06,1.8577e+05,1.8577e+05
0.288,0.288,-1.6856,35.189,-18280,-7.4898e+05,1.3565e+05,1.3565e+05
0.288,0.272,-1.7977,37.499,-1.8295e+05,-1.6758e+05,70465,70465
0.288,0.256,-1.8855,40.73,-3.7472e+05,4.3444e+05,70400,70400
0.288,0.24,-2.8217,43.847,-6.0518e+05,1.0443e+06,76043,76043
0.288,0.224,-4.2343,46.641,-7.7511e+05,1.5928e+06,64418,64418
0.288,0.208,-4.4723,49.51,-8.5284e+05,2.2115e+06,44681,44681
0.288,0.192,-4.291,52.142,-8.7329e+05,2.873e+06,19157,19157
0.288,0.176,-4.4394,57.001,-7.802e+05,3.5657e+06,4875.3,4875.3
0.288,0.16,-3.0642,60.821,-6.5996e+05,4.2537e+06,11756,11756
0.288,0.144,-2.4094,63.368,-5.6901e+05,4.8317e+06,28143,28143
0.288,0.128,-3.3698,68.201,-5.3889e+05,5.397e+06,46904,46904
0.288,0.112,-3.995,69.399,-4.3041e+05,6.054e+06,56768,56768
0.288,0.096,-3.2563,71.714,-2.3273e+05,6.8354e+06,65168,65168
0.288,0.08,-3.0755,74.958,32234,7.7545e+06,61957,61957
0.288,0.064,-2.3511,77.035,2.336e+05,8.659e+06,49742,49742
0.288,0.048,-0.81153,79.924,2.4906e+05,6.0946e+06,31613,31613
0.288,0.032,-0.78715,81.553,1.6288e+05,3.2006e+06,13872,13872
0.288,0.016,-0.08325,81.149,0,0,3872,3872
0.304,0.496,-1.1064,29.152,0,0,0,0
0.304,0.48,-1.3053,26.816,0,0,0,0
0.304,0.464,-1.8096,27.435,NaN,NaN,0,0
0.304,0.448,-4.0495,27.598,NaN,NaN,NaN,NaN
0.304,0.432,-4.0649,27.378,NaN,NaN,NaN,NaN
0.304,0.416,-4.8552,26.698,NaN,NaN,2.9818e+05,2.9818e+05
0.304,0.4,-3.276,21.769,-1.5074e+05,-3.3022e+06,1.4649e+05,1.4649e+05
0.304,0.384,-1.9798,19.761,-1.4621e+05,-2.8391e+06,90232,90232
0.304,0.368,-2.4971,19.894,-11249,-2.6095e+06,-9117.7,9117.7
0.304,0.352,-0.98352,20.31,1.6047e+05,-2.2778e+06,27079,27079
0.304,0.336,-0.16777,22.143,3.976e+05,-1.9284e+06,1.2366e+05,1.2366e+05
0.304,0.32,0.4599,24.582,5.4007e+05,-1.5325e+06,2.1523e+05,2.1523e+05
0.304,0.304,1.4973,27.268,5.1868e+05,-1.0336e+06,2.014e+05,2.014e+05
0.304,0.288,-0.43198,27.527,3.6656e+05,-5.2296e+05,1.1911e+05,1.1911e+05
0.304,0.272,-2.0676,27.658,1.883e+05,73130,39323,39323
0.304,0.256,-2.9203,31.287,1.1617e+05,6.3474e+05,44626,44626
0.304,0.24,-1.8074,34.719,93664,1.1294e+06,64041,64041
0.304,0.224,-2.0512,40.204,52388,1.6312e+06,80116,80116
0.304,0.208,-2.8778,45.925,30345,2.2777e+06,63493,63493
0.304,0.192,-1.2513,50.993,29585,3.0157e+06,47802,47802
0.304,0.176,-0.53815,55.393,84312,3.8014e+06,42208,42208
0.304,0.16,-0.67698,58.729,1.3732e+05,4.5982e+06,56681,56681
0.304,0.144,-1.1292,61.413,1.1246e+05,5.2938e+06,59553,59553
0.304,0.128,-2.3409,65.738,43101,5.8653e+06,58140,58140
0.304,0.112,-3.444,66.34,2148.6,6.4123e+06,57010,57010
0.304,0.096,-3.2383,68.142,80334,7.0298e+06,65948,65948
0.304,0.08,-2.0529,72.619,2.2071e+05,7.7703e+06,64339,64339
0.304,0.064,-1.4553,74.485,3.9787e+05,8.5424e+06,53282,53282
0.304,0.048,-0.84123,77.718,3.3052e+05,5.9801e+06,35728,35728
0.304,0.032,-0.55595,78.746,2.1062e+05,3.131e+06,16452,16452
0.304,0.016,0.57036,79.263,0,0,4850.2,4850.2
0.32,0.496,0.75989,26.337,0,0,0,0
0.32,0.48,-0.87557,27.547,0,0,0,0
0.32,0.464,-1.88,29.331,NaN,NaN,0,0
0.32,0.448,-2.2664,29.773,NaN,NaN,NaN,NaN
0.32,0.432,-3.0297,31.171,NaN,NaN,NaN,NaN
0.32,0.416,-2.9019,30.72,NaN,NaN,3.1473e+05,3.1473e+05
0.32,0.4,-2.291,27.4,-1.4837e+05,-2.642e+06,1.1394e+05,1.1394e+05
0.32,0.384,-1.4666,24.727,-98150,-2.1992e+06,62864,62864
0.32,0.368,-2.2796,22.312,72241,-2.0202e+06,-13097,13097
0.32,0.352,-1.3365,20.108,2.5419e+05,-1.9415e+06,48141,48141
0.32,0.336,-0.12888,17.601,4.3381e+05,-1.8912e+06,1.4455e+05,1.4455e+05
0.32,0.32,0.60034,16.092,5.9436e+05,-1.7633e+06,2.2774e+05,2.2774e+05
0.32,0.304,0.98434,17.58,5.8701e+05,-1.443e+06,1.9215e+05,1.9215e+05
0.32,0.288,-0.23083,18.437,4.4894e+05,-1.011e+06,1.06e+05,1.06e+05
0.32,0.272,-1.2,19.605,2.7549e+05,-5.1421e+05,28675,28675
0.32,0.256,-1.1074,25.263,2.6024e+05,30126,33242,33242
0.32,0.24,-0.52785,28.966,3.8999e+05,6.0788e+05,59222,59222
0.32,0.224,0.12872,34.298,5.0422e+05,1.2753e+06,86912,86912
0.32,0.208,0.24917,41.132,5.6406e+05,2.0306e+06,93757,93757
0.32,0.192,1.8136,47.634,5.7229e+05,2.8353e+06,1.0705e+05,1.0705e+05
0.32,0.176,2.1408,50.984,5.5585e+05,3.6399e+06,1.2092e+05,1.2092e+05
0.32,0.16,0.92213,54.22,5.195e+05,4.4257e+06,1.2342e+05,1.2342e+05
0.32,0.144,0.64955,58.427,4.6387e+05,5.0959e+06,96425,96425
0.32,0.128,0.51172,60.897,4.1983e+05,5.6731e+06,70480,70480
0.32,0.112,-0.52461,62.737,3.9077e+05,6.1997e+06,61824,61824
0.32,0.096,-1.0057,64.507,4.0218e+05,6.7106e+06,70923,70923
0.32,0.08,-0.25782,66.318,4.252e+05,7.3e+06,69921,69921
0.32,0.064,-0.86372,67.275,4.6879e+05,7.8337e+06,58800,58800
0.32,0.048,0.22218,69.027,3.2148e+05,5.4429e+06,40311,40311
0.32,0.032,0.80667,69.914,1.7672e+05,2.7934e+06,18876,18876
0.32,0.016,2.1313,71.057,0,0,5732,5732
0.336,0.496,2.8627,35.728,0,0,0,0
0.336,0.48,1.2067,34.816,0,0,0,0
0.336,0.464,-0.95901,35.863,NaN,NaN,0,0
0.336,0.448,-0.58606,35.941,NaN,NaN,NaN,NaN
0.336,0.432,-1.2816,36.584,NaN,NaN,NaN,NaN
0.336,0.416,-1.6465,35.473,NaN,NaN,1.53e+05,1.53e+05
0.336,0.4,-2.424,31.841,NaN,NaN,48206,48206
0.336,0.384,-2.1748,29.055,-81432,-1.3217e+06,21965,21965
0.336,0.368,-1.6802,27.258,31297,-1.6758e+06,-927.73,927.73
0.336,0.352,-1.3867,25.011,8263.9,-1.9105e+06,62504,62504
0.336,0.336,-1.1862,23.042,76595,-2.0836e+06,1.5052e+05,1.5052e+05
0.336,0.32,-1.6173,20.562,1.7124e+05,-2.1252e+06,2.0913e+05,2.0913e+05
0.336,0.304,-0.56275,17.527,2.437e+05,-2.0197e+06,1.7256e+05,1.7256e+05
0.336,0.288,-0.50206,15.175,2.0678e+05,-1.8314e+06,97294,97294
0.336,0.272,-0.96855,15.418,1.6383e+05,-1.5128e+06,36974,36974
0.336,0.256,-0.22467,17.628,2.2518e+05,-1.0577e+06,41045,41045
0.336,0.24,0.39367,24.268,3.8612e+05,-5.1192e+05,65773,65773
0.336,0.224,1.0389,29.918,5.2384e+05,1.478e+05,98363,98363
0.336,0.208,1.5665,35.751,6.1364e+05,8.6534e+05,1.269e+05,1.269e+05
0.336,0.192,1.9143,40.75,6.4929e+05,1.6809e+06,1.6539e+05,1.6539e+05
0.336,0.176,1.6465,45.752,5.9423e+05,2.4122e+06,1.8282e+05,1.8282e+05
0.336,0.16,0.25799,49.034,5.0274e+05,3.1115e+06,1.5824e+05,1.5824e+05
0.336,0.144,-0.23444,50.987,4.7999e+05,3.7252e+06,1.0681e+05,1.0681e+05
0.336,0.128,0.46709,52.138,4.6891e+05,4.3429e+06,69650,69650
0.336,0.112,-0.31407,54.753,4.7962e+05,4.894e+06,68319,68319
0.336,0.096,-0.41961,55.85,4.2084e+05,5.3934e+06,77167,77167
0.336,0.08,-0.020813,56.137,3.7663e+05,5.9701e+06,75686,75686
0.336,0.064,-0.55975,59.202,3.4737e+05,6.4686e+06,63625,63625
0.336,0.048,0.3653,59.758,2.1572e+05,4.5311e+06,43860,43860
0.336,0.032,1.2661,60.876,1.0866e+05,2.3119e+06,20641,20641
0.336,0.016,2.1078,61.098,0,0,6356.2,6356.2
0.352,0.496,2.6498,42.277,0,0,0,0
0.352,0.48,2.8721,37.756,0,0,0,0
0.352,0.464,1.0174,37.031,NaN,NaN,0,0
0.352,0.448,0.50268,36.699,NaN,NaN,-12937,12937
0.352,0.432,0.22797,36.59,NaN,NaN,-11973,11973
0.352,0.416,0.018713,35.497,NaN,NaN,1942.1,1942.1
0.352,0.4,-0.68424,33.798,-1.9824e+05,-2.6432e+06,-5291,5291
0.352,0.384,-0.45828,31.898,-3.544e+05,-2.907e+06,-4367.5,4367.5
0.352,0.368,-0.17162,30.901,-3.5259e+05,-2.5263e+06,5840.8,5840.8
0.352,0.352,-0.90595,31.384,-4.3193e+05,-2.1395e+06,66786,66786
0.352,0.336,-0.45736,31.154,-3.3729e+05,-1.9223e+06,1.3399e+05,1.3399e+05
0.352,0.32,-1.7398,27.324,-2.1555e+05,-1.6716e+06,1.7904e+05,1.7904e+05
0.352,0.304,-1.1858,22.94,-9730.7,-1.6516e+06,1.4688e+05,1.4688e+05
0.352,0.288,-1.212,18.075,1.0555e+05,-1.5912e+06,95838,95838
0.352,0.272,-0.55012,17.415,1.903e+05,-1.677e+06,56441,56441
0.352,0.256,0.44644,18.638,2.3866e+05,-1.4746e+06,62236,62236
0.352,0.24,0.7004,21.002,2.9985e+05,-1.0323e+06,84712,84712
0.352,0.224,0.8376,23.059,3.8305e+05,-3.4877e+05,1.1068e+05,1.1068e+05
0.352,0.208,1.7296,25.649,4.3258e+05,3.7286e+05,1.4406e+05,1.4406e+05
0.352,0.192,1.7207,29.899,4.7754e+05,1.0963e+06,1.7771e+05,1.7771e+05
0.352,0.176,1.7929,34.493,4.1124e+05,1.5451e+06,1.9092e+05,1.9092e+05
0.352,0.16,0.61275,37.88,3.2351e+05,1.9093e+06,1.4653e+05,1.4653e+05
0.352,0.144,-0.58631,38.49,3.0891e+05,2.2318e+06,94583,94583
0.352,0.128,0.59296,37.22,3.2048e+05,2.733e+06,63124,63124
0.352,0.112,0.55755,37.205,4.0292e+05,3.3771e+06,73493,73493
0.352,0.096,0.072479,41.118,3.4768e+05,3.8312e+06,82366,82366
0.352,0.08,-0.0044234,43.702,2.6681e+05,4.2973e+06,80207,80207
0.352,0.064,1.0854,44.811,1.8741e+05,4.6943e+06,67092,67092
0.352,0.048,0.937,44.959,1.044e+05,3.3263e+06,45659,45659
0.352,0.032,1.0196,45.389,65730,1.752e+06,21187,21187
0.352,0.016,1.7793,47.75,0,0,6202.9,6202.9
0.368,0.496,3.3102,37.166,0,0,0,0
0.368,0.48,3.7498,33.608,0,0,0,0
0.368,0.464,2.3852,33.968,NaN,NaN,0,0
0.368,0.448,1.4213,31.738,NaN,NaN,-61896,61896
0.368,0.432,0.79002,29.974,-1.24e+06,-4.289e+06,-39123,39123
0.368,0.416,0.89206,26.993,-7.2194e+05,-3.6332e+06,-15243,15243
0.368,0.4,1.9221,20.63,-3.0337e+05,-2.8013e+06,8347.9,8347.9
0.368,0.384,0.88105,17.797,3958.5,-2.0722e+06,15548,15548
0.368,0.368,-0.94052,18.2,25627,-1.5856e+06,22199,22199
0.368,0.352,-1.0615,21.716,-1.7414e+05,-1.108e+06,64659,64659
0.368,0.336,-1.4576,27.595,-2.6004e+05,-8.7883e+05,1.0953e+05,1.0953e+05
0.368,0.32,-1.673,25.459,-2.926e+05,-8.5769e+05,1.4576e+05,1.4576e+05
0.368,0.304,-0.16106,19.9,-1.4365e+05,-9.9965e+05,1.2736e+05,1.2736e+05
0.368,0.288,-0.21359,15.41,11809,-1.0786e+06,99972,99972
0.368,0.272,0.54225,15.056,1.7024e+05,-1.0848e+06,76453,76453
0.368,0.256,0.50695,16.111,1.9592e+05,-9.4063e+05,77937,77937
0.368,0.24,-0.80821,15.152,1.5228e+05,-6.9185e+05,97258,97258
0.368,0.224,0.085476,14.754,1.2986e+05,-3.787e+05,1.157e+05,1.157e+05
0.368,0.208,1.8059,15.034,1.5445e+05,-13915,1.3171e+05,1.3171e+05
0.368,0.192,1.0418,16.723,2.4457e+05,4.4219e+05,1.4144e+05,1.4144e+05
0.368,0.176,1.7899,19.065,2.3753e+05,6.8456e+05,1.3758e+05,1.3758e+05
0.368,0.16,1.6457,17.386,1.2552e+05,6.5517e+05,1.0734e+05,1.0734e+05
0.368,0.144,-0.005821,17.52,42285,5.9892e+05,75664,75664
0.368,0.128,0.61098,20.449,48542,1.0881e+06,64056,64056
0.368,0.112,1.9389,20.918,2.0391e+05,1.9935e+06,76618,76618
0.368,0.096,3.1498,25.285,2.1756e+05,2.6424e+06,86179,86179
0.368,0.08,2.0866,23.461,2.0825e+05,2.8267e+06,82040,82040
0.368,0.064,1.1596,25.426,1.7026e+05,3.0826e+06,67018,67018
0.368,0.048,2.1402,29.91,1.3436e+05,2.1662e+06,43791,43791
0.368,0.032,-0.0031601,29.516,77669,1.2566e+06,20062,20062
0.368,0.016,-0.71683,32.155,0,0,5691.8,5691.8
0.384,0.496,4.5264,29.953,0,0,0,0
0.384,0.48,2.5057,27.978,0,0,0,0
0.384,0.464,-0.66822,25.692,NaN,NaN,-21086,21086
0.384,0.448,-1.1143,19.398,NaN,NaN,-58807,58807
0.384,0.432,-2.5814,16.048,-2.0221e+05,-3.1957e+06,-35716,35716
0.384,0.416,-3.1434,12.107,-1.0353e+05,-2.649e+06,-13811,13811
0.384,0.4,-1.7307,7.7833,-24476,-2.1638e+06,16588,16588
0.384,0.384,-0.47643,6.6779,23674,-1.5694e+06,33398,33398
0.384,0.368,-0.03458,8.0884,30642,-1.1671e+06,44900,44900
0.384,0.352,0.24063,10.346,-61967,-6.8883e+05,70847,70847
0.384,0.336,0.025498,11.784,-1.7454e+05,-4.2137e+05,94124,94124
0.384,0.32,-0.5865,11.965,-3.2239e+05,-3.5969e+05,1.1799e+05,1.1799e+05
0.384,0.304,-1.479,9.9198,-3.1018e+05,-5.7156e+05,1.1107e+05,1.1107e+05
0.384,0.288,-0.14766,10.055,-75404,-5.0631e+05,99233,99233
0.384,0.272,0.3484,11.135,1.8779e+05,-3.5661e+05,83244,83244
0.384,0.256,0.081203,12.262,2.5135e+05,-2.0785e+05,81205,81205
0.384,0.24,-0.39029,11.729,57169,-1.9461e+05,93069,93069
0.384,0.224,-0.46214,11.127,-67563,-1.9124e+05,1.045e+05,1.045e+05
0.384,0.208,-0.56924,9.5893,-68178,-52069,1.0493e+05,1.0493e+05
0.384,0.192,0.2636,8.1632,59471,1.5203e+05,93334,93334
0.384,0.176,1.0984,8.0366,92354,2.394e+05,79002,79002
0.384,0.16,0.9406,6.1602,45143,79172,63211,63211
0.384,0.144,-0.84756,3.7095,-41501,-83122,58763,58763
0.384,0.128,-1.3118,4.5451,-34368,2.4497e+05,66137,66137
0.384,0.112,0.4998,16.855,89097,1.0378e+06,81199,81199
0.384,0.096,1.2641,19.162,1.6203e+05,1.7425e+06,88401,88401
0.384,0.08,0.58084,14.823,2.4665e+05,1.8544e+06,81683,81683
0.384,0.064,1.708,10.092,3.3391e+05,2.1066e+06,62917,62917
0.384,0.048,1.1786,15.775,2.9681e+05,1.4365e+06,37877,37877
0.384,0.032,0.24657,20.631,1.7305e+05,9.3356e+05,16149,16149
0.384,0.016,2.0625,20.635,0,0,4587.6,4587.6
0.4,0.496,3.4524,22.716,0,0,592.51,592.51
0.4,0.48,0.75424,25.105,0,0,4045.4,4045.4
0.4,0.464,-4.3145,23.763,NaN,NaN,-2529.7,2529.7
0.4,0.448,-4.8119,15.553,-1.4312e+06,-3.5782e+06,-15887,15887
0.4,0.432,-1.2809,13.703,-2.021e+05,-2.813e+06,-5441.6,5441.6
0.4,0.416,-0.38906,8.4114,39474,-2.2873e+06,7521.5,7521.5
0.4,0.4,-1.0705,8.2918,2.9701e+05,-1.598e+06,35416,35416
0.4,0.384,-1.4979,7.3908,2.63e+05,-8.3079e+05,52736,52736
0.4,0.368,-1.5133,5.7841,1.8872e+05,-2.8099e+05,69152,69152
0.4,0.352,-0.67651,7.2158,86315,1.0572e+05,85948,85948
0.4,0.336,-1.3548,8.301,-54757,2.0562e+05,1.0031e+05,1.0031e+05
0.4,0.32,-2.4361,7.1018,-2.1387e+05,-78685,1.2314e+05,1.2314e+05
0.4,0.304,-3.2829,7.2573,-2.6005e+05,-4.4724e+05,1.2983e+05,1.2983e+05
0.4,0.288,-3.6788,6.6467,-13898,-4.4221e+05,1.2919e+05,1.2919e+05
0.4,0.272,0.06805,6.8893,2.3264e+05,-44100,1.2125e+05,1.2125e+05
0.4,0.256,2.5254,7.2851,2.1705e+05,2.5231e+05,1.1922e+05,1.1922e+05
0.4,0.24,0.47136,7.0778,-33349,1.7016e+05,1.2209e+05,1.2209e+05
0.4,0.224,-0.63389,5.4711,-2.146e+05,-77875,1.1839e+05,1.1839e+05
0.4,0.208,-0.4248,3.8658,-1.6928e+05,-1.6137e+05,99219,99219
0.4,0.192,-0.2661,4.0848,-19632,-20264,70392,70392
0.4,0.176,0.3036,2.3917,81528,99884,42220,42220
0.4,0.16,0.88444,2.6141,80138,-1.2942e+05,35701,35701
0.4,0.144,0.99447,3.5166,-25336,-4.2673e+05,44622,44622
0.4,0.128,0.18079,1.9359,-63893,-2.2135e+05,69835,69835
0.4,0.112,0.53839,3.0919,31492,4.2162e+05,87956,87956
0.4,0.096,1.039,8.5464,1.4656e+05,1.2377e+06,98385,98385
0.4,0.08,2.1949,15.597,4.4291e+05,1.63e+06,88350,88350
0.4,0.064,4.7392,12.452,6.4329e+05,1.9473e+06,66114,66114
0.4,0.048,5.65,22.498,5.9417e+05,1.3502e+06,37955,37955
0.4,0.032,-0.88343,19.539,2.828e+05,7.4552e+05,15806,15806
0.4,0.016,2.1398,19.179,0,0,4572.3,4572.3
0.416,0.496,2.9713,17.779,0,0,1496.9,1496.9
0.416,0.48,-0.34608,19.999,-4.0398e+05,-8.7091e+05,7194.3,7194.3
0.416,0.464,-6.2486,18.917,-1.4807e+06,-3.7352e+06,6519.8,6519.8
0.416,0.448,-8.8868,12.194,-1.326e+06,-3.3754e+06,18180,18180
0.416,0.432,-5.8969,9.426,-2.3717e+05,-2.4261e+06,28788,28788
0.416,0.416,-1.7417,6.788,2.4513e+05,-1.5885e+06,39500,39500
0.416,0.4,-0.051335,7.0441,6.2945e+05,-7.9661e+05,45081,45081
0.416,0.384,-0.010919,7.5683,3.1695e+05,-3.2748e+05,55098,55098
0.416,0.368,-1.102,6.6615,-1193.2,-1.2549e+05,75566,75566
0.416,0.352,-1.6473,6.5656,-2.4489e+05,-6679.5,97817,97817
0.416,0.336,-1.8675,7.8971,-3.0935e+05,-49423,1.1715e+05,1.1715e+05
0.416,0.32,-2.7261,7.3574,-2.7701e+05,-2.1659e+05,1.4007e+05,1.4007e+05
0.416,0.304,-2.7987,5.6868,-2.2678e+05,-4.4721e+05,1.5071e+05,1.5071e+05
0.416,0.288,-0.3442,2.6368,8759.4,-3.3774e+05,1.5364e+05,1.5364e+05
0.416,0.272,2.6078,2.1185,1.6601e+05,-49405,1.4812e+05,1.4812e+05
0.416,0.256,1.851,3.9848,94876,1.344e+05,1.4636e+05,1.4636e+05
0.416,0.24,0.075368,5.0781,-88776,96607,1.4367e+05,1.4367e+05
0.416,0.224,-0.57165,4.6856,-2.2525e+05,43952,1.2757e+05,1.2757e+05
0.416,0.208,-0.79235,4.6861,-1.3468e+05,1.8224e+05,95368,95368
0.416,0.192,-0.66411,7.1375,-25757,3.8382e+05,54427,54427
0.416,0.176,0.053992,8.5318,99888,4.2806e+05,25739,25739
0.416,0.16,1.0883,7.7394,1.8463e+05,2.0162e+05,19407,19407
0.416,0.144,1.4754,6.4482,1.1393e+05,-1.2994e+05,35548,35548
0.416,0.128,0.39764,3.5872,27953,-2.1649e+05,64631,64631
0.416,0.112,0.4492,3.1693,38160,13021,90449,90449
0.416,0.096,3.3626,11.72,2.4896e+05,1.4034e+06,1.0224e+05,1.0224e+05
0.416,0.08,1.5287,16.086,5.7491e+05,2.1838e+06,92293,92293
0.416,0.064,7.1035,22.815,8.8465e+05,3.8135e+06,65649,65649
0.416,0.048,6.262,13.3,6.8707e+05,2.4025e+06,35309,35309
0.416,0.032,2.9273,20.852,3.475e+05,1.6072e+06,12893,12893
0.416,0.016,7.1582,13.89,0,0,3860.6,3860.6
0.432,0.496,1.9793,9.82,-50968,-83722,339.92,339.92
0.432,0.48,-0.25897,7.4117,-3.1246e+05,-7.3726e+05,5757.3,5757.3
0.432,0.464,-5.1758,5.872,-5.2613e+05,-2.0464e+06,14908,14908
0.432,0.448,-8.6468,3.6748,-7.899e+05,-2.5428e+06,31873,31873
0.432,0.432,-7.5628,2.7625,-3.8185e+05,-2.1877e+06,45974,45974
0.432,0.416,-4.3586,5.4628,-67115,-1.4768e+06,52326,52326
0.432,0.4,-1.0281,4.4679,4.8849e+05,-5.4379e+05,49706,49706
0.432,0.384,0.29368,5.9455,3.8973e+05,-59869,52102,52102
0.432,0.368,-2.4772,7.4434,84793,64066,66018,66018
0.432,0.352,-4.256,6.8973,-1.8663e+05,34977,93009,93009
0.432,0.336,-4.1195,6.5207,-3.8318e+05,-2.3731e+05,1.2414e+05,1.2414e+05
0.432,0.32,-3.2191,5.8496,-2.471e+05,-3.1481e+05,1.636e+05,1.636e+05
0.432,0.304,-1.3802,3.8848,-1.5856e+05,-3.4911e+05,1.8213e+05,1.8213e+05
0.432,0.288,0.29993,1.0176,68670,-1.0298e+05,1.9089e+05,1.9089e+05
0.432,0.272,-0.13549,2.0101,35126,1.0179e+05,1.8353e+05,1.8353e+05
0.432,0.256,-0.61823,1.6474,-1.025e+05,1.3473e+05,1.7984e+05,1.7984e+05
0.432,0.24,-1.9771,2.1687,-1.8648e+05,1.5474e+05,1.6402e+05,1.6402e+05
0.432,0.224,-0.25696,5.2925,-1.5429e+05,2.5261e+05,1.3056e+05,1.3056e+05
0.432,0.208,-1.3392,7.13,-41255,5.1413e+05,86324,86324
0.432,0.192,-1.1728,8.677,47377,7.1644e+05,44211,44211
0.432,0.176,0.069823,10.288,1.0908e+05,6.511e+05,19436,19436
0.432,0.16,0.90822,9.862,2.0638e+05,3.1031e+05,17813,17813
0.432,0.144,0.96306,8.0314,1.3786e+05,-1.4843e+05,33293,33293
0.432,0.128,0.25189,5.5784,46852,-3.0314e+05,62389,62389
0.432,0.112,-0.0037092,4.3605,30244,-1.9225e+05,88669,88669
0.432,0.096,0.78351,5.1463,2.3989e+05,9.8029e+05,1.067e+05,1.067e+05
0.432,0.08,10.424,38.894,5.3365e+05,1.755e+06,1.0056e+05,1.0056e+05
0.432,0.064,-8.1763,99.025,8.7591e+05,3.9589e+06,75556,75556
0.432,0.048,6.0764,48.407,5.9993e+05,2.4581e+06,42098,42098
0.432,0.032,3.9871,24.158,2.6548e+05,1.4653e+06,15802,15802
0.432,0.016,-2.1913,33.256,0,0,3963.6,3963.6
0.448,0.496,1.1737,4.6346,-33316,-76728,-1454.6,1454.6
0.448,0.48,-0.49675,3.1796,-2.1976e+05,-5.6246e+05,1461.1,1461.1
0.448,0.464,-1.0643,3.0471,-2.6272e+05,-1.5114e+06,5996.7,5996.7
0.448,0.448,-4.7374,-0.77307,-3.1293e+05,-1.7855e+06,19256,19256
0.448,0.432,-7.0129,0.057364,-1.6344e+05,-1.6931e+06,29364,29364
0.448,0.416,-4.9706,1.3353,-1.3823e+05,-1.0959e+06,34382,34382
0.448,0.4,-3.4858,1.6439,96158,-5.9226e+05,30299,30299
0.448,0.384,-1.0909,3.5308,1.5109e+05,-1.5007e+05,32505,32505
0.448,0.368,0.19813,6.0487,73163,54634,43823,43823
0.448,0.352,-0.34642,4.6212,-1.4876e+05,-58915,75494,75494
0.448,0.336,-0.60175,4.0765,-1.3047e+06,-9.918e+05,1.2037e+05,1.2037e+05
0.448,0.32,-7.8671,-0.71638,-2.2175e+06,-2.2575e+06,1.7431e+05,1.7431e+05
0.448,0.304,-1.6955,1.6252,-2.239e+06,-2.2173e+06,1.9304e+05,1.9304e+05
0.448,0.288,0.9829,0.67491,-1.1668e+06,-1.388e+06,1.7864e+05,1.7864e+05
0.448,0.272,2.1725,0.86681,-2.9332e+05,42017,1.4543e+05,1.4543e+05
0.448,0.256,-0.12413,3.7975,-4.193e+05,38613,1.2498e+05,1.2498e+05
0.448,0.24,-0.72149,3.0461,-5.5645e+05,84906,1.0753e+05,1.0753e+05
0.448,0.224,-1.4992,4.3169,-5.0507e+05,-20687,80071,80071
0.448,0.208,0.62654,7.8967,-88659,3.0076e+05,47399,47399
0.448,0.192,-0.45464,8.5823,1.8487e+05,5.2737e+05,20494,20494
0.448,0.176,0.091466,9.0149,2.9505e+05,6.0494e+05,8992.9,8992.9
0.448,0.16,0.64554,8.6248,1.7775e+05,3.4124e+05,10761,10761
0.448,0.144,1.1896,7.3168,66991,-81939,22029,22029
0.448,0.128,0.92502,5.2401,28155,-1.8288e+05,38911,38911
0.448,0.112,0.74941,5.0717,-30297,-1.9489e+05,57361,57361
0.448,0.096,0.42121,3.2935,1.447e+05,7.9319e+05,71425,71425
0.448,0.08,1.8588,2.3863,2.2834e+05,1.1991e+06,72971,72971
0.448,0.064,70.115,125.64,5.9811e+05,4.3909e+06,54846,54846
0.448,0.048,55.885,-37.638,2.4799e+05,2.5075e+06,30299,30299
0.448,0.032,6.8815,1.2948,1.4171e+05,1.4329e+06,9330.1,9330.1
0.448,0.016,6.952,0.89186,0,0,2037.3,2037.3
0.464,0.496,0.86426,2.7372,-40951,-69545,-2535.2,2535.2
0.464,0.48,1.1499,1.1929,-31378,-98606,-2050.5,2050.5
0.464,0.464,0.97945,1.2131,34290,-4.6804e+05,-1832.2,1832.2
0.464,0.448,-1.2567,-8.512,75936,-7.1569e+05,5726,5726
0.464,0.432,-3.7572,0.16436,-3.2829e+05,-2.2628e+06,12721,12721
0.464,0.416,-4.094,-0.54059,-5.4452e+05,-2.1516e+06,18669,18669
0.464,0.4,-4.0544,-1.334,-4.136e+05,-1.6683e+06,20577,20577
0.464,0.384,-2.1013,0.67469,-9860.6,-2.0061e+05,21982,21982
0.464,0.368,0.1906,0.90911,1.0855e+05,7533.4,28464,28464
0.464,0.352,0.035714,0.97252,-4.5552e+05,-6.1448e+05,55268,55268
0.464,0.336,-3.5529,0.81533,-3.0523e+06,-1.6869e+06,1.0407e+05,1.0407e+05
0.464,0.32,-51.322,7.6625,-5.4524e+06,-3.4644e+06,1.6691e+05,1.6691e+05
0.464,0.304,-55.251,-8.506,-5.9176e+06,-3.4017e+06,1.8243e+05,1.8243e+05
0.464,0.288,1.746,-4.1332,-3.8378e+06,-2.706e+06,1.5567e+05,1.5567e+05
0.464,0.272,3.0731,-1.0742,-1.2745e+06,-5.2422e+05,1.047e+05,1.047e+05
0.464,0.256,2.7825,3.2664,-5.6904e+05,36623,76829,76829
0.464,0.24,-7.6774,1.3657,-8.233e+05,-9357.8,60207,60207
0.464,0.224,-8.3682,1.7756,-9.2042e+05,-2.4926e+05,44505,44505
0.464,0.208,-4.9684,0.03689,-5.5989e+05,-2.0209e+05,25393,25393
0.464,0.192,0.66354,5.1688,43452,-15665,11948,11948
0.464,0.176,0.079614,5.6983,4.1758e+05,2.0391e+05,5114.3,5114.3
0.464,0.16,0.23477,5.3094,5.0195e+05,2.1133e+05,6133.5,6133.5
0.464,0.144,0.69201,5.0395,2.8755e+05,-6633.9,11579,11579
0.464,0.128,0.37699,2.7603,1.2585e+05,-42914,19707,19707
0.464,0.112,1.255,3.6142,-23246,-49621,29324,29324
0.464,0.096,0.37388,2.9101,-25671,8123.5,38427,38427
0.464,0.08,-0.4332,1.35,-16839,-52012,42253,42253
0.464,0.064,63.702,120.57,97568,-85010,34254,34254
0.464,0.048,-1.587,550.07,0,0,20147,20147
0.464,0.032,12.114,116.68,0,0,6396.8,6396.8
0.464,0.016,-131.2,1.6145,0,0,1114.8,1114.8
0.48,0.496,0.13852,0.69388,-1309.2,-4428.2,-1399.7,1399.7
0.48,0.48,-0.52781,0.87103,-2618.7,5834.1,-1538.1,1538.1
0.48,0.464,-0.3248,1.9494,-2461.7,-1.6122e+05,-1886.9,1886.9
0.48,0.448,-2.1933,0.04632,1.0409e+05,-1.7848e+05,1199.2,1199.2
0.48,0.432,10.543,27.907,-2.2877e+05,-1.6318e+06,2914.6,2914.6
0.48,0.416,-12.279,-42.049,-3.526e+05,-1.6624e+06,2682.9,2682.9
0.48,0.4,-3.4856,-1.6281,-3.8844e+05,-1.4832e+06,3776.4,3776.4
0.48,0.384,-1.1655,1.1089,-1.0149e+05,-2.2436e+05,5783,5783
0.48,0.368,-2.0466,-0.7494,9008.8,-72058,11239,11239
0.48,0.352,-2.9298,-1.0185,-5.1394e+05,-6.5667e+05,30484,30484
0.48,0.336,-20.794,-7.9037,-2.929e+06,-1.4827e+06,69955,69955
0.48,0.32,-66.818,3.3347,-5.3435e+06,-3.2493e+06,1.1735e+05,1.1735e+05
0.48,0.304,-64.447,-16.634,-5.7883e+06,-3.227e+06,1.2303e+05,1.2303e+05
0.48,0.288,-38.037,1.9037,-3.8175e+06,-2.7288e+06,90433,90433
0.48,0.272,6.2769,0.44546,-1.1973e+06,-6.554e+05,42117,42117
0.48,0.256,1.9436,3.5191,-4.9857e+05,-60761,20123,20123
0.48,0.24,-6.817,3.3132,-7.4707e+05,-92710,17221,17221
0.48,0.224,-8.6482,1.3513,-9.4413e+05,-3.6211e+05,19173,19173
0.48,0.208,-8.1183,1.9812,-6.0467e+05,-4.3327e+05,14215,14215
0.48,0.192,-7.3508,1.2279,-35662,-2.9017e+05,7280,7280
0.48,0.176,1.544,1.9073,3.9201e+05,-4242,2214.2,2214.2
0.48,0.16,2.9996,2.8404,4.5668e+05,1.1247e+05,1366.4,1366.4
0.48,0.144,3.1048,2.2715,2.5253e+05,17290,764.53,764.53
0.48,0.128,2.3143,0.3672,95010,20618,564.98,564.98
0.48,0.112,0.18571,1.5916,-22713,41061,2329.4,2329.4
0.48,0.096,-0.99445,4.0027,-58116,57806,4560.5,4560.5
0.48,0.08,-0.37788,0.94767,-59687,4452.1,7783.3,7783.3
0.48,0.064,3.7326,19.63,-8556.4,-38430,6079.4,6079.4
0.48,0.048,776.33,938.74,0,0,3831.2,3831.2
0.48,0.032,-5.934,-0.56941,0,0,125.96,125.96
0.48,0.016,-149.47,260.3,0,0,-153.89,153.89
0.496,0.496,0.11752,-0.75974,-11337,-1342.9,-184.18,184.18
0.496,0.48,0.243,1.9973,-15579,14290,-381.83,381.83
0.496,0.464,-1.0853,0.62712,-61233,45412,-643.68,643.68
0.496,0.448,4.2692,-0.92789,-56132,52599,-270.24,270.24
0.496,0.432,-2.1654,-0.52438,-3.7625e+05,-1.3072e+06,-681.9,681.9
0.496,0.416,-2.0171,-0.033536,-3.589e+05,-1.4141e+06,-1333.8,1333.8
0.496,0.4,-5.7734,-4.0891,-2.9013e+05,-1.226e+06,1699.4,1699.4
0.496,0.384,-1.4226,1.0466,-26051,-52446,3026.4,3026.4
0.496,0.368,-0.5673,-1.9751,1231,-22761,5591.8,5591.8
0.496,0.352,-34.828,280.23,-4.9906e+05,-5.5093e+05,12780,12780
0.496,0.336,-279.8,35.435,-1.9304e+06,-7.3795e+05,31194,31194
0.496,0.32,-567.92,-204.83,-3.3049e+06,-1.2879e+06,53036,53036
0.496,0.304,-47.153,-134.08,-3.6833e+06,-1.2706e+06,52403,52403
0.496,0.288,-113.01,-49.934,-2.5057e+06,-1.1971e+06,37590,37590
0.496,0.272,-4.4727,10.745,-9.7239e+05,-5.8689e+05,15657,15657
0.496,0.256,-10.983,2.4432,-1.8977e+05,-49371,8330.5,8330.5
0.496,0.24,-5.275,-3.1699,-3.2824e+05,-79505,7369.3,7369.3
0.496,0.224,-26.885,41.332,-4.8023e+05,-1.1165e+05,8602.8,8602.8
0.496,0.208,-55.579,-51.355,-4.8796e+05,-2.54e+05,6762.5,6762.5
0.496,0.192,-8.624,1.3723,-1.5327e+05,-2.3851e+05,3923.2,3923.2
0.496,0.176,-5.3686,-1.0452,1.6727e+05,-1.2309e+05,1854.7,1854.7
0.496,0.16,-0.80781,2.3499,4.0705e+05,22970,1703.8,1703.8
0.496,0.144,0.57813,0.8029,2.7314e+05,38252,1557.9,1557.9
0.496,0.128,-0.25055,0.70178,1.0161e+05,12355,1219.6,1219.6
0.496,0.112,-1.1477,1.6009,-4887.1,48306,1153.3,1153.3
0.496,0.096,-0.33015,0.084968,-46580,43743,976.6,976.6
0.496,0.08,-0.91541,0.61185,-32722,31537,737.56,737.56
0.496,0.064,-0.69241,1.7976,-590,-12101,311.53,311.53
0.496,0.048,64.689,636.76,0,0,116.63,116.63
0.496,0.032,-27.635,163.15,0,0,-21.726,21.726
0.496,0.016,-11.043,69.343,0,0,-10.108,10.108
