0.016,0.496,-0.092989,2.921,-9460.1,-26697,14.775,14.775
0.016,0.48,2.5474,2.1961,-3543.4,-45355,255.43,255.43
0.016,0.464,1.1944,1.0466,10188,-26419,711.21,711.21
0.016,0.448,-0.29409,1.195,29764,-9379.1,994.33,994.33
0.016,0.432,1.1158,-1.4678,31176,11803,1095.3,1095.3
0.016,0.416,1.5631,0.75703,19196,-23343,1111.2,1111.2
0.016,0.4,1.9731,0.5489,2649.5,-13304,-303.32,303.32
0.016,0.384,4.7849,-0.62237,-20714,-13019,-2854,2854
0.016,0.368,5.2736,-1.4109,-34661,2158.9,-2537.8,2537.8
0.016,0.352,3.7484,-0.16344,-39850,2065.6,-1059.6,1059.6
0.016,0.336,5.5769,1.1451,-32028,-6623.8,1748.1,1748.1
0.016,0.32,3.3897,2.0881,-21327,-7103.4,2275.1,2275.1
0.016,0.304,0.28986,0.33782,-18347,-3639.2,1146.6,1146.6
0.016,0.288,1.0463,-0.93581,-16248,6054.2,-4765.3,4765.3
0.016,0.272,1.4064,-2.0108,-17331,5978.5,-14590,14590
0.016,0.256,0.28501,1.4664,-10554,-2051.6,-21155,21155
0.016,0.24,2.9277,1.6363,-13833,-5996.9,-19496,19496
0.016,0.224,7.314,0.41972,-11559,-5090.2,-12486,12486
0.016,0.208,6.6092,-1.1705,-7755.6,-2404.6,-4011.2,4011.2
0.016,0.192,0.98277,0.074316,4550.5,-5070.7,641.68,641.68
0.016,0.176,-0.92322,-0.51854,4757.9,-3797.7,2291.5,2291.5
0.016,0.16,-0.9886,-1.297,4526,1031.4,588.25,588.25
0.016,0.144,-1.4514,-0.19088,3855,2472.5,-612.71,612.71
0.016,0.128,1.884,-2.5176,4463.2,2171.1,-865.27,865.27
0.016,0.112,5.9971,0.34439,-9063.9,-17584,-380.41,380.41
0.016,0.096,1.6789,2.9492,-22773,-16251,-141.02,141.02
0.016,0.08,5.842,-0.89778,-22567,-16233,110.3,110.3
0.016,0.064,9.3052,-0.16306,-3411.7,-11759,136.59,136.59
0.016,0.048,1.8329,-2.5684,8055.6,-11736,132.78,132.78
0.016,0.032,1.7705,0.03554,7335.2,-12044,44.848,44.848
0.016,0.016,3.9456,-10.506,0,0,-27.74,27.74
0.032,0.496,-1.8523,5.0292,-4327.9,-69625,367.89,367.89
0.032,0.48,-1.3823,2.6304,-4736.1,-1.0973e+05,367.44,367.44
0.032,0.464,0.40005,0.5737,959.65,-89860,546.23,546.23
0.032,0.448,1.1697,2.0433,4311.5,-37329,390.71,390.71
0.032,0.432,1.0778,0.12367,26692,-15804,636.1,636.1
0.032,0.416,1.9217,1.1364,4698.3,-59299,957.88,957.88
0.032,0.4,1.7422,0.64628,8061.2,-93729,1214.4,1214.4
0.032,0.384,-0.20598,0.054838,-44819,-1.0259e+05,1703.8,1703.8
0.032,0.368,-0.40258,-0.12391,-51689,-71496,1245.1,1245.1
0.032,0.352,-0.42379,-0.19049,-67808,-24007,426.56,426.56
0.032,0.336,-0.38469,0.30628,-48258,37.225,-521.75,521.75
0.032,0.32,-0.32681,-0.020474,-29527,-10877,-680.29,680.29
0.032,0.304,-0.42597,-0.25564,-21786,-1734.3,-563.25,563.25
0.032,0.288,-0.70734,-0.17935,-14263,5718.6,-599.67,599.67
0.032,0.272,-0.4436,-0.38322,-31895,425.09,-657.74,657.74
0.032,0.256,-0.37614,0.094075,-42937,-22001,-696.52,696.52
0.032,0.24,-0.48364,0.49212,-51533,-21798,-588.11,588.11
0.032,0.224,-0.17442,-0.10573,-29395,-11791,-430.88,430.88
0.032,0.208,0.021355,-0.4191,-12979,1115.6,-211.9,211.9
0.032,0.192,0.34885,-0.14458,-1483.5,2709.9,-145.42,145.42
0.032,0.176,0.40749,-0.13173,-9359.6,2466.4,-135.02,135.02
0.032,0.16,-0.045999,0.017446,-19315,-10421,-209.63,209.63
0.032,0.144,-0.44362,0.25864,-34180,-19324,-205.75,205.75
0.032,0.128,0.15732,-0.30326,-51915,-15104,-56.565,56.565
0.032,0.112,0.023212,0.034453,-66362,-22790,120.74,120.74
0.032,0.096,-0.68206,-0.10449,-87477,2946.8,285.53,285.53
0.032,0.08,-0.25321,-0.23626,-68450,7202,326.89,326.89
0.032,0.064,0.033077,0.077915,-56604,31882,243.53,243.53
0.032,0.048,-0.033476,-1.2792,-19691,9193.8,179.61,179.61
0.032,0.032,-1.0533,0.12125,-13175,-303.39,62.734,62.734
0.032,0.016,-0.48206,-4.1535,0,0,-37.284,37.284
0.048,0.496,0.3392,4.6819,-4868.9,-78328,424.72,424.72
0.048,0.48,0.5188,2.9074,-23554,-1.3598e+05,451.93,451.93
0.048,0.464,0.45072,1.6748,-32733,-1.4111e+05,665.9,665.9
0.048,0.448,0.34177,1.7867,-34760,-88537,707.07,707.07
0.048,0.432,-0.39933,0.998,9958.8,-48672,1437.7,1437.7
0.048,0.416,1.9253,1.5562,70794,-1.0119e+05,2276.5,2276.5
0.048,0.4,2.7605,1.7203,1.0301e+05,-1.2632e+05,2901.5,2901.5
0.048,0.384,3.5559,0.15451,65462,-1.3117e+05,2939,2939
0.048,0.368,2.2865,1.1576,-61713,-87432,2461.6,2461.6
0.048,0.352,0.18189,1.4752,-95485,-33756,1873.4,1873.4
0.048,0.336,-0.93751,-0.16941,-94441,-19699,1636.5,1636.5
0.048,0.32,-0.96511,0.28423,-21553,-8208.8,1795,1795
0.048,0.304,-0.90957,-0.46083,-15751,-816.19,895.1,895.1
0.048,0.288,-0.60303,0.072865,-11050,4881.7,378.04,378.04
0.048,0.272,-0.87691,-0.54295,-26531,1530.6,-295.96,295.96
0.048,0.256,-1.8429,-0.54313,-31693,-14320,237.79,237.79
0.048,0.24,-1.6298,-0.50352,-36850,-11252,420.23,420.23
0.048,0.224,-0.8943,0.27004,-18265,-7959,534.56,534.56
0.048,0.208,-0.32628,0.24907,-9855.5,582.02,352.5,352.5
0.048,0.192,-0.27531,-0.043685,-2411.6,386.44,-126.29,126.29
0.048,0.176,-0.40952,1.1059,-9480.3,3011.9,-416.06,416.06
0.048,0.16,-1.0985,0.078869,-16380,-10573,-635.19,635.19
0.048,0.144,-1.5517,-1.053,-31730,-20158,-574.24,574.24
0.048,0.128,-1.5522,-0.2902,-49012,-14197,-180.91,180.91
0.048,0.112,-1.9167,0.33677,-60462,-20152,331.14,331.14
0.048,0.096,-1.8046,-0.39486,-75023,5015.8,809.96,809.96
0.048,0.08,-2.1799,1.335,-60723,9695.9,816.79,816.79
0.048,0.064,-1.1834,0.7839,-47777,21187,505.78,505.78
0.048,0.048,-1.4594,-0.31012,-16458,-796.53,205.6,205.6
0.048,0.032,1.1766,-1.0173,-7899.2,-12151,-2.8182,2.8182
0.048,0.016,0.57806,-2.2493,0,0,-91.691,91.691
0.064,0.496,0.83023,3.9567,6598.5,-55193,558.5,558.5
0.064,0.48,1.8396,3.2152,-53854,-1.1456e+05,915.67,915.67
0.064,0.464,1.9298,2.9581,-1.0032e+05,-1.7202e+05,1564.5,1564.5
0.064,0.448,2.0516,2.1924,-1.2941e+05,-1.351e+05,2097.8,2097.8
0.064,0.432,1.9261,2.1657,-70684,-1.2849e+05,3318,3318
0.064,0.416,2.2944,3.7522,13597,-1.1717e+05,4594.7,4594.7
0.064,0.4,5.1564,1.1581,95944,-1.1616e+05,4817.3,4817.3
0.064,0.384,3.005,2.6698,72917,-95686,4066.1,4066.1
0.064,0.368,3.1686,3.9885,-43333,-87917,2769.7,2769.7
0.064,0.352,0.72336,2.847,-86131,-68950,2600,2600
0.064,0.336,-0.38321,-0.15821,-87053,-41438,3273.4,3273.4
0.064,0.32,-0.41705,0.16895,-27923,-32137,4343.8,4343.8
0.064,0.304,-0.42806,-0.038081,-9064.2,-14615,3677.7,3677.7
0.064,0.288,0.03902,-0.29615,-1.5059e+05,1.6617e+05,2534.3,2534.3
0.064,0.272,0.037754,-0.15703,-1.6896e+05,1.8783e+05,1435.5,1435.5
0.064,0.256,-0.5415,0.11501,-1.9849e+05,2.2517e+05,1261.4,1261.4
0.064,0.24,-0.72647,0.078947,-40509,55842,1036.4,1036.4
0.064,0.224,-0.13335,0.43367,-17802,62114,510.26,510.26
0.064,0.208,0.19647,0.13394,-12268,46146,101.76,101.76
0.064,0.192,-0.38789,0.01641,-24495,42991,-593.93,593.93
0.064,0.176,-0.21759,0.40223,-29146,37802,-1209.6,1209.6
0.064,0.16,-0.11991,-0.15822,-30722,4272.6,-1540.8,1540.8
0.064,0.144,-0.27859,-0.44215,-48788,-13921,-1411.2,1411.2
0.064,0.128,0.013991,-0.065679,-58203,-15092,-747.74,747.74
0.064,0.112,-0.36294,0.22687,-40829,-25741,-92.913,92.913
0.064,0.096,-0.72077,-0.11703,-23398,13991,528.26,528.26
0.064,0.08,-0.56323,0.31401,-21084,39178,630.03,630.03
0.064,0.064,-0.039655,-0.023344,-28299,54009,337.63,337.63
0.064,0.048,0.60527,-0.39262,-19640,15742,98.222,98.222
0.064,0.032,0.51916,0.52329,-3246.6,-14713,-73.217,73.217
0.064,0.016,-1.502,-1.9066,0,0,-105.88,105.88
0.08,0.496,2.3516,4.2562,0,0,443.92,443.92
0.08,0.48,3.1008,3.5896,-1.0544e+05,-62135,794.96,794.96
0.08,0.464,3.0812,3.7991,-1.9765e+05,-1.0871e+05,2105.4,2105.4
0.08,0.448,2.9889,3.3187,-1.9853e+05,-1.1133e+05,3853.7,3853.7
0.08,0.432,1.9814,3.6399,-1.7448e+05,-1.1455e+05,6319.2,6319.2
0.08,0.416,2.0006,2.7534,-96884,-88142,7533.1,7533.1
0.08,0.4,2.0712,2.8284,-10186,-29964,7295.7,7295.7
0.08,0.384,2.336,3.4618,53319,3834.7,5357.3,5357.3
0.08,0.368,1.6596,3.6145,-43868,-40811,3900.7,3900.7
0.08,0.352,1.6924,3.2413,-92690,-85422,3514.5,3514.5
0.08,0.336,0.85567,1.4335,-1.2622e+05,-90648,4794.3,4794.3
0.08,0.32,-0.83762,1.0946,-54870,-73779,7608.8,7608.8
0.08,0.304,-1.2957,-1.0018,5850.7,-1.0036e+05,8694.2,8694.2
0.08,0.288,-0.35529,-0.31971,-1.2901e+05,84385,10554,10554
0.08,0.272,-7.4725,8.1848,-1.1257e+05,2.0913e+05,8498.1,8498.1
0.08,0.256,-1.0979,0.8886,-1.2884e+05,3.4456e+05,8443.1,8443.1
0.08,0.24,-1.0782,2.6423,23014,2.2669e+05,6712.9,6712.9
0.08,0.224,-0.64917,2.5188,2718.5,1.685e+05,6184.9,6184.9
0.08,0.208,-0.89243,2.5356,-8927.9,76127,3431.7,3431.7
0.08,0.192,-0.89588,2.7026,-19202,52949,231.73,231.73
0.08,0.176,-0.77213,2.1431,-5802.9,14373,-1741.4,1741.4
0.08,0.16,-0.65284,1.3582,-11316,20794,-2127.8,2127.8
0.08,0.144,-0.66525,-0.25917,-4619.8,-9469.9,-1713.8,1713.8
0.08,0.128,-0.96041,0.070267,3630.8,-12951,-765.71,765.71
0.08,0.112,0.14266,0.11858,24027,-32056,337.6,337.6
0.08,0.096,1.7333,-1.1721,57296,-15174,1518.8,1518.8
0.08,0.08,1.6966,1.0264,32283,23429,1951.5,1951.5
0.08,0.064,0.64594,2.2395,25947,12302,1612.1,1612.1
0.08,0.048,0.29255,-0.1868,-4465.2,-1948.8,1009.6,1009.6
0.08,0.032,-0.66183,2.6313,12469,-32629,347.06,347.06
0.08,0.016,-1.1507,-1.7764,0,0,37.884,37.884
0.096,0.496,4.4394,4.4776,0,0,500.43,500.43
0.096,0.48,4.2464,4.2881,-32910,-2.1901e+05,1201.4,1201.4
0.096,0.464,3.8228,4.2111,-35985,-3.6169e+05,3375.3,3375.3
0.096,0.448,3.4318,5.3771,-16496,-3.2679e+05,6667.5,6667.5
0.096,0.432,2.7226,4.629,43694,-3.884e+05,8712.7,8712.7
0.096,0.416,2.1987,2.6855,50354,-3.1606e+05,8859.2,8859.2
0.096,0.4,1.6456,2.9617,11677,-1.5428e+05,6718.2,6718.2
0.096,0.384,2.9781,3.8354,39812,-7123.5,5093.9,5093.9
0.096,0.368,2.2688,3.7525,77244,-1.2519e+05,3643.2,3643.2
0.096,0.352,1.3082,3.5799,44547,-2.3343e+05,3101.3,3101.3
0.096,0.336,1.0925,3.2809,-52557,-2.0211e+05,4100.3,4100.3
0.096,0.32,0.85177,2.517,-1.2094e+05,-96888,7240.1,7240.1
0.096,0.304,0.86071,2.0363,-47239,-1.289e+05,11327,11327
0.096,0.288,2.7444,1.3315,-1.5554e+05,65944,16613,16613
0.096,0.272,-1.0277,-0.21395,-97132,1.2193e+05,18155,18155
0.096,0.256,0.17629,3.7271,-1.3936e+05,3.1906e+05,18803,18803
0.096,0.24,0.28201,4.2578,-52024,3.7997e+05,15775,15775
0.096,0.224,-0.60988,5.0519,-1.7177e+05,5.058e+05,11987,11987
0.096,0.208,-0.99819,5.1066,-1.6492e+05,3.7123e+05,5341.2,5341.2
0.096,0.192,-0.42425,3.5112,-1.6459e+05,1.5817e+05,-1291.9,1291.9
0.096,0.176,-0.5268,4.0306,-56539,31544,-4674.7,4674.7
0.096,0.16,-0.17089,3.0245,-27949,15309,-4681.1,4681.1
0.096,0.144,0.010681,1.8602,19096,-17170,-3040.9,3040.9
0.096,0.128,0.72155,1.0185,4077.2,-45425,-812.12,812.12
0.096,0.112,0.7991,0.28181,8249.7,-46201,766.63,766.63
0.096,0.096,0.77791,0.57081,22935,-2736.6,2393.2,2393.2
0.096,0.08,1.0881,0.9769,17824,-10239,2979.2,2979.2
0.096,0.064,0.17272,1.6638,-33726,80468,2876.8,2876.8
0.096,0.048,-0.52393,1.8281,-44114,55927,2210,2210
0.096,0.032,-2.9687,5.6202,-44350,72114,1057,1057
0.096,0.016,-2.0691,-0.96195,0,0,302.51,302.51
0.112,0.496,4.88,4.4466,0,0,932.9,932.9
0.112,0.48,5.6373,4.7436,1.2862e+05,-6.4665e+05,2610.3,2610.3
0.112,0.464,4.2281,4.7605,2.5117e+05,-1.0376e+06,6341.5,6341.5
0.112,0.448,4.39,4.8598,2.6426e+05,-8.5601e+05,9296.1,9296.1
0.112,0.432,4.389,4.6566,1.7898e+05,-6.1394e+05,10682,10682
0.112,0.416,5.415,1.6126,-7212.6,-3.5197e+05,10752,10752
0.112,0.4,3.5197,3.3441,-2.1092e+05,-50998,8702.3,8702.3
0.112,0.384,1.4571,5.6861,-1.1792e+05,1.1902e+05,6808.7,6808.7
0.112,0.368,2.8062,5.5207,48478,-60579,4250,4250
0.112,0.352,3.8973,3.5776,55247,-2.4226e+05,3886.8,3886.8
0.112,0.336,0.84174,4.6619,-28982,-3.2718e+05,5565.4,5565.4
0.112,0.32,0.97891,4.1483,-46117,-2.6121e+05,9540.7,9540.7
0.112,0.304,0.77535,4.0616,58494,-3.2183e+05,14608,14608
0.112,0.288,1.8882,3.428,47580,-2.8582e+05,24891,24891
0.112,0.272,2.4939,4.4294,24866,-1.6084e+05,31288,31288
0.112,0.256,3.0084,2.9705,-52146,1.652e+05,36616,36616
0.112,0.24,-0.45362,5.556,-2.0508e+05,6.7659e+05,32030,32030
0.112,0.224,-3.1556,8.8431,-3.7708e+05,1.0131e+06,23028,23028
0.112,0.208,-3.4932,8.864,-3.36e+05,8.7696e+05,9185.7,9185.7
0.112,0.192,-2.7413,6.3301,-1.4277e+05,2.7555e+05,-5112.8,5112.8
0.112,0.176,-2.5867,2.6762,49115,-2.0298e+05,-12274,12274
0.112,0.16,-0.51368,4.0587,84013,-3.7431e+05,-12873,12873
0.112,0.144,0.46986,3.5326,62341,-2.7149e+05,-7885.3,7885.3
0.112,0.128,0.8516,1.6665,16979,-1.7508e+05,-1908,1908
0.112,0.112,0.95991,1.1913,-4818.2,-89370,1835.2,1835.2
0.112,0.096,0.60951,1.0366,-43696,22619,3910.5,3910.5
0.112,0.08,-0.50501,1.6561,-34581,-2022.9,4115.8,4115.8
0.112,0.064,0.11246,-1.1306,-99813,1.1773e+05,3924.2,3924.2
0.112,0.048,-1.799,4.5158,-77869,60869,3223.5,3223.5
0.112,0.032,-3.2962,6.8051,-83566,1.184e+05,1651.8,1651.8
0.112,0.016,-1.3251,-0.47139,0,0,543.29,543.29
0.128,0.496,3.1713,8.4426,0,0,1296.2,1296.2
0.128,0.48,4.22,8.3132,2.0762e+05,-7.4592e+05,5362.8,5362.8
0.128,0.464,3.2233,6.2426,5.1843e+05,-1.5517e+06,10096,10096
0.128,0.448,2.9062,5.3962,4.8842e+05,-1.2965e+06,12839,12839
0.128,0.432,2.3493,6.2147,4.1682e+05,-9.6067e+05,11824,11824
0.128,0.416,0.33556,5.6105,2.4507e+05,-6.7246e+05,12662,12662
0.128,0.4,-1.4731,6.7395,-11217,-2.3067e+05,12825,12825
0.128,0.384,-0.42258,9.0901,-74941,71305,11171,11171
0.128,0.368,0.95897,8.4934,-11819,19633,7126.6,7126.6
0.128,0.352,0.37339,6.708,-5862.2,-2.1609e+05,5360.8,5360.8
0.128,0.336,-0.77776,5.9193,-18426,-4.0803e+05,8378.9,8378.9
0.128,0.32,1.1804,3.452,28532,-3.9533e+05,13407,13407
0.128,0.304,3.4866,3.6399,1.7815e+05,-4.2192e+05,19417,19417
0.128,0.288,2.0191,4.7308,2.0668e+05,-4.2848e+05,30810,30810
0.128,0.272,2.2316,5.3946,1.2944e+05,-3.1748e+05,44898,44898
0.128,0.256,2.2641,6.9575,-67910,2.3465e+05,55434,55434
0.128,0.24,-0.56081,10.266,-3.7137e+05,1.1591e+06,52114,52114
0.128,0.224,-2.7926,14.372,-6.5139e+05,1.8544e+06,34210,34210
0.128,0.208,-1.2807,14.849,-6.4378e+05,1.7845e+06,11446,11446
0.128,0.192,0.0083089,13.163,-3.3947e+05,7.8082e+05,-12910,12910
0.128,0.176,1.6207,9.5613,15829,-2.5112e+05,-24941,24941
0.128,0.16,0.99967,6.6467,2.1488e+05,-8.0405e+05,-25362,25362
0.128,0.144,1.219,5.0209,1.9543e+05,-6.6414e+05,-15090,15090
0.128,0.128,1.9212,3.7945,87850,-3.4953e+05,-2825.5,2825.5
0.128,0.112,1.6717,1.7201,66911,-2.3362e+05,2864.8,2864.8
0.128,0.096,2.2176,0.74709,-28030,-71462,5389.5,5389.5
0.128,0.08,1.3924,2.9513,-45283,-48984,3634,3634
0.128,0.064,0.58072,1.9348,-1.4459e+05,1.2785e+05,2794.8,2794.8
0.128,0.048,-1.0051,2.7851,-89256,61436,2388.5,2388.5
0.128,0.032,-0.2995,5.7702,-62183,82709,1235.1,1235.1
0.128,0.016,-0.30958,1.047,0,0,458.88,458.88
0.144,0.496,-0.41459,22.837,0,0,1678.5,1678.5
0.144,0.48,-0.14225,19.056,1.8719e+05,-6.7202e+05,6018,6018
0.144,0.464,-1.3143,14.15,6.8713e+05,-2.1843e+06,2346.7,2346.7
0.144,0.448,-1.0164,11.858,5.3309e+05,-1.669e+06,-3649,3649
0.144,0.432,0.33282,9.8282,3.0432e+05,-9.8498e+05,-5577.6,5577.6
0.144,0.416,1.0682,9.8998,66610,-6.6662e+05,1469.3,1469.3
0.144,0.4,0.95867,9.0759,-1.1e+05,-2.3247e+05,6882.1,6882.1
0.144,0.384,-0.10234,9.5837,-1.6678e+05,-24472,3503.3,3503.3
0.144,0.368,-0.71379,10.897,-1.4084e+05,28443,-6899.4,6899.4
0.144,0.352,-1.2479,9.241,-1.351e+05,-2.3519e+05,-12819,12819
0.144,0.336,-1.3563,7.1371,-11506,-5.6597e+05,-10548,10548
0.144,0.32,0.16813,7.1665,2.0734e+05,-8.3734e+05,2116,2116
0.144,0.304,1.8333,9.1678,4.0722e+05,-9.477e+05,14124,14124
0.144,0.288,3.3733,8.462,4.2653e+05,-9.7804e+05,32982,32982
0.144,0.272,3.9409,8.1726,2.2364e+05,-4.5667e+05,51631,51631
0.144,0.256,2.1677,11.19,-76180,5.2005e+05,69318,69318
0.144,0.24,-1.3727,15.976,-3.937e+05,1.7952e+06,67712,67712
0.144,0.224,-3.2316,20.862,-6.0643e+05,2.6528e+06,45248,45248
0.144,0.208,-2.5072,21.091,-5.933e+05,2.7618e+06,12342,12342
0.144,0.192,-1.4311,18.615,-3.6103e+05,1.7176e+06,-23738,23738
0.144,0.176,-1.6116,12.779,-42014,-8052.6,-42335,42335
0.144,0.16,0.49209,10.621,2.1739e+05,-1.2395e+06,-45637,45637
0.144,0.144,1.0288,7.1458,2.8564e+05,-1.348e+06,-30847,30847
0.144,0.128,3.5528,3.9545,1.3179e+05,-6.695e+05,-11935,11935
0.144,0.112,2.2834,3.2026,30097,-2.8817e+05,-915.67,915.67
0.144,0.096,2.8508,1.8033,-1.1264e+05,-79021,2872.1,2872.1
0.144,0.08,1.2611,3.3339,-1.343e+05,11192,669.4,669.4
0.144,0.064,-0.19475,4.4865,-1.2373e+05,5856.6,179.33,179.33
0.144,0.048,0.73507,1.7435,-53217,-42736,262.49,262.49
0.144,0.032,0.83796,3.5265,21847,-88272,-26.44,26.44
0.144,0.016,-0.60104,3.3267,0,0,7.0656,7.0656
0.16,0.496,-2.538,33.17,0,0,1032.4,1032.4
0.16,0.48,-3.6215,27.644,0,0,4341.9,4341.9
0.16,0.464,-3.606,21.017,NaN,NaN,-2944,2944
0.16,0.448,-1.075,17.232,1.8944e+05,-1.4093e+06,-13403,13403
0.16,0.432,-0.79985,16.416,3.7463e+05,-1.1414e+06,-34629,34629
0.16,0.416,-1.6968,17.558,3.3159e+05,-9.9729e+05,-41784,41784
0.16,0.4,-1.3101,17.042,2.3262e+05,-5.5219e+05,-48458,48458
0.16,0.384,-1.3156,15.392,6313.4,-2.5961e+05,-39493,39493
0.16,0.368,-1.887,13.581,-1.0508e+05,-2.8395e+05,-38168,38168
0.16,0.352,-0.97249,11.916,-59791,-8.8844e+05,-41978,41978
0.16,0.336,-0.18063,10.324,1.6089e+05,-1.5688e+06,-47279,47279
0.16,0.32,0.48772,11.112,4.5582e+05,-2.2053e+06,-35572,35572
0.16,0.304,2.8442,11.009,7.0089e+05,-2.3932e+06,-9336.9,9336.9
0.16,0.288,3.1127,11.289,7.8779e+05,-2.2502e+06,21659,21659
0.16,0.272,2.7982,11.827,5.6136e+05,-1.1598e+06,46685,46685
0.16,0.256,0.060865,15.445,1.337e+05,4.4793e+05,63402,63402
0.16,0.24,-2.6886,24.782,-2.9016e+05,2.2049e+06,60696,60696
0.16,0.224,-1.8734,29.904,-5.3121e+05,3.1786e+06,37017,37017
0.16,0.208,-1.9021,31.139,-5.6736e+05,3.3835e+06,1180,1180
0.16,0.192,-1.5406,29.053,-5.3644e+05,2.4022e+06,-39532,39532
0.16,0.176,-1.7417,20.256,-2.0597e+05,2.8851e+05,-63644,63644
0.16,0.16,-0.53902,12.868,1.4074e+05,-1.4712e+06,-67953,67953
0.16,0.144,2.1689,7.325,3.9482e+05,-1.9665e+06,-47451,47451
0.16,0.128,2.136,4.9284,2.4557e+05,-1.1996e+06,-19850,19850
0.16,0.112,0.631,5.3586,89684,-5.4637e+05,-3981.7,3981.7
0.16,0.096,0.40907,5.6384,-1.0764e+05,-1.9195e+05,-176.25,176.25
0.16,0.08,-0.62361,4.9433,-2.074e+05,6959.4,-3475,3475
0.16,0.064,-0.64709,5.9538,-1.6133e+05,-1.2317e+05,-3555.5,3555.5
0.16,0.048,0.38786,3.1018,-63271,-1.5849e+05,-2314.8,2314.8
0.16,0.032,-0.38743,3.5269,49638,-2.0077e+05,-1305.2,1305.2
0.16,0.016,-2.3955,6.9289,0,0,-384.68,384.68
0.176,0.496,-2.4934,37.813,0,0,521.54,521.54
0.176,0.48,-3.2599,34.495,0,0,782.31,782.31
0.176,0.464,-2.6367,34.505,NaN,NaN,-14652,14652
0.176,0.448,-2.3281,35.73,NaN,NaN,-57716,57716
0.176,0.432,-1.7646,34.094,NaN,NaN,-70571,70571
0.176,0.416,-2.4995,33.356,1.8061e+05,-1.0425e+06,-76467,76467
0.176,0.4,-3.2753,34.026,1.3615e+05,-5.9792e+05,-83146,83146
0.176,0.384,-2.2483,33.506,14792,-4.0595e+05,-1.0649e+05,1.0649e+05
0.176,0.368,-1.769,28.874,-8706.6,-6.1765e+05,-1.2952e+05,1.2952e+05
0.176,0.352,-1.4439,22.093,76463,-1.392e+06,-1.4976e+05,1.4976e+05
0.176,0.336,0.3941,18.976,3.086e+05,-2.1682e+06,-1.2968e+05,1.2968e+05
0.176,0.32,2.2389,18.893,7.023e+05,-3.0485e+06,-87267,87267
0.176,0.304,3.0061,20.076,9.1295e+05,-3.1938e+06,-26882,26882
0.176,0.288,2.875,21.526,9.3115e+05,-2.8869e+06,15707,15707
0.176,0.272,2.4832,25.552,6.2815e+05,-1.6805e+06,39727,39727
0.176,0.256,-1.0835,29.266,2.1963e+05,-1.4086e+05,47267,47267
0.176,0.24,-2.7139,31.356,-1.3546e+05,1.37e+06,36888,36888
0.176,0.224,-3.1723,33.113,-3.0896e+05,2.2096e+06,14830,14830
0.176,0.208,-2.9229,33.493,-4.1222e+05,2.5593e+06,-15061,15061
0.176,0.192,-2.2016,31.267,-5.3706e+05,1.7912e+06,-52057,52057
0.176,0.176,-0.94323,23.937,-2.7291e+05,-1.9499e+05,-78616,78616
0.176,0.16,-0.5793,16.288,1.1168e+05,-2.129e+06,-85367,85367
0.176,0.144,1.2995,8.123,5.2074e+05,-2.9306e+06,-60371,60371
0.176,0.128,2.446,6.6528,4.622e+05,-2.38e+06,-25807,25807
0.176,0.112,2.1289,8.9848,2.523e+05,-1.5487e+06,-5801.8,5801.8
0.176,0.096,1.6865,8.0284,-37544,-8.2281e+05,-3184.1,3184.1
0.176,0.08,0.30587,8.4845,-1.8013e+05,-3.3595e+05,-7673.4,7673.4
0.176,0.064,-0.24917,8.4741,-1.4249e+05,-3.1655e+05,-7190.7,7190.7
0.176,0.048,-0.050502,5.5485,-39323,-2.6096e+05,-4720.2,4720.2
0.176,0.032,-0.41652,6.7094,22365,-1.7778e+05,-2150.6,2150.6
0.176,0.016,-0.8942,8.1694,0,0,-565.88,565.88
0.192,0.496,-3.0119,44.159,0,0,0,0
0.192,0.48,-2.5471,43.909,0,0,0,0
0.192,0.464,-3.2111,45.491,NaN,NaN,0,0
0.192,0.448,-3.2763,47.263,NaN,NaN,NaN,NaN
0.192,0.432,-2.0115,46.757,NaN,NaN,-1.5571e+05,1.5571e+05
0.192,0.416,-2.4608,47.324,NaN,NaN,-1.5406e+05,1.5406e+05
0.192,0.4,-3.1162,47.982,NaN,NaN,-1.5304e+05,1.5304e+05
0.192,0.384,-1.8097,45.798,NaN,NaN,-1.7235e+05,1.7235e+05
0.192,0.368,-0.13208,42.893,1.2658e+05,-1.6471e+06,-1.8411e+05,1.8411e+05
0.192,0.352,0.37325,38.524,2.7972e+05,-2.6842e+06,-1.9892e+05,1.9892e+05
0.192,0.336,1.3926,35.452,5.14e+05,-3.469e+06,-1.8978e+05,1.8978e+05
0.192,0.32,2.7334,35.863,9.5743e+05,-4.2943e+06,-1.7493e+05,1.7493e+05
0.192,0.304,3.0028,35.428,1.1331e+06,-4.1139e+06,-97685,97685
0.192,0.288,2.155,36.451,1.0913e+06,-3.2912e+06,-25001,25001
0.192,0.272,0.77245,37.162,7.4773e+05,-2.0378e+06,34858,34858
0.192,0.256,-1.1182,36.165,3.8723e+05,-8.3895e+05,25074,25074
0.192,0.24,-2.519,34.845,-5899.6,1.878e+05,933.51,933.51
0.192,0.224,-3.1724,33.998,-1.8159e+05,5.6767e+05,-20542,20542
0.192,0.208,-2.3449,31.787,-3.9228e+05,6.1985e+05,-37333,37333
0.192,0.192,-2.5712,28.626,-5.5853e+05,-27931,-57973,57973
0.192,0.176,-0.88038,24.367,-3.2343e+05,-1.521e+06,-79003,79003
0.192,0.16,0.30926,17.769,1.7691e+05,-3.1546e+06,-84330,84330
0.192,0.144,3.1132,9.8909,6.5715e+05,-4.0191e+06,-57491,57491
0.192,0.128,4.8033,9.3634,6.9923e+05,-3.7574e+06,-20270,20270
0.192,0.112,5.4694,8.72,4.6298e+05,-2.8988e+06,-362.59,362.59
0.192,0.096,4.2026,7.5414,1.6744e+05,-1.9283e+06,-709.48,709.48
0.192,0.08,2.1329,7.3549,3125.8,-1.2717e+06,-8456.3,8456.3
0.192,0.064,2.7335,6.1894,-12529,-9.8286e+05,-9053.4,9053.4
0.192,0.048,1.8332,7.0885,33721,-6.3366e+05,-6151.2,6151.2
0.192,0.032,0.29859,9.4821,12386,-2.5201e+05,-2470.7,2470.7
0.192,0.016,-0.45864,10.508,0,0,-586.71,586.71
0.208,0.496,-2.3636,48.166,0,0,0,0
0.208,0.48,-2.7549,49.918,0,0,0,0
0.208,0.464,-3.5605,51.632,NaN,NaN,0,0
0.208,0.448,-3.5896,52.822,NaN,NaN,NaN,NaN
0.208,0.432,-2.7157,52.908,NaN,NaN,NaN,NaN
0.208,0.416,-2.5699,52.485,NaN,NaN,NaN,NaN
0.208,0.4,-2.6305,51.571,NaN,NaN,NaN,NaN
0.208,0.384,-1.9811,50.207,NaN,NaN,-3.3358e+05,3.3358e+05
0.208,0.368,-0.57684,49.638,NaN,NaN,-3.265e+05,3.265e+05
0.208,0.352,0.80433,47.9,NaN,NaN,-3.1536e+05,3.1536e+05
0.208,0.336,2.3712,46.834,NaN,NaN,-2.5606e+05,2.5606e+05
0.208,0.32,3.3016,46.72,1.1693e+06,-3.1078e+06,-2.2032e+05,2.2032e+05
0.208,0.304,4.3003,44.202,1.0879e+06,-2.8334e+06,-1.4509e+05,1.4509e+05
0.208,0.288,4.4008,42.192,9.9036e+05,-2.4824e+06,-60255,60255
0.208,0.272,2.3997,42.21,6.2094e+05,-1.7832e+06,-6713.4,6713.4
0.208,0.256,-0.9633,43.625,3.9617e+05,-1.3017e+06,5388,5388
0.208,0.24,-2.6094,43.969,1.7321e+05,-1.0277e+06,-23653,23653
0.208,0.224,-2.3614,39.846,44094,-9.8827e+05,-41749,41749
0.208,0.208,-1.7999,36.718,-1.5865e+05,-1.0987e+06,-46080,46080
0.208,0.192,-1.1829,31.66,-3.6462e+05,-1.5357e+06,-54788,54788
0.208,0.176,-0.79206,29.109,-2.7942e+05,-2.4163e+06,-65719,65719
0.208,0.16,1.6582,22.786,76624,-3.484e+06,-68722,68722
0.208,0.144,2.7324,17.839,4.8071e+05,-4.2174e+06,-47352,47352
0.208,0.128,3.287,14.027,6.0486e+05,-4.2824e+06,-15639,15639
0.208,0.112,2.4003,14.213,4.9216e+05,-3.8503e+06,1656.5,1656.5
0.208,0.096,2.0352,12.392,3.1522e+05,-3.1549e+06,876.66,876.66
0.208,0.08,2.3979,9.5002,2.0441e+05,-2.5247e+06,-9194.8,9194.8
0.208,0.064,2.455,7.5095,61296,-1.7989e+06,-10463,10463
0.208,0.048,1.8024,9.4344,20653,-9.7959e+05,-7574.3,7574.3
0.208,0.032,1.1875,8.7507,-52497,-2.7275e+05,-2949.9,2949.9
0.208,0.016,-0.51029,8.9328,0,0,-731.6,731.6
0.224,0.496,-1.5569,53.856,0,0,0,0
0.224,0.48,-2.2713,53.915,0,0,0,0
0.224,0.464,-2.4808,55.123,NaN,NaN,0,0
0.224,0.448,-3.358,56.29,NaN,NaN,NaN,NaN
0.224,0.432,-2.9681,55.73,NaN,NaN,NaN,NaN
0.224,0.416,-2.5836,54.942,NaN,NaN,NaN,NaN
0.224,0.4,-1.9546,54.204,NaN,NaN,NaN,NaN
0.224,0.384,-0.76664,52.695,NaN,NaN,NaN,NaN
0.224,0.368,0.5481,51.896,NaN,NaN,NaN,NaN
0.224,0.352,1.8042,50.535,NaN,NaN,NaN,NaN
0.224,0.336,2.5394,49.818,NaN,NaN,-3.1953e+05,3.1953e+05
0.224,0.32,3.0413,48.875,NaN,NaN,-3.4883e+05,3.4883e+05
0.224,0.304,3.1704,47.234,NaN,NaN,-2.3588e+05,2.3588e+05
0.224,0.288,2.4737,46.655,1.0273e+06,-2.176e+06,-1.0183e+05,1.0183e+05
0.224,0.272,1.7117,46.163,6.0231e+05,-1.5816e+06,-37469,37469
0.224,0.256,-0.10628,47.086,4.0995e+05,-1.3191e+06,-18969,18969
0.224,0.24,-1.2143,47.329,2.3149e+05,-1.2856e+06,-37807,37807
0.224,0.224,-2.2334,46.907,1.5984e+05,-1.4576e+06,-47422,47422
0.224,0.208,-1.7452,45.442,29034,-1.7427e+06,-50178,50178
0.224,0.192,-0.24418,42.534,-1.6827e+05,-1.9837e+06,-51364,51364
0.224,0.176,0.52649,38.985,-3.0406e+05,-2.3975e+06,-49921,49921
0.224,0.16,1.5304,34.942,-2.4021e+05,-2.9275e+06,-45647,45647
0.224,0.144,1.9559,32.324,-81042,-3.3595e+06,-27660,27660
0.224,0.128,1.5902,30.517,-39778,-3.3899e+06,-7570.6,7570.6
0.224,0.112,-0.43717,28.001,-1.7848e+05,-3.0832e+06,5613.3,5613.3
0.224,0.096,-0.44849,23.871,-2.9323e+05,-2.698e+06,4711.5,4711.5
0.224,0.08,0.98957,19.386,-2.8142e+05,-2.3999e+06,-3194.4,3194.4
0.224,0.064,0.57798,21.086,-2.3878e+05,-1.9464e+06,-6956.5,6956.5
0.224,0.048,-1.1996,21.955,-1.325e+05,-1.1534e+06,-6208.6,6208.6
0.224,0.032,-1.4501,21.328,-90481,-4.0703e+05,-2784.6,2784.6
0.224,0.016,-1.4505,15.661,0,0,-746.73,746.73
0.24,0.496,0.50571,55.681,0,0,0,0
0.24,0.48,-0.41042,54.364,0,0,0,0
0.24,0.464,-1.2468,55.688,NaN,NaN,0,0
0.24,0.448,-1.7142,56.395,NaN,NaN,NaN,NaN
0.24,0.432,-2.3403,56.036,NaN,NaN,NaN,NaN
0.24,0.416,-2.7551,55.083,NaN,NaN,NaN,NaN
0.24,0.4,-3.0409,54.431,NaN,NaN,NaN,NaN
0.24,0.384,-1.7998,53.148,NaN,NaN,NaN,NaN
0.24,0.368,-0.45912,51.799,NaN,NaN,NaN,NaN
0.24,0.352,-0.52174,50.784,NaN,NaN,NaN,NaN
0.24,0.336,0.14298,49.978,NaN,NaN,NaN,NaN
0.24,0.32,1.7178,50.279,NaN,NaN,NaN,NaN
0.24,0.304,1.767,50.236,NaN,NaN,-2.9491e+05,2.9491e+05
0.24,0.288,2.843,49.731,NaN,NaN,-1.1615e+05,1.1615e+05
0.24,0.272,2.406,49.144,2.8342e+05,-1.335e+06,-90690,90690
0.24,0.256,1.0574,48.565,2.8083e+05,-1.245e+06,-48316,48316
0.24,0.24,-0.14881,48.716,2.5717e+05,-1.3156e+06,-42125,42125
0.24,0.224,-1.8178,48.251,2.6575e+05,-1.4068e+06,-38627,38627
0.24,0.208,-2.3794,47.664,3.1162e+05,-1.5694e+06,-43217,43217
0.24,0.192,-2.6528,46.647,2.5638e+05,-1.708e+06,-47947,47947
0.24,0.176,-1.9684,44.267,-49757,-1.8706e+06,-40971,40971
0.24,0.16,-2.8431,42.847,-4e+05,-2.0286e+06,-29307,29307
0.24,0.144,-2.2711,41.871,-6.1924e+05,-2.1379e+06,-12806,12806
0.24,0.128,-1.5651,41.325,-7.3306e+05,-2.1334e+06,-3961.7,3961.7
0.24,0.112,-3.2237,41.741,-8.5659e+05,-2.0122e+06,-1473.8,1473.8
0.24,0.096,-4.5944,41.666,-9.7157e+05,-1.794e+06,2658.8,2658.8
0.24,0.08,-4.8356,41.643,-9.4933e+05,-1.5235e+06,3619.2,3619.2
0.24,0.064,-5.4174,39.703,-9.2461e+05,-1.1191e+06,4758,4758
0.24,0.048,-5.1664,38.809,-6.0772e+05,-6.1166e+05,1485.7,1485.7
0.24,0.032,-4.8268,38.86,-3.1015e+05,-1.899e+05,123.95,123.95
0.24,0.016,-5.5505,36.154,0,0,-31.135,31.135
0.256,0.496,1.7108,56.076,0,0,0,0
0.256,0.48,0.98028,53.195,0,0,0,0
0.256,0.464,-1.2178,52.364,NaN,NaN,0,0
0.256,0.448,-1.5057,52.289,NaN,NaN,NaN,NaN
0.256,0.432,-2.5388,52.699,NaN,NaN,NaN,NaN
0.256,0.416,-4.5603,52.327,NaN,NaN,NaN,NaN
0.256,0.4,-6.0018,51.693,NaN,NaN,NaN,NaN
0.256,0.384,-5.2689,50.696,NaN,NaN,NaN,NaN
0.256,0.368,-4.3356,50.41,NaN,NaN,NaN,NaN
0.256,0.352,-3.6481,50.593,NaN,NaN,NaN,NaN
0.256,0.336,-1.1656,50.33,NaN,NaN,NaN,NaN
0.256,0.32,0.55058,50.701,NaN,NaN,-92400,92400
0.256,0.304,2.268,50.237,NaN,NaN,-1.2135e+05,1.2135e+05
0.256,0.288,2.4243,49.829,NaN,NaN,-98693,98693
0.256,0.272,2.5132,48.966,2.3547e+05,-7.1092e+05,-90266,90266
0.256,0.256,1.4267,48.093,3.0857e+05,-1.0222e+06,-66254,66254
0.256,0.24,-0.44525,47.4,3.3775e+05,-1.2347e+06,-48614,48614
0.256,0.224,-1.4651,46.479,4.4258e+05,-1.4505e+06,-35370,35370
0.256,0.208,-1.0725,45.314,5.7713e+05,-1.5091e+06,-34934,34934
0.256,0.192,-0.26022,43.847,6.2076e+05,-1.5059e+06,-42428,42428
0.256,0.176,-0.7503,42.32,2.9021e+05,-1.6413e+06,-35650,35650
0.256,0.16,-3.0303,41.322,-2.1489e+05,-1.8228e+06,-19926,19926
0.256,0.144,-3.0766,41.173,-6.692e+05,-1.8769e+06,-1434.6,1434.6
0.256,0.128,-3.6281,41.63,-1.0027e+06,-1.6508e+06,2152.9,2152.9
0.256,0.112,-5.8459,43.462,-1.2602e+06,-1.2416e+06,-1136,1136
0.256,0.096,-5.4081,46.048,-1.484e+06,-7.7817e+05,4063.1,4063.1
0.256,0.08,-5.0924,48.021,-1.5236e+06,-3.9109e+05,10672,10672
0.256,0.064,-5.9262,50.466,-1.4662e+06,-1.9887e+05,14393,14393
0.256,0.048,-5.9847,50.318,-9.6052e+05,-81896,9636,9636
0.256,0.032,-6.2939,48.242,-4.5155e+05,-48547,5061.4,5061.4
0.256,0.016,-6.2459,47.179,0,0,1217,1217
0.272,0.496,2.0916,51.592,0,0,0,0
0.272,0.48,1.7634,49.747,0,0,0,0
0.272,0.464,-0.10501,48.135,NaN,NaN,0,0
0.272,0.448,-1.2462,47.62,NaN,NaN,NaN,NaN
0.272,0.432,-2.5312,47.928,NaN,NaN,NaN,NaN
0.272,0.416,-4.5348,47.043,NaN,NaN,NaN,NaN
0.272,0.4,-6.1367,47.012,NaN,NaN,NaN,NaN
0.272,0.384,-6.7968,47.596,NaN,NaN,NaN,NaN
0.272,0.368,-6.3821,48.43,NaN,NaN,NaN,NaN
0.272,0.352,-5.3209,49.579,NaN,NaN,-34514,34514
0.272,0.336,-2.9185,50.245,NaN,NaN,-41449,41449
0.272,0.32,-0.61269,49.673,NaN,NaN,-42652,42652
0.272,0.304,1.3213,48.987,-2.4008e+05,-4.437e+05,-58918,58918
0.272,0.288,1.4486,48.312,15709,-1.8704e+05,-61472,61472
0.272,0.272,1.6263,46.489,2.5222e+05,-3.8008e+05,-64833,64833
0.272,0.256,1.1105,43.963,4.4686e+05,-5.9364e+05,-52858,52858
0.272,0.24,-0.78603,41.753,5.3298e+05,-9.9495e+05,-40280,40280
0.272,0.224,-1.4184,40.519,6.637e+05,-1.342e+06,-28134,28134
0.272,0.208,-0.92482,40.73,8.0978e+05,-1.5577e+06,-23649,23649
0.272,0.192,-0.012301,40.823,8.5456e+05,-1.5647e+06,-27648,27648
0.272,0.176,0.19866,40.383,6.3376e+05,-1.5949e+06,-22566,22566
0.272,0.16,-0.79994,37.882,2.5494e+05,-1.5755e+06,-7637.3,7637.3
0.272,0.144,-1.4828,36.019,-84626,-1.3742e+06,8902.1,8902.1
0.272,0.128,-1.7511,38.471,-3.4957e+05,-1.0213e+06,13391,13391
0.272,0.112,-3.674,42.214,-5.6552e+05,-6.579e+05,6377.4,6377.4
0.272,0.096,-4.2973,45.219,-8.5879e+05,-3.8446e+05,11466,11466
0.272,0.08,-4.7865,47.756,-1.1899e+06,-62609,18623,18623
0.272,0.064,-6.6901,51.335,-1.4903e+06,2.7123e+05,25895,25895
0.272,0.048,-7.0036,51.649,-1.1179e+06,3.2904e+05,18497,18497
0.272,0.032,-6.1198,51.997,-5.6837e+05,2.011e+05,9186,9186
0.272,0.016,-5.7413,52.887,0,0,2352.7,2352.7
0.288,0.496,1.7277,47.393,0,0,0,0
0.288,0.48,2.0147,44.311,0,0,0,0
0.288,0.464,1.7316,43.054,NaN,NaN,0,0
0.288,0.448,-0.29363,41.331,NaN,NaN,NaN,NaN
0.288,0.432,-1.7926,40.549,NaN,NaN,NaN,NaN
0.288,0.416,-2.3196,39.361,NaN,NaN,-1.0969e+05,1.0969e+05
0.288,0.4,-3.9491,40.131,NaN,NaN,-86595,86595
0.288,0.384,-4.466,42.011,NaN,NaN,-62419,62419
0.288,0.368,-4.2336,42.467,NaN,NaN,-21484,21484
0.288,0.352,-4.5777,43.927,NaN,NaN,-6012.6,6012.6
0.288,0.336,-3.9067,45.935,-1.0524e+06,-2.66e+06,-15488,15488
0.288,0.32,-3.0204,44.508,-7.7348e+05,-2.2954e+06,-23838,23838
0.288,0.304,-1.8781,42.614,-4.3106e+05,-1.5341e+06,-35260,35260
0.288,0.288,-0.097947,40.496,9524.8,-7.9835e+05,-21577,21577
0.288,0.272,1.1075,37.485,3.2681e+05,-4.0318e+05,-15966,15966
0.288,0.256,1.1716,36.07,5.5621e+05,-4.1325e+05,-6707.9,6707.9
0.288,0.24,0.52772,36.387,6.3841e+05,-9.1591e+05,-9357.7,9357.7
0.288,0.224,-0.31324,34.925,7.0652e+05,-1.431e+06,-6960.4,6960.4
0.288,0.208,-0.69467,35.469,7.1407e+05,-1.7879e+06,-5085.3,5085.3
0.288,0.192,-1.3662,36.011,7.5066e+05,-1.6127e+06,-9104.4,9104.4
0.288,0.176,-0.3947,36.28,7.0856e+05,-1.1744e+06,-6673.8,6673.8
0.288,0.16,0.87177,37.192,6.2858e+05,-5.7875e+05,6176.6,6176.6
0.288,0.144,1.4541,38.309,5.2994e+05,-10852,20000,20000
0.288,0.128,2.2694,40.619,4.1092e+05,3.5063e+05,29556,29556
0.288,0.112,1.991,44.228,2.8602e+05,5.9007e+05,26635,26635
0.288,0.096,0.4017,46.4,-20292,6.8715e+05,26968,26968
0.288,0.08,-2.3202,49.253,-4.4839e+05,8.4869e+05,28173,28173
0.288,0.064,-5.3189,51.335,-8.124e+05,1.1137e+06,31238,31238
0.288,0.048,-5.908,53.925,-6.6796e+05,8.7946e+05,24880,24880
0.288,0.032,-3.1299,57.878,-3.4081e+05,5.1774e+05,12159,12159
0.288,0.016,-3.4588,60.041,0,0,3399.9,3399.9
0.304,0.496,0.66486,42.66,0,0,0,0
0.304,0.48,0.96271,40.003,0,0,0,0
0.304,0.464,1.0657,38.491,NaN,NaN,0,0
0.304,0.448,0.28931,34.902,NaN,NaN,NaN,NaN
0.304,0.432,-0.96469,33.911,NaN,NaN,-1.1658e+05,1.1658e+05
0.304,0.416,-1.0582,31.307,NaN,NaN,-1.0599e+05,1.0599e+05
0.304,0.4,-3.1521,29.943,-7.5364e+05,-3.7073e+06,-63526,63526
0.304,0.384,-3.3272,30.055,-5.8729e+05,-3.3642e+06,-15859,15859
0.304,0.368,-2.5786,30.882,-4.8234e+05,-3.1568e+06,41562,41562
0.304,0.352,-2.3524,32.73,-2.7976e+05,-2.7471e+06,33888,33888
0.304,0.336,-2.6803,33.612,-3.6658e+05,-2.6425e+06,9627.6,9627.6
0.304,0.32,-5.2637,30.927,-3.2459e+05,-2.3753e+06,-4664.1,4664.1
0.304,0.304,-4.1854,30.231,-2.085e+05,-1.7296e+06,327.58,327.58
0.304,0.288,-2.0936,29.876,58176,-1.0063e+06,24368,24368
0.304,0.272,-0.76995,28.086,2.4357e+05,-6.9852e+05,36452,36452
0.304,0.256,-0.14158,27.841,3.9894e+05,-7.1402e+05,41340,41340
0.304,0.24,0.18294,28.653,4.9311e+05,-1.1164e+06,27352,27352
0.304,0.224,-1.2076,27.017,4.9308e+05,-1.4832e+06,16419,16419
0.304,0.208,-1.2408,24.546,4.2323e+05,-1.7852e+06,6671.3,6671.3
0.304,0.192,-1.0109,21.806,4.0176e+05,-1.4739e+06,5449.7,5449.7
0.304,0.176,-0.084766,25.008,4.9144e+05,-6.1838e+05,9728.7,9728.7
0.304,0.16,1.4668,34.054,6.4331e+05,4.6816e+05,22523,22523
0.304,0.144,2.3264,36.475,7.0289e+05,1.2419e+06,32745,32745
0.304,0.128,1.7503,38.643,6.2497e+05,1.4604e+06,41695,41695
0.304,0.112,1.0109,39.85,4.7421e+05,1.4658e+06,42434,42434
0.304,0.096,0.86993,41.457,2.3271e+05,1.3692e+06,41681,41681
0.304,0.08,-0.4521,43.12,-35654,1.5469e+06,42870,42870
0.304,0.064,-1.5682,47.061,-2.5809e+05,1.924e+06,40865,40865
0.304,0.048,-1.7003,52.101,-2.463e+05,1.4817e+06,32543,32543
0.304,0.032,-1.0732,56.572,-1.3387e+05,8.5069e+05,14292,14292
0.304,0.016,-1.5587,59.622,0,0,3944.2,3944.2
0.32,0.496,2.1117,39.245,0,0,0,0
0.32,0.48,1.3522,37.755,0,0,0,0
0.32,0.464,1.4323,36.283,NaN,NaN,0,0
0.32,0.448,-1.2277,32.175,NaN,NaN,NaN,NaN
0.32,0.432,-1.8239,28.675,NaN,NaN,-1.9896e+05,1.9896e+05
0.32,0.416,-3.6205,25.394,-4.7819e+05,-3.464e+06,-1.5819e+05,1.5819e+05
0.32,0.4,-4.2504,22.29,-5.5405e+05,-3.5963e+06,-1.0398e+05,1.0398e+05
0.32,0.384,-3.6344,19.891,-4.8881e+05,-3.324e+06,-24095,24095
0.32,0.368,-2.6409,18.098,-4.6671e+05,-3.0814e+06,49001,49001
0.32,0.352,-2.8469,17.151,-3.343e+05,-2.6164e+06,64132,64132
0.32,0.336,-2.7772,16.675,-3.5926e+05,-2.4446e+06,40373,40373
0.32,0.32,-3.3778,15.853,-2.4987e+05,-2.0516e+06,10547,10547
0.32,0.304,-3.0721,17.753,-1.153e+05,-1.5256e+06,4136.2,4136.2
0.32,0.288,-2.3112,19.79,1.5541e+05,-7.346e+05,25860,25860
0.32,0.272,-1.9062,19.894,3.2255e+05,-2.451e+05,46059,46059
0.32,0.256,-2.9114,20.823,3.9314e+05,-96859,54276,54276
0.32,0.24,-2.5825,20.011,4.0623e+05,-2.7138e+05,37698,37698
0.32,0.224,-1.3717,17.805,3.2154e+05,-6.0811e+05,20352,20352
0.32,0.208,-1.7405,16.418,1.7043e+05,-1.0742e+06,6129.8,6129.8
0.32,0.192,-1.3569,14.676,1.3304e+05,-1.0843e+06,-376.34,376.34
0.32,0.176,-0.0056299,20.815,2.4776e+05,-5.1336e+05,3405.7,3405.7
0.32,0.16,0.9044,26.465,4.2811e+05,4.6465e+05,15828,15828
0.32,0.144,-0.09599,28.002,3.9775e+05,1.0955e+06,26655,26655
0.32,0.128,-1.1902,30.063,1.744e+05,1.0627e+06,34964,34964
0.32,0.112,-2.7984,29.742,-50419,9.588e+05,37440,37440
0.32,0.096,-3.0886,31.34,-1.8519e+05,8.4708e+05,39020,39020
0.32,0.08,-2.0784,30.918,-1.6829e+05,1.2672e+06,42215,42215
0.32,0.064,-1.2361,35.299,-82159,1.9193e+06,39732,39732
0.32,0.048,-1.632,38.814,-20003,1.5988e+06,32496,32496
0.32,0.032,-0.54521,45.397,24682,1.0025e+06,14756,14756
0.32,0.016,-0.54002,51.717,0,0,4170.7,4170.7
0.336,0.496,2.2378,34.366,0,0,0,0
0.336,0.48,-0.013385,32.394,0,0,0,0
0.336,0.464,-0.71906,32.776,NaN,NaN,0,0
0.336,0.448,-0.57654,31.183,NaN,NaN,NaN,NaN
0.336,0.432,-1.5807,26.034,NaN,NaN,-2.12e+05,2.12e+05
0.336,0.416,-1.709,20.91,-4.2708e+05,-3.1377e+06,-1.9201e+05,1.9201e+05
0.336,0.4,-1.6165,19.29,-4.4713e+05,-3.464e+06,-1.301e+05,1.301e+05
0.336,0.384,-2.3165,17.7,-4.4277e+05,-3.2544e+06,-33217,33217
0.336,0.368,-3.5993,16.614,-4.749e+05,-3.0272e+06,64844,64844
0.336,0.352,-5.1894,15.305,-4.3706e+05,-2.4619e+06,83682,83682
0.336,0.336,-4.4295,13.823,-3.5816e+05,-2.1229e+06,60730,60730
0.336,0.32,-4.9007,14.79,-1.2831e+05,-1.7301e+06,19179,19179
0.336,0.304,-3.118,17.592,78983,-1.2063e+06,1393.2,1393.2
0.336,0.288,-0.50123,20.781,2.8959e+05,-5.4407e+05,14268,14268
0.336,0.272,0.89117,24.673,3.6988e+05,-12732,29311,29311
0.336,0.256,1.0709,27.134,3.8675e+05,3.9328e+05,39419,39419
0.336,0.24,-0.56463,26.223,4.0155e+05,8.1258e+05,26160,26160
0.336,0.224,-1.1009,24.074,3.3005e+05,8.6387e+05,10924,10924
0.336,0.208,-3.0002,21.021,1.2551e+05,2.1227e+05,-3861.3,3861.3
0.336,0.192,-2.1718,16.364,-39607,-6.9338e+05,-14537,14537
0.336,0.176,-2.1607,14.565,-11821,-1.1594e+06,-14753,14753
0.336,0.16,-1.501,17.169,1.8289e+05,-7.8919e+05,-4398.9,4398.9
0.336,0.144,-1.7279,18.527,1.2954e+05,-2.9125e+05,8765.6,8765.6
0.336,0.128,-4.142,16.494,-1.6076e+05,-2.3209e+05,16637,16637
0.336,0.112,-5.7793,14.406,-3.9592e+05,-3.4746e+05,22492,22492
0.336,0.096,-4.547,16.62,-4.2321e+05,-5.6208e+05,26170,26170
0.336,0.08,-3.7627,16.936,-2.59e+05,-1.0658e+05,32258,32258
0.336,0.064,-3.5193,20.439,-89728,6.9163e+05,30951,30951
0.336,0.048,-2.0817,25.54,-3098.1,8.618e+05,24720,24720
0.336,0.032,-2.6679,27.165,32814,6.6933e+05,12002,12002
0.336,0.016,-0.61718,32.66,0,0,2818.2,2818.2
0.352,0.496,1.9775,28.033,0,0,0,0
0.352,0.48,-1.7084,28.647,0,0,0,0
0.352,0.464,-3.3211,32.52,NaN,NaN,0,0
0.352,0.448,-2.5701,30.782,NaN,NaN,NaN,NaN
0.352,0.432,-3.0328,30.29,NaN,NaN,-2.3659e+05,2.3659e+05
0.352,0.416,-1.6212,25.299,-5.1103e+05,-2.9564e+06,-2.0414e+05,2.0414e+05
0.352,0.4,-1.5413,18.619,-4.3013e+05,-3.3656e+06,-1.6575e+05,1.6575e+05
0.352,0.384,-2.2577,13.639,-4.4916e+05,-3.2351e+06,-84704,84704
0.352,0.368,-3.9347,14.15,-4.964e+05,-3.0361e+06,3838.4,3838.4
0.352,0.352,-5.7943,16.046,-5.4929e+05,-2.3767e+06,55559,55559
0.352,0.336,-5.2307,16.807,-4.7978e+05,-1.9331e+06,55582,55582
0.352,0.32,-3.4086,20.528,-2.1793e+05,-1.522e+06,23439,23439
0.352,0.304,-0.4001,22.866,36154,-9.7393e+05,1769.7,1769.7
0.352,0.288,-0.23511,25.935,3.6308e+05,-1.0959e+05,6490.6,6490.6
0.352,0.272,1.3913,31.039,5.9177e+05,8.8209e+05,12135,12135
0.352,0.256,1.5786,34.176,7.6864e+05,1.6614e+06,18253,18253
0.352,0.24,0.44432,33.563,7.3429e+05,2.0458e+06,15659,15659
0.352,0.224,0.14898,32.982,5.2207e+05,1.7214e+06,9775.3,9775.3
0.352,0.208,-1.3674,28.199,83593,5.3397e+05,-4178.4,4178.4
0.352,0.192,-2.6425,20.457,-2.1905e+05,-9.2556e+05,-22796,22796
0.352,0.176,-1.5573,15.757,-2.2865e+05,-1.7826e+06,-30847,30847
0.352,0.16,-0.41239,12.59,81528,-1.6191e+06,-26527,26527
0.352,0.144,-0.18166,9.4368,97846,-1.0619e+06,-11238,11238
0.352,0.128,-1.6968,8.6781,-94659,-8.8703e+05,-118.59,118.59
0.352,0.112,-2.9486,7.9463,-2.9269e+05,-8.3553e+05,6610.9,6610.9
0.352,0.096,-3.1554,6.8032,-2.7277e+05,-9.6133e+05,11684,11684
0.352,0.08,-4.2019,6.6098,-1.8414e+05,-6.7953e+05,15903,15903
0.352,0.064,-4.0022,9.3447,-85986,-1.3928e+05,17513,17513
0.352,0.048,-2.151,13.051,-19240,1.8799e+05,12902,12902
0.352,0.032,6.3772e-05,15.836,33487,2.9627e+05,6687.1,6687.1
0.352,0.016,0.74264,17.256,0,0,1468.2,1468.2
0.368,0.496,-0.45914,22.903,0,0,212.22,212.22
0.368,0.48,-3.2825,27.751,0,0,318.33,318.33
0.368,0.464,-3.4776,32.054,NaN,NaN,668.82,668.82
0.368,0.448,-3.0651,33.176,NaN,NaN,-1.4027e+05,1.4027e+05
0.368,0.432,-1.4073,32.103,NaN,NaN,-1.6002e+05,1.6002e+05
0.368,0.416,-1.276,27.513,-2.4524e+05,-3.1072e+06,-1.5864e+05,1.5864e+05
0.368,0.4,-3.4531,18.216,-3.0137e+05,-3.6087e+06,-1.4921e+05,1.4921e+05
0.368,0.384,-3.9219,11.208,-4.141e+05,-3.4213e+06,-1.1717e+05,1.1717e+05
0.368,0.368,-4.5973,12.506,-5.6297e+05,-3.068e+06,-53424,53424
0.368,0.352,-4.8219,14.72,-5.7178e+05,-2.1145e+06,7909.8,7909.8
0.368,0.336,-4.6827,16.867,-3.6538e+05,-1.4214e+06,32947,32947
0.368,0.32,-2.9895,21.692,-26291,-9.0334e+05,24561,24561
0.368,0.304,-1.3116,24.823,2.6357e+05,-3.425e+05,10264,10264
0.368,0.288,-0.77605,24.854,5.8221e+05,3.9278e+05,20460,20460
0.368,0.272,2.3965,26.387,7.2678e+05,1.0712e+06,20082,20082
0.368,0.256,2.3953,27.303,7.4055e+05,1.3569e+06,18699,18699
0.368,0.24,1.9992,22.471,5.4756e+05,1.3644e+06,11793,11793
0.368,0.224,1.3566,21.706,2.9389e+05,9.4399e+05,10328,10328
0.368,0.208,-2.0714,22.806,-89879,28049,-317.18,317.18
0.368,0.192,-2.6823,18.619,-3.4176e+05,-9.7356e+05,-16862,16862
0.368,0.176,-1.2205,15.737,-2.9502e+05,-1.4357e+06,-28042,28042
0.368,0.16,0.94128,13.047,62902,-1.2258e+06,-27207,27207
0.368,0.144,1.938,8.6201,1.8916e+05,-8.9191e+05,-16034,16034
0.368,0.128,-0.11324,6.0368,1.7351e+05,-8.3415e+05,-5420.8,5420.8
0.368,0.112,-0.80762,2.7739,34304,-7.255e+05,1932.8,1932.8
0.368,0.096,-1.1145,3.9859,47864,-6.6526e+05,6256,6256
0.368,0.08,-1.931,5.1997,25229,-4.7277e+05,8465.8,8465.8
0.368,0.064,-2.0776,5.4566,28743,-2.4905e+05,9388.2,9388.2
0.368,0.048,-2.8615,6.2506,21952,-61950,6011.8,6011.8
0.368,0.032,-1.071,7.9756,14124,56431,3122.9,3122.9
0.368,0.016,-0.49114,9.6701,0,0,401.38,401.38
0.384,0.496,-0.095252,15.694,0,0,355.58,355.58
0.384,0.48,-1.6933,20.484,0,0,2008.2,2008.2
0.384,0.464,-4.8578,25.954,NaN,NaN,5614.5,5614.5
0.384,0.448,-3.5639,29.17,NaN,NaN,-27681,27681
0.384,0.432,-1.5797,28.375,1.6952e+05,-9.1457e+05,-70476,70476
0.384,0.416,-2.4104,19.661,-7416.1,-2.7528e+06,-89936,89936
0.384,0.4,-2.1631,13.793,-1.618e+05,-3.2345e+06,-1.0462e+05,1.0462e+05
0.384,0.384,-3.3197,9.3613,-3.191e+05,-3.2772e+06,-94150,94150
0.384,0.368,-5.5057,9.3202,-4.3879e+05,-2.6885e+06,-60720,60720
0.384,0.352,-5.6267,9.6384,-3.1309e+05,-1.7405e+06,-6489.8,6489.8
0.384,0.336,-3.2413,9.372,-46093,-1.0894e+06,21517,21517
0.384,0.32,-1.9917,11.1,2.3058e+05,-5.1446e+05,27134,27134
0.384,0.304,-0.4707,15.64,4.1608e+05,1.3959e+05,29214,29214
0.384,0.288,1.3602,18.182,6.0706e+05,8.4286e+05,47330,47330
0.384,0.272,2.7999,16.127,6.0895e+05,1.1992e+06,52783,52783
0.384,0.256,1.6199,13.555,4.3153e+05,8.8607e+05,42059,42059
0.384,0.24,1.3011,10.042,-14484,-1.2618e+05,22869,22869
0.384,0.224,0.97238,8.9324,-2.5859e+05,-7.47e+05,13152,13152
0.384,0.208,-0.79399,11.077,-2.9163e+05,-1.1241e+06,6303.1,6303.1
0.384,0.192,-1.6588,9.9645,-1.3985e+05,-7.6571e+05,-613.73,613.73
0.384,0.176,-0.14903,11.427,4465.5,-4.2096e+05,-5612.9,5612.9
0.384,0.16,0.56715,12.85,93704,-74092,-4600.9,4600.9
0.384,0.144,0.025722,10.28,99852,-29519,160.48,160.48
0.384,0.128,0.76935,9.0097,1.2658e+05,-3.7724e+05,3288.4,3288.4
0.384,0.112,1.8643,5.3409,61442,-4.2013e+05,5469.3,5469.3
0.384,0.096,0.14124,5.6135,42382,-2.9727e+05,7694.6,7694.6
0.384,0.08,-1.035,4.7558,-67641,-90265,8611.7,8611.7
0.384,0.064,-2.0398,4.2179,-88758,-22267,9477.2,9477.2
0.384,0.048,-2.8117,5.7284,-65180,-27040,7667.4,7667.4
0.384,0.032,-1.374,5.4745,-18820,-8362.1,5272,5272
0.384,0.016,-1.889,3.9491,0,0,2158.4,2158.4
0.4,0.496,0.74706,9.1011,0,0,523.72,523.72
0.4,0.48,-1.8801,7.8515,-13745,-1.254e+05,2885.3,2885.3
0.4,0.464,-4.3815,10.468,62517,-6.5828e+05,6915.9,6915.9
0.4,0.448,-4.8381,13.02,96242,-2.7214e+05,-15140,15140
0.4,0.432,-5.0412,13.824,2.2373e+05,-3.7844e+05,-31673,31673
0.4,0.416,-1.9854,12.766,1.98e+05,-1.7118e+06,-53858,53858
0.4,0.4,-2.37,9.8866,28825,-2.4492e+06,-56976,56976
0.4,0.384,-3.1891,7.3977,-1.2751e+05,-2.6067e+06,-52936,52936
0.4,0.368,-3.8898,6.1674,-2.2114e+05,-1.8384e+06,-31942,31942
0.4,0.352,-3.8989,5.6269,-37070,-1.046e+06,-3345.4,3345.4
0.4,0.336,-1.8248,3.8086,1.0871e+05,-5.9318e+05,11700,11700
0.4,0.32,-0.38339,4.9902,2.8245e+05,-50202,27267,27267
0.4,0.304,0.35111,7.2567,3.1577e+05,4.4477e+05,39945,39945
0.4,0.288,0.51207,8.476,3.9357e+05,7.6615e+05,69797,69797
0.4,0.272,0.92358,8.4018,1.8501e+05,5.7664e+05,82884,82884
0.4,0.256,-0.92413,8.7216,-3.5661e+05,-2.4147e+05,74300,74300
0.4,0.24,-2.6546,7.7798,-9.0996e+05,-1.2e+06,41158,41158
0.4,0.224,-9.1864,4.8422,-8.3934e+05,-1.449e+06,19586,19586
0.4,0.208,-2.5635,5.5166,-2.8955e+05,-9.9136e+05,11595,11595
0.4,0.192,-0.49674,6.2827,2.6453e+05,30891,15846,15846
0.4,0.176,-0.94395,10.415,3.8047e+05,6.601e+05,18844,18844
0.4,0.16,-1.7411,13.947,2.9101e+05,1.0231e+06,21486,21486
0.4,0.144,-2.3524,13.653,1.6097e+05,8.8356e+05,20133,20133
0.4,0.128,-1.4063,12.028,1.0393e+05,2.6515e+05,12077,12077
0.4,0.112,-0.91891,10.082,67602,-2.2771e+05,6601.3,6601.3
0.4,0.096,-0.50891,8.5091,46165,-4.4468e+05,6619.7,6619.7
0.4,0.08,-0.85927,6.4571,-85971,-3.267e+05,11828,11828
0.4,0.064,-2.2097,4.0512,-2.2303e+05,-1.2222e+05,16199,16199
0.4,0.048,-1.695,3.5351,-2.0398e+05,-40720,15916,15916
0.4,0.032,-0.29831,3.8372,-1.2547e+05,21176,10634,10634
0.4,0.016,-0.6341,4.4374,0,0,4039.1,4039.1
0.416,0.496,1.6677,8.5959,0,0,540.94,540.94
0.416,0.48,-0.51899,4.7029,55543,-1.0644e+05,3077,3077
0.416,0.464,-1.7261,4.0834,95575,-3.8549e+05,6641.9,6641.9
0.416,0.448,-2.6838,4.462,83803,-1.4167e+05,6081.2,6081.2
0.416,0.432,-1.515,8.5889,99010,-1.9513e+05,-3954,3954
0.416,0.416,-3.0336,9.7948,88619,-8.7031e+05,-14462,14462
0.416,0.4,-3.5608,6.1865,47476,-1.383e+06,-15572,15572
0.416,0.384,-2.684,5.2249,49346,-1.4603e+06,-2918.3,2918.3
0.416,0.368,-2.0623,4.9329,87668,-8.1882e+05,10188,10188
0.416,0.352,-1.4855,4.9086,1.9178e+05,-4.6505e+05,14659,14659
0.416,0.336,-2.303,2.6424,1.4617e+05,-3.9835e+05,11423,11423
0.416,0.32,-4.0713,1.2987,1.2374e+05,-1.1243e+05,18580,18580
0.416,0.304,-2.3676,5.0922,39373,73825,38086,38086
0.416,0.288,-2.388,4.1902,-7854,1.1266e+05,70198,70198
0.416,0.272,-1.9281,2.7333,-4.1944e+05,-3.3361e+05,93118,93118
0.416,0.256,-2.7366,6.5856,-2.8206e+06,-7.7522e+05,99724,99724
0.416,0.24,-9.4295,6.7299,-3.4928e+06,-1.4576e+06,72209,72209
0.416,0.224,-7.4148,3.7812,-2.4503e+06,-1.2297e+06,46528,46528
0.416,0.208,0.058998,3.5896,2.897e+05,-6.8239e+05,28004,28004
0.416,0.192,-0.32871,7.0537,1.2531e+06,3.9158e+05,32705,32705
0.416,0.176,-0.20754,10.538,7.0798e+05,8.6834e+05,37231,37231
0.416,0.16,-1.2915,12.902,3.5483e+05,1.2294e+06,38333,38333
0.416,0.144,-2.303,14.764,28945,1.316e+06,32287,32287
0.416,0.128,-2.0357,14.26,-1.2183e+05,8.4567e+05,15023,15023
0.416,0.112,-1.8513,12.063,-94967,69147,3074,3074
0.416,0.096,-1.5437,9.5459,-49205,-5.303e+05,1871.4,1871.4
0.416,0.08,-1.2931,6.8133,-2.5659e+05,-7.2355e+05,12619,12619
0.416,0.064,-2.4716,5.6054,-5.8492e+05,-5.3688e+05,22457,22457
0.416,0.048,-6.1721,5.7865,-5.5709e+05,-3.2739e+05,24350,24350
0.416,0.032,-5.7383,5.8299,-3.1392e+05,-1.1555e+05,15814,15814
0.416,0.016,0.1583,5.0768,0,0,5828.4,5828.4
0.432,0.496,2.7757,4.4482,-36776,-18998,684.73,684.73
0.432,0.48,2.0977,3.2244,-58308,-1.0424e+05,2177.7,2177.7
0.432,0.464,1.9688,2.879,-1.0979e+05,-2.5879e+05,4456.5,4456.5
0.432,0.448,-0.070359,2.2343,-80589,-99287,4067.5,4067.5
0.432,0.432,-1.5451,4.2926,-48170,-83957,491.08,491.08
0.432,0.416,-2.9363,6.0873,14138,-3.4197e+05,-4132.4,4132.4
0.432,0.4,-2.8316,4.29,-12482,-7.2479e+05,-548.15,548.15
0.432,0.384,-2.28,1.9774,55601,-6.843e+05,9486.4,9486.4
0.432,0.368,-0.10334,4.7217,2.7949e+05,-2.6232e+05,18169,18169
0.432,0.352,-0.61752,4.9736,3.4755e+05,-76331,19017,19017
0.432,0.336,-0.9228,2.5526,2.1475e+05,-1.7284e+05,7849.1,7849.1
0.432,0.32,-0.50563,2.2334,-66122,-82552,7371.6,7371.6
0.432,0.304,-3.8872,7.3442,-2.4422e+05,-65048,19867,19867
0.432,0.288,-3.1242,2.5285,-4.2956e+05,-2.0507e+05,54685,54685
0.432,0.272,-3.3747,1.0704,-1.7101e+06,-1.3746e+06,91766,91766
0.432,0.256,-9.4365,7.5864,-4.6801e+06,-2.1689e+06,1.2418e+05,1.2418e+05
0.432,0.24,-90.975,0.37327,-5.4468e+06,-2.4652e+06,1.1323e+05,1.1323e+05
0.432,0.224,-12.665,7.4278,-2.8818e+06,-1.3475e+06,85357,85357
0.432,0.208,-2.0662,5.7141,9.3051e+05,-2.4639e+05,53607,53607
0.432,0.192,-0.24463,6.8716,2.259e+06,4.4807e+05,47970,47970
0.432,0.176,1.0344,8.5255,1.1123e+06,7.2063e+05,48606,48606
0.432,0.16,0.039139,10.036,4.6306e+05,9.4729e+05,41187,41187
0.432,0.144,-1.0624,12.091,48065,1.208e+06,28405,28405
0.432,0.128,-1.9501,14.022,-1.0989e+05,9.0412e+05,7945.2,7945.2
0.432,0.112,-1.9703,12.227,-1.4361e+05,1.3833e+05,-5614.5,5614.5
0.432,0.096,-2.7827,7.8537,-80328,-5.5651e+05,-6318.9,6318.9
0.432,0.08,-2.805,4.6137,-4.3973e+05,-9.3349e+05,7171.9,7171.9
0.432,0.064,-10.021,-0.80154,-1.0698e+06,-6.2684e+05,20303,20303
0.432,0.048,-11.423,0.95673,-1.0454e+06,-3.4384e+05,24093,24093
0.432,0.032,-15.4,8.938,-6.3119e+05,-17726,15307,15307
0.432,0.016,-11.077,16.719,0,0,5361.9,5361.9
0.448,0.496,-0.85219,2.8228,-26692,-45386,689.18,689.18
0.448,0.48,-1.0527,2.7077,-42239,-84016,1402.7,1402.7
0.448,0.464,-1.6166,2.7587,-96392,-1.2495e+05,2044.1,2044.1
0.448,0.448,-2.1362,2.8328,-1.0439e+05,-67579,3612,3612
0.448,0.432,-2.601,3.0456,-1.3247e+05,-1.2156e+05,3733.3,3733.3
0.448,0.416,-2.4983,2.8679,-63668,-2.6416e+05,3017.2,3017.2
0.448,0.4,-1.1852,2.1158,-82697,-4.7193e+05,6813.6,6813.6
0.448,0.384,-5.0879,-0.56292,-3.3299e+05,-6.5563e+05,16178,16178
0.448,0.368,-1.9641,2.2226,-5.1388e+05,-7.2317e+05,27763,27763
0.448,0.352,1.5707,4.1548,-2.2737e+05,-4.8932e+05,29814,29814
0.448,0.336,0.51899,1.6749,2.647e+05,-5.4326e+05,17855,17855
0.448,0.32,0.61563,1.6072,4.4377e+05,-2.215e+05,5327.4,5327.4
0.448,0.304,-0.17291,1.8271,68935,-3.5164e+05,5170.1,5170.1
0.448,0.288,-7.474,4.7437,-5.0397e+05,-1.6786e+05,24658,24658
0.448,0.272,-6.8989,1.8165,-3.6316e+06,-2.4941e+06,62037,62037
0.448,0.256,-40.968,12.337,-8.017e+06,-3.371e+06,1.0581e+05,1.0581e+05
0.448,0.24,-37.445,8.4695,-8.8246e+06,-4.1602e+06,1.2051e+05,1.2051e+05
0.448,0.224,-21.793,12.467,-5.4433e+06,-1.9036e+06,1.0322e+05,1.0322e+05
0.448,0.208,-2.181,6.2704,-4.0519e+05,-7.1686e+05,71519,71519
0.448,0.192,0.012629,8.0496,1.8724e+06,4.0324e+05,54787,54787
0.448,0.176,0.74272,8.0132,1.303e+06,95243,47603,47603
0.448,0.16,0.78569,8.0669,7.7711e+05,2.7419e+05,33261,33261
0.448,0.144,1.0908,9.5405,2.9158e+05,7.2606e+05,17268,17268
0.448,0.128,0.05951,10.56,-59380,5.3659e+05,621.26,621.26
0.448,0.112,0.019493,8.718,-1.9286e+05,38293,-9686,9686
0.448,0.096,-0.71622,7.1713,-1.1542e+05,-4.4246e+05,-9896.4,9896.4
0.448,0.08,-2.1048,4.7944,-4.5649e+05,-7.2591e+05,270.95,270.95
0.448,0.064,-10.822,-1.4562,-1.0621e+06,-6.034e+05,11929,11929
0.448,0.048,-15.492,8.6357,-1.0412e+06,-3.3688e+05,16389,16389
0.448,0.032,-107.27,-49.997,-5.9224e+05,-52827,10857,10857
0.448,0.016,-58.594,33.313,0,0,4092.9,4092.9
0.464,0.496,-0.67756,0.18105,8990.3,-58811,418.83,418.83
0.464,0.48,-1.1785,0.047653,-2.8743e+05,-1.0935e+05,773.04,773.04
0.464,0.464,-2.0622,1.2095,-3.3327e+05,-1.4353e+05,388.93,388.93
0.464,0.448,-1.3403,1.918,-3.7253e+05,-1.0802e+05,863.44,863.44
0.464,0.432,-2.2531,1.3879,-2.2289e+05,-2.6467e+05,2807.2,2807.2
0.464,0.416,-3.0682,-0.22087,-1.9497e+05,-3.8387e+05,3968.3,3968.3
0.464,0.4,-1.8479,0.092201,-1.9e+05,-5.4355e+05,8496.8,8496.8
0.464,0.384,-4.3286,-1.0697,-8.4429e+05,-9.6648e+05,16512,16512
0.464,0.368,-21.313,-2.9449,-1.7145e+06,-1.4099e+06,28887,28887
0.464,0.352,-17.636,-8.8913,-2.0383e+06,-1.663e+06,33586,33586
0.464,0.336,2.3447,0.18405,-1.1821e+06,-1.5264e+06,24954,24954
0.464,0.32,0.71262,0.67494,-2.4929e+05,-1.1275e+06,11050,11050
0.464,0.304,-39.985,84.332,-5.3061e+05,1.1325e+05,2563.8,2563.8
0.464,0.288,-65.94,68.938,-1.4357e+06,6.4843e+05,1173.2,1173.2
0.464,0.272,-71.456,72.359,-5.9432e+06,-4.0443e+06,18498,18498
0.464,0.256,-60.296,-1.2457,-8.8441e+06,-6.2756e+06,48865,48865
0.464,0.24,-71.575,-10.099,-9.2648e+06,-6.4707e+06,78008,78008
0.464,0.224,-48.58,-2.9378,-6.7604e+06,-3.8204e+06,78711,78711
0.464,0.208,-15.374,24.121,-3.5983e+06,-2.4188e+06,64116,64116
0.464,0.192,-4.9605,5.3568,-1.0707e+06,-1.0749e+06,47123,47123
0.464,0.176,-0.42456,5.7897,4.9259e+05,-3.4694e+05,35415,35415
0.464,0.16,2.1174,5.8887,7.3426e+05,-1.0517e+05,18880,18880
0.464,0.144,2.63,5.2055,6.6647e+05,2.5954e+05,4759.4,4759.4
0.464,0.128,1.1856,4.4133,1.5004e+05,99476,-4225,4225
0.464,0.112,0.54188,3.6808,-1.07e+05,-1.3473e+05,-8332.1,8332.1
0.464,0.096,-0.67566,4.6845,-59067,-2.8553e+05,-8210.7,8210.7
0.464,0.08,0.27578,2.9057,-2.2097e+05,-3.423e+05,-3232.1,3232.1
0.464,0.064,-7.1218,3.3327,-6.6431e+05,-1.7545e+05,3382,3382
0.464,0.048,-22.315,-32.35,-6.7912e+05,-35757,7000.3,7000.3
0.464,0.032,-42.857,98.413,-4.0072e+05,1.0451e+05,5365.9,5365.9
0.464,0.016,14.199,-14.429,0,0,2129.6,2129.6
0.48,0.496,-0.92435,-0.21743,37594,-44035,40.684,40.684
0.48,0.48,-0.97309,-0.42338,-2.1122e+05,-87408,434.35,434.35
0.48,0.464,-10.052,4.6149,-2.054e+05,-1.1358e+05,96.884,96.884
0.48,0.448,-1.6801,0.023578,-2.3607e+05,-1.0318e+05,278.91,278.91
0.48,0.432,-0.6744,0.95082,-1.1655e+05,-2.3086e+05,1426.5,1426.5
0.48,0.416,-7.6357,0.50827,-1.6701e+05,-3.1541e+05,3152.7,3152.7
0.48,0.4,-5.3866,-3.3711,-1.4139e+05,-3.6616e+05,4657.2,4657.2
0.48,0.384,-3.2555,-1.2057,-8.2353e+05,-8.4044e+05,7072.5,7072.5
0.48,0.368,-25.487,-3.284,-1.8668e+06,-1.373e+06,16130,16130
0.48,0.352,-34.691,2.845,-2.2385e+06,-1.7081e+06,21704,21704
0.48,0.336,-24.692,-9.606,-1.3983e+06,-1.5718e+06,21032,21032
0.48,0.32,-42.648,61.586,-2.3266e+05,-1.1308e+06,13278,13278
0.48,0.304,-62.782,94.575,-3.4755e+05,59290,4600.6,4600.6
0.48,0.288,-20.403,31.356,-8.4869e+05,8.2637e+05,-14005,14005
0.48,0.272,-188.71,-7.0835,-4.0931e+06,-2.6811e+06,-26627,26627
0.48,0.256,-53.796,-18.857,-5.8663e+06,-3.9915e+06,-24614,24614
0.48,0.24,-149.61,67.016,-6.6259e+06,-4.5086e+06,1982,1982
0.48,0.224,-41.416,7.8988,-5.8404e+06,-2.8334e+06,21849,21849
0.48,0.208,-63.331,-9.5018,-4.0968e+06,-2.2647e+06,31353,31353
0.48,0.192,-23.025,2.5259,-2.2373e+06,-1.1785e+06,26721,26721
0.48,0.176,-11.776,3.6541,-1.2155e+05,-4.5013e+05,18202,18202
0.48,0.16,1.0338,2.4814,5.7255e+05,-1.4989e+05,6303.2,6303.2
0.48,0.144,2.9717,1.5928,6.7571e+05,87742,-1635.5,1635.5
0.48,0.128,1.5126,0.84982,1.6865e+05,-20588,-4506.3,4506.3
0.48,0.112,-1.546,1.6651,-77408,-1.0586e+05,-4222.4,4222.4
0.48,0.096,-0.20112,-0.63662,-43070,-95128,-3744.7,3744.7
0.48,0.08,-0.15211,1.8729,-15327,-21964,-2228.8,2228.8
0.48,0.064,-0.36305,0.42606,1627.7,19895,44.83,44.83
0.48,0.048,-32.174,-5.5844,-21820,35338,1529.6,1529.6
0.48,0.032,-9.7404,7.355,0,0,1477.6,1477.6
0.48,0.016,9.7826,-17.396,0,0,653.45,653.45
0.496,0.496,-1.3392,-0.47137,32717,-18468,-105.99,105.99
0.496,0.48,-1.354,-0.9042,-2.1291e+05,-38065,250.59,250.59
0.496,0.464,-10.887,7.0383,-2.1901e+05,-57502,358.08,358.08
0.496,0.448,-119.4,5.8236,-2.4435e+05,-44175,334.11,334.11
0.496,0.432,-1.3881,0.13807,-1.1285e+05,-1.2669e+05,644.37,644.37
0.496,0.416,-0.90419,0.80545,-1.4907e+05,-1.8731e+05,1447.1,1447.1
0.496,0.4,-10.982,-2.8493,-1.0055e+05,-2.2648e+05,1759.8,1759.8
0.496,0.384,-7.3029,-4.3264,-4.4044e+05,-4.4969e+05,891.49,891.49
0.496,0.368,-0.28736,1.12,-1.1088e+06,-7.0113e+05,4120.3,4120.3
0.496,0.352,-13.129,17.995,-1.7341e+06,-1.1591e+06,6852.1,6852.1
0.496,0.336,-331.37,-67.228,-1.4401e+06,-9.3802e+05,8713.3,8713.3
0.496,0.32,-165.4,49.087,-7.322e+05,-6.4581e+05,7214.6,7214.6
0.496,0.304,-410.77,1625.4,-4.8496e+05,4.7221e+05,3425.6,3425.6
0.496,0.288,18.373,10.191,-4.8496e+05,4.7221e+05,-11825,11825
0.496,0.272,-137.42,-115.52,-1.6203e+06,-1.2119e+06,-30749,30749
0.496,0.256,-172.92,-90.273,-1.3668e+06,-1.8572e+06,-40474,40474
0.496,0.24,-62.58,-24.547,-2.2361e+06,-2.1323e+06,-28437,28437
0.496,0.224,-116.12,-48.695,-2.5753e+06,-1.7597e+06,-9436.4,9436.4
0.496,0.208,-97.313,-14.484,-2.7743e+06,-1.7636e+06,4765.3,4765.3
0.496,0.192,-31.454,-0.81414,-2.1139e+06,-1.3707e+06,8553.6,8553.6
0.496,0.176,-16.566,3.649,-5.6512e+05,-2.6565e+05,5594.8,5594.8
0.496,0.16,-5.7683,3.0565,37507,-62051,425.08,425.08
0.496,0.144,-2.9601,0.25447,3.1698e+05,-24106,-2348.8,2348.8
0.496,0.128,-0.9476,2.106,1.0268e+05,-49329,-2498.6,2498.6
0.496,0.112,-1.699,1.5147,-8396.5,-80530,-1234.8,1234.8
0.496,0.096,-0.32148,-0.55698,-17773,-38920,-739.9,739.9
0.496,0.08,-0.57187,1.2767,13594,-15038,-262.08,262.08
0.496,0.064,-0.65635,0.17845,8044.9,13538,-14.618,14.618
0.496,0.048,-24.078,-2.042,1298.2,-10645,54.242,54.242
0.496,0.032,-262.49,-65.573,0,0,55.99,55.99
0.496,0.016,-13.484,24.901,0,0,-64.721,64.721
