0.016,0.496,-0.74268,2.7279,-3321.7,-24500,-158.27,158.27
0.016,0.48,1.521,1.5596,-7060.5,-27677,-271.34,271.34
0.016,0.464,2.2368,1.1688,4617.8,-3460.5,-348.93,348.93
0.016,0.448,-0.29342,0.86749,24682,15350,-276.4,276.4
0.016,0.432,0.7595,-0.99346,40608,18585,-733.3,733.3
0.016,0.416,1.9161,0.61882,-9196.3,-7596.2,-2125.2,2125.2
0.016,0.4,2.1368,0.6844,-32274,-1608,-7834.7,7834.7
0.016,0.384,4.0434,-0.49762,-59187,1924.4,-18638,18638
0.016,0.368,5.2163,-1.2886,-31234,3219.6,-15822,15822
0.016,0.352,3.8468,0.062114,-37481,2778,-5188.5,5188.5
0.016,0.336,6.5807,2.1848,-28442,-2690.6,11538,11538
0.016,0.32,3.6906,0.33931,-18340,-3557.7,15621,15621
0.016,0.304,0.26018,0.5522,-11313,-690.85,14030,14030
0.016,0.288,0.97451,-0.78265,-9823.7,3337.1,10623,10623
0.016,0.272,1.5646,-1.7418,-11843,4831.3,3932,3932
0.016,0.256,0.71674,1.384,-8889.5,-247.4,2402.3,2402.3
0.016,0.24,3.3191,1.8553,-13257,-3044.7,2379.3,2379.3
0.016,0.224,7.558,0.50515,-11666,-3920.2,3419.8,3419.8
0.016,0.208,6.9008,-0.81013,-5335.5,-2163.4,-230.91,230.91
0.016,0.192,1.1341,0.13098,5984.7,-4133.7,1235.5,1235.5
0.016,0.176,-1.0776,-0.48558,6624.6,-1665.2,3764.4,3764.4
0.016,0.16,-1.162,-0.74905,5019.3,3216.1,6399.4,6399.4
0.016,0.144,-1.3318,0.20048,2445.5,4925.2,2848.7,2848.7
0.016,0.128,2.218,-2.2596,1552.5,3176.4,485.8,485.8
0.016,0.112,5.9757,0.63416,-10820,-12258,-265.36,265.36
0.016,0.096,1.5497,1.996,-22017,-10171,-80.68,80.68
0.016,0.08,5.1148,-1.1213,-21022,-9884.4,1083.8,1083.8
0.016,0.064,9.8389,0.25981,-352.81,-6362.4,2206.2,2206.2
0.016,0.048,2.8796,-1.4741,10664,-7541.6,3326.7,3326.7
0.016,0.032,1.7688,0.045009,10421,-7629.8,2209.7,2209.7
0.016,0.016,3.517,-9.7672,0,0,1151.6,1151.6
0.032,0.496,-1.6309,4.2144,-7309.7,-52633,-317.32,317.32
0.032,0.48,-1.232,1.9205,-18122,-63322,-417.84,417.84
0.032,0.464,-0.23373,0.45655,-10529,-40244,-317.98,317.98
0.032,0.448,0.63918,2.0176,713.31,-644.39,370.11,370.11
0.032,0.432,1.1756,0.36655,39251,-3712.6,861.89,861.89
0.032,0.416,2.072,1.1239,69028,-78659,1380.5,1380.5
0.032,0.4,2.3796,0.92333,1.3799e+05,-1.2123e+05,1381.9,1381.9
0.032,0.384,-0.21692,0.0063558,1.2499e+05,-1.3213e+05,1030.8,1030.8
0.032,0.368,-0.38004,-0.14789,50765,-85136,174.02,174.02
0.032,0.352,-0.35447,-0.17894,-29312,-23974,-459.8,459.8
0.032,0.336,-0.37726,0.29141,-49317,-1876.2,-656.38,656.38
0.032,0.32,-0.22589,-0.058491,-15502,4027.1,-515.05,515.05
0.032,0.304,-0.30898,-0.22765,-13683,3599.9,-332.68,332.68
0.032,0.288,-0.53991,-0.2175,-8545.7,8352.4,-256.52,256.52
0.032,0.272,-0.35437,-0.39581,-18947,5842.4,-249.93,249.93
0.032,0.256,-0.30753,0.12074,-25935,-7527.2,-389.23,389.23
0.032,0.24,-0.41334,0.48109,-36766,-10501,-369.83,369.83
0.032,0.224,-0.16031,-0.10793,-24805,-9857.3,-265.34,265.34
0.032,0.208,0.084826,-0.40888,-10998,-3304.4,-9.9727,9.9727
0.032,0.192,0.49298,-0.11031,-914.48,6993.7,30.064,30.064
0.032,0.176,0.3867,-0.18645,-4160,7407.5,-77.221,77.221
0.032,0.16,-0.087731,0.14636,-12766,-4903.1,-277.11,277.11
0.032,0.144,-0.49255,0.33948,-35023,-14734,-480.65,480.65
0.032,0.128,0.04688,-0.32394,-63391,-9359,-613.37,613.37
0.032,0.112,-0.022475,0.019074,-82841,-18934,-855.21,855.21
0.032,0.096,-0.64722,-0.17794,-95103,-1102.5,-579.4,579.4
0.032,0.08,-0.27084,-0.23122,-68023,39.347,-204.72,204.72
0.032,0.064,0.023235,0.10022,-40234,23143,260,260
0.032,0.048,0.26466,-1.0748,-4827.3,5627.6,324.03,324.03
0.032,0.032,-1.1844,0.21047,1191.1,-467.44,187.15,187.15
0.032,0.016,-0.94695,-4.2955,0,0,103.52,103.52
0.048,0.496,0.42222,3.4781,-12038,-65188,-501.17,501.17
0.048,0.48,0.53627,2.3621,-35265,-80514,-634.16,634.16
0.048,0.464,0.28916,2.0259,-42903,-77318,-742.06,742.06
0.048,0.448,0.16094,1.8346,-26027,-55127,104.77,104.77
0.048,0.432,-0.92459,0.80099,33866,-44912,1079.3,1079.3
0.048,0.416,1.4558,1.6382,1.0961e+05,-1.3764e+05,2745.5,2745.5
0.048,0.4,5.7986,0.7188,1.6201e+05,-1.484e+05,3475.1,3475.1
0.048,0.384,6.1939,0.4084,1.3299e+05,-1.6381e+05,3150.6,3150.6
0.048,0.368,3.6646,1.7161,14762,-77240,1801.1,1801.1
0.048,0.352,1.2621,1.9738,-47647,-15793,578.82,578.82
0.048,0.336,-0.28114,0.29142,-59027,1474.1,-28.318,28.318
0.048,0.32,-0.62854,0.21552,-10548,5759.2,-259.48,259.48
0.048,0.304,-0.82399,-0.06337,-11979,1293.6,-284.55,284.55
0.048,0.288,-0.44761,0.18617,-7493.6,5454.6,-4.8931,4.8931
0.048,0.272,-0.55106,-0.44608,-15727,3910.6,124.69,124.69
0.048,0.256,-1.4901,-0.15742,-17224,-6990.9,122.46,122.46
0.048,0.24,-1.4013,-0.14263,-26539,-7740.4,100.27,100.27
0.048,0.224,-0.78696,0.31167,-17786,-9998.2,328.31,328.31
0.048,0.208,-0.34352,0.2438,-8956.8,-2778.4,695.58,695.58
0.048,0.192,-0.37209,-0.15234,-1366.5,8462.2,428.5,428.5
0.048,0.176,-0.46247,1.2205,-4248.1,10429,-156.38,156.38
0.048,0.16,-0.94532,-0.18515,-10648,-3517.7,-768.26,768.26
0.048,0.144,-1.4994,-1.0067,-32278,-15621,-1021.4,1021.4
0.048,0.128,-1.7972,-0.23045,-57750,-8886.2,-960.36,960.36
0.048,0.112,-2.1477,0.34389,-72583,-16548,-936.72,936.72
0.048,0.096,-1.9345,-0.56825,-79448,-461.48,-375.5,375.5
0.048,0.08,-2.1293,1.001,-54557,-1.1002,130.11,130.11
0.048,0.064,-1.0409,0.74194,-37847,26645,567.28,567.28
0.048,0.048,-1.0023,-0.24832,-8375.6,11260,400.03,400.03
0.048,0.032,0.20618,0.50217,-3793.6,4573.9,146.19,146.19
0.048,0.016,0.53231,-2.3801,0,0,-22.307,22.307
0.064,0.496,1.2318,3.293,-9805.4,-45773,-741.89,741.89
0.064,0.48,1.9665,2.8568,-53359,-53192,-908.1,908.1
0.064,0.464,2.1893,3.1034,-94720,-1.0114e+05,-828.4,828.4
0.064,0.448,2.0814,2.6816,-1.2043e+05,-1.0852e+05,64.104,64.104
0.064,0.432,2.2961,1.8047,-77266,-1.1772e+05,1186.2,1186.2
0.064,0.416,2.3692,3.5472,74638,-1.7348e+05,3260.3,3260.3
0.064,0.4,3.3299,1.4841,1.9979e+05,-1.6615e+05,4596.9,4596.9
0.064,0.384,2.0918,2.5136,1.7705e+05,-1.8672e+05,4451.8,4451.8
0.064,0.368,2.1655,3.1598,21320,-1.0251e+05,2842.4,2842.4
0.064,0.352,1.3504,3.3595,-36100,-67923,1600.4,1600.4
0.064,0.336,-0.26783,0.0362,-22090,-21853,1023.9,1023.9
0.064,0.32,-0.25864,0.1633,4148.4,-29163,739.87,739.87
0.064,0.304,-0.29656,-0.036288,-15791,-37431,551.01,551.01
0.064,0.288,-0.075193,-0.45647,-1.0971e+05,1.3299e+05,908.84,908.84
0.064,0.272,0.032566,-0.23498,-1.0818e+05,1.589e+05,1235.7,1235.7
0.064,0.256,-0.41779,0.11676,-96290,1.9493e+05,1387.5,1387.5
0.064,0.24,-0.61367,0.0531,17743,6337.8,1594.8,1594.8
0.064,0.224,-0.11827,0.43515,26670,4227.9,1872.4,1872.4
0.064,0.208,0.087096,0.18879,-3828.6,12733,2107.5,2107.5
0.064,0.192,-0.49956,0.096799,-31308,53629,1062.9,1062.9
0.064,0.176,-0.28291,0.40605,-39283,62923,-232.76,232.76
0.064,0.16,-0.072456,-0.24332,-38168,37916,-1413.7,1413.7
0.064,0.144,-0.36925,-0.51949,-57322,7370.4,-1750.4,1750.4
0.064,0.128,-0.16994,-0.10331,-67566,38.289,-1583.2,1583.2
0.064,0.112,-0.43978,0.29897,-25919,-50489,-1058.4,1058.4
0.064,0.096,-0.74537,-0.095876,13605,-30389,-50.813,50.813
0.064,0.08,-0.52883,0.18348,35001,2769.4,737.46,737.46
0.064,0.064,-0.14165,0.16215,18802,54906,1055.3,1055.3
0.064,0.048,0.040348,0.2302,10078,32932,736.16,736.16
0.064,0.032,0.19732,0.36444,10799,-4523.7,326.62,326.62
0.064,0.016,-0.85998,0.06027,0,0,-8.612,8.612
0.08,0.496,2.9788,2.8316,-6078.8,-16141,-901.81,901.81
0.08,0.48,3.3299,3.2385,-64498,-65819,-811.09,811.09
0.08,0.464,3.3831,4.0974,-1.3077e+05,-1.2229e+05,-52.082,52.082
0.08,0.448,3.1241,3.1851,-1.5781e+05,-1.3045e+05,2223.8,2223.8
0.08,0.432,2.0112,3.6713,-1.6604e+05,-1.2328e+05,3145.3,3145.3
0.08,0.416,1.7551,3.744,-1.1994e+05,-1.19e+05,5052.4,5052.4
0.08,0.4,2.3,2.8896,-56007,-54744,5890.7,5890.7
0.08,0.384,2.3669,3.2219,-18750,-85957,6504,6504
0.08,0.368,0.91324,2.8565,-68324,-85319,5251.9,5251.9
0.08,0.352,2.4166,2.8988,-80905,-1.344e+05,4071.2,4071.2
0.08,0.336,2.2506,2.1815,-73909,-79297,3358.7,3358.7
0.08,0.32,-1.0766,1.2321,-22649,-75986,2946.1,2946.1
0.08,0.304,-0.04636,-1.9115,25540,-1.089e+05,2492,2492
0.08,0.288,2.3539,-0.42025,41981,1.0967e+05,2873.6,2873.6
0.08,0.272,-5.3689,8.3699,42209,1.4415e+05,2513.6,2513.6
0.08,0.256,-1.0587,0.65236,28432,2.3746e+05,3050.6,3050.6
0.08,0.24,-0.021247,1.9119,5062.2,38836,4313.6,4313.6
0.08,0.224,0.25427,1.8876,-22882,74329,6410,6410
0.08,0.208,-0.47076,2.0686,-78640,86699,6738.8,6738.8
0.08,0.192,-1.0737,2.4948,-80489,1.2077e+05,3212.3,3212.3
0.08,0.176,-1.2212,2.5114,-54029,1.0051e+05,-559,559
0.08,0.16,-1.13,2.2217,-20430,63428,-2860.2,2860.2
0.08,0.144,-1.0037,0.60376,3649.2,4779.3,-2522.2,2522.2
0.08,0.128,-1.1206,0.053012,17810,-20711,-1730.8,1730.8
0.08,0.112,1.0613,-0.049721,60441,-72841,-715.77,715.77
0.08,0.096,2.9393,-1.6027,1.0591e+05,-61363,786.55,786.55
0.08,0.08,2.6934,0.76274,1.0508e+05,8865.4,1893.7,1893.7
0.08,0.064,1.8383,2.4718,90200,29629,1941.1,1941.1
0.08,0.048,1.7768,-0.23851,38843,30353,1277.4,1277.4
0.08,0.032,0.072709,0.031167,30537,-28397,577,577
0.08,0.016,-1.3656,-0.012737,0,0,42.832,42.832
0.096,0.496,4.4754,2.9207,0,0,-764.86,764.86
0.096,0.48,3.9347,3.6782,55823,-4.4503e+05,268.47,268.47
0.096,0.464,3.8828,4.2402,1.1807e+05,-7.905e+05,3103.7,3103.7
0.096,0.448,3.947,5.2988,80003,-6.6436e+05,8181.3,8181.3
0.096,0.432,3.2555,5.0587,68354,-5.6009e+05,8032.2,8032.2
0.096,0.416,2.0156,3.6857,77013,-4.2447e+05,7933.9,7933.9
0.096,0.4,1.4689,3.3595,1.0701e+05,-2.3538e+05,6252.4,6252.4
0.096,0.384,3.7187,4.0554,1.4432e+05,-87573,7407.8,7407.8
0.096,0.368,3.5134,3.5779,1.3756e+05,-1.3261e+05,6208.1,6208.1
0.096,0.352,1.1932,3.5517,37505,-2.4615e+05,4817.7,4817.7
0.096,0.336,0.96726,3.4021,-52772,-2.2362e+05,4376.6,4376.6
0.096,0.32,0.67689,2.7707,-92077,-1.2099e+05,4893.5,4893.5
0.096,0.304,0.99523,2.5253,29188,-1.2106e+05,5714.3,5714.3
0.096,0.288,2.7749,1.8555,95840,91468,7805.7,7805.7
0.096,0.272,6.5879,5.4437,97483,79225,8421.2,8421.2
0.096,0.256,2.8445,2.8383,18297,1.3435e+05,9454.4,9454.4
0.096,0.24,3.2713,3.3578,-1.2405e+05,74469,11715,11715
0.096,0.224,0.34146,4.3783,-2.6714e+05,2.8603e+05,13865,13865
0.096,0.208,-0.61007,5.2106,-3.7126e+05,4.3242e+05,12230,12230
0.096,0.192,-1.261,5.0004,-3.9393e+05,3.8106e+05,3864.5,3864.5
0.096,0.176,-1.3396,4.9852,-3.1373e+05,2.1426e+05,-3958.5,3958.5
0.096,0.16,-0.99326,4.2055,-1.0844e+05,1.1127e+05,-8000.8,8000.8
0.096,0.144,-0.32045,3.2143,34289,-6670.2,-7078.8,7078.8
0.096,0.128,0.87064,2.0082,1.016e+05,-43202,-4444.1,4444.1
0.096,0.112,1.022,0.089693,53289,-1.3406e+05,-1656.4,1656.4
0.096,0.096,0.92458,0.46652,71652,-90759,996.5,996.5
0.096,0.08,1.2715,0.79296,73125,10017,2489.1,2489.1
0.096,0.064,0.99055,1.8488,63603,77879,2656.6,2656.6
0.096,0.048,0.73924,0.76796,28274,73320,1768.5,1768.5
0.096,0.032,-1.222,2.9656,16646,13650,837.94,837.94
0.096,0.016,-1.9995,0.63462,0,0,79.563,79.563
0.112,0.496,4.3503,5.1895,0,0,-214.86,214.86
0.112,0.48,4.9498,4.9378,1.0159e+05,-5.4404e+05,2990.2,2990.2
0.112,0.464,4.6525,4.7085,3.2097e+05,-1.6383e+06,8695.6,8695.6
0.112,0.448,4.69,5.3038,2.5407e+05,-1.327e+06,14032,14032
0.112,0.432,4.4563,5.2922,1.336e+05,-1.0427e+06,12352,12352
0.112,0.416,5.1478,2.8415,-29038,-4.9278e+05,11838,11838
0.112,0.4,4.2783,3.4047,-85474,-1.2144e+05,11127,11127
0.112,0.384,2.2093,6.692,81648,29407,12458,12458
0.112,0.368,2.8227,7.415,1.7313e+05,-59873,8907.9,8907.9
0.112,0.352,3.9709,5.1533,-30907,-2.1478e+05,5499.3,5499.3
0.112,0.336,0.34902,4.8339,-2.3414e+05,-2.5637e+05,4600.5,4600.5
0.112,0.32,0.36295,4.1995,-2.2358e+05,-1.6682e+05,6609.1,6609.1
0.112,0.304,0.64897,4.2109,76566,-1.8084e+05,9982.5,9982.5
0.112,0.288,1.8891,3.6234,3.3461e+05,-1.9702e+05,15721,15721
0.112,0.272,3.4225,3.6272,3.548e+05,-2.9571e+05,18049,18049
0.112,0.256,3.8201,2.8501,2.3688e+05,-2.36e+05,21450,21450
0.112,0.24,1.9309,2.7638,-1.5315e+05,1.8439e+05,25994,25994
0.112,0.224,-0.8185,7.983,-4.7794e+05,7.6366e+05,29974,29974
0.112,0.208,-2.9705,8.9011,-7.1308e+05,1.1537e+06,24992,24992
0.112,0.192,-4.5583,8.2643,-7.0465e+05,1.0018e+06,7834,7834
0.112,0.176,-5.7701,4.7717,-4.3989e+05,3.8187e+05,-9185.2,9185.2
0.112,0.16,-3.6174,3.8107,-60723,-1.5747e+05,-17401,17401
0.112,0.144,-0.35355,5.4815,1.8856e+05,-5.0159e+05,-14857,14857
0.112,0.128,0.62456,3.8113,1.7927e+05,-3.8678e+05,-8522,8522
0.112,0.112,1.6139,2.2019,56624,-2.6046e+05,-3099.5,3099.5
0.112,0.096,0.80317,1.4692,5601.2,-96178,777.28,777.28
0.112,0.08,-0.36183,1.4851,-9566.8,-2894.7,2840.8,2840.8
0.112,0.064,0.29555,-0.18467,-30083,71040,3375.1,3375.1
0.112,0.048,-0.62151,2.4653,-32884,54686,2197.9,2197.9
0.112,0.032,-1.9738,5.1166,-29870,43665,1065.6,1065.6
0.112,0.016,-1.3362,0.28708,0,0,123.29,123.29
0.128,0.496,2.2049,10.145,0,0,2.878,2.878
0.128,0.48,1.9974,10.63,1.5803e+05,-5.9105e+05,6061.9,6061.9
0.128,0.464,2.8214,8.3095,6.3293e+05,-2.6044e+06,12529,12529
0.128,0.448,3.2221,6.887,4.5328e+05,-2.1662e+06,17360,17360
0.128,0.432,1.5976,7.2853,3.8787e+05,-1.8748e+06,15890,15890
0.128,0.416,-0.39821,6.8044,2.6613e+05,-1.3012e+06,19749,19749
0.128,0.4,-1.0118,7.3497,1.2906e+05,-6.5686e+05,25424,25424
0.128,0.384,0.54255,9.618,62109,-1.1583e+05,24260,24260
0.128,0.368,2.0589,9.3574,64010,24248,14769,14769
0.128,0.352,-0.0028632,7.6455,-1.7407e+05,-1.3818e+05,4491.7,4491.7
0.128,0.336,-3.1646,6.322,-3.24e+05,-2.597e+05,3728.6,3728.6
0.128,0.32,-2.2802,4.3479,-2.824e+05,-2.1765e+05,9465.5,9465.5
0.128,0.304,0.79435,3.241,1.1612e+05,-1.824e+05,18123,18123
0.128,0.288,1.6451,4.9699,3.2652e+05,-3.8848e+05,30724,30724
0.128,0.272,3.6197,4.6777,3.4669e+05,-6.1719e+05,36640,36640
0.128,0.256,5.4283,4.9185,2.0698e+05,-5.735e+05,43179,43179
0.128,0.24,3.9872,6.4811,-84179,3.5054e+05,48814,48814
0.128,0.224,-2.3447,13.191,-4.6484e+05,1.4155e+06,52454,52454
0.128,0.208,-2.9528,15.474,-7.418e+05,2.2137e+06,41185,41185
0.128,0.192,-3.2803,15.838,-8.6875e+05,2.103e+06,12484,12484
0.128,0.176,-0.60575,13.661,-6.5417e+05,1.2697e+06,-17591,17591
0.128,0.16,0.66286,9.4032,-1.9401e+05,1.1714e+05,-32142,32142
0.128,0.144,1.1308,6.1767,2.3129e+05,-8.1089e+05,-28492,28492
0.128,0.128,1.4958,6.9544,3.0667e+05,-9.3088e+05,-16391,16391
0.128,0.112,2.3099,4.9092,1.5931e+05,-6.3344e+05,-6849,6849
0.128,0.096,2.4585,2.8014,48814,-2.3627e+05,-44.351,44.351
0.128,0.08,2.1334,3.6482,-7546.9,-52361,3490.4,3490.4
0.128,0.064,1.248,2.7692,-51047,45465,5041.1,5041.1
0.128,0.048,-0.84689,2.0251,-54059,34572,2934.5,2934.5
0.128,0.032,-0.39074,5.5564,-32769,25779,1450.4,1450.4
0.128,0.016,-0.26587,0.24275,0,0,340.69,340.69
0.144,0.496,0.80689,25.409,0,0,73.977,73.977
0.144,0.48,0.63822,27.077,0,0,5879.4,5879.4
0.144,0.464,-0.42503,22.522,5.6635e+05,-3.5926e+06,420.42,420.42
0.144,0.448,-0.58592,18.589,2.7335e+05,-2.5672e+06,-5211,5211
0.144,0.432,0.60279,13.715,2.0838e+05,-2.1392e+06,-8303.7,8303.7
0.144,0.416,2.1991,11.133,-2158.4,-1.4924e+06,4091.3,4091.3
0.144,0.4,1.2105,10.418,-2.0031e+05,-7.9992e+05,16460,16460
0.144,0.384,-0.76409,9.7326,-3.6689e+05,-2.4433e+05,15599,15599
0.144,0.368,-0.8721,10.014,-4.2605e+05,1.4355e+05,5797.3,5797.3
0.144,0.352,-2.1706,8.7065,-4.9345e+05,3155.6,-4026,4026
0.144,0.336,-3.287,6.9966,-3.6199e+05,-2.557e+05,-3517.6,3517.6
0.144,0.32,-2.2011,7.2921,-59559,-4.9432e+05,5959.3,5959.3
0.144,0.304,0.38026,8.4786,3.3107e+05,-5.6053e+05,18959,18959
0.144,0.288,1.4698,7.8759,4.7459e+05,-8.1379e+05,36310,36310
0.144,0.272,3.2864,4.5027,3.881e+05,-7.9057e+05,48389,48389
0.144,0.256,4.046,7.0139,2.4174e+05,-3.5775e+05,59901,59901
0.144,0.24,1.8688,9.9135,55301,8.9418e+05,64777,64777
0.144,0.224,-2.2872,19.863,-2.1662e+05,2.1821e+06,61335,61335
0.144,0.208,-2.6565,21.879,-4.6486e+05,3.1354e+06,41680,41680
0.144,0.192,-2.0191,24.474,-6.3925e+05,3.232e+06,2549.2,2549.2
0.144,0.176,-2.7295,21.432,-5.2956e+05,2.4262e+06,-35262,35262
0.144,0.16,-1.1996,17.42,-1.7255e+05,5.8862e+05,-58460,58460
0.144,0.144,-0.13391,12.848,2.7143e+05,-1.1219e+06,-53791,53791
0.144,0.128,1.6346,9.1331,3.7541e+05,-1.7119e+06,-39303,39303
0.144,0.112,2.3623,5.3995,2.474e+05,-1.1838e+06,-22270,22270
0.144,0.096,2.3948,3.6071,48166,-4.5825e+05,-9114.5,9114.5
0.144,0.08,2.3407,3.6447,-19249,-1.4941e+05,-549.91,549.91
0.144,0.064,1.0054,4.4969,-28847,-91224,3491.7,3491.7
0.144,0.048,0.96596,2.5985,-23546,-76650,1939.5,1939.5
0.144,0.032,0.71542,4.5355,-146.63,-78528,1013.6,1013.6
0.144,0.016,0.45657,-0.41883,0,0,326.86,326.86
0.16,0.496,-1.7386,38.1,0,0,-101.9,101.9
0.16,0.48,-3.3744,36.37,0,0,3757.1,3757.1
0.16,0.464,-3.9516,31.239,NaN,NaN,-7557.5,7557.5
0.16,0.448,-3.0413,23.963,1.3506e+05,-2.7227e+06,-19113,19113
0.16,0.432,-1.6784,19.184,5.447e+05,-2.9323e+06,-36018,36018
0.16,0.416,-1.4787,18.942,3.3422e+05,-2.3603e+06,-33232,33232
0.16,0.4,-2.0661,19.284,16060,-1.4501e+06,-32142,32142
0.16,0.384,-4.1362,17.179,-4.3364e+05,-5.1049e+05,-24075,24075
0.16,0.368,-4.9844,15.073,-5.7598e+05,-91762,-22976,22976
0.16,0.352,-2.9995,12.783,-3.9974e+05,-3.5165e+05,-26465,26465
0.16,0.336,-1.3283,10.728,-87821,-8.0944e+05,-29065,29065
0.16,0.32,-0.77566,10.969,2.6445e+05,-1.2856e+06,-23349,23349
0.16,0.304,0.74382,11.704,5.195e+05,-1.7661e+06,-6551,6551
0.16,0.288,1.4866,11.924,6.3649e+05,-2.2781e+06,20130,20130
0.16,0.272,1.9392,10.676,5.2252e+05,-2.0304e+06,43804,43804
0.16,0.256,-0.72765,12.104,3.3837e+05,-9.6362e+05,61382,61382
0.16,0.24,-1.7646,17.327,1.699e+05,8.4508e+05,62447,62447
0.16,0.224,-1.3201,27.739,18644,2.3505e+06,49096,49096
0.16,0.208,-2.3346,30.505,-74581,3.4122e+06,19633,19633
0.16,0.192,-2.7569,31.216,-3.2244e+05,3.7861e+06,-27507,27507
0.16,0.176,-2.6714,29.051,-5.2484e+05,3.3302e+06,-72470,72470
0.16,0.16,-1.0076,23.536,-2.9893e+05,1.1898e+06,-1.0104e+05,1.0104e+05
0.16,0.144,0.41484,17.973,1.7893e+05,-1.1667e+06,-94380,94380
0.16,0.128,1.8652,10.251,5.2289e+05,-2.3742e+06,-73419,73419
0.16,0.112,1.233,7.3727,3.2061e+05,-1.8064e+06,-44601,44601
0.16,0.096,1.2995,4.6688,21383,-8.327e+05,-21983,21983
0.16,0.08,0.30432,3.9572,-1.32e+05,-2.811e+05,-5498.2,5498.2
0.16,0.064,0.78725,4.4969,-87652,-2.001e+05,939.17,939.17
0.16,0.048,0.97758,3.2144,-42478,-1.0711e+05,305.39,305.39
0.16,0.032,-0.046759,3.7268,13692,-1.4385e+05,272.76,272.76
0.16,0.016,-0.4531,2.3315,0,0,242.6,242.6
0.176,0.496,-2.8887,38.246,0,0,-33.968,33.968
0.176,0.48,-4.5834,34.796,0,0,-50.952,50.952
0.176,0.464,-4.3985,34.006,NaN,NaN,-21268,21268
0.176,0.448,-4.2809,34.954,NaN,NaN,-72995,72995
0.176,0.432,-4.3609,32.425,NaN,NaN,-76530,76530
0.176,0.416,-3.328,31.633,-2.7242e+05,-2.016e+06,-72400,72400
0.176,0.4,-3.0908,32.524,-5.4038e+05,-1.179e+06,-73296,73296
0.176,0.384,-2.6069,34.096,-7.738e+05,-4.8538e+05,-94317,94317
0.176,0.368,-1.8745,33.095,-7.4523e+05,-1.8973e+05,-1.1165e+05,1.1165e+05
0.176,0.352,-2.8665,29.296,-3.1596e+05,-5.3269e+05,-1.2684e+05,1.2684e+05
0.176,0.336,-1.2899,24.182,1.121e+05,-1.1242e+06,-1.026e+05,1.026e+05
0.176,0.32,-0.2246,20.82,5.5363e+05,-1.6085e+06,-70784,70784
0.176,0.304,1.0086,20.175,7.3279e+05,-2.1472e+06,-25371,25371
0.176,0.288,2.6129,19.078,8.41e+05,-2.5429e+06,8624.2,8624.2
0.176,0.272,4.1309,21.571,7.306e+05,-2.3368e+06,39280,39280
0.176,0.256,1.1941,25.846,5.0782e+05,-1.3393e+06,56021,56021
0.176,0.24,-1.6471,27.803,2.4316e+05,1.649e+05,50564,50564
0.176,0.224,-2.6265,29.492,75283,1.3705e+06,27096,27096
0.176,0.208,-2.5601,33.017,-10297,2.3314e+06,-7285.9,7285.9
0.176,0.192,-3.001,35.024,-1.93e+05,2.8203e+06,-57758,57758
0.176,0.176,-2.8966,32.425,-4.5334e+05,2.4918e+06,-1.0329e+05,1.0329e+05
0.176,0.16,-2.4207,25.182,-2.3057e+05,4.3775e+05,-1.3609e+05,1.3609e+05
0.176,0.144,0.087146,17.602,1.9987e+05,-1.8829e+06,-1.3083e+05,1.3083e+05
0.176,0.128,1.685,12.032,6.3837e+05,-3.2097e+06,-1.0661e+05,1.0661e+05
0.176,0.112,2.0289,9.5843,4.2249e+05,-2.7709e+06,-67471,67471
0.176,0.096,2.0669,5.2778,52626,-1.6843e+06,-34015,34015
0.176,0.08,0.95254,6.3562,-1.5953e+05,-9.117e+05,-11580,11580
0.176,0.064,0.4892,8.4581,-1.6965e+05,-5.3122e+05,-3572.3,3572.3
0.176,0.048,0.50275,5.0725,-84917,-3.025e+05,-2336,2336
0.176,0.032,0.2871,4.7974,-24973,-1.8357e+05,-913.05,913.05
0.176,0.016,0.24442,4.3623,0,0,-59.236,59.236
0.192,0.496,-2.9686,37.686,0,0,0,0
0.192,0.48,-3.321,38.074,0,0,0,0
0.192,0.464,-3.5401,39.586,NaN,NaN,0,0
0.192,0.448,-3.9641,43.006,NaN,NaN,NaN,NaN
0.192,0.432,-3.5905,43.171,NaN,NaN,-1.3491e+05,1.3491e+05
0.192,0.416,-2.6482,43.544,NaN,NaN,-1.2949e+05,1.2949e+05
0.192,0.4,-1.7902,46.184,NaN,NaN,-1.2658e+05,1.2658e+05
0.192,0.384,-0.84064,47.319,NaN,NaN,-1.5192e+05,1.5192e+05
0.192,0.368,-0.20402,46.872,-99350,-1.4781e+06,-1.6677e+05,1.6677e+05
0.192,0.352,-0.67253,44.997,1.9701e+05,-1.5017e+06,-1.7991e+05,1.7991e+05
0.192,0.336,-0.56113,41.793,3.0389e+05,-1.8375e+06,-1.6969e+05,1.6969e+05
0.192,0.32,-0.19412,40.26,6.1253e+05,-2.095e+06,-1.4078e+05,1.4078e+05
0.192,0.304,1.3987,39.029,7.7592e+05,-2.7288e+06,-78767,78767
0.192,0.288,2.9664,38.407,9.4913e+05,-2.8914e+06,-8491.7,8491.7
0.192,0.272,2.6499,36.533,9.3659e+05,-2.7243e+06,41994,41994
0.192,0.256,0.50439,35.233,7.837e+05,-2.0035e+06,49901,49901
0.192,0.24,-0.85008,32.773,4.8862e+05,-1.0656e+06,34604,34604
0.192,0.224,-2.4488,32.228,2.2127e+05,-3.1822e+05,7508.8,7508.8
0.192,0.208,-3.0249,33.474,27053,2.8174e+05,-25801,25801
0.192,0.192,-3.3539,34.093,-1.6187e+05,5.3358e+05,-75907,75907
0.192,0.176,-2.2649,31.418,-4.6432e+05,1.5311e+05,-1.2795e+05,1.2795e+05
0.192,0.16,-1.6664,24.439,-2.9341e+05,-1.2965e+06,-1.6457e+05,1.6457e+05
0.192,0.144,1.5176,17.207,96007,-2.9929e+06,-1.5773e+05,1.5773e+05
0.192,0.128,3.6787,12.941,6.2949e+05,-3.9785e+06,-1.2281e+05,1.2281e+05
0.192,0.112,4.4999,11.344,5.3e+05,-3.7586e+06,-75210,75210
0.192,0.096,4.2421,8.7648,2.0381e+05,-2.8879e+06,-35999,35999
0.192,0.08,2.454,9.2684,-94323,-2.0395e+06,-12066,12066
0.192,0.064,2.2251,9.1781,-1.5073e+05,-1.4873e+06,-4496.9,4496.9
0.192,0.048,1.9634,8.1481,-94615,-8.3966e+05,-3179.9,3179.9
0.192,0.032,1.7341,7.6306,-14385,-4.1392e+05,-1307.6,1307.6
0.192,0.016,1.3993,6.6149,0,0,-115.9,115.9
0.208,0.496,-1.461,40.101,0,0,0,0
0.208,0.48,-2.4241,42.485,0,0,0,0
0.208,0.464,-3.1526,45.873,NaN,NaN,0,0
0.208,0.448,-3.6086,48.976,NaN,NaN,NaN,NaN
0.208,0.432,-3.572,50.615,NaN,NaN,NaN,NaN
0.208,0.416,-2.9875,51.142,NaN,NaN,NaN,NaN
0.208,0.4,-2.5891,51.259,NaN,NaN,NaN,NaN
0.208,0.384,-2.6935,51.378,NaN,NaN,-3.1084e+05,3.1084e+05
0.208,0.368,-2.3895,51.305,NaN,NaN,-3.0463e+05,3.0463e+05
0.208,0.352,-1.8085,50.148,NaN,NaN,-2.9714e+05,2.9714e+05
0.208,0.336,-0.95002,50.08,NaN,NaN,-2.4182e+05,2.4182e+05
0.208,0.32,-0.67596,49.794,7.5037e+05,-4.9945e+05,-1.7702e+05,1.7702e+05
0.208,0.304,0.87953,47.8,9.4672e+05,-9.5068e+05,-92995,92995
0.208,0.288,3.6322,45.669,1.0116e+06,-1.4105e+06,-8586.5,8586.5
0.208,0.272,3.81,42.761,8.9645e+05,-1.6526e+06,34175,34175
0.208,0.256,2.1259,41.99,7.674e+05,-1.7688e+06,47356,47356
0.208,0.24,1.3092,41.175,5.825e+05,-1.7161e+06,25199,25199
0.208,0.224,-0.26426,38.964,3.7993e+05,-1.6469e+06,-2322.1,2322.1
0.208,0.208,-2.4291,37.631,1.7282e+05,-1.4746e+06,-27776,27776
0.208,0.192,-2.0172,34.271,35349,-1.5163e+06,-76828,76828
0.208,0.176,-0.75251,30.648,-1.0565e+05,-1.9244e+06,-1.2807e+05,1.2807e+05
0.208,0.16,-0.30711,26.389,51252,-2.7085e+06,-1.6958e+05,1.6958e+05
0.208,0.144,1.8757,23.702,2.8573e+05,-3.5474e+06,-1.62e+05,1.62e+05
0.208,0.128,3.1344,18.882,5.2466e+05,-4.0047e+06,-1.2435e+05,1.2435e+05
0.208,0.112,2.6408,18.363,4.4167e+05,-3.9946e+06,-73065,73065
0.208,0.096,2.6393,17.192,2.641e+05,-3.6458e+06,-32690,32690
0.208,0.08,3.1633,15.357,1.5753e+05,-3.2558e+06,-11677,11677
0.208,0.064,1.9926,13.669,67599,-2.7928e+06,-5452.6,5452.6
0.208,0.048,2.0693,10.723,8586.2,-1.7015e+06,-4233.7,4233.7
0.208,0.032,3.0131,8.5087,-11620,-7.6503e+05,-1920.2,1920.2
0.208,0.016,0.84596,8.4145,0,0,-309.5,309.5
0.224,0.496,0.060191,46.33,0,0,0,0
0.224,0.48,-0.86321,46.326,0,0,0,0
0.224,0.464,-1.5551,49.333,NaN,NaN,0,0
0.224,0.448,-2.716,52.044,NaN,NaN,NaN,NaN
0.224,0.432,-2.9296,53.688,NaN,NaN,NaN,NaN
0.224,0.416,-2.9056,54.724,NaN,NaN,NaN,NaN
0.224,0.4,-2.499,55.432,NaN,NaN,NaN,NaN
0.224,0.384,-2.2779,54.965,NaN,NaN,NaN,NaN
0.224,0.368,-1.9838,54.164,NaN,NaN,NaN,NaN
0.224,0.352,-0.74716,53.252,NaN,NaN,NaN,NaN
0.224,0.336,-0.41604,52.608,NaN,NaN,-3.1613e+05,3.1613e+05
0.224,0.32,-0.070395,51.587,NaN,NaN,-2.5087e+05,2.5087e+05
0.224,0.304,0.5233,49.764,NaN,NaN,-1.4272e+05,1.4272e+05
0.224,0.288,1.2781,48.287,9.0173e+05,-1.3711e+06,-17306,17306
0.224,0.272,2.0648,45.819,6.0122e+05,-1.3599e+06,24217,24217
0.224,0.256,2.2619,44.596,5.9054e+05,-1.4825e+06,35436,35436
0.224,0.24,2.6849,43.739,5.1062e+05,-1.5997e+06,15869,15869
0.224,0.224,1.3374,43.764,4.0358e+05,-1.7355e+06,-7494,7494
0.224,0.208,-0.41424,44.016,2.5801e+05,-1.9135e+06,-30398,30398
0.224,0.192,-0.2848,42.668,1.9978e+05,-2.1801e+06,-78511,78511
0.224,0.176,1.3488,39.891,1.6846e+05,-2.5589e+06,-1.2573e+05,1.2573e+05
0.224,0.16,2.5369,36.874,2.4338e+05,-2.8453e+06,-1.6496e+05,1.6496e+05
0.224,0.144,3.425,35.712,3.2984e+05,-3.1263e+06,-1.5334e+05,1.5334e+05
0.224,0.128,3.3484,34.61,3.1404e+05,-3.2134e+06,-1.1651e+05,1.1651e+05
0.224,0.112,1.405,32.818,1.5768e+05,-3.2368e+06,-68585,68585
0.224,0.096,0.95393,28.686,-37347,-3.203e+06,-31366,31366
0.224,0.08,2.1013,24.33,-1.1699e+05,-3.0797e+06,-13388,13388
0.224,0.064,2.4929,22.388,-1.6497e+05,-2.8569e+06,-8001.6,8001.6
0.224,0.048,1.4416,20.571,-1.4968e+05,-1.7441e+06,-6871.5,6871.5
0.224,0.032,1.4898,19.985,-82898,-8.1364e+05,-3530.2,3530.2
0.224,0.016,-0.8353,17.729,0,0,-943.67,943.67
0.24,0.496,1.4504,50.22,0,0,0,0
0.24,0.48,0.86831,49.395,0,0,0,0
0.24,0.464,0.69592,51.604,NaN,NaN,0,0
0.24,0.448,-0.017378,53.641,NaN,NaN,NaN,NaN
0.24,0.432,-0.69562,55.244,NaN,NaN,NaN,NaN
0.24,0.416,-1.3813,55.707,NaN,NaN,NaN,NaN
0.24,0.4,-2.2165,56.589,NaN,NaN,NaN,NaN
0.24,0.384,-1.6241,56.477,NaN,NaN,NaN,NaN
0.24,0.368,-1.8792,55.455,NaN,NaN,NaN,NaN
0.24,0.352,-2.4295,54.443,NaN,NaN,NaN,NaN
0.24,0.336,-2.0823,53.354,NaN,NaN,NaN,NaN
0.24,0.32,-1.0101,52.938,NaN,NaN,NaN,NaN
0.24,0.304,-0.59883,51.754,NaN,NaN,-1.2681e+05,1.2681e+05
0.24,0.288,1.0336,50.463,NaN,NaN,-14395,14395
0.24,0.272,2.6421,48.783,2.9419e+05,-1.257e+06,-786.88,786.88
0.24,0.256,2.6574,47.715,2.4299e+05,-1.1991e+06,19740,19740
0.24,0.24,2.0676,47.263,2.3142e+05,-1.195e+06,10559,10559
0.24,0.224,0.91254,48.028,1.901e+05,-1.1959e+06,-5348.6,5348.6
0.24,0.208,-0.049261,48.838,1.9068e+05,-1.3212e+06,-27073,27073
0.24,0.192,-0.73793,48.877,2.9107e+05,-1.5327e+06,-72078,72078
0.24,0.176,-0.17883,48.034,4.1297e+05,-1.8551e+06,-1.0873e+05,1.0873e+05
0.24,0.16,-0.22901,46.349,5.1163e+05,-2.1073e+06,-1.3803e+05,1.3803e+05
0.24,0.144,0.13753,44.919,4.7176e+05,-2.2692e+06,-1.2516e+05,1.2516e+05
0.24,0.128,0.30478,43.305,1.608e+05,-2.2778e+06,-98887,98887
0.24,0.112,-1.3177,42.045,-1.3673e+05,-2.2832e+06,-62298,62298
0.24,0.096,-1.6141,40.401,-3.4097e+05,-2.3303e+06,-33398,33398
0.24,0.08,-1.7527,39.557,-3.4728e+05,-2.2527e+06,-17198,17198
0.24,0.064,-2.7242,39.252,-4.8081e+05,-1.9869e+06,-11643,11643
0.24,0.048,-3.1466,38.873,-4.078e+05,-1.1702e+06,-8016.6,8016.6
0.24,0.032,-4.0305,39.098,-2.622e+05,-5.0384e+05,-3720.5,3720.5
0.24,0.016,-4.7601,38.305,0,0,-1099.3,1099.3
0.256,0.496,2.1631,53.471,0,0,0,0
0.256,0.48,2.8348,52.428,0,0,0,0
0.256,0.464,1.9599,52.371,NaN,NaN,0,0
0.256,0.448,1.9166,53.418,NaN,NaN,NaN,NaN
0.256,0.432,1.4286,54.511,NaN,NaN,NaN,NaN
0.256,0.416,-0.41345,54.77,NaN,NaN,NaN,NaN
0.256,0.4,-2.3514,55.358,NaN,NaN,NaN,NaN
0.256,0.384,-2.4526,54.334,NaN,NaN,NaN,NaN
0.256,0.368,-3.1251,53.573,NaN,NaN,NaN,NaN
0.256,0.352,-4.6295,53.766,NaN,NaN,NaN,NaN
0.256,0.336,-4.7967,53.003,NaN,NaN,NaN,NaN
0.256,0.32,-3.703,52.709,NaN,NaN,NaN,NaN
0.256,0.304,-1.387,52.426,NaN,NaN,-1.0638e+05,1.0638e+05
0.256,0.288,0.20804,51.92,NaN,NaN,-11654,11654
0.256,0.272,1.8228,51.2,1.1552e+05,-1.298e+06,-806.07,806.07
0.256,0.256,2.3674,50.862,-67643,-8.1647e+05,16614,16614
0.256,0.24,2.1161,50.616,-68032,-7.348e+05,8480.8,8480.8
0.256,0.224,1.4469,50.637,-83010,-6.9742e+05,-5805.5,5805.5
0.256,0.208,0.46434,50.38,2633.5,-7.7622e+05,-25409,25409
0.256,0.192,0.58422,49.92,1.9057e+05,-8.9457e+05,-61347,61347
0.256,0.176,0.73418,48.759,4.0334e+05,-1.1447e+06,-87066,87066
0.256,0.16,-1.2363,46.977,5.1256e+05,-1.5241e+06,-1.0378e+05,1.0378e+05
0.256,0.144,-1.4064,44.711,4.6415e+05,-1.8855e+06,-91619,91619
0.256,0.128,-1.57,43.064,1.9202e+05,-2.0518e+06,-73572,73572
0.256,0.112,-3.2806,41.107,-26225,-1.9669e+06,-51982,51982
0.256,0.096,-2.299,42.229,-2.581e+05,-1.7365e+06,-32530,32530
0.256,0.08,-2.0742,44.744,-4.5021e+05,-1.2885e+06,-19792,19792
0.256,0.064,-3.8621,48.763,-7.6597e+05,-8.2103e+05,-11815,11815
0.256,0.048,-5.2435,50.183,-6.5078e+05,-3.6307e+05,-6442.6,6442.6
0.256,0.032,-5.9041,48.599,-3.8204e+05,-1.2455e+05,-1774.9,1774.9
0.256,0.016,-5.8177,48.2,0,0,-445.28,445.28
0.272,0.496,2.4938,52.646,0,0,0,0
0.272,0.48,3.5165,53.177,0,0,0,0
0.272,0.464,2.7162,52.53,NaN,NaN,0,0
0.272,0.448,2.2072,52.415,NaN,NaN,NaN,NaN
0.272,0.432,1.7398,52.199,NaN,NaN,NaN,NaN
0.272,0.416,0.12963,51.33,NaN,NaN,NaN,NaN
0.272,0.4,-1.4408,50.864,NaN,NaN,NaN,NaN
0.272,0.384,-3.3333,49.888,NaN,NaN,NaN,NaN
0.272,0.368,-4.7915,49.43,NaN,NaN,NaN,NaN
0.272,0.352,-5.778,50.119,NaN,NaN,46882,46882
0.272,0.336,-6.2337,51.093,NaN,NaN,32595,32595
0.272,0.32,-5.9266,51.173,NaN,NaN,-15359,15359
0.272,0.304,-3.8853,51.172,NaN,NaN,-63334,63334
0.272,0.288,-2.1917,50.733,-8.779e+05,-1.3266e+06,-30072,30072
0.272,0.272,-0.39383,50.158,-6.8728e+05,-1.1847e+06,1388.5,1388.5
0.272,0.256,1.1747,49.726,-4.1136e+05,-7.5892e+05,23432,23432
0.272,0.24,1.4718,48.918,-2.0098e+05,-4.9943e+05,12960,12960
0.272,0.224,1.4749,47.647,-1.0931e+05,-3.9609e+05,80.961,80.961
0.272,0.208,0.49037,46.737,24730,-4.0508e+05,-10461,10461
0.272,0.192,0.39151,46.48,2.3862e+05,-4.5537e+05,-33275,33275
0.272,0.176,0.47556,46.571,5.1461e+05,-6.6864e+05,-46723,46723
0.272,0.16,-0.60104,43.671,6.9032e+05,-1.1416e+06,-51904,51904
0.272,0.144,-1.7229,39.085,7.055e+05,-1.5316e+06,-35917,35917
0.272,0.128,-1.8011,39.029,5.7537e+05,-1.5181e+06,-23519,23519
0.272,0.112,-1.2556,40.115,5.3932e+05,-1.0569e+06,-15397,15397
0.272,0.096,0.1043,42.013,4.6973e+05,-6.9455e+05,-10710,10710
0.272,0.08,-0.42541,44.501,1.8345e+05,-5.341e+05,-7759.1,7759.1
0.272,0.064,-3.3688,48.82,-3.8969e+05,-4.2579e+05,-4145.7,4145.7
0.272,0.048,-4.9697,49.896,-5.2385e+05,-2.337e+05,-1356.9,1356.9
0.272,0.032,-5.2751,50.72,-3.7525e+05,-70800,701.87,701.87
0.272,0.016,-6.4905,51.585,0,0,311.15,311.15
0.288,0.496,2.1627,52.172,0,0,0,0
0.288,0.48,2.6701,49.625,0,0,0,0
0.288,0.464,2.3086,49.449,NaN,NaN,0,0
0.288,0.448,1.6029,48.789,NaN,NaN,NaN,NaN
0.288,0.432,1.1987,47.004,NaN,NaN,NaN,NaN
0.288,0.416,1.2181,44.958,NaN,NaN,NaN,NaN
0.288,0.4,0.40037,44.04,NaN,NaN,-21493,21493
0.288,0.384,-0.89306,43.131,NaN,NaN,21925,21925
0.288,0.368,-2.9029,41.342,NaN,NaN,46106,46106
0.288,0.352,-5.1587,42.866,NaN,NaN,81244,81244
0.288,0.336,-6.0062,46.235,-1.5652e+06,-3.3079e+06,46479,46479
0.288,0.32,-5.982,47.116,-1.6226e+06,-3.1287e+06,5684.4,5684.4
0.288,0.304,-5.1174,47.139,-1.5126e+06,-2.8994e+06,-33826,33826
0.288,0.288,-3.2475,45.5,-1.1649e+06,-2.2083e+06,-4535.7,4535.7
0.288,0.272,-1.4223,42.551,-7.9131e+05,-1.6321e+06,25638,25638
0.288,0.256,-0.28719,41.725,-4.432e+05,-9.5595e+05,49748,49748
0.288,0.24,0.56598,42.709,-1.193e+05,-4.7637e+05,40438,40438
0.288,0.224,0.73139,42.105,85657,-1.9495e+05,29184,29184
0.288,0.208,0.85165,42.173,2.6702e+05,-2.3172e+05,25500,25500
0.288,0.192,0.2048,41.617,4.6629e+05,-2.9219e+05,3778,3778
0.288,0.176,-0.040023,41.31,7.0399e+05,-3.5042e+05,-5006.5,5006.5
0.288,0.16,0.21997,40.089,8.8965e+05,-4.791e+05,-6352.7,6352.7
0.288,0.144,-0.11704,38.107,9.4499e+05,-4.3433e+05,17711,17711
0.288,0.128,0.71481,38.417,9.7417e+05,-27203,29892,29892
0.288,0.112,2.6763,41.365,1.0447e+06,7.2202e+05,28937,28937
0.288,0.096,3.2954,43.625,1.0425e+06,1.0953e+06,21379,21379
0.288,0.08,1.9432,45.677,6.9572e+05,8.3964e+05,14531,14531
0.288,0.064,-1.5455,46.682,69222,4.0998e+05,10098,10098
0.288,0.048,-4.2383,47.643,-2.3441e+05,1.1483e+05,6239.9,6239.9
0.288,0.032,-3.7837,50.918,-2.3761e+05,46117,2810.7,2810.7
0.288,0.016,-4.9427,53.162,0,0,866.21,866.21
0.304,0.496,2.2288,48.628,0,0,0,0
0.304,0.48,2.4595,44.142,0,0,0,0
0.304,0.464,2.5615,43.342,NaN,NaN,0,0
0.304,0.448,2.5066,42.357,NaN,NaN,NaN,NaN
0.304,0.432,1.0189,41.249,NaN,NaN,NaN,NaN
0.304,0.416,0.92755,37.634,NaN,NaN,-1.1402e+05,1.1402e+05
0.304,0.4,-0.35755,35.389,NaN,NaN,28312,28312
0.304,0.384,-1.4839,34.428,-1.036e+06,-3.8389e+06,94579,94579
0.304,0.368,-2.3745,32.502,-1.0496e+06,-3.6567e+06,1.6443e+05,1.6443e+05
0.304,0.352,-2.8901,32.294,-1.0028e+06,-3.6486e+06,1.5745e+05,1.5745e+05
0.304,0.336,-3.0807,34.024,-1.0459e+06,-3.5098e+06,84591,84591
0.304,0.32,-5.0316,34.399,-1.0176e+06,-3.3122e+06,20306,20306
0.304,0.304,-5.1829,36.057,-9.3007e+05,-2.9504e+06,-8358.3,8358.3
0.304,0.288,-4.0342,36.093,-7.4213e+05,-2.3335e+06,16297,16297
0.304,0.272,-3.3005,34.304,-5.7924e+05,-1.8713e+06,50145,50145
0.304,0.256,-2.0784,33.35,-3.5848e+05,-1.3011e+06,67247,67247
0.304,0.24,-0.44741,33.305,-16170,-6.389e+05,68478,68478
0.304,0.224,0.036209,32.673,3.1441e+05,-21618,63910,63910
0.304,0.208,0.48713,32.473,4.878e+05,-23229,58426,58426
0.304,0.192,0.26347,31.119,5.9878e+05,-1.6311e+05,32794,32794
0.304,0.176,0.26066,29.682,6.9763e+05,-1.4211e+05,25687,25687
0.304,0.16,0.51589,33.658,8.199e+05,86610,32049,32049
0.304,0.144,0.92883,34.417,8.9147e+05,5.8214e+05,64902,64902
0.304,0.128,2.011,34.372,9.803e+05,1.202e+06,76366,76366
0.304,0.112,2.716,37.9,1.0382e+06,1.936e+06,66681,66681
0.304,0.096,3.1862,39.485,1.0091e+06,2.1359e+06,48393,48393
0.304,0.08,2.4069,40.722,7.2101e+05,1.7743e+06,33443,33443
0.304,0.064,0.070805,41.508,2.225e+05,1.2582e+06,22256,22256
0.304,0.048,-1.7794,43.644,-70383,6.5872e+05,12362,12362
0.304,0.032,-1.5772,46.74,-1.4431e+05,2.7678e+05,4148.8,4148.8
0.304,0.016,-2.5534,48.982,0,0,762.24,762.24
0.32,0.496,3.6311,44.187,0,0,0,0
0.32,0.48,3.9844,41.069,0,0,0,0
0.32,0.464,4.3985,40.196,NaN,NaN,0,0
0.32,0.448,1.9651,37.578,NaN,NaN,NaN,NaN
0.32,0.432,0.011766,34.851,NaN,NaN,NaN,NaN
0.32,0.416,-2.5504,30.951,NaN,NaN,-18205,18205
0.32,0.4,-3.3253,28.037,-1.0471e+06,-3.4792e+06,72880,72880
0.32,0.384,-3.9484,27.042,-1.1621e+06,-3.6095e+06,1.3117e+05,1.3117e+05
0.32,0.368,-2.899,25.923,-1.1806e+06,-3.5224e+06,1.9856e+05,1.9856e+05
0.32,0.352,-2.7995,24.316,-1.0632e+06,-3.4483e+06,2.1159e+05,2.1159e+05
0.32,0.336,-3.4463,21.715,-9.8373e+05,-3.425e+06,1.4508e+05,1.4508e+05
0.32,0.32,-4.0772,17.583,-8.4725e+05,-3.2616e+06,72300,72300
0.32,0.304,-3.236,17.861,-7.3051e+05,-2.8956e+06,24377,24377
0.32,0.288,-2.839,20.047,-4.6638e+05,-2.2718e+06,33044,33044
0.32,0.272,-3.2785,20.971,-2.6398e+05,-1.6415e+06,48961,48961
0.32,0.256,-4.9503,23.891,-33943,-8.8444e+05,63065,63065
0.32,0.24,-2.4218,24.353,2.6301e+05,-88245,70191,70191
0.32,0.224,-0.15575,20.627,5.4526e+05,5.4858e+05,69911,69911
0.32,0.208,0.45402,19.286,6.3186e+05,4.4593e+05,63282,63282
0.32,0.192,-0.040287,17.771,5.9743e+05,-21770,34067,34067
0.32,0.176,-0.042533,19.931,5.3833e+05,-2.4592e+05,24317,24317
0.32,0.16,0.29193,23.223,5.5053e+05,22208,32119,32119
0.32,0.144,-0.90502,25.514,5.2885e+05,6.7589e+05,64707,64707
0.32,0.128,-0.34119,30.38,4.6934e+05,1.2205e+06,73693,73693
0.32,0.112,-0.90029,32.668,3.6763e+05,1.6352e+06,61980,61980
0.32,0.096,-1.7296,33.984,2.2481e+05,1.5686e+06,41975,41975
0.32,0.08,-0.75058,32.859,69544,1.178e+06,29960,29960
0.32,0.064,-0.3043,33.449,-1.5418e+05,7.5786e+05,20826,20826
0.32,0.048,-1.5333,34.975,-1.8896e+05,4.0015e+05,13264,13264
0.32,0.032,-2.3957,36.353,-1.4324e+05,1.9222e+05,5273,5273
0.32,0.016,-1.8929,39.747,0,0,1197.8,1197.8
0.336,0.496,2.6479,39.35,0,0,0,0
0.336,0.48,3.3171,35.099,0,0,0,0
0.336,0.464,0.57895,33.469,NaN,NaN,0,0
0.336,0.448,-0.10643,32.467,NaN,NaN,NaN,NaN
0.336,0.432,-1.5419,28.275,NaN,NaN,-1.5054e+05,1.5054e+05
0.336,0.416,-1.5872,24.43,NaN,NaN,-30273,30273
0.336,0.4,-1.0042,23.413,-7.3471e+05,-3.4108e+06,68758,68758
0.336,0.384,-1.9869,20.508,-8.8503e+05,-3.4431e+06,1.6477e+05,1.6477e+05
0.336,0.368,-3.4841,21.927,-9.6173e+05,-3.37e+06,2.5674e+05,2.5674e+05
0.336,0.352,-4.6922,22.857,-9.3129e+05,-3.2487e+06,2.6062e+05,2.6062e+05
0.336,0.336,-4.4709,19.037,-8.1548e+05,-3.1432e+06,1.9555e+05,1.9555e+05
0.336,0.32,-6.149,13.072,-5.3204e+05,-2.8639e+06,1.3056e+05,1.3056e+05
0.336,0.304,-4.5792,11.112,-2.7678e+05,-2.3863e+06,71224,71224
0.336,0.288,-2.9496,12.911,-6840.2,-1.5538e+06,54458,54458
0.336,0.272,-1.7522,17.153,1.5094e+05,-7.6305e+05,38227,38227
0.336,0.256,-1.2348,22.579,2.8787e+05,1.0549e+05,39765,39765
0.336,0.24,-0.30861,26.503,5.1812e+05,9.5062e+05,44432,44432
0.336,0.224,0.27324,27.51,7.0524e+05,1.6696e+06,48209,48209
0.336,0.208,-1.0309,25.728,7.75e+05,1.6078e+06,46882,46882
0.336,0.192,-1.0099,20.378,5.6235e+05,8.7968e+05,27767,27767
0.336,0.176,-1.4901,16.733,3.3404e+05,-1.1456e+05,19129,19129
0.336,0.16,-1.3438,19.35,1.5076e+05,-7.3809e+05,26775,26775
0.336,0.144,-0.99468,22.641,1.3812e+05,-7.3073e+05,46723,46723
0.336,0.128,-1.6619,21.516,70079,-3.3405e+05,47423,47423
0.336,0.112,-3.5021,22.588,-78043,1062.8,35602,35602
0.336,0.096,-3.9417,23.636,-2.9382e+05,-2.2683e+05,21392,21392
0.336,0.08,-4.3728,18.766,-4.0791e+05,-6.978e+05,12229,12229
0.336,0.064,-4.2824,18.84,-3.9764e+05,-8.4688e+05,6269.5,6269.5
0.336,0.048,-3.9863,21.112,-2.4415e+05,-5.265e+05,2926.6,2926.6
0.336,0.032,-6.0837,19.468,-98872,-1.6421e+05,2239.4,2239.4
0.336,0.016,-3.7205,22.817,0,0,688.65,688.65
0.352,0.496,0.85799,28.84,0,0,0,0
0.352,0.48,-0.25093,27.394,0,0,0,0
0.352,0.464,-1.345,28.773,NaN,NaN,0,0
0.352,0.448,-1.7975,27.33,NaN,NaN,NaN,NaN
0.352,0.432,-3.503,27.792,NaN,NaN,-73258,73258
0.352,0.416,-3.1905,25.437,-1.065e+06,-2.4403e+06,10104,10104
0.352,0.4,-2.2347,20.391,-7.4904e+05,-3.2107e+06,71475,71475
0.352,0.384,-2.6012,14.683,-7.1044e+05,-3.2221e+06,1.5927e+05,1.5927e+05
0.352,0.368,-3.7231,13.844,-6.9507e+05,-3.207e+06,2.2176e+05,2.2176e+05
0.352,0.352,-5.2161,16.317,-7.3557e+05,-2.8408e+06,2.4168e+05,2.4168e+05
0.352,0.336,-6.3208,15.681,-7.6825e+05,-2.5435e+06,2.0662e+05,2.0662e+05
0.352,0.32,-6.3738,14.284,-6.1525e+05,-2.0823e+06,1.7146e+05,1.7146e+05
0.352,0.304,-3.4111,12.637,-3.8321e+05,-1.4924e+06,1.2251e+05,1.2251e+05
0.352,0.288,-2.6902,14.222,1177.2,-4.7848e+05,91903,91903
0.352,0.272,-1.3186,19.427,3.4423e+05,5.5608e+05,50005,50005
0.352,0.256,0.71355,25.116,6.9947e+05,1.4425e+06,25736,25736
0.352,0.24,0.90073,29.255,9.5413e+05,2.0729e+06,18828,18828
0.352,0.224,1.6488,32.829,1.0566e+06,2.4551e+06,21382,21382
0.352,0.208,1.6448,33.682,8.8509e+05,2.2377e+06,26975,26975
0.352,0.192,-0.057575,28.025,4.3235e+05,1.1798e+06,20244,20244
0.352,0.176,-1.3218,22.102,-5753.4,-2.2345e+05,18548,18548
0.352,0.16,-0.77378,18.099,-1.4239e+05,-1.1818e+06,18918,18918
0.352,0.144,0.29641,15.623,-23486,-1.4597e+06,23698,23698
0.352,0.128,-0.52794,14.649,-38811,-1.1361e+06,14203,14203
0.352,0.112,-1.8767,13.687,-1.9361e+05,-8.3191e+05,6553.6,6553.6
0.352,0.096,-3.3498,12.782,-4.2152e+05,-9.0445e+05,532.87,532.87
0.352,0.08,-4.5634,10.285,-4.4732e+05,-1.4432e+06,-5050,5050
0.352,0.064,-4.8572,9.2116,-3.8483e+05,-1.7547e+06,-9867.9,9867.9
0.352,0.048,-3.3324,10.628,-2.0978e+05,-1.2089e+06,-8675.8,8675.8
0.352,0.032,-2.175,10.453,-68265,-4.9639e+05,-1789.4,1789.4
0.352,0.016,-2.4369,8.3025,0,0,104.34,104.34
0.368,0.496,-0.20336,18.211,0,0,10.833,10.833
0.368,0.48,-2.3281,20.423,0,0,16.25,16.25
0.368,0.464,-1.8333,23.282,NaN,NaN,-25056,25056
0.368,0.448,-2.9448,23.884,NaN,NaN,-93382,93382
0.368,0.432,-2.1645,24.83,NaN,NaN,-58824,58824
0.368,0.416,-2.0988,23.164,-4.3955e+05,-1.9496e+06,-5433.4,5433.4
0.368,0.4,-4.2812,17.486,-3.553e+05,-2.7985e+06,51833,51833
0.368,0.384,-4.4418,11.761,-3.4036e+05,-2.9141e+06,1.2734e+05,1.2734e+05
0.368,0.368,-3.402,11.237,-3.7491e+05,-2.9926e+06,1.7902e+05,1.7902e+05
0.368,0.352,-3.5924,14.309,-5.0171e+05,-2.4095e+06,2.0018e+05,2.0018e+05
0.368,0.336,-6.7263,14.701,-5.7357e+05,-1.7961e+06,1.7817e+05,1.7817e+05
0.368,0.32,-6.3073,15.575,-4.4444e+05,-1.0846e+06,1.7816e+05,1.7816e+05
0.368,0.304,-4.4845,17.555,-2.3438e+05,-3.8499e+05,1.7438e+05,1.7438e+05
0.368,0.288,-4.4357,18.755,1.157e+05,5.7915e+05,1.6286e+05,1.6286e+05
0.368,0.272,-1.336,21.331,4.506e+05,1.3845e+06,1.0762e+05,1.0762e+05
0.368,0.256,0.52799,23.271,7.9054e+05,1.763e+06,47640,47640
0.368,0.24,2.9071,21.897,9.2508e+05,1.7615e+06,20908,20908
0.368,0.224,3.3836,22.317,8.796e+05,1.6251e+06,13383,13383
0.368,0.208,0.8763,25.313,5.712e+05,1.2396e+06,18925,18925
0.368,0.192,-2.3116,21.65,1.1562e+05,5.9795e+05,20003,20003
0.368,0.176,-3.1642,19.116,-1.9897e+05,-2.4177e+05,24027,24027
0.368,0.16,-0.25089,16.488,-1.873e+05,-7.8199e+05,23246,23246
0.368,0.144,1.4339,13.907,71492,-1.0459e+06,18458,18458
0.368,0.128,-0.29432,11.049,1.7258e+05,-1.0271e+06,5421.4,5421.4
0.368,0.112,-0.39462,7.8692,1.5008e+05,-9.5869e+05,-1709.3,1709.3
0.368,0.096,0.28801,7.6818,-78494,-1.0185e+06,-3525,3525
0.368,0.08,-2.0092,6.8565,-1.7396e+05,-1.2674e+06,-9836.7,9836.7
0.368,0.064,-3.5447,5.9718,-1.765e+05,-1.3028e+06,-15017,15017
0.368,0.048,-4.7503,6.4381,-58750,-8.7771e+05,-13321,13321
0.368,0.032,-3.6816,6.888,1724,-3.5295e+05,-4185.4,4185.4
0.368,0.016,-3.233,6.0596,0,0,-552.46,552.46
0.384,0.496,0.96662,12.255,0,0,24.296,24.296
0.384,0.48,0.95781,14.225,0,0,656.12,656.12
0.384,0.464,-2.322,17.179,NaN,NaN,-13275,13275
0.384,0.448,-4.5609,18.804,-9.3657e+05,-1.8628e+06,-27696,27696
0.384,0.432,-3.8078,20.486,-6.8296e+05,-1.334e+06,-8377.2,8377.2
0.384,0.416,-3.002,15.958,-3.9704e+05,-1.7257e+06,21845,21845
0.384,0.4,-1.9956,14.033,-2.3648e+05,-2.2999e+06,62282,62282
0.384,0.384,-2.6895,10.779,-2.2128e+05,-2.5879e+06,1.0523e+05,1.0523e+05
0.384,0.368,-4.2571,10.392,-2.2834e+05,-2.5441e+06,1.4572e+05,1.4572e+05
0.384,0.352,-5.4285,10.789,-2.6282e+05,-1.8741e+06,1.6742e+05,1.6742e+05
0.384,0.336,-5.0366,9.219,-2.5322e+05,-1.229e+06,1.579e+05,1.579e+05
0.384,0.32,-4.0553,9.3098,-1.5761e+05,-5.427e+05,1.7063e+05,1.7063e+05
0.384,0.304,-2.9219,13.968,-55007,1.3489e+05,1.9383e+05,1.9383e+05
0.384,0.288,-3.2347,19.487,1.7167e+05,9.2593e+05,1.9564e+05,1.9564e+05
0.384,0.272,-0.8423,20.057,3.7315e+05,1.4508e+06,1.5434e+05,1.5434e+05
0.384,0.256,-0.4093,18.482,6.2655e+05,1.3768e+06,84890,84890
0.384,0.24,0.5332,13.101,4.02e+05,5.5244e+05,46366,46366
0.384,0.224,1.2258,8.9867,2.6655e+05,-82476,22004,22004
0.384,0.208,-0.13079,10.421,-48943,-4.8555e+05,19224,19224
0.384,0.192,-2.6948,10.49,-19591,-3.3215e+05,20789,20789
0.384,0.176,-1.201,11.101,34295,-1.9432e+05,29085,29085
0.384,0.16,0.58619,13.612,1.2752e+05,90952,34780,34780
0.384,0.144,0.18135,13.461,2.573e+05,2.5477e+05,35333,35333
0.384,0.128,0.05902,12.773,1.827e+05,61665,28319,28319
0.384,0.112,2.453,9.2491,2.6315e+05,-2.507e+05,17572,17572
0.384,0.096,1.6807,8.5872,1.3546e+05,-4.7218e+05,9761.3,9761.3
0.384,0.08,0.17458,6.6395,-12231,-5.5538e+05,572.66,572.66
0.384,0.064,-2.0853,4.4673,-1.7487e+05,-4.9993e+05,-3504,3504
0.384,0.048,-4.0947,6.0972,-1.3301e+05,-3.1878e+05,-1100.7,1100.7
0.384,0.032,-2.3502,5.4248,-50355,-1.3818e+05,2768.6,2768.6
0.384,0.016,-2.2561,4.8911,0,0,2678.1,2678.1
0.4,0.496,2.5489,12.588,0,0,-29.103,29.103
0.4,0.48,1.5867,8.9551,-67557,-1.3707e+05,1037.1,1037.1
0.4,0.464,-1.0307,9.0939,-1.8404e+05,-6.9119e+05,-8261.1,8261.1
0.4,0.448,-4.1731,9.2828,-3.494e+05,-8.8834e+05,-18710,18710
0.4,0.432,-6.0053,10.239,-3.3878e+05,-7.6195e+05,-5360.2,5360.2
0.4,0.416,-2.9291,11.468,-1.2836e+05,-1.1548e+06,19128,19128
0.4,0.4,-3.0743,10.14,31577,-1.571e+06,57709,57709
0.4,0.384,-3.5798,8.3426,62275,-1.8768e+06,87113,87113
0.4,0.368,-3.6543,6.7399,-47859,-1.6794e+06,1.1637e+05,1.1637e+05
0.4,0.352,-3.6798,5.3711,-20931,-1.1653e+06,1.3757e+05,1.3757e+05
0.4,0.336,-2.6435,4.182,8285.4,-7.6185e+05,1.3693e+05,1.3693e+05
0.4,0.32,-1.4011,3.387,1.0279e+05,-2.517e+05,1.6397e+05,1.6397e+05
0.4,0.304,-0.24054,6.4743,68542,1.9375e+05,1.9296e+05,1.9296e+05
0.4,0.288,-2.3642,10.461,1.3179e+05,5.5813e+05,1.9919e+05,1.9919e+05
0.4,0.272,-1.7984,10.939,1.6692e+05,6.7908e+05,1.6551e+05,1.6551e+05
0.4,0.256,-0.4294,11.623,-1.839e+05,1.2951e+05,1.1261e+05,1.1261e+05
0.4,0.24,-1.3453,11.75,-8.9896e+05,-8.9144e+05,76765,76765
0.4,0.224,-12.117,6.704,-9.0136e+05,-1.4992e+06,42326,42326
0.4,0.208,-2.7064,4.1248,-3.8381e+05,-1.4536e+06,30659,30659
0.4,0.192,-0.77907,3.9393,7.2601e+05,-5.8036e+05,34476,34476
0.4,0.176,-0.99065,8.2251,1.2179e+06,1.1643e+05,43107,43107
0.4,0.16,-0.77994,12.549,1.1448e+06,8.1509e+05,47661,47661
0.4,0.144,-1.6765,13.381,7.4095e+05,1.2057e+06,52217,52217
0.4,0.128,-1.1748,14.078,2.5111e+05,1.0323e+06,52217,52217
0.4,0.112,0.56141,13.555,2.4663e+05,4.7252e+05,39509,39509
0.4,0.096,1.1176,11.206,1.4359e+05,-1.8636e+05,22789,22789
0.4,0.08,-0.24671,8.7512,-91596,-5.3359e+05,12817,12817
0.4,0.064,-2.4163,5.4647,-3.4859e+05,-3.9741e+05,10794,10794
0.4,0.048,-2.4369,5.0883,-3.0021e+05,-1.7961e+05,13974,13974
0.4,0.032,-2.0768,3.4501,-1.6163e+05,-8892.2,11080,11080
0.4,0.016,-0.85008,5.4453,0,0,6028.8,6028.8
0.416,0.496,4.3245,11.654,0,0,45.36,45.36
0.416,0.48,2.5572,6.4302,1.2391e+05,-1.1334e+05,1513.2,1513.2
0.416,0.464,0.62894,3.9603,1.8822e+05,-3.6262e+05,5473.8,5473.8
0.416,0.448,-1.936,3.2789,-44109,-5.5063e+05,6754.8,6754.8
0.416,0.432,-2.1231,5.6829,-2.1225e+05,-4.8984e+05,11253,11253
0.416,0.416,-3.0741,9.066,-1.5148e+05,-8.4149e+05,23926,23926
0.416,0.4,-4.0079,6.306,-33074,-1.0615e+06,47479,47479
0.416,0.384,-1.6868,5.5792,1.0425e+05,-1.1962e+06,74285,74285
0.416,0.368,-0.89297,6.067,1.7376e+05,-7.171e+05,95888,95888
0.416,0.352,-0.87664,5.2034,2.5206e+05,-4.191e+05,1.1733e+05,1.1733e+05
0.416,0.336,-1.1253,3.4058,2.059e+05,-3.2092e+05,1.212e+05,1.212e+05
0.416,0.32,-3.1593,1.5057,59566,-1.4103e+05,1.5214e+05,1.5214e+05
0.416,0.304,-2.7778,4.6287,-84786,20787,1.7228e+05,1.7228e+05
0.416,0.288,-2.7934,4.5981,-1.2173e+05,60317,1.7247e+05,1.7247e+05
0.416,0.272,-2.8498,2.2864,-2.4241e+05,-2.37e+05,1.4291e+05,1.4291e+05
0.416,0.256,-2.3976,5.5727,-6.4591e+05,-6.0585e+05,1.1403e+05,1.1403e+05
0.416,0.24,-21.371,7.9758,-2.3682e+06,-2.2222e+06,1.0309e+05,1.0309e+05
0.416,0.224,-21.272,9.6984,-2.5697e+06,-2.6859e+06,71097,71097
0.416,0.208,-3.4645,2.6673,-9.1211e+05,-1.9023e+06,59121,59121
0.416,0.192,-1.3463,5.4109,2.574e+06,-3.6708e+05,57826,57826
0.416,0.176,0.35323,10.956,3.9105e+06,4.7373e+05,65201,65201
0.416,0.16,0.099913,12.702,3.189e+06,7.0872e+05,57663,57663
0.416,0.144,-0.8241,13.64,1.3416e+06,1.1718e+06,59050,59050
0.416,0.128,-1.2673,14.823,3.2727e+05,1.2706e+06,58847,58847
0.416,0.112,-0.65346,15.105,94670,7.8406e+05,47978,47978
0.416,0.096,-1.3001,13.141,-5689.5,-62573,27328,27328
0.416,0.08,-1.9439,9.3293,-1.8961e+05,-6.6757e+05,22044,22044
0.416,0.064,-2.2064,6.481,-4.4111e+05,-5.8937e+05,24259,24259
0.416,0.048,-5.2389,6.7784,-4.1723e+05,-2.3712e+05,28151,28151
0.416,0.032,-5.9968,5.6589,-2.3088e+05,-16903,18833,18833
0.416,0.016,-0.48076,5.205,0,0,9032.1,9032.1
0.432,0.496,2.2059,5.3935,4982.1,-4092.6,164.04,164.04
0.432,0.48,1.4773,3.984,80287,-99731,1490.4,1490.4
0.432,0.464,3.8917,2.3981,31673,-2.4242e+05,4579.6,4579.6
0.432,0.448,2.0805,2.1272,-41000,-2.6664e+05,3440.3,3440.3
0.432,0.432,-1.64,1.8944,-1.6184e+05,-2.8933e+05,5540.4,5540.4
0.432,0.416,-3.2284,5.2837,-79664,-4.8303e+05,12568,12568
0.432,0.4,-2.9416,4.0348,-1.2386e+05,-7.7816e+05,37445,37445
0.432,0.384,-3.336,1.2805,-1.2005e+05,-8.2754e+05,69855,69855
0.432,0.368,-1.3805,3.7699,4.4998e+05,-1.3282e+05,1.0097e+05,1.0097e+05
0.432,0.352,0.7435,6.3798,8.1573e+05,2.8615e+05,1.2648e+05,1.2648e+05
0.432,0.336,0.011369,4.0588,8.3181e+05,4.0486e+05,1.28e+05,1.28e+05
0.432,0.32,-0.63612,3.8174,1.8723e+05,36550,1.5494e+05,1.5494e+05
0.432,0.304,-5.5776,8.0896,-5.0638e+05,-4.0125e+05,1.7287e+05,1.7287e+05
0.432,0.288,-4.3364,1.4892,-3.8017e+05,-6.1542e+05,1.7664e+05,1.7664e+05
0.432,0.272,-2.8988,0.58422,-1.6351e+06,-1.4267e+06,1.5248e+05,1.5248e+05
0.432,0.256,-7.6694,5.2502,-3.8167e+06,-9.8399e+05,1.3615e+05,1.3615e+05
0.432,0.24,-189.49,-1.9754,-7.0385e+06,-1.4679e+06,1.3974e+05,1.3974e+05
0.432,0.224,-39.069,13.77,-6.5982e+06,-1.3942e+06,1.1726e+05,1.1726e+05
0.432,0.208,-17.144,8.1857,-3.044e+06,-1.2331e+06,95763,95763
0.432,0.192,-2.8237,13.954,2.1243e+06,-6.6324e+05,78791,78791
0.432,0.176,1.2901,10.431,4.1754e+06,1.9767e+05,73527,73527
0.432,0.16,1.7172,10.674,4.0484e+06,3.0054e+05,55735,55735
0.432,0.144,0.78281,10.935,1.8887e+06,7.8623e+05,47653,47653
0.432,0.128,-0.1092,13.674,7.2996e+05,9.9507e+05,42005,42005
0.432,0.112,-0.45138,14.095,1.7086e+05,6.5613e+05,35652,35652
0.432,0.096,-1.6907,10.719,-1.2391e+05,-1.1064e+05,21266,21266
0.432,0.08,-2.3264,6.6445,-2.9843e+05,-7.1893e+05,22177,22177
0.432,0.064,-3.9266,5.2574,-7.3222e+05,-4.4817e+05,28462,28462
0.432,0.048,-6.0504,4.5758,-6.6624e+05,-64845,30749,30749
0.432,0.032,-14.66,29.445,-4.9034e+05,1.9767e+05,19368,19368
0.432,0.016,-17.4,35.085,0,0,7426.4,7426.4
0.448,0.496,0.054661,2.9571,1700.5,-21631,269.62,269.62
0.448,0.48,0.095543,2.7813,70184,-63923,1124.2,1124.2
0.448,0.464,-0.45782,2.3391,31502,-1.0823e+05,3428.6,3428.6
0.448,0.448,-1.4537,1.7922,-75725,-3.0985e+05,5311.5,5311.5
0.448,0.432,-2.4935,1.2789,-2.8337e+05,-5.8349e+05,6149.4,6149.4
0.448,0.416,-3.8549,0.23468,-2.49e+05,-6.9985e+05,11691,11691
0.448,0.4,-1.3357,1.8875,-5.0323e+05,-1.0457e+06,30003,30003
0.448,0.384,-7.3343,-1.761,-1.6672e+06,-2.5219e+06,70182,70182
0.448,0.368,-8.5099,0.29312,-2.5171e+06,-3.4476e+06,1.1512e+05,1.1512e+05
0.448,0.352,1.0706,4.7012,-9.5415e+05,-2.3881e+06,1.4901e+05,1.4901e+05
0.448,0.336,1.2602,3.0192,4.9883e+05,-6.7168e+05,1.5e+05,1.5e+05
0.448,0.32,0.83432,3.0635,1.5034e+06,4.5601e+05,1.706e+05,1.706e+05
0.448,0.304,0.29418,3.2657,-2.6663e+06,-23380,1.8857e+05,1.8857e+05
0.448,0.288,-19.651,4.2723,-3.086e+06,-71604,2.0582e+05,2.0582e+05
0.448,0.272,-1.5554,-0.53904,-6.1281e+06,-4.2687e+05,1.8944e+05,1.8944e+05
0.448,0.256,-51.561,22.49,-7.0944e+06,56174,1.8506e+05,1.8506e+05
0.448,0.24,-78.612,24.592,-1.0833e+07,-4.1333e+05,1.9083e+05,1.9083e+05
0.448,0.224,-69.333,26.043,-1.0241e+07,-8.8159e+05,1.719e+05,1.719e+05
0.448,0.208,-30.34,10.597,-5.9069e+06,-1.5775e+06,1.3228e+05,1.3228e+05
0.448,0.192,-14.138,11.386,-1.1287e+06,-1.07e+06,95617,95617
0.448,0.176,-1.0952,7.2099,2.7356e+06,-4.1977e+05,74921,74921
0.448,0.16,0.70228,7.4776,3.4571e+06,-37778,58968,58968
0.448,0.144,1.8562,8.0184,1.9238e+06,2.3589e+05,40125,40125
0.448,0.128,2.2016,9.3143,7.266e+05,4.0601e+05,29728,29728
0.448,0.112,2.5949,8.8224,1.2442e+05,2.9176e+05,23064,23064
0.448,0.096,0.77671,7.2985,-1.2199e+05,-1.6704e+05,17518,17518
0.448,0.08,-1.8921,5.9626,-4.0599e+05,-3.3339e+05,24653,24653
0.448,0.064,-4.6194,3.7908,-9.9846e+05,3.1276e+05,31753,31753
0.448,0.048,-12.578,22.481,-9.6005e+05,5.8471e+05,33964,33964
0.448,0.032,-32.687,6.4309,-6.7886e+05,5.7102e+05,19923,19923
0.448,0.016,-42.221,32.87,0,0,6980.3,6980.3
0.464,0.496,-0.88707,-0.086441,12306,-28669,318.72,318.72
0.464,0.48,-0.86646,0.035763,-91630,-16815,597.48,597.48
0.464,0.464,-2.2546,1.0739,-1.5135e+05,-61278,1494.6,1494.6
0.464,0.448,-1.5314,0.94042,-2.5467e+05,-2.4279e+05,2258.6,2258.6
0.464,0.432,-5.2406,-5.0066,-1.9347e+05,-4.9609e+05,6469.3,6469.3
0.464,0.416,-7.5072,-7.6608,-3.8545e+05,-8.9934e+05,11022,11022
0.464,0.4,-2.262,-0.1019,-9.1067e+05,-1.5056e+06,25306,25306
0.464,0.384,-11.531,-9.145,-3.5908e+06,-4.6305e+06,59818,59818
0.464,0.368,-52.63,-29.924,-5.9369e+06,-6.3474e+06,1.0767e+05,1.0767e+05
0.464,0.352,-67.427,-33.828,-5.9718e+06,-5.8278e+06,1.4668e+05,1.4668e+05
0.464,0.336,1.2605,0.89095,-4.5539e+06,-2.727e+06,1.521e+05,1.521e+05
0.464,0.32,0.33029,0.96291,-2.4567e+06,-8.3017e+05,1.678e+05,1.678e+05
0.464,0.304,-28.323,39.048,-6.6083e+06,-5.2482e+05,1.8161e+05,1.8161e+05
0.464,0.288,-94.273,20.785,-6.6795e+06,-3.7099e+05,2.0405e+05,2.0405e+05
0.464,0.272,-82.927,50.37,-1.0018e+07,-3.6776e+05,1.8877e+05,1.8877e+05
0.464,0.256,-78.805,21.53,-1.0307e+07,6.4285e+05,1.8217e+05,1.8217e+05
0.464,0.24,-123.83,29.277,-1.3752e+07,1.4827e+06,1.7516e+05,1.7516e+05
0.464,0.224,-152.81,60.286,-1.2502e+07,1.2181e+06,1.6182e+05,1.6182e+05
0.464,0.208,-70.946,14.522,-9.3526e+06,-1.5635e+06,1.2033e+05,1.2033e+05
0.464,0.192,-25.479,5.8348,-5.2609e+06,-2.3565e+06,85958,85958
0.464,0.176,-12.685,6.6204,-1.7383e+06,-1.9332e+06,62537,62537
0.464,0.16,0.71044,4.9329,8.9383e+05,-5.4436e+05,55568,55568
0.464,0.144,1.3866,4.0108,1.4082e+06,-84328,34139,34139
0.464,0.128,1.9431,3.9019,7.1066e+05,66078,21570,21570
0.464,0.112,1.4253,2.6893,1.32e+05,69934,15164,15164
0.464,0.096,-0.51221,4.6389,-63870,-59037,14857,14857
0.464,0.08,0.5321,3.9947,-2.8239e+05,-7744.8,22562,22562
0.464,0.064,-6.382,19.137,-1.3946e+06,1.256e+06,27676,27676
0.464,0.048,-13.945,29.66,-1.376e+06,1.329e+06,29884,29884
0.464,0.032,-133.77,357.69,-1.1699e+06,1.2352e+06,17768,17768
0.464,0.016,-6.317,48.385,0,0,5941.2,5941.2
0.48,0.496,-0.90195,-0.3221,8431.1,-25486,219.85,219.85
0.48,0.48,-0.88649,-0.28223,-85238,-2215.4,54.783,54.783
0.48,0.464,-3.64,3.197,-92331,-33892,-123.63,123.63
0.48,0.448,-1.6712,0.41251,-1.4391e+05,-1.9744e+05,-324,324
0.48,0.432,-0.59784,0.23399,-68527,-3.4572e+05,1650.5,1650.5
0.48,0.416,-2.1296,-0.35096,-3.3436e+05,-7.3233e+05,5618.4,5618.4
0.48,0.4,-11.969,-12.912,-7.8642e+05,-1.1835e+06,6203.2,6203.2
0.48,0.384,-13.275,-11.939,-3.3434e+06,-4.2919e+06,14529,14529
0.48,0.368,-64.98,-37.394,-6.1607e+06,-6.3415e+06,46653,46653
0.48,0.352,-74.57,-29.123,-6.5518e+06,-6.1186e+06,85518,85518
0.48,0.336,-86.107,-29.582,-5.2759e+06,-3.173e+06,1.0843e+05,1.0843e+05
0.48,0.32,-68.154,21.759,-2.8102e+06,-9.0658e+05,1.2128e+05,1.2128e+05
0.48,0.304,-75.105,54.686,-6.232e+06,-62927,1.2708e+05,1.2708e+05
0.48,0.288,-68.506,30.127,-6.3859e+06,4.3003e+05,1.4169e+05,1.4169e+05
0.48,0.272,-167.56,-7.5646,-8.005e+06,9.647e+05,1.2437e+05,1.2437e+05
0.48,0.256,-140.06,47.49,-4.0251e+06,9.0951e+05,1.2066e+05,1.2066e+05
0.48,0.24,-332.98,284.16,-5.8174e+06,8.4489e+05,1.1139e+05,1.1139e+05
0.48,0.224,-64.224,19.32,-5.49e+06,1.529e+05,1.0373e+05,1.0373e+05
0.48,0.208,-203.09,-36.078,-6.2537e+06,-1.679e+06,72124,72124
0.48,0.192,-53.909,8.8751,-4.8623e+06,-1.895e+06,55302,55302
0.48,0.176,-32.272,4.8058,-2.3199e+06,-1.7924e+06,45195,45195
0.48,0.16,-5.8068,3.6785,-2.209e+05,-4.3576e+05,45743,45743
0.48,0.144,2.2487,0.83482,7.1485e+05,-1.1368e+05,25204,25204
0.48,0.128,1.9762,0.61765,3.0228e+05,-47355,13752,13752
0.48,0.112,-0.71896,0.98423,-21303,-11546,8408.9,8408.9
0.48,0.096,0.30764,-0.16928,-42093,29849,9091.8,9091.8
0.48,0.08,-0.026197,2.2145,-1.7486e+05,2.304e+05,16071,16071
0.48,0.064,0.061817,0.16648,-1.0216e+06,1.2519e+06,19405,19405
0.48,0.048,-26.201,53.961,-1.0356e+06,1.2018e+06,23204,23204
0.48,0.032,50.972,109.03,-8.8536e+05,1.0232e+06,13974,13974
0.48,0.016,10.427,-3.0945,0,0,5527.7,5527.7
0.496,0.496,-1.6577,-0.68846,10794,-9442.3,109.5,109.5
0.496,0.48,-1.8118,-0.60811,-55154,37955,-51.963,51.963
0.496,0.464,-3.0568,6.0755,-54800,27358,-508.42,508.42
0.496,0.448,-16.084,0.27349,-57959,33613,-871.54,871.54
0.496,0.432,-2.0284,-0.2533,89450,75293,-494.32,494.32
0.496,0.416,-1.8253,0.13231,-1.6744e+05,-3.0491e+05,351.62,351.62
0.496,0.4,-69.899,-130.31,-4.4941e+05,-6.3926e+05,-3823,3823
0.496,0.384,-26.131,-21.231,-1.9038e+06,-2.2889e+06,-10050,10050
0.496,0.368,-0.51687,2.0165,-3.3007e+06,-2.8673e+06,2366.2,2366.2
0.496,0.352,-5.2503,9.4783,-4.8853e+06,-3.3447e+06,25244,25244
0.496,0.336,-803.68,-443.72,-4.9607e+06,-1.971e+06,46825,46825
0.496,0.32,-311.73,41.975,-3.7208e+06,-1.127e+06,54775,54775
0.496,0.304,-427.62,759.06,-3.2453e+06,-4.294e+05,54785,54785
0.496,0.288,23.809,13.05,-1.8467e+06,-2.5057e+05,56561,56561
0.496,0.272,14.261,6.9524,-1.8467e+06,-2.5057e+05,41754,41754
0.496,0.256,-81.917,-148.06,0,0,31621,31621
0.496,0.24,-25.756,7.2995,-1.8552e+06,83772,25624,25624
0.496,0.224,-89.777,18.943,-1.8552e+06,83772,25832,25832
0.496,0.208,-90.811,9.607,-2.9919e+06,-9.081e+05,19377,19377
0.496,0.192,-61.046,9.4008,-2.1329e+06,-1.4206e+06,18973,18973
0.496,0.176,-38.649,5.3598,-1.9166e+06,-1.3406e+06,20711,20711
0.496,0.16,-16.452,4.4747,-5.2845e+05,-4.9176e+05,22558,22558
0.496,0.144,-7.4527,2.0745,1.8997e+05,-1.1934e+05,11608,11608
0.496,0.128,-1.1516,1.6344,1.9671e+05,-62081,4057.5,4057.5
0.496,0.112,-0.82656,1.6313,29193,-36661,2044.9,2044.9
0.496,0.096,0.070824,-0.61728,-12335,21605,2382,2382
0.496,0.08,-0.13446,1.7087,4186.8,37582,5940.7,5940.7
0.496,0.064,-0.52225,-0.10577,-5.8475e+05,6.8156e+05,8185.7,8185.7
0.496,0.048,-21.891,67.832,-5.8221e+05,6.4127e+05,10799,10799
0.496,0.032,-157.01,231.53,-5.8475e+05,6.4591e+05,6876.9,6876.9
0.496,0.016,-7.5444,111.48,0,0,2964.4,2964.4
