0.016,0.496,-0.51071,2.5173,4252,-29407,272.85,272.85
0.016,0.48,-1.1934,3.232,24470,-63653,-48.129,48.129
0.016,0.464,-1.1589,2.1281,3305.9,-50606,-431.21,431.21
0.016,0.448,0.7915,1.3932,-2491.3,-28903,-2761.4,2761.4
0.016,0.432,0.82418,2.7425,-37824,1929.8,-4555.1,4555.1
0.016,0.416,4.3915,0.3625,-26060,-9713.9,-5339.6,5339.6
0.016,0.4,3.0282,-0.14153,-29692,-335.95,-3875.1,3875.1
0.016,0.384,4.4231,-0.89317,-16170,2881,-2077.6,2077.6
0.016,0.368,6.0297,-1.3363,-6186.8,363.57,536.25,536.25
0.016,0.352,4.2663,0.28504,-1442.8,-993.2,3258.5,3258.5
0.016,0.336,5.9914,0.35021,290.36,-734.68,7591.9,7591.9
0.016,0.32,3.517,0.61819,672.24,-1629,8549.2,8549.2
0.016,0.304,0.13905,0.92876,-2788.6,-2250.4,7710.1,7710.1
0.016,0.288,0.66996,-0.1097,-7391.2,-605.24,4959.9,4959.9
0.016,0.272,1.7103,-1.5748,-9518,3032.1,4174.5,4174.5
0.016,0.256,0.37388,0.39979,-8671.4,4208.6,4543,4543
0.016,0.24,2.6066,1.454,-20914,2078.7,4976.2,4976.2
0.016,0.224,7.208,0.28178,-20250,984.93,4448.6,4448.6
0.016,0.208,5.9647,-0.12218,-14978,-854.08,4475.7,4475.7
0.016,0.192,0.76592,0.15446,5291.2,-482.24,4329.3,4329.3
0.016,0.176,-1.0251,-0.85357,5958.7,-113.15,3940.2,3940.2
0.016,0.16,-0.6668,-1.0259,4270.1,5293.1,2322.6,2322.6
0.016,0.144,-0.99048,0.47883,297.08,5617.2,825.76,825.76
0.016,0.128,2.1052,-2.1831,-1863.1,5149.2,165.55,165.55
0.016,0.112,5.7309,-0.15707,-11567,-11510,1150.9,1150.9
0.016,0.096,1.4308,3.6201,-20860,-10127,3826.8,3826.8
0.016,0.08,5.8461,-0.6879,-20039,-13151,6199.3,6199.3
0.016,0.064,8.0178,0.090225,43090,-58387,6303.3,6303.3
0.016,0.048,1.8694,0.024102,52791,-60044,3791,3791
0.016,0.032,1.7913,0.41583,53961,-57456,1369.3,1369.3
0.016,0.016,0.54445,0.51607,0,0,227.71,227.71
0.032,0.496,0.52915,4.4806,4531,-70648,561.88,561.88
0.032,0.48,0.70171,2.8454,4725.4,-1.0488e+05,826.29,826.29
0.032,0.464,1.3964,1.1913,-43314,-78119,1101.8,1101.8
0.032,0.448,0.15359,2.2366,-28986,-29508,548.63,548.63
0.032,0.432,0.21448,1.3738,-47454,5963.3,149.57,149.57
0.032,0.416,-0.43368,-0.54735,-19262,-16242,-475.57,475.57
0.032,0.4,-0.37139,-0.11817,-60780,-6706.4,-714.06,714.06
0.032,0.384,-0.2092,0.28682,-37244,1184.8,-633.61,633.61
0.032,0.368,-0.047404,0.090269,-14239,-14460,-251.99,251.99
0.032,0.352,0.08196,0.034321,9867.2,-4557.6,52.821,52.821
0.032,0.336,-0.0077912,0.2893,673.14,-11437,108.05,108.05
0.032,0.32,0.053764,-0.16055,-7432,-4726,39.756,39.756
0.032,0.304,-0.097113,-0.32439,-10277,-3071.7,79.414,79.414
0.032,0.288,-0.47922,-0.17789,-6884.7,-3218.9,-31.755,31.755
0.032,0.272,-0.31025,-0.38984,-7730.1,8610.5,-165.82,165.82
0.032,0.256,-0.17376,0.13381,-13877,568.49,-505.95,505.95
0.032,0.24,-0.47054,0.64456,-34873,-976.82,-684.02,684.02
0.032,0.224,-0.30802,-0.17169,-31780,-11735,-709.3,709.3
0.032,0.208,0.26554,-0.48029,-19404,-15713,-394.9,394.9
0.032,0.192,0.56009,-0.2887,2510.6,-12200,-9.8427,9.8427
0.032,0.176,0.372,-0.25812,-3714.1,-9200.1,198.4,198.4
0.032,0.16,-0.085919,0.098123,-18892,562.55,106.09,106.09
0.032,0.144,-0.52118,0.41277,-32124,1071.4,-167.45,167.45
0.032,0.128,-0.0271,-0.27207,-33192,469.2,-470.35,470.35
0.032,0.112,-0.071096,0.029446,-50658,-23497,-684.82,684.82
0.032,0.096,-0.62162,0.040231,-50469,-37641,-620.26,620.26
0.032,0.08,-0.23841,0.01784,-29238,-47688,4.4754,4.4754
0.032,0.064,0.20734,-0.19407,30858,-28654,918.05,918.05
0.032,0.048,2.5825,0.00025911,43523,-19089,1330.6,1330.6
0.032,0.032,0.97337,3.2048,32284,-8132,963.45,963.45
0.032,0.016,-0.13136,-3.5557,0,0,333.17,333.17
0.048,0.496,0.50921,4.8082,5097.4,-79479,793.17,793.17
0.048,0.48,0.55758,3.0657,-18366,-1.1625e+05,1579.3,1579.3
0.048,0.464,-0.29732,2.9624,-61868,-1.2673e+05,2477.8,2477.8
0.048,0.448,-0.95308,3.1637,-46230,-58891,2497.1,2497.1
0.048,0.432,0.43338,1.8725,-46005,-26067,2245.3,2245.3
0.048,0.416,-0.49044,0.57762,-25904,-11247,1479.2,1479.2
0.048,0.4,-1.3368,-0.097454,-64183,-9876,854.41,854.41
0.048,0.384,-1.4057,-0.53113,-37170,6669.1,1213.8,1213.8
0.048,0.368,-0.25417,1.0678,-14201,-14746,1585.7,1585.7
0.048,0.352,0.064068,0.41857,13458,-712.92,1971,1971
0.048,0.336,-0.34238,-0.68002,4446.1,-13834,1469,1469
0.048,0.32,-0.76808,-0.2465,-3617.4,-224.8,1482.9,1482.9
0.048,0.304,-0.86844,-0.6402,-2616.2,-4966.3,1552.4,1552.4
0.048,0.288,-0.35383,-0.44486,10045,-15979,1349.1,1349.1
0.048,0.272,-0.29941,-0.25035,10859,-7528.7,334.14,334.14
0.048,0.256,-1.043,0.63875,2167.5,-11757,-737.1,737.1
0.048,0.24,-1.019,-0.3262,-29061,-4373.8,-1266.9,1266.9
0.048,0.224,-0.5563,-0.80544,-30619,-16485,-1036.7,1036.7
0.048,0.208,0.083648,-1.3486,-21402,-19207,-545.85,545.85
0.048,0.192,0.32951,-0.98985,-414.43,-14762,-174.25,174.25
0.048,0.176,-0.17754,0.58509,-4794.3,-9587.5,227.97,227.97
0.048,0.16,-1.2016,-0.14819,-16693,-374.35,325.42,325.42
0.048,0.144,-1.5407,-0.31046,-25993,-684.02,29.194,29.194
0.048,0.128,-1.3864,0.049848,-26034,-1200.7,-554.09,554.09
0.048,0.112,-1.1613,-0.41292,-47080,-19076,-960.82,960.82
0.048,0.096,-1.2395,-1.0587,-50210,-35976,-410.81,410.81
0.048,0.08,0.30722,-0.51068,-32366,-34595,402.63,402.63
0.048,0.064,1.1322,0.36135,-34493,32689,1414.9,1414.9
0.048,0.048,0.014839,2.7177,-21852,45523,1273.9,1273.9
0.048,0.032,-0.7641,4.8731,-30871,45443,842.3,842.3
0.048,0.016,-0.94734,-5.9569,0,0,208.52,208.52
0.064,0.496,1.2014,5.2487,358.68,-53024,671.01,671.01
0.064,0.48,1.0374,3.3472,-41060,-83054,1551.4,1551.4
0.064,0.464,-0.0072583,3.9219,-68638,-1.342e+05,2948.4,2948.4
0.064,0.448,1.2105,1.4774,-64641,-84951,4004.5,4004.5
0.064,0.432,0.34373,1.5921,-38901,-57016,4861.2,4861.2
0.064,0.416,-0.48673,0.4315,-35602,-9743.5,4857.9,4857.9
0.064,0.4,-0.66883,0.043587,-54892,-20900,4365.1,4365.1
0.064,0.384,-0.066837,-0.30223,-38733,-20538,3544.9,3544.9
0.064,0.368,0.22061,0.99208,-9599.9,-63594,3386.3,3386.3
0.064,0.352,-0.22884,0.27873,12538,11581,3394.4,3394.4
0.064,0.336,-0.47809,-0.22243,-1202.8,13345,3733.2,3733.2
0.064,0.32,-0.52669,0.013512,-20153,37869,3990.4,3990.4
0.064,0.304,-0.38825,0.11026,36356,-30273,4186.2,4186.2
0.064,0.288,0.13554,-0.31838,-92648,1.5647e+05,3498,3498
0.064,0.272,0.5255,-0.30085,-1.2525e+05,1.5597e+05,1713.5,1713.5
0.064,0.256,0.21412,0.072362,-1.8026e+05,1.7126e+05,-397.03,397.03
0.064,0.24,-0.24962,-0.14898,-51589,-24354,-1377.7,1377.7
0.064,0.224,0.1011,0.10035,-14234,-16354,-1360.6,1360.6
0.064,0.208,0.35798,-0.20508,-13735,-28594,-762.88,762.88
0.064,0.192,-0.13891,-0.1454,-19608,-24721,-495.76,495.76
0.064,0.176,-0.0091687,0.33321,-27698,-26497,-129.55,129.55
0.064,0.16,-0.00097281,-0.24877,-33609,-12627,509.46,509.46
0.064,0.144,-0.24867,-0.25633,-42174,-8774.2,447.12,447.12
0.064,0.128,0.22806,0.034241,-30980,-270.81,129.28,129.28
0.064,0.112,0.038782,0.081218,-45284,-14054,-405.48,405.48
0.064,0.096,-0.68685,-0.079927,-27855,-40988,466.93,466.93
0.064,0.08,0.67093,-0.13588,-28236,-1189.6,1442.8,1442.8
0.064,0.064,0.099533,1.3384,-1.0005e+05,1.2988e+05,2249.9,2249.9
0.064,0.048,-2.219,3.215,-98650,1.5126e+05,1507.5,1507.5
0.064,0.032,-0.88177,2.9296,-98155,1.0827e+05,708.31,708.31
0.064,0.016,-0.41661,-3.6414,0,0,-28.439,28.439
0.08,0.496,1.6027,7.8306,0,0,516.63,516.63
0.08,0.48,1.6841,3.9552,-30289,-77206,1215.2,1215.2
0.08,0.464,2.1472,4.0483,-49486,-1.6553e+05,2613.4,2613.4
0.08,0.448,1.6852,3.4539,-81798,-1.7915e+05,4022.6,4022.6
0.08,0.432,-0.05933,2.385,-75016,-1.6031e+05,5796.7,5796.7
0.08,0.416,-0.57184,0.59046,-71561,-1.2809e+05,7041.9,7041.9
0.08,0.4,-1.4182,0.34654,-24643,-91808,7327.9,7327.9
0.08,0.384,-0.10522,-1.2173,-23082,-41827,6520.8,6520.8
0.08,0.368,0.69629,0.32621,-26290,-15933,5212.3,5212.3
0.08,0.352,0.6454,0.039065,-24080,33836,4967.6,4967.6
0.08,0.336,-0.18782,2.7101,-13534,11407,5444.8,5444.8
0.08,0.32,-0.79625,0.68614,-314.81,10280,6590.8,6590.8
0.08,0.304,-0.45438,-0.43734,45801,-24468,6459.1,6459.1
0.08,0.288,2.1685,0.068802,-92960,1.7611e+05,5195.8,5195.8
0.08,0.272,-7.4651,8.5676,-1.2872e+05,1.5062e+05,2448.5,2448.5
0.08,0.256,-1.7949,-0.15085,-1.8979e+05,1.6272e+05,-58.146,58.146
0.08,0.24,-0.067879,0.85117,-66142,-30184,-1706,1706
0.08,0.224,0.35911,0.70685,-38396,-2218.3,-1937.5,1937.5
0.08,0.208,0.7081,0.81018,-27323,53420,-1667.1,1667.1
0.08,0.192,0.62213,0.89311,-17891,32208,-1429.8,1429.8
0.08,0.176,0.41529,0.80188,-23892,9040.6,-1023,1023
0.08,0.16,-0.36699,-0.38763,-25527,-41306,-160.68,160.68
0.08,0.144,-0.91329,-0.11149,-22410,-22319,440.71,440.71
0.08,0.128,-1.1739,0.25502,-2512.7,7172.9,773.83,773.83
0.08,0.112,-0.13688,0.95507,-1867,-17194,829.77,829.77
0.08,0.096,-0.11328,-1.2759,8765,-43030,1712.9,1712.9
0.08,0.08,0.70757,-0.28455,-17321,704.01,2720.3,2720.3
0.08,0.064,-0.095598,2.4043,-1.0989e+05,1.4652e+05,3397,3397
0.08,0.048,-1.0397,2.3884,-1.1665e+05,1.7198e+05,2583.5,2583.5
0.08,0.032,-2.4688,3.573,-97115,1.2134e+05,1309,1309
0.08,0.016,-1.4937,-1.1154,0,0,165.38,165.38
0.096,0.496,1.8676,6.7587,0,0,373.25,373.25
0.096,0.48,2.0251,4.3303,1465.9,-94478,644.29,644.29
0.096,0.464,1.5795,4.4449,-52231,-1.395e+05,1718.5,1718.5
0.096,0.448,1.0634,4.4499,-45834,-2.3343e+05,2890.7,2890.7
0.096,0.432,2.5031,1.5006,-51608,-2.4109e+05,5138.7,5138.7
0.096,0.416,1.6786,1.1,-10779,-3.252e+05,5842.6,5842.6
0.096,0.4,1.3319,-0.56588,5942.3,-2.6514e+05,5791.9,5791.9
0.096,0.384,1.7056,0.95581,-9299.1,-1.9269e+05,3776.1,3776.1
0.096,0.368,0.65285,2.6979,-22293,-85956,2803.7,2803.7
0.096,0.352,-0.40042,3.3966,-35497,3529.8,2769.5,2769.5
0.096,0.336,0.19755,1.2639,-23049,-4255,4448.7,4448.7
0.096,0.32,-0.39089,1.1706,-22021,9621.5,5737,5737
0.096,0.304,-0.56608,1.6424,23870,-12436,5172.5,5172.5
0.096,0.288,-0.50141,1.6101,-1.1197e+05,1.9249e+05,3167.6,3167.6
0.096,0.272,-0.26612,1.578,-1.4098e+05,1.6508e+05,982.67,982.67
0.096,0.256,0.38209,1.0905,-2.1865e+05,1.682e+05,-301.36,301.36
0.096,0.24,0.42905,1.2626,-1.2676e+05,-38966,-1211,1211
0.096,0.224,-0.86829,1.3793,-1.0926e+05,-50157,-2255.7,2255.7
0.096,0.208,0.050213,0.5458,-1.0882e+05,48293,-2763.1,2763.1
0.096,0.192,1.4481,3.4135,-74373,30320,-2912.6,2912.6
0.096,0.176,0.93011,0.94222,-75814,9636.6,-2281.8,2281.8
0.096,0.16,0.82235,-0.99042,-21040,-55762,-1181.3,1181.3
0.096,0.144,-0.02138,0.31669,-8249.6,-48870,-325.11,325.11
0.096,0.128,-0.24084,0.055023,9591.7,3378.1,1150.3,1150.3
0.096,0.112,0.45677,-0.058303,18050,-1.133e+05,2150,2150
0.096,0.096,0.79942,-1.2458,19706,-1.1832e+05,3366.9,3366.9
0.096,0.08,1.1269,-0.51625,4033.9,-71747,4665.9,4665.9
0.096,0.064,0.40315,0.79758,-67376,2.146e+05,5300.9,5300.9
0.096,0.048,-0.30384,3.5755,-64733,2.3892e+05,4709.9,4709.9
0.096,0.032,-0.59876,4.8873,-47007,1.929e+05,2440.3,2440.3
0.096,0.016,-0.57472,-0.78159,0,0,600.64,600.64
0.112,0.496,2.6187,4.9187,0,0,556.52,556.52
0.112,0.48,2.118,5.5958,24812,-2.1182e+05,630.46,630.46
0.112,0.464,2.3626,5.2048,-23204,-2.3332e+05,1606.5,1606.5
0.112,0.448,2.461,4.7356,-7923.5,-3.0825e+05,2391.9,2391.9
0.112,0.432,4.4731,3.996,-44404,-2.573e+05,3363.7,3363.7
0.112,0.416,2.6019,4.3229,-12259,-3.6417e+05,2485.3,2485.3
0.112,0.4,2.6183,2.7328,-12747,-3.2507e+05,1075.7,1075.7
0.112,0.384,1.7964,2.4694,-27335,-2.7268e+05,647.18,647.18
0.112,0.368,0.75101,3.0668,-33912,-1.8897e+05,973.73,973.73
0.112,0.352,0.39671,3.1176,-30808,-1.0307e+05,1457.6,1457.6
0.112,0.336,-0.69401,3.3438,-279.84,-47435,1692.3,1692.3
0.112,0.32,-0.85249,2.8038,-23963,20054,2722.6,2722.6
0.112,0.304,-1.2257,2.3126,-60958,97448,1803.1,1803.1
0.112,0.288,-1.256,1.061,-48405,74966,623.45,623.45
0.112,0.272,-0.32754,0.597,48180,-1.0835e+05,-124.27,124.27
0.112,0.256,0.72762,1.7555,74082,-2.7519e+05,1645.7,1645.7
0.112,0.24,2.1291,2.1987,-8745.5,-3.0463e+05,1896.5,1896.5
0.112,0.224,2.5833,1.9033,-1.1628e+05,-1.7492e+05,-124.77,124.77
0.112,0.208,2.1551,1.1574,-1.675e+05,29060,-2767.3,2767.3
0.112,0.192,0.56006,2.8979,-1.1982e+05,33486,-3893.9,3893.9
0.112,0.176,-0.18658,1.2289,-99789,-5980.2,-3069.9,3069.9
0.112,0.16,1.1243,-1.3623,-19110,-69043,-1790,1790
0.112,0.144,2.2524,1.5217,-5432.3,-56081,-628.08,628.08
0.112,0.128,2.1034,-0.11774,-27078,-20949,627.87,627.87
0.112,0.112,1.2938,-0.076918,-31545,-1.6613e+05,2523.9,2523.9
0.112,0.096,1.6944,-2.9033,-28386,-1.6671e+05,4453.4,4453.4
0.112,0.08,0.010252,-0.00080101,-629.58,-90376,6582.9,6582.9
0.112,0.064,0.31106,1.4193,-62661,3.1296e+05,7015.6,7015.6
0.112,0.048,-0.13421,5.8627,-52900,3.3031e+05,6010.1,6010.1
0.112,0.032,0.92783,6.8331,-37970,2.8192e+05,3115.1,3115.1
0.112,0.016,0.87018,-0.93867,0,0,882.53,882.53
0.128,0.496,2.2382,4.7841,0,0,537.24,537.24
0.128,0.48,2.826,6.4719,44179,-2.036e+05,904.76,904.76
0.128,0.464,4.0703,3.6094,373.65,-3.5503e+05,2459.6,2459.6
0.128,0.448,2.5888,6.5007,46894,-4.2374e+05,2170.7,2170.7
0.128,0.432,2.1579,6.1968,13339,-3.5389e+05,1545.8,1545.8
0.128,0.416,2.2683,6.7832,15147,-3.635e+05,-1737.2,1737.2
0.128,0.4,2.013,7.345,-66252,-2.9559e+05,-3045.5,3045.5
0.128,0.384,1.1967,5.6723,-1.4454e+05,-2.6404e+05,-3546.6,3546.6
0.128,0.368,0.307,4.4994,-1.8382e+05,-2.2433e+05,-2635.9,2635.9
0.128,0.352,-0.39409,1.6011,-1.8682e+05,-94267,-3608.4,3608.4
0.128,0.336,-0.78751,3.2238,-1.5214e+05,72801,-4738.7,4738.7
0.128,0.32,-0.94993,4.5978,-1.8627e+05,2.3882e+05,-5724.8,5724.8
0.128,0.304,-2.2364,3.9927,-2.1502e+05,3.7055e+05,-6813.6,6813.6
0.128,0.288,-2.4727,4.6595,-1.1126e+05,3.573e+05,-6833.5,6833.5
0.128,0.272,-1.8255,2.8616,1.6104e+05,23880,-3964.7,3964.7
0.128,0.256,2.6842,2.6046,3.4619e+05,-3.6771e+05,1737.9,1737.9
0.128,0.24,5.1102,2.0534,2.5841e+05,-5.8491e+05,5291.3,5291.3
0.128,0.224,3.9649,2.3023,68389,-4.0818e+05,4021.6,4021.6
0.128,0.208,3.3212,3.1813,-1.0603e+05,-1.7564e+05,169.78,169.78
0.128,0.192,1.6796,1.8696,-94638,-91212,-3197.9,3197.9
0.128,0.176,0.18293,0.88621,-64634,-1.0161e+05,-3776.1,3776.1
0.128,0.16,-0.28424,0.20214,36770,-88523,-2720.2,2720.2
0.128,0.144,1.4706,1.4842,91318,-1.0399e+05,-1316,1316
0.128,0.128,1.9999,1.9718,97347,-98070,5.1102,5.1102
0.128,0.112,2.2936,0.76061,1.078e+05,-2.423e+05,2186.6,2186.6
0.128,0.096,2.2701,-0.94719,24738,-1.9468e+05,5048.4,5048.4
0.128,0.08,0.25678,0.37446,-54575,-53783,7128.7,7128.7
0.128,0.064,-0.19057,2.5767,-1.2918e+05,3.4038e+05,6909.7,6909.7
0.128,0.048,-0.11473,5.313,-80629,3.4598e+05,4971.5,4971.5
0.128,0.032,0.034539,4.9521,-23695,2.5426e+05,2352.7,2352.7
0.128,0.016,0.64629,-0.8106,0,0,604.85,604.85
0.144,0.496,4.2247,6.3182,0,0,528.75,528.75
0.144,0.48,3.1192,6.1305,54954,-2.3206e+05,2031.3,2031.3
0.144,0.464,2.2543,8.5188,41154,-5.4019e+05,5826.4,5826.4
0.144,0.448,3.1667,8.6761,-58494,-5.7268e+05,8689.5,8689.5
0.144,0.432,2.9502,7.9589,-1.3416e+05,-4.416e+05,9760.4,9760.4
0.144,0.416,1.9536,8.8144,-1.4862e+05,-3.3144e+05,6793.2,6793.2
0.144,0.4,1.3492,9.4385,-2.086e+05,-1.3802e+05,5980.6,5980.6
0.144,0.384,0.7619,8.0644,-3.7331e+05,74814,3570.2,3570.2
0.144,0.368,-1.3024,8.2731,-5.7158e+05,2.736e+05,-986.14,986.14
0.144,0.352,-2.5326,8.0971,-7.4304e+05,5.8237e+05,-10089,10089
0.144,0.336,-2.6407,6.8257,-7.6476e+05,8.0806e+05,-17281,17281
0.144,0.32,-3.2772,6.2986,-7.7905e+05,9.1521e+05,-21908,21908
0.144,0.304,-3.8898,7.344,-5.9586e+05,8.8365e+05,-27832,27832
0.144,0.288,-3.2544,8.4258,-1.0547e+05,4.8088e+05,-24794,24794
0.144,0.272,-1.2487,10.404,5.7652e+05,-3.671e+05,-15719,15719
0.144,0.256,1.2475,6.8609,9.1263e+05,-1.0113e+06,-2066,2066
0.144,0.24,5.2246,3.5827,7.166e+05,-1.138e+06,1440.1,1440.1
0.144,0.224,4.1702,2.6424,2.9053e+05,-6.4568e+05,-1095,1095
0.144,0.208,3.8638,2.784,17656,-3.1645e+05,-4825.8,4825.8
0.144,0.192,2.3636,1.8637,-45205,-1.9205e+05,-6939,6939
0.144,0.176,2.0384,1.0671,-28448,-1.7242e+05,-7774.8,7774.8
0.144,0.16,2.6602,2.0541,45505,-2.0787e+05,-7052.2,7052.2
0.144,0.144,2.3169,1.9524,89143,-2.0105e+05,-6109.7,6109.7
0.144,0.128,3.9972,0.98911,1.1518e+05,-2.0362e+05,-4433.2,4433.2
0.144,0.112,4.6812,2.0691,1.1304e+05,-2.144e+05,-1639.4,1639.4
0.144,0.096,3.8933,1.6474,43141,-1.7205e+05,1344.2,1344.2
0.144,0.08,1.8217,2.1662,-87200,-28239,2597.9,2597.9
0.144,0.064,-0.31303,3.8056,-1.652e+05,1.9954e+05,2076.8,2076.8
0.144,0.048,0.77879,4.7875,-1.2818e+05,2.308e+05,548.28,548.28
0.144,0.032,2.0194,3.5396,-43924,1.3548e+05,269.37,269.37
0.144,0.016,0.99806,-0.32017,0,0,-200.21,200.21
0.16,0.496,4.2899,11.103,0,0,230.73,230.73
0.16,0.48,3.0594,13.646,0,0,1863.4,1863.4
0.16,0.464,1.7544,12.286,-94937,-6.7667e+05,8661.8,8661.8
0.16,0.448,1.9238,11.235,-1.6801e+05,-7.5601e+05,15230,15230
0.16,0.432,1.2495,12.082,-1.7233e+05,-6.2515e+05,19257,19257
0.16,0.416,1.1591,12.41,-1.6707e+05,-4.2639e+05,19002,19002
0.16,0.4,1.4645,12.596,-2.5426e+05,-1.0011e+05,19513,19513
0.16,0.384,-0.77527,12.07,-6.8096e+05,7.2625e+05,13685,13685
0.16,0.368,-3.8323,14.206,-1.0955e+06,1.4664e+06,2159.1,2159.1
0.16,0.352,-5.2289,16.755,-1.4494e+06,2.0583e+06,-15460,15460
0.16,0.336,-7.6811,17.702,-1.5858e+06,2.2866e+06,-31610,31610
0.16,0.32,-7.525,15.252,-1.6063e+06,2.2644e+06,-45093,45093
0.16,0.304,-7.7179,13.213,-1.1806e+06,1.8981e+06,-57224,57224
0.16,0.288,-4.2887,12.06,-2.3491e+05,8.7264e+05,-52014,52014
0.16,0.272,0.1182,10.829,7.6348e+05,-4.3715e+05,-30234,30234
0.16,0.256,3.2891,9.0234,1.1559e+06,-1.282e+06,-2013.8,2013.8
0.16,0.24,2.9956,6.8487,8.4279e+05,-1.3235e+06,8599.4,8599.4
0.16,0.224,2.7738,3.9387,3.4591e+05,-8.7022e+05,4342.8,4342.8
0.16,0.208,2.3708,2.2741,57443,-5.0866e+05,-3328.6,3328.6
0.16,0.192,1.7709,4.0852,-57016,-3.029e+05,-7312.1,7312.1
0.16,0.176,1.4937,2.4878,-61186,-2.0943e+05,-8604.4,8604.4
0.16,0.16,1.2596,2.9855,249.98,-2.6157e+05,-11014,11014
0.16,0.144,2.2499,2.6334,42237,-3.0268e+05,-13630,13630
0.16,0.128,1.5923,1.6688,1.0709e+05,-3.2694e+05,-15240,15240
0.16,0.112,1.9535,2.9613,1.4151e+05,-3.3284e+05,-13774,13774
0.16,0.096,2.5042,3.256,69303,-2.6593e+05,-11414,11414
0.16,0.08,2.8798,3.0158,-81121,-1.3382e+05,-9313.9,9313.9
0.16,0.064,1.4053,3.8505,-2.0394e+05,34401,-6625.3,6625.3
0.16,0.048,0.52603,4.0845,-1.5559e+05,1.051e+05,-4135.9,4135.9
0.16,0.032,1.6689,2.904,-76506,56074,-1637.4,1637.4
0.16,0.016,3.174,2.09,0,0,-760.57,760.57
0.176,0.496,5.3306,24.46,0,0,115.36,115.36
0.176,0.48,5.2216,21.083,0,0,1647.5,1647.5
0.176,0.464,1.0219,17.017,NaN,NaN,9882.8,9882.8
0.176,0.448,-0.77057,17.369,-5.5763e+05,-7.9914e+05,24054,24054
0.176,0.432,0.089052,18.951,-4.8483e+05,-6.8155e+05,29907,29907
0.176,0.416,0.074875,19.607,-3.2887e+05,-4.8015e+05,31758,31758
0.176,0.4,-0.78423,19.957,-3.4548e+05,-56816,26855,26855
0.176,0.384,-2.0115,21.139,-9.1576e+05,1.3032e+06,12148,12148
0.176,0.368,-5.048,23.959,-1.4385e+06,2.3508e+06,-9207.5,9207.5
0.176,0.352,-7.871,27.454,-1.9021e+06,3.0462e+06,-38729,38729
0.176,0.336,-10.486,27.966,-2.3505e+06,3.6568e+06,-67432,67432
0.176,0.32,-10.608,27.177,-2.4393e+06,3.715e+06,-91850,91850
0.176,0.304,-9.8096,25.778,-1.9809e+06,3.2508e+06,-1.1038e+05,1.1038e+05
0.176,0.288,-5.2092,21.979,-7.7017e+05,1.66e+06,-1.0077e+05,1.0077e+05
0.176,0.272,-2.7831,14.116,7.158e+05,-4.2393e+05,-67356,67356
0.176,0.256,-2.2453,11.266,1.4864e+06,-1.8349e+06,-13710,13710
0.176,0.24,-1.3542,9.3165,1.4219e+06,-2.226e+06,12171,12171
0.176,0.224,0.83803,6.4076,7.4724e+05,-1.7197e+06,15700,15700
0.176,0.208,1.0558,4.7313,3.1672e+05,-1.2501e+06,1311,1311
0.176,0.192,0.80793,5.3217,41722,-7.9589e+05,-5682,5682
0.176,0.176,1.3924,5.208,-1.0625e+05,-4.8094e+05,-7627.2,7627.2
0.176,0.16,1.2768,5.5731,-1.7545e+05,-4.0165e+05,-10900,10900
0.176,0.144,1.2605,5.784,-2.2194e+05,-3.973e+05,-20809,20809
0.176,0.128,0.51307,3.6316,-1.6001e+05,-4.4085e+05,-31450,31450
0.176,0.112,1.6298,3.786,-63611,-5.5562e+05,-37974,37974
0.176,0.096,2.6838,4.1282,-21719,-6.1708e+05,-35972,35972
0.176,0.08,2.3729,3.1966,-37842,-7.0387e+05,-29610,29610
0.176,0.064,2.7401,3.1649,-1.3208e+05,-5.6189e+05,-19809,19809
0.176,0.048,1.2034,4.0951,-1.0092e+05,-3.2592e+05,-10798,10798
0.176,0.032,0.97133,3.0641,-75972,-1.0921e+05,-3638.1,3638.1
0.176,0.016,-0.80031,2.4048,0,0,-1450.9,1450.9
0.192,0.496,2.9373,28.169,0,0,0,0
0.192,0.48,2.7566,26.927,0,0,0,0
0.192,0.464,1.1111,23.257,NaN,NaN,6210.4,6210.4
0.192,0.448,0.81149,24.513,NaN,NaN,27622,27622
0.192,0.432,1.6455,26.127,NaN,NaN,31135,31135
0.192,0.416,0.9959,28.286,NaN,NaN,36096,36096
0.192,0.4,-0.96959,27.782,NaN,NaN,26901,26901
0.192,0.384,-5.144,28.933,-1.7289e+06,3.4716e+06,8408.1,8408.1
0.192,0.368,-10.392,31.54,-1.8694e+06,3.9527e+06,-15366,15366
0.192,0.352,-15.857,37.201,-2.112e+06,4.1419e+06,-70642,70642
0.192,0.336,-16.529,35.604,-2.7221e+06,4.7857e+06,-1.1971e+05,1.1971e+05
0.192,0.32,-16.124,35.383,-2.8037e+06,4.7196e+06,-1.5884e+05,1.5884e+05
0.192,0.304,-11.054,32.275,-2.4553e+06,4.3597e+06,-1.7927e+05,1.7927e+05
0.192,0.288,-8.9679,28.465,-1.4539e+06,2.8961e+06,-1.6584e+05,1.6584e+05
0.192,0.272,-5.6701,24.609,-1.7719e+05,9.8359e+05,-1.2317e+05,1.2317e+05
0.192,0.256,-1.4855,19.482,1.1798e+06,-1.2976e+06,-54413,54413
0.192,0.24,-0.31249,14.741,1.8139e+06,-2.7657e+06,1845.3,1845.3
0.192,0.224,2.2879,9.4303,1.5479e+06,-3.073e+06,28477,28477
0.192,0.208,2.581,7.6507,9.5661e+05,-2.9153e+06,24223,24223
0.192,0.192,3.3362,6.614,5.1781e+05,-2.68e+06,9666.9,9666.9
0.192,0.176,3.138,7.3526,2.5945e+05,-2.3288e+06,3945.5,3945.5
0.192,0.16,2.684,6.4471,29559,-1.841e+06,-2074.7,2074.7
0.192,0.144,2.6508,6.0609,-2.1308e+05,-1.192e+06,-17772,17772
0.192,0.128,2.2994,6.8736,-3.2683e+05,-9.2356e+05,-38461,38461
0.192,0.112,2.6437,6.6078,-2.4398e+05,-1.0938e+06,-56146,56146
0.192,0.096,3.1539,4.6406,-1.4877e+05,-1.3806e+06,-59680,59680
0.192,0.08,2.7897,2.5236,-23243,-1.6221e+06,-53203,53203
0.192,0.064,3.5615,2.2357,-86995,-1.309e+06,-36562,36562
0.192,0.048,2.4995,3.6301,-54255,-7.5383e+05,-20305,20305
0.192,0.032,0.30321,6.1782,-85711,-2.2165e+05,-6739.3,6739.3
0.192,0.016,0.83745,3.0578,0,0,-2353.5,2353.5
0.208,0.496,4.6485,32.325,0,0,0,0
0.208,0.48,2.7624,33.27,0,0,0,0
0.208,0.464,0.26115,35.835,NaN,NaN,0,0
0.208,0.448,0.11508,35.007,NaN,NaN,NaN,NaN
0.208,0.432,-0.39364,33.806,NaN,NaN,NaN,NaN
0.208,0.416,-2.1582,34.227,NaN,NaN,NaN,NaN
0.208,0.4,-3.0234,32.948,NaN,NaN,-955.65,955.65
0.208,0.384,-6.8222,32.785,NaN,NaN,-19854,19854
0.208,0.368,-12.469,36.216,NaN,NaN,-39798,39798
0.208,0.352,-16.364,39.23,NaN,NaN,-1.1186e+05,1.1186e+05
0.208,0.336,-17.899,42.261,-3.6559e+06,5.9864e+06,-1.6496e+05,1.6496e+05
0.208,0.32,-19.077,43.021,-3.2066e+06,5.5167e+06,-2.0554e+05,2.0554e+05
0.208,0.304,-16.833,40.889,-2.8717e+06,5.1618e+06,-2.2472e+05,2.2472e+05
0.208,0.288,-12.177,38.924,-2.134e+06,3.905e+06,-2.1395e+05,2.1395e+05
0.208,0.272,-8.3039,33.842,-1.0066e+06,2.1328e+06,-1.8673e+05,1.8673e+05
0.208,0.256,-4.8802,27.648,3.9802e+05,-59532,-1.2584e+05,1.2584e+05
0.208,0.24,-1.7763,20.979,1.7705e+06,-2.4832e+06,-58567,58567
0.208,0.224,0.95454,16.361,2.1675e+06,-3.8352e+06,6181.3,6181.3
0.208,0.208,2.5189,11.792,1.9309e+06,-4.5666e+06,31458,31458
0.208,0.192,4.7448,7.9063,1.6093e+06,-4.8935e+06,31135,31135
0.208,0.176,6.9402,7.6351,1.3008e+06,-4.6857e+06,21537,21537
0.208,0.16,5.2282,9.525,9.7524e+05,-4.0752e+06,14363,14363
0.208,0.144,3.9423,8.7542,5.9522e+05,-2.8813e+06,-4252.3,4252.3
0.208,0.128,2.6066,11.579,3.4438e+05,-1.9585e+06,-26486,26486
0.208,0.112,2.7312,12.47,1.9331e+05,-1.36e+06,-50446,50446
0.208,0.096,3.0962,10.408,-37845,-1.0356e+06,-61026,61026
0.208,0.08,3.2276,11.685,-1.8716e+05,-1.1982e+06,-62910,62910
0.208,0.064,2.4366,12.112,-1.775e+05,-1.7719e+06,-47111,47111
0.208,0.048,0.61857,10.515,-64613,-1.514e+06,-28623,28623
0.208,0.032,1.7017,10.074,25481,-9.8333e+05,-9802,9802
0.208,0.016,3.3312,5.4168,0,0,-4195.9,4195.9
0.224,0.496,3.3676,38.83,0,0,0,0
0.224,0.48,0.43731,38.888,0,0,0,0
0.224,0.464,-1.6027,38.564,NaN,NaN,0,0
0.224,0.448,-3.3883,38.098,NaN,NaN,NaN,NaN
0.224,0.432,-5.173,36.165,NaN,NaN,NaN,NaN
0.224,0.416,-4.5867,33.939,NaN,NaN,NaN,NaN
0.224,0.4,-4.1751,32.368,NaN,NaN,NaN,NaN
0.224,0.384,-5.4951,33.289,NaN,NaN,NaN,NaN
0.224,0.368,-8.3946,36.552,NaN,NaN,NaN,NaN
0.224,0.352,-11.429,39.845,NaN,NaN,-2.069e+05,2.069e+05
0.224,0.336,-12.56,44.991,NaN,NaN,-2.3018e+05,2.3018e+05
0.224,0.32,-14.464,48.345,NaN,NaN,-2.414e+05,2.414e+05
0.224,0.304,-15.641,49.5,-2.915e+06,5.97e+06,-2.0619e+05,2.0619e+05
0.224,0.288,-13.878,47.563,-2.4743e+06,4.55e+06,-1.7e+05,1.7e+05
0.224,0.272,-10.064,42.672,-1.7248e+06,3.1503e+06,-1.3899e+05,1.3899e+05
0.224,0.256,-7.234,38.306,-2.7681e+05,1.0465e+06,-1.1018e+05,1.1018e+05
0.224,0.24,-4.1275,32.781,1.1428e+06,-9.1813e+05,-66642,66642
0.224,0.224,-1.7809,25.811,1.7707e+06,-2.0615e+06,-8126.1,8126.1
0.224,0.208,0.074475,21.071,1.9093e+06,-3.0485e+06,34615,34615
0.224,0.192,3.092,18.471,1.8384e+06,-3.9246e+06,47613,47613
0.224,0.176,5.1958,18.971,1.7532e+06,-4.1115e+06,45870,45870
0.224,0.16,4.4007,19.196,1.6113e+06,-3.6757e+06,37496,37496
0.224,0.144,4.2973,22.077,1.292e+06,-2.4397e+06,24670,24670
0.224,0.128,1.8854,27.477,1.0463e+06,-1.5203e+06,9923.4,9923.4
0.224,0.112,-0.50601,30.992,8.8676e+05,-9.9312e+05,-10083,10083
0.224,0.096,-1.408,31.5,7.1917e+05,-9.0456e+05,-29421,29421
0.224,0.08,-2.0901,28.285,6.3267e+05,-1.306e+06,-43562,43562
0.224,0.064,-0.28059,21.809,7.1665e+05,-2.2488e+06,-38060,38060
0.224,0.048,5.0944,20.266,5.4427e+05,-1.9205e+06,-25757,25757
0.224,0.032,6.7486,19.941,3.4025e+05,-1.2397e+06,-9625.5,9625.5
0.224,0.016,3.6348,19.107,0,0,-5132.8,5132.8
0.24,0.496,2.2661,40.818,0,0,0,0
0.24,0.48,0.75747,35.218,0,0,0,0
0.24,0.464,-0.89449,32.908,NaN,NaN,0,0
0.24,0.448,-4.7272,31.849,NaN,NaN,NaN,NaN
0.24,0.432,-6.4158,31.966,NaN,NaN,NaN,NaN
0.24,0.416,-5.7323,31.056,NaN,NaN,NaN,NaN
0.24,0.4,-4.1322,31.437,NaN,NaN,NaN,NaN
0.24,0.384,-4.4064,34.149,NaN,NaN,NaN,NaN
0.24,0.368,-5.2854,38.028,NaN,NaN,NaN,NaN
0.24,0.352,-7.3513,41.422,NaN,NaN,NaN,NaN
0.24,0.336,-7.6975,47.092,NaN,NaN,NaN,NaN
0.24,0.32,-10.3,51.71,NaN,NaN,-2.2225e+05,2.2225e+05
0.24,0.304,-13.183,54.81,NaN,NaN,-1.4317e+05,1.4317e+05
0.24,0.288,-13.567,53.764,-2.7568e+06,4.2758e+06,-1.213e+05,1.213e+05
0.24,0.272,-12.33,51.97,-2.1918e+06,3.3089e+06,-30434,30434
0.24,0.256,-8.215,49.492,-1.0403e+06,2.0859e+06,34854,34854
0.24,0.24,-3.8372,46.575,3.9673e+05,5.1994e+05,53016,53016
0.24,0.224,-1.8036,43.781,9.9493e+05,1.0903e+05,53860,53860
0.24,0.208,-0.71432,41.829,1.3503e+06,-66249,48828,48828
0.24,0.192,1.5715,41.626,1.4226e+06,-76190,74795,74795
0.24,0.176,3.6106,39.671,1.568e+06,-2.1652e+05,88872,88872
0.24,0.16,4.0331,42.007,1.6085e+06,-1.027e+05,98490,98490
0.24,0.144,3.3998,45.737,1.4887e+06,4.1811e+05,98727,98727
0.24,0.128,1.9063,46.731,1.404e+06,1.0282e+06,88138,88138
0.24,0.112,2.3211,47.26,1.298e+06,1.5159e+06,65052,65052
0.24,0.096,2.7074,47.84,1.1045e+06,1.78e+06,38317,38317
0.24,0.08,3.9673,46.567,9.6922e+05,1.2392e+06,8624.3,8624.3
0.24,0.064,3.9582,45.229,1.1198e+06,-3.1367e+05,-5010.1,5010.1
0.24,0.048,3.7937,45.477,8.3435e+05,-9.1814e+05,-9154.9,9154.9
0.24,0.032,4.1436,44.49,5.3622e+05,-9.0321e+05,-2817.3,2817.3
0.24,0.016,3.1132,40.359,0,0,-2306.8,2306.8
0.256,0.496,0.6896,39.044,0,0,0,0
0.256,0.48,0.604,30.058,0,0,0,0
0.256,0.464,-1.712,27.311,NaN,NaN,0,0
0.256,0.448,-3.2893,28.762,NaN,NaN,NaN,NaN
0.256,0.432,-3.1392,29.626,NaN,NaN,NaN,NaN
0.256,0.416,-3.0976,30.18,NaN,NaN,NaN,NaN
0.256,0.4,-3.0162,32.218,NaN,NaN,NaN,NaN
0.256,0.384,-3.2322,35.153,NaN,NaN,NaN,NaN
0.256,0.368,-3.872,37.322,NaN,NaN,NaN,NaN
0.256,0.352,-5.0409,41.189,NaN,NaN,NaN,NaN
0.256,0.336,-6.4062,46.197,NaN,NaN,NaN,NaN
0.256,0.32,-8.3604,51.445,NaN,NaN,NaN,NaN
0.256,0.304,-8.6873,56.169,NaN,NaN,26346,26346
0.256,0.288,-10.575,59.04,NaN,NaN,37860,37860
0.256,0.272,-11.694,60.591,NaN,NaN,1.2208e+05,1.2208e+05
0.256,0.256,-9.1009,60.132,-2.2873e+05,1.9432e+06,1.805e+05,1.805e+05
0.256,0.24,-7.0973,58.558,2.8366e+05,2.1395e+06,2.3432e+05,2.3432e+05
0.256,0.224,-5.0099,58.419,2.469e+05,2.6892e+06,2.4934e+05,2.4934e+05
0.256,0.208,-1.8364,57.091,4.5383e+05,3.2654e+06,2.6139e+05,2.6139e+05
0.256,0.192,-0.38433,56.618,6.033e+05,3.383e+06,2.608e+05,2.608e+05
0.256,0.176,1.0405,56.155,9.0043e+05,3.315e+06,2.8583e+05,2.8583e+05
0.256,0.16,0.45283,55.766,1.0782e+06,3.3082e+06,2.707e+05,2.707e+05
0.256,0.144,0.31198,59.155,1.136e+06,4.1187e+06,2.3973e+05,2.3973e+05
0.256,0.128,1.318,58.736,1.1937e+06,4.7808e+06,1.7824e+05,1.7824e+05
0.256,0.112,0.78112,60.3,1.3767e+06,5.072e+06,1.4716e+05,1.4716e+05
0.256,0.096,2.2106,61.43,1.5126e+06,4.8262e+06,1.0782e+05,1.0782e+05
0.256,0.08,3.1725,61.129,1.6259e+06,4.1852e+06,66055,66055
0.256,0.064,1.4534,58.829,1.6582e+06,3.3778e+06,29376,29376
0.256,0.048,4.1139,58.497,1.1191e+06,1.9249e+06,13459,13459
0.256,0.032,4.8653,60.158,5.835e+05,8.4539e+05,6462.3,6462.3
0.256,0.016,3.956,59.777,0,0,646.19,646.19
0.272,0.496,-0.28541,34.8,0,0,0,0
0.272,0.48,-2.7726,27.253,0,0,0,0
0.272,0.464,-2.6567,25.474,NaN,NaN,0,0
0.272,0.448,-2.937,25.146,NaN,NaN,NaN,NaN
0.272,0.432,-2.1787,25.184,NaN,NaN,NaN,NaN
0.272,0.416,-2.293,29.191,NaN,NaN,NaN,NaN
0.272,0.4,-2.1911,29.707,NaN,NaN,NaN,NaN
0.272,0.384,-1.8461,31.159,NaN,NaN,NaN,NaN
0.272,0.368,-2.4376,34.946,NaN,NaN,NaN,NaN
0.272,0.352,-3.1169,38.872,NaN,NaN,NaN,NaN
0.272,0.336,-3.8122,44.051,NaN,NaN,NaN,NaN
0.272,0.32,-4.7265,49.467,NaN,NaN,NaN,NaN
0.272,0.304,-4.934,53.762,NaN,NaN,NaN,NaN
0.272,0.288,-7.4593,58.749,NaN,NaN,NaN,NaN
0.272,0.272,-8.4409,63.629,NaN,NaN,4.2058e+05,4.2058e+05
0.272,0.256,-7.5446,68.252,NaN,NaN,4.3245e+05,4.3245e+05
0.272,0.24,-7.4723,72.201,NaN,NaN,4.1394e+05,4.1394e+05
0.272,0.224,-5.8431,73.894,-3.9434e+05,4.5247e+06,3.9838e+05,3.9838e+05
0.272,0.208,-4.0157,71.729,-1.3058e+05,5.2874e+06,3.7763e+05,3.7763e+05
0.272,0.192,-1.8023,70.52,1.509e+05,5.577e+06,3.6441e+05,3.6441e+05
0.272,0.176,-0.27969,69.992,4.9121e+05,5.9296e+06,3.93e+05,3.93e+05
0.272,0.16,0.50175,71.021,6.5309e+05,5.9968e+06,4.1759e+05,4.1759e+05
0.272,0.144,1.3806,72.261,8.2551e+05,6.5754e+06,3.7046e+05,3.7046e+05
0.272,0.128,2.6657,73.353,9.0851e+05,7.1994e+06,3.0517e+05,3.0517e+05
0.272,0.112,1.8224,75.435,1.1802e+06,7.9141e+06,2.1186e+05,2.1186e+05
0.272,0.096,3.9573,75.101,1.2874e+06,8.2988e+06,1.5544e+05,1.5544e+05
0.272,0.08,4.0172,74.63,1.3392e+06,8.2997e+06,93545,93545
0.272,0.064,3.8109,73.056,1.2814e+06,7.9238e+06,55906,55906
0.272,0.048,4.1708,72.289,8.2642e+05,5.0949e+06,34132,34132
0.272,0.032,4.9572,71.812,4.2409e+05,2.4744e+06,17004,17004
0.272,0.016,4.7798,67.637,0,0,5365.7,5365.7
0.288,0.496,-2.76,31.342,0,0,0,0
0.288,0.48,-5.4522,26.222,0,0,0,0
0.288,0.464,-4.1368,27.312,NaN,NaN,0,0
0.288,0.448,-3.2926,23.424,NaN,NaN,NaN,NaN
0.288,0.432,-1.8935,21.977,NaN,NaN,NaN,NaN
0.288,0.416,-2.1077,25.415,NaN,NaN,-45249,45249
0.288,0.4,-0.74234,26.8,NaN,NaN,-49799,49799
0.288,0.384,-0.78783,29.409,NaN,NaN,-44749,44749
0.288,0.368,-1.2875,34.923,NaN,NaN,-44499,44499
0.288,0.352,-0.74728,39.957,NaN,NaN,-34649,34649
0.288,0.336,-0.58058,44.941,NaN,NaN,NaN,NaN
0.288,0.32,-1.0027,49.949,NaN,NaN,NaN,NaN
0.288,0.304,-2.174,53.649,NaN,NaN,NaN,NaN
0.288,0.288,-3.2981,57.913,NaN,NaN,NaN,NaN
0.288,0.272,-4.4019,63.9,NaN,NaN,NaN,NaN
0.288,0.256,-3.9157,69.202,NaN,NaN,NaN,NaN
0.288,0.24,-3.8262,74.271,NaN,NaN,7.0817e+05,7.0817e+05
0.288,0.224,-3.9727,75.913,NaN,NaN,6.859e+05,6.859e+05
0.288,0.208,-3.0879,77.751,NaN,NaN,6.6273e+05,6.6273e+05
0.288,0.192,-1.6372,78.172,NaN,NaN,6.1731e+05,6.1731e+05
0.288,0.176,-0.29378,78.192,NaN,NaN,6.3781e+05,6.3781e+05
0.288,0.16,0.88218,77.63,NaN,NaN,5.8515e+05,5.8515e+05
0.288,0.144,1.4172,77.484,1.2883e+06,8.862e+06,4.8602e+05,4.8602e+05
0.288,0.128,2.3669,78.335,1.1978e+06,9.294e+06,3.575e+05,3.575e+05
0.288,0.112,2.3539,79.676,1.4054e+06,9.5651e+06,2.4983e+05,2.4983e+05
0.288,0.096,3.1611,78.986,1.4261e+06,9.8223e+06,1.5049e+05,1.5049e+05
0.288,0.08,2.774,79.17,1.41e+06,1.0028e+07,1.0136e+05,1.0136e+05
0.288,0.064,4.3148,77.915,1.245e+06,1.0166e+07,70333,70333
0.288,0.048,4.6805,78.325,7.7121e+05,6.8276e+06,49619,49619
0.288,0.032,5.2703,76.138,3.7266e+05,3.417e+06,24419,24419
0.288,0.016,4.8678,67.588,0,0,7438.4,7438.4
0.304,0.496,-3.0033,28.348,0,0,0,0
0.304,0.48,-5.4383,27.696,0,0,0,0
0.304,0.464,-5.7572,29.224,NaN,NaN,0,0
0.304,0.448,-4.3407,26.11,NaN,NaN,NaN,NaN
0.304,0.432,-2.515,22.311,NaN,NaN,NaN,NaN
0.304,0.416,-1.298,21.886,NaN,NaN,-54034,54034
0.304,0.4,-1.5804,22.038,8.1575e+05,-2.1312e+06,-51855,51855
0.304,0.384,0.52179,24.724,8.1575e+05,-2.1312e+06,-42902,42902
0.304,0.368,-0.35699,29.783,8.1575e+05,-2.1312e+06,-21946,21946
0.304,0.352,1.2991,37.341,NaN,NaN,14407,14407
0.304,0.336,1.0988,43.947,NaN,NaN,47400,47400
0.304,0.32,-0.29354,49.351,NaN,NaN,24941,24941
0.304,0.304,-0.72967,53.015,NaN,NaN,-23344,23344
0.304,0.288,-0.86657,58.382,NaN,NaN,-52305,52305
0.304,0.272,-0.76806,63.12,NaN,NaN,-76848,76848
0.304,0.256,-2.0249,67.22,NaN,NaN,NaN,NaN
0.304,0.24,-1.144,71.828,NaN,NaN,NaN,NaN
0.304,0.224,-1.1664,74.938,NaN,NaN,NaN,NaN
0.304,0.208,-0.88614,77.062,NaN,NaN,NaN,NaN
0.304,0.192,-0.80034,78.941,NaN,NaN,NaN,NaN
0.304,0.176,-0.39229,79.038,NaN,NaN,4.9711e+05,4.9711e+05
0.304,0.16,-0.20897,76.905,NaN,NaN,6.651e+05,6.651e+05
0.304,0.144,1.1276,76.313,NaN,NaN,5.3844e+05,5.3844e+05
0.304,0.128,2.5751,77.34,1.1085e+06,8.9997e+06,4.3492e+05,4.3492e+05
0.304,0.112,1.5264,76.596,1.192e+06,9.3363e+06,2.5691e+05,2.5691e+05
0.304,0.096,1.8611,77.288,1.1709e+06,9.5178e+06,1.5344e+05,1.5344e+05
0.304,0.08,1.4255,77.212,1.0994e+06,9.7677e+06,1.0042e+05,1.0042e+05
0.304,0.064,2.9405,75.033,9.4332e+05,9.7873e+06,83487,83487
0.304,0.048,2.8747,74.38,5.6469e+05,6.5138e+06,58891,58891
0.304,0.032,2.5432,71.382,2.5974e+05,3.2065e+06,29037,29037
0.304,0.016,1.7879,64.575,0,0,9189.9,9189.9
0.32,0.496,-2.9353,31.668,0,0,0,0
0.32,0.48,-4.4182,31.196,0,0,0,0
0.32,0.464,-4.6637,30.608,NaN,NaN,0,0
0.32,0.448,-3.872,27.861,NaN,NaN,NaN,NaN
0.32,0.432,-2.8677,24.202,NaN,NaN,NaN,NaN
0.32,0.416,-2.3614,22.103,NaN,NaN,-42404,42404
0.32,0.4,-1.5833,20.128,8.1575e+05,-2.1312e+06,-24855,24855
0.32,0.384,0.24868,20.219,4.7349e+05,-1.9399e+06,-10176,10176
0.32,0.368,0.21424,24.055,4.7349e+05,-1.9399e+06,27299,27299
0.32,0.352,0.92725,26.919,3.2854e+05,-1.2278e+06,64959,64959
0.32,0.336,1.3162,32.545,5.4205e+05,-4.4017e+05,92378,92378
0.32,0.32,0.7292,39.522,4.754e+05,-1.1755e+05,75463,75463
0.32,0.304,0.71781,45.479,4.5018e+05,1.7715e+05,42806,42806
0.32,0.288,0.68565,52.595,3.421e+05,5.2771e+05,1.4563e+05,1.4563e+05
0.32,0.272,1.0835,57.706,NaN,NaN,3.1546e+05,3.1546e+05
0.32,0.256,1.6522,61.669,NaN,NaN,6.1323e+05,6.1323e+05
0.32,0.24,1.1148,63.948,NaN,NaN,5.9279e+05,5.9279e+05
0.32,0.224,-0.16846,68.151,NaN,NaN,5.6206e+05,5.6206e+05
0.32,0.208,-0.69281,71.922,NaN,NaN,5.2121e+05,5.2121e+05
0.32,0.192,0.62472,74.359,NaN,NaN,4.7628e+05,4.7628e+05
0.32,0.176,0.044987,75.742,NaN,NaN,4.7563e+05,4.7563e+05
0.32,0.16,0.41697,74.729,3.8043e+05,7.1376e+06,5.451e+05,5.451e+05
0.32,0.144,1.7095,75.394,5.1111e+05,7.2857e+06,5.0081e+05,5.0081e+05
0.32,0.128,2.3821,74.954,7.6721e+05,8.102e+06,3.9939e+05,3.9939e+05
0.32,0.112,1.2479,73.331,8.7913e+05,8.4341e+06,2.631e+05,2.631e+05
0.32,0.096,0.91447,70.773,8.5796e+05,8.674e+06,1.6559e+05,1.6559e+05
0.32,0.08,0.57358,70.017,6.5937e+05,8.5586e+06,1.2157e+05,1.2157e+05
0.32,0.064,0.43535,67.019,4.2962e+05,8.1266e+06,90290,90290
0.32,0.048,1.2476,64.829,1.8412e+05,5.1865e+06,61394,61394
0.32,0.032,-0.37759,62.656,70052,2.4198e+06,29203,29203
0.32,0.016,0.066196,59.901,0,0,8305,8305
0.336,0.496,-0.35294,34.945,0,0,0,0
0.336,0.48,-1.6454,34.049,0,0,0,0
0.336,0.464,-3.2214,33.191,NaN,NaN,0,0
0.336,0.448,-2.7128,29.878,NaN,NaN,4.923e+05,4.923e+05
0.336,0.432,-2.436,29.251,NaN,NaN,4.9916e+05,4.9916e+05
0.336,0.416,-2.091,28.715,NaN,NaN,1.9917e+05,1.9917e+05
0.336,0.4,-1.628,26.077,8.1575e+05,-2.1312e+06,88761,88761
0.336,0.384,-1.8669,25.665,4.7349e+05,-1.9399e+06,35132,35132
0.336,0.368,-0.49315,24.71,3.5719e+05,-1.6146e+06,70256,70256
0.336,0.352,1.3457,28.28,2.0327e+05,-1.0231e+06,95927,95927
0.336,0.336,1.8104,28.531,2.8945e+05,-6.6536e+05,1.0144e+05,1.0144e+05
0.336,0.32,1.8684,31.13,3.471e+05,-1.7038e+05,83578,83578
0.336,0.304,1.4789,35.716,5.0673e+05,7.3729e+05,51764,51764
0.336,0.288,1.8248,41.05,7.1588e+05,2.1842e+06,1.116e+05,1.116e+05
0.336,0.272,2.6264,44.247,1.1e+06,4.0385e+06,2.0455e+05,2.0455e+05
0.336,0.256,3.9315,47.037,1.0682e+06,4.4696e+06,3.4421e+05,3.4421e+05
0.336,0.24,3.0829,53.211,7.3745e+05,4.2873e+06,3.4631e+05,3.4631e+05
0.336,0.224,1.7022,55.606,3.3283e+05,4.0613e+06,3.4222e+05,3.4222e+05
0.336,0.208,0.44999,58.606,53924,4.2046e+06,3.3308e+05,3.3308e+05
0.336,0.192,-0.31162,60.932,50467,4.7277e+06,3.5579e+05,3.5579e+05
0.336,0.176,-0.77044,63.609,1.6404e+05,5.4189e+06,4.0787e+05,4.0787e+05
0.336,0.16,0.54811,67.412,3.4739e+05,6.332e+06,4.877e+05,4.877e+05
0.336,0.144,0.22356,68.607,4.5771e+05,6.5633e+06,4.3799e+05,4.3799e+05
0.336,0.128,0.47471,69.164,4.9789e+05,6.8964e+06,3.7082e+05,3.7082e+05
0.336,0.112,0.8732,68.325,4.5236e+05,6.8916e+06,2.4207e+05,2.4207e+05
0.336,0.096,0.91323,64.554,3.9083e+05,7.1811e+06,1.8554e+05,1.8554e+05
0.336,0.08,1.0684,62.226,1.6196e+05,6.7481e+06,1.2821e+05,1.2821e+05
0.336,0.064,0.60898,58.713,-58545,5.7533e+06,87453,87453
0.336,0.048,0.42636,55.655,-1.5745e+05,3.3005e+06,53447,53447
0.336,0.032,0.63275,53.517,-97478,1.3365e+06,23748,23748
0.336,0.016,0.34161,51.176,0,0,5757.9,5757.9
0.352,0.496,1.3126,35.536,0,0,0,0
0.352,0.48,-0.16522,32.866,0,0,0,0
0.352,0.464,-0.18751,31.19,NaN,NaN,84918,84918
0.352,0.448,0.66336,29.073,NaN,NaN,2.9651e+05,2.9651e+05
0.352,0.432,-0.49377,28.623,-13331,-2.1747e+06,2.9769e+05,2.9769e+05
0.352,0.416,-1.4719,28.295,88114,-1.6731e+06,1.8469e+05,1.8469e+05
0.352,0.4,-1.6808,28.913,1.8421e+05,-1.162e+06,1.2505e+05,1.2505e+05
0.352,0.384,-1.3958,28.846,2.9519e+05,-5.634e+05,79588,79588
0.352,0.368,-1.1786,26.355,2.8276e+05,-2.0353e+05,1.0696e+05,1.0696e+05
0.352,0.352,-0.36857,26.228,2.2726e+05,-2.5176e+05,1.2171e+05,1.2171e+05
0.352,0.336,-0.12225,23.858,2.5414e+05,-1.6675e+05,1.1957e+05,1.1957e+05
0.352,0.32,0.38152,20.365,3.2334e+05,1.3106e+05,1.0159e+05,1.0159e+05
0.352,0.304,1.5545,23.494,5.5363e+05,9.6799e+05,75863,75863
0.352,0.288,3.0552,31.449,7.7845e+05,2.1557e+06,1.214e+05,1.214e+05
0.352,0.272,3.5543,35.606,9.9897e+05,3.2668e+06,1.7844e+05,1.7844e+05
0.352,0.256,3.9876,37.854,8.4131e+05,3.4026e+06,2.4557e+05,2.4557e+05
0.352,0.24,2.8645,40.473,5.6521e+05,3.351e+06,2.5209e+05,2.5209e+05
0.352,0.224,0.67958,43.63,3.0655e+05,3.5026e+06,2.5272e+05,2.5272e+05
0.352,0.208,0.33686,46.91,1.5331e+05,3.9485e+06,2.6405e+05,2.6405e+05
0.352,0.192,0.69911,49.497,1.3406e+05,4.2798e+06,3.0328e+05,3.0328e+05
0.352,0.176,0.33388,51.254,1.5808e+05,4.5642e+06,3.5362e+05,3.5362e+05
0.352,0.16,1.0665,53.667,2.1855e+05,5.1834e+06,3.8702e+05,3.8702e+05
0.352,0.144,2.1032,54.329,2.0727e+05,5.4871e+06,3.4351e+05,3.4351e+05
0.352,0.128,0.6168,53.038,88775,5.5651e+06,2.8145e+05,2.8145e+05
0.352,0.112,-1.1886,51.466,-49736,5.0126e+06,2.1109e+05,2.1109e+05
0.352,0.096,-0.31791,51.918,-1.6779e+05,4.4938e+06,1.6764e+05,1.6764e+05
0.352,0.08,0.49405,49.568,-2.6566e+05,3.7523e+06,1.2082e+05,1.2082e+05
0.352,0.064,1.2107,46.47,-3.8956e+05,2.8756e+06,75611,75611
0.352,0.048,0.29855,44.004,-3.1965e+05,1.603e+06,43007,43007
0.352,0.032,0.11339,43.632,-1.7481e+05,5.7854e+05,18483,18483
0.352,0.016,-0.43157,41.557,0,0,4556.9,4556.9
0.368,0.496,1.7678,32.625,0,0,0,0
0.368,0.48,0.4061,24.938,0,0,0,0
0.368,0.464,-1.1999,19.479,NaN,NaN,80381,80381
0.368,0.448,-1.8019,16.328,-1.699e+05,-1.8617e+06,2.0649e+05,2.0649e+05
0.368,0.432,-0.13541,15.476,-1.3728e+05,-1.8213e+06,2.1669e+05,2.1669e+05
0.368,0.416,-0.22766,14.513,-75831,-1.5352e+06,1.7788e+05,1.7788e+05
0.368,0.4,-0.13384,15.086,1.0997e+05,-9.7698e+05,1.3951e+05,1.3951e+05
0.368,0.384,0.45295,17.945,3.2819e+05,-1.3298e+05,94920,94920
0.368,0.368,0.42614,20.239,4.1745e+05,4.0114e+05,1.0312e+05,1.0312e+05
0.368,0.352,-0.47762,20.181,3.2398e+05,4.898e+05,1.092e+05,1.092e+05
0.368,0.336,-0.52749,17.607,2.588e+05,2.3046e+05,1.0149e+05,1.0149e+05
0.368,0.32,0.91034,14.735,3.223e+05,3.0387e+05,81436,81436
0.368,0.304,2.627,15.609,5.6433e+05,8.7462e+05,53352,53352
0.368,0.288,4.199,19.48,7.4267e+05,1.7327e+06,38528,38528
0.368,0.272,4.3049,22.032,8.0426e+05,2.3405e+06,38486,38486
0.368,0.256,3.9956,22.371,6.4683e+05,2.4186e+06,53119,53119
0.368,0.24,2.4872,23.648,4.3133e+05,2.4336e+06,69737,69737
0.368,0.224,2.7899,27.99,2.2928e+05,2.5986e+06,83547,83547
0.368,0.208,2.1426,33.311,86214,2.9107e+06,1.1326e+05,1.1326e+05
0.368,0.192,1.4771,36.154,10513,3.0198e+06,1.7925e+05,1.7925e+05
0.368,0.176,1.8461,33.649,-54916,3.1429e+06,2.4914e+05,2.4914e+05
0.368,0.16,1.0829,33.735,-1.007e+05,3.3517e+06,2.9298e+05,2.9298e+05
0.368,0.144,0.54692,35.274,-1.7417e+05,3.5019e+06,2.6449e+05,2.6449e+05
0.368,0.128,0.084645,35.675,-3.0923e+05,3.4347e+06,2.1969e+05,2.1969e+05
0.368,0.112,0.26333,35.903,-4.039e+05,3.0213e+06,1.6808e+05,1.6808e+05
0.368,0.096,-0.43818,33.389,-4.4366e+05,2.583e+06,1.371e+05,1.371e+05
0.368,0.08,-2.3231,33.842,-4.1452e+05,2.225e+06,1.0219e+05,1.0219e+05
0.368,0.064,-0.73776,34.59,-4.2789e+05,1.9048e+06,68229,68229
0.368,0.048,-0.90919,36.594,-2.9121e+05,1.2532e+06,38107,38107
0.368,0.032,-2.7137,37.228,-1.5243e+05,5.5431e+05,16082,16082
0.368,0.016,-2.9793,36.141,0,0,3801.8,3801.8
0.384,0.496,0.3851,28.359,0,0,115.36,115.36
0.384,0.48,-3.0974,19.309,0,0,6715.6,6715.6
0.384,0.464,-3.7682,11.042,NaN,NaN,73601,73601
0.384,0.448,-2.1783,10.613,2.5338e+05,-1.4285e+06,1.037e+05,1.037e+05
0.384,0.432,-2.5191,8.335,1.5776e+05,-1.3275e+06,1.068e+05,1.068e+05
0.384,0.416,-3.1584,7.2111,1.3442e+05,-1.1531e+06,86167,86167
0.384,0.4,-2.1336,6.545,1.7352e+05,-7.2881e+05,95305,95305
0.384,0.384,-0.024675,8.2994,2.7103e+05,-1.3331e+05,95210,95210
0.384,0.368,1.1837,11.441,3.372e+05,4.6421e+05,96669,96669
0.384,0.352,0.95817,14.682,2.8109e+05,6.7448e+05,95796,95796
0.384,0.336,1.1891,13.39,2.3101e+05,5.0692e+05,86851,86851
0.384,0.32,1.6943,9.791,3.0179e+05,3.3932e+05,70394,70394
0.384,0.304,2.9672,9.62,4.9972e+05,5.3505e+05,50169,50169
0.384,0.288,3.2458,11.846,5.6995e+05,9.231e+05,40693,40693
0.384,0.272,2.5764,11.395,4.6904e+05,1.0747e+06,40834,40834
0.384,0.256,3.4233,9.6312,2.2531e+05,9.202e+05,49394,49394
0.384,0.24,3.6671,9.7895,63063,9.3564e+05,56500,56500
0.384,0.224,2.7929,13.376,-27946,1.0106e+06,60012,60012
0.384,0.208,2.4396,13.662,-1.0771e+05,1.0722e+06,79968,79968
0.384,0.192,1.4017,10.79,-1.3932e+05,8.8713e+05,1.1634e+05,1.1634e+05
0.384,0.176,0.53549,10.651,-1.7831e+05,9.2572e+05,1.6444e+05,1.6444e+05
0.384,0.16,-0.20473,14.363,-2.1251e+05,1.125e+06,1.918e+05,1.918e+05
0.384,0.144,-0.7865,17.836,-2.9828e+05,1.3774e+06,1.8581e+05,1.8581e+05
0.384,0.128,-0.40781,20.437,-3.2817e+05,1.7061e+06,1.6396e+05,1.6396e+05
0.384,0.112,0.047148,23.256,-2.8418e+05,1.7528e+06,1.3574e+05,1.3574e+05
0.384,0.096,0.43974,23.896,-2.0871e+05,1.5014e+06,1.1742e+05,1.1742e+05
0.384,0.08,-0.24445,21.55,-1.0536e+05,1.4636e+06,95677,95677
0.384,0.064,0.14293,26.069,-51274,1.8763e+06,71108,71108
0.384,0.048,0.56961,32.125,3879.2,1.649e+06,43552,43552
0.384,0.032,-0.05579,33.901,-7459,9.5045e+05,18995,18995
0.384,0.016,-1.5173,31.403,0,0,4347.8,4347.8
0.4,0.496,-0.25651,24.79,0,0,1394.4,1394.4
0.4,0.48,-5.2521,18.333,0,0,14301,14301
0.4,0.464,-5.3794,9.5706,59216,-2.1166e+06,39498,39498
0.4,0.448,-2.1948,9.9104,3.3566e+05,-1.409e+06,67182,67182
0.4,0.432,-1.4167,8.8842,2.9763e+05,-1.0663e+06,78952,78952
0.4,0.416,-0.69383,8.121,2.6287e+05,-7.9672e+05,88501,88501
0.4,0.4,-0.32056,7.087,2.0986e+05,-4.0584e+05,94530,94530
0.4,0.384,-0.56254,7.6509,2.0075e+05,-86392,93937,93937
0.4,0.368,-0.3742,8.5566,1.9749e+05,2.9824e+05,90411,90411
0.4,0.352,-0.12621,9.4845,1.4456e+05,3.699e+05,88248,88248
0.4,0.336,-0.61141,8.4553,1.2107e+05,1.7205e+05,79090,79090
0.4,0.32,0.17008,7.189,2.5269e+05,9111.8,68908,68908
0.4,0.304,1.3268,7.3151,4.4327e+05,1.2671e+05,58446,58446
0.4,0.288,2.2794,8.6041,4.9047e+05,3.6954e+05,56924,56924
0.4,0.272,1.867,7.2504,2.9911e+05,3.6937e+05,59177,59177
0.4,0.256,1.6505,6.0875,56607,1.9593e+05,60669,60669
0.4,0.24,0.044655,5.1086,-1.0015e+05,1.0506e+05,59791,59791
0.4,0.224,-0.88915,5.2484,-1.5203e+05,10017,56439,56439
0.4,0.208,-1.6306,2.7972,-2.3086e+05,-1.5475e+05,57393,57393
0.4,0.192,-2.3247,1.3645,-2.1265e+05,-3.5372e+05,69810,69810
0.4,0.176,-1.4221,0.35391,-1.9516e+05,-2.8093e+05,93682,93682
0.4,0.16,-0.41087,0.93009,-1.6175e+05,-88886,1.1719e+05,1.1719e+05
0.4,0.144,-0.215,2.1861,-1.9011e+05,1.0679e+05,1.2966e+05,1.2966e+05
0.4,0.128,-0.1127,1.4985,-1.3509e+05,6.2836e+05,1.291e+05,1.291e+05
0.4,0.112,0.44871,12.555,68162,1.1949e+06,1.2146e+05,1.2146e+05
0.4,0.096,1.814,12.621,3.662e+05,1.8397e+06,1.1317e+05,1.1317e+05
0.4,0.08,3.045,11.927,5.9787e+05,2.2668e+06,1.019e+05,1.019e+05
0.4,0.064,3.4391,19.805,5.2009e+05,3.3062e+06,81373,81373
0.4,0.048,2.3379,25.54,2.9205e+05,2.5942e+06,51409,51409
0.4,0.032,4.309,28.088,64806,1.6489e+06,22233,22233
0.4,0.016,-1.6983,34.862,0,0,5034.5,5034.5
0.416,0.496,-1.1741,19.887,0,0,3250.3,3250.3
0.416,0.48,-5.6345,14.604,-1.7108e+05,-7.1945e+05,20521,20521
0.416,0.464,-6.4782,8.9846,-3.5076e+05,-2.0343e+06,45635,45635
0.416,0.448,-4.5567,6.6499,-4242.8,-1.4501e+06,72262,72262
0.416,0.432,-1.7485,8.8427,2.6195e+05,-7.8798e+05,90907,90907
0.416,0.416,-0.94462,6.6974,3.7203e+05,-4.2259e+05,1.0335e+05,1.0335e+05
0.416,0.4,-0.37692,6.3195,2.8847e+05,-1.2541e+05,1.0791e+05,1.0791e+05
0.416,0.384,-0.090172,7.4487,93945,-23045,1.0061e+05,1.0061e+05
0.416,0.368,-0.59618,8.1623,-57621,72417,87664,87664
0.416,0.352,-1.5805,7.107,-1.2765e+05,-61887,82860,82860
0.416,0.336,-1.6307,5.2646,-75966,-2.0671e+05,76583,76583
0.416,0.32,-0.87844,4.4799,1.0997e+05,-1.9369e+05,76919,76919
0.416,0.304,1.3735,4.4495,2.9008e+05,50075,77466,77466
0.416,0.288,4.4714,4.4573,2.5402e+05,2.8133e+05,83472,83472
0.416,0.272,3.7121,5.2149,57578,1.9408e+05,86676,86676
0.416,0.256,1.2487,4.2694,-1.3039e+05,80759,81672,81672
0.416,0.24,0.6448,3.4032,-2.1044e+05,-28937,75622,75622
0.416,0.224,-0.11032,3.0259,-2.6402e+05,-97694,65965,65965
0.416,0.208,-1.3729,4.0004,-2.7476e+05,-2.638e+05,60297,60297
0.416,0.192,-1.5567,5.5917,-1.3113e+05,-3.5435e+05,59015,59015
0.416,0.176,-0.62794,5.4356,11505,-2.56e+05,64722,64722
0.416,0.16,-0.57537,3.7476,1.1093e+05,-1.8454e+05,77091,77091
0.416,0.144,0.34258,3.6842,70912,-2.0453e+05,94651,94651
0.416,0.128,0.079152,2.7971,1.0313e+05,1.9647e+05,1.0965e+05,1.0965e+05
0.416,0.112,-0.6039,7.6848,67178,4.0824e+05,1.1562e+05,1.1562e+05
0.416,0.096,5.4237,15.567,4.4387e+05,1.3512e+06,1.127e+05,1.127e+05
0.416,0.08,8.1831,21.371,3.0262e+05,1.1971e+06,1.0288e+05,1.0288e+05
0.416,0.064,7.3228,18.779,94534,2.7345e+06,81750,81750
0.416,0.048,0.45012,36.959,-2.8643e+05,1.8764e+06,50887,50887
0.416,0.032,-0.448,44.189,-2.027e+05,1.6592e+06,21499,21499
0.416,0.016,-2.4603,47.092,0,0,4776.1,4776.1
0.432,0.496,-2.7243,11.511,0,0,4299.3,4299.3
0.432,0.48,-6.9904,7.4409,-6.8158e+05,-1.5562e+06,20383,20383
0.432,0.464,-6.4633,5.5608,-1.3283e+06,-3.211e+06,45635,45635
0.432,0.448,-7.0406,2.9006,-1.0748e+06,-2.5627e+06,72831,72831
0.432,0.432,-5.2415,3.3936,-6.7998e+05,-1.8011e+06,94229,94229
0.432,0.416,-1.5207,4.8894,-7540.4,-6.8161e+05,1.0506e+05,1.0506e+05
0.432,0.4,-0.72769,5.5216,3.6479e+05,21155,1.0667e+05,1.0667e+05
0.432,0.384,-1.1748,6.45,4.0182e+05,4.1617e+05,93290,93290
0.432,0.368,-2.4132,6.5333,38118,1.7439e+05,79128,79128
0.432,0.352,-1.8246,6.161,-1.6023e+05,-1.8122e+05,76469,76469
0.432,0.336,-2.0874,4.0023,-97534,-2.6433e+05,78862,78862
0.432,0.32,-1.5598,3.2593,6498.1,-2.1347e+05,87666,87666
0.432,0.304,1.0155,2.2866,1.746e+05,-13143,92312,92312
0.432,0.288,0.70552,1.0751,1.4379e+05,1.9088e+05,95877,95877
0.432,0.272,-1.8729,4.4304,33257,1.7931e+05,94790,94790
0.432,0.256,-0.5696,1.5801,-1.2496e+05,2.3281e+05,85999,85999
0.432,0.24,-0.59087,4.4733,-1.3742e+05,2.4968e+05,78641,78641
0.432,0.224,-1.431,5.9219,-1.392e+05,3.5097e+05,68268,68268
0.432,0.208,-1.7968,6.7464,-95268,3.1377e+05,60884,60884
0.432,0.192,-0.43284,7.5363,16021,2.7458e+05,55508,55508
0.432,0.176,-0.2144,8.5343,1.0175e+05,2.0408e+05,53554,53554
0.432,0.16,-0.63322,7.4567,1.2495e+05,21932,56856,56856
0.432,0.144,-0.11354,4.8083,66680,-1.5688e+05,71000,71000
0.432,0.128,-0.08777,3.1121,27891,-51993,88250,88250
0.432,0.112,0.42107,4.9991,-2.635e+05,-1.818e+05,1.0475e+05,1.0475e+05
0.432,0.096,-8.096,7.1152,1.6382e+05,1.3689e+06,1.0725e+05,1.0725e+05
0.432,0.08,7.6219,18.621,-3489.2,1.2435e+06,97430,97430
0.432,0.064,-14.353,29.151,-34662,3.2411e+06,71932,71932
0.432,0.048,-8.5316,44.447,-5.9203e+05,1.3412e+06,42178,42178
0.432,0.032,-15.042,51.942,-3.1688e+05,1.3199e+06,17433,17433
0.432,0.016,13.276,35.461,0,0,4210.6,4210.6
0.448,0.496,-2.2815,5.8184,0,0,2233.5,2233.5
0.448,0.48,-7.5747,3.4436,-8.4011e+05,-1.7255e+06,12442,12442
0.448,0.464,-14.704,0.62905,-1.6667e+06,-3.3021e+06,32854,32854
0.448,0.448,-14.34,-11.213,-1.8178e+06,-3.2948e+06,59198,59198
0.448,0.432,-13.065,-7.0993,-1.6998e+06,-2.8744e+06,86735,86735
0.448,0.416,-9.6223,-7.9237,-1.012e+06,-1.9383e+06,1.002e+05,1.002e+05
0.448,0.4,0.19694,5.5095,-60565,-4.8701e+05,1.0079e+05,1.0079e+05
0.448,0.384,0.66922,5.2515,3.1323e+05,2.3463e+05,80605,80605
0.448,0.368,-0.84514,4.0614,1.2507e+05,2.7036e+05,65873,65873
0.448,0.352,-0.48772,4.1564,-4.9472e+05,-5.4865e+05,66119,66119
0.448,0.336,-1.2867,4.0721,-7.8088e+05,-7.7835e+05,79919,79919
0.448,0.32,-1.5109,0.9745,-3.6099e+05,-5.0447e+05,96918,96918
0.448,0.304,1.2528,0.0289,27525,-51232,1.0374e+05,1.0374e+05
0.448,0.288,2.7932,0.5994,3.1153e+05,2.8629e+05,1.0146e+05,1.0146e+05
0.448,0.272,1.5053,2.0564,-44070,98801,94536,94536
0.448,0.256,-0.085409,3.6486,-1.6741e+05,3.1609e+05,86533,86533
0.448,0.24,-0.35837,5.9393,-1.654e+05,5.4548e+05,83373,83373
0.448,0.224,-0.17724,7.3708,12495,7.3996e+05,76142,76142
0.448,0.208,-0.39189,7.2797,2.9978e+05,6.8082e+05,67211,67211
0.448,0.192,-0.23624,7.2022,3.8975e+05,4.7484e+05,57889,57889
0.448,0.176,0.19837,8.0508,1.9781e+05,2.7647e+05,51678,51678
0.448,0.16,0.40311,7.8968,2497.9,10943,49842,49842
0.448,0.144,0.37394,5.4326,5130.9,-1.136e+05,63060,63060
0.448,0.128,0.90867,3.0689,29163,-41818,81819,81819
0.448,0.112,0.31559,3.2347,-3.6111e+05,-3.6436e+05,1.0074e+05,1.0074e+05
0.448,0.096,-9.4469,5.6721,-53770,8.4093e+05,1.0202e+05,1.0202e+05
0.448,0.08,6.0325,36.586,-5.1738e+05,3.7522e+05,89535,89535
0.448,0.064,26.154,78.662,-5.3335e+05,2.1093e+06,62140,62140
0.448,0.048,32.397,78.817,-1.1065e+06,26808,33265,33265
0.448,0.032,-16.044,127.19,-3.668e+05,5.6758e+05,11223,11223
0.448,0.016,-42.793,49.741,0,0,2224.5,2224.5
0.464,0.496,-0.05067,2.9872,0,0,-106.22,106.22
0.464,0.48,-2.7399,4.6184,-8.7127e+05,-1.4951e+06,3318,3318
0.464,0.464,-11.851,1.0587,-1.0512e+06,-3.0239e+06,13690,13690
0.464,0.448,-23.111,31.021,-1.6645e+06,-3.5006e+06,30967,30967
0.464,0.432,-16.393,-11.915,-1.6991e+06,-3.4063e+06,53451,53451
0.464,0.416,-13.797,-9.5263,-1.5184e+06,-2.7794e+06,63387,63387
0.464,0.4,-8.3207,-7.3583,-2.8695e+05,-9.1251e+05,63351,63351
0.464,0.384,-0.027201,2.8637,1.3598e+05,-1.5965e+05,47246,47246
0.464,0.368,-0.95325,2.0387,-1.6709e+05,-83342,42765,42765
0.464,0.352,-2.3298,3.4738,-1.2103e+06,-1.2865e+06,50081,50081
0.464,0.336,-11.049,-11.629,-1.9129e+06,-1.7435e+06,68152,68152
0.464,0.32,-12.374,-6.372,-1.4553e+06,-1.3546e+06,83910,83910
0.464,0.304,4.5785,1.459,-5.8834e+05,-3.9527e+05,86869,86869
0.464,0.288,0.64193,0.66529,2.7469e+05,2.0873e+05,80244,80244
0.464,0.272,0.20945,0.78001,1487.5,-41572,70194,70194
0.464,0.256,0.46443,2.097,-4.1197e+05,-1.6312e+05,65918,65918
0.464,0.24,-2.1962,6.0561,-7.2695e+05,-1.4156e+05,66726,66726
0.464,0.224,-1.5971,7.9303,-5.6399e+05,66798,63936,63936
0.464,0.208,1.5141,4.5559,1.6262e+05,4.413e+05,55901,55901
0.464,0.192,1.3767,5.0441,7.3661e+05,6.9238e+05,45997,45997
0.464,0.176,0.2103,4.7674,7.8492e+05,7.4193e+05,38438,38438
0.464,0.16,1.1609,4.8051,3.4949e+05,3.0713e+05,34678,34678
0.464,0.144,1.0104,3.5977,67341,-87043,45200,45200
0.464,0.128,0.89326,1.6154,-3120.8,37377,58938,58938
0.464,0.112,1.6917,4.0484,-2.1446e+05,-1.2889e+05,75368,75368
0.464,0.096,0.35952,1.6843,-55310,8.0631e+05,77535,77535
0.464,0.08,2.3619,4.6707,-5.3933e+05,1.5093e+06,69124,69124
0.464,0.064,-129.38,-10.971,-4.3436e+05,3.1612e+06,47137,47137
0.464,0.048,-212.81,96.958,-8.4017e+05,1.2615e+06,23302,23302
0.464,0.032,36.763,64.108,0,0,6790.5,6790.5
0.464,0.016,63.302,155.47,0,0,1009,1009
0.48,0.496,-0.71376,-0.13729,0,0,-1270.6,1270.6
0.48,0.48,-3.7482,5.8877,-2.7213e+05,-4.287e+05,-2205,2205
0.48,0.464,-4.9242,10.633,2.7686e+05,-4.2873e+05,160.65,160.65
0.48,0.448,-0.6701,-5.512,-3.4854e+05,-1.3678e+06,6827.5,6827.5
0.48,0.432,-140.61,-28.481,-5.2999e+05,-1.5596e+06,20518,20518
0.48,0.416,-70.022,-247.21,-1.2382e+06,-2.2252e+06,28638,28638
0.48,0.4,-6.481,-10.409,-4.8554e+05,-9.9023e+05,30777,30777
0.48,0.384,-1.8967,0.95302,-2.2414e+05,-5.5421e+05,22130,22130
0.48,0.368,-4.1323,1.054,-2.8918e+05,-2.3042e+05,22327,22327
0.48,0.352,-12.071,-10.224,-1.1881e+06,-1.2244e+06,31562,31562
0.48,0.336,-16.543,-13.118,-1.9039e+06,-1.6905e+06,48191,48191
0.48,0.32,-16.279,-8.5474,-1.4043e+06,-1.2958e+06,59472,59472
0.48,0.304,-7.6926,-6.53,-5.8973e+05,-3.6272e+05,59750,59750
0.48,0.288,2.2492,0.17356,2.7749e+05,1.9667e+05,52458,52458
0.48,0.272,1.037,0.46865,-5646.6,-1.0719e+05,45194,45194
0.48,0.256,-8.9014,-7.1575,-3.5195e+05,-3.066e+05,45091,45091
0.48,0.24,-12.022,-4.2022,-6.7752e+05,-3.513e+05,49043,49043
0.48,0.224,-12.145,-3.4863,-5.4252e+05,-1.4769e+05,49223,49223
0.48,0.208,-11.018,-2.2353,1.5908e+05,3.0072e+05,44972,44972
0.48,0.192,-1.4067,7.0438,7.2247e+05,6.2025e+05,38315,38315
0.48,0.176,2.6788,3.0725,7.6338e+05,6.9273e+05,32325,32325
0.48,0.16,2.3202,3.0143,3.3516e+05,3.0618e+05,27741,27741
0.48,0.144,1.1472,2.2923,54981,-37539,33569,33569
0.48,0.128,0.15976,-1.5718,7478.6,98616,41049,41049
0.48,0.112,-0.52219,4.3523,-476.55,35034,49065,49065
0.48,0.096,-0.095605,-2.479,45799,1.3885e+05,49803,49803
0.48,0.08,0.0061513,0.64532,-3.7465e+05,5.8043e+05,46567,46567
0.48,0.064,-15.075,32.643,-4.6947e+05,9.0171e+05,34224,34224
0.48,0.048,847.85,945.38,-5.6011e+05,8.4099e+05,16916,16916
0.48,0.032,-27.21,44.262,0,0,3783.2,3783.2
0.48,0.016,-2.0708,123.81,0,0,0,0
0.496,0.496,-0.478,-1.2101,0,0,-447.84,447.84
0.496,0.48,-0.55256,3.2239,0,0,-1779.5,1779.5
0.496,0.464,-14.899,-0.52936,4.3101e+05,61219,-2683.1,2683.1
0.496,0.448,-2.2613,-0.56602,4.3101e+05,61219,-2849.3,2849.3
0.496,0.432,-1.6175,0.044299,4.3101e+05,61219,1302.3,1302.3
0.496,0.416,-0.69691,0.85789,-1.5628e+05,-4.2478e+05,5006.1,5006.1
0.496,0.4,4.4816,1.3493,-1.1698e+05,-3.4613e+05,7168.3,7168.3
0.496,0.384,-1.1923,1.9855,-1.8188e+05,-3.6348e+05,5223.6,5223.6
0.496,0.368,2.36,33.816,-3.6509e+05,-3.4874e+05,7397.8,7397.8
0.496,0.352,-46.007,32.952,-8.0354e+05,-8.1127e+05,13408,13408
0.496,0.336,-80.181,-109.76,-1.1757e+06,-1.0631e+06,20966,20966
0.496,0.32,-151.53,-197.18,-1.0796e+06,-9.1926e+05,25375,25375
0.496,0.304,-26.805,-26.72,-5.968e+05,-3.6713e+05,23703,23703
0.496,0.288,-0.96228,-7.7763,-98062,-51080,20020,20020
0.496,0.272,-5.7375,-1.221,-57694,-1.5302e+05,16246,16246
0.496,0.256,-13.869,-7.0142,-3.456e+05,-4.4416e+05,17097,17097
0.496,0.24,-31.57,17.716,-6.1731e+05,-6.2144e+05,19691,19691
0.496,0.224,-123.25,-112.42,-6.6355e+05,-5.1738e+05,20256,20256
0.496,0.208,-14.46,-4.9084,-1.9706e+05,-70214,19184,19184
0.496,0.192,-11.292,-5.6922,3.4952e+05,3.8355e+05,16400,16400
0.496,0.176,-2.1545,1.8782,6.3348e+05,5.9051e+05,13391,13391
0.496,0.16,-1.5013,1.4517,3.9127e+05,3.1375e+05,10047,10047
0.496,0.144,-0.1907,1.6566,78402,-41236,10225,10225
0.496,0.128,-1.3875,0.63616,-12179,18085,11667,11667
0.496,0.112,-0.92901,1.4891,-13749,-33263,14886,14886
0.496,0.096,-0.81043,-1.0142,-24759,52672,17098,17098
0.496,0.08,-1.1339,1.4218,-3.7702e+05,5.1676e+05,17948,17948
0.496,0.064,-0.77279,3.5702,-4.2049e+05,6.4859e+05,14872,14872
0.496,0.048,240.19,268.12,-4.2009e+05,6.3074e+05,8004.1,8004.1
0.496,0.032,-66.583,126.8,0,0,2555,2555
0.496,0.016,-0.74474,62.205,0,0,73.914,73.914
