0.016,0.496,-0.68848,-2.323,-32976,53132,-353.12,353.12
0.016,0.48,0.91638,2.4114,-37531,49094,-822.89,822.89
0.016,0.464,3.0898,1.1869,-40389,49964,-777.55,777.55
0.016,0.448,-0.93999,1.1227,-5592.9,-3539.2,-150.35,150.35
0.016,0.432,0.69162,2.2576,-17510,-3425.7,-306.8,306.8
0.016,0.416,4.8669,0.39585,-25610,1331.6,3231,3231
0.016,0.4,3.8342,-0.77904,-2.029e+05,-27189,8952.9,8952.9
0.016,0.384,5.2659,-0.68722,-1.9606e+05,-32460,15864,15864
0.016,0.368,5.724,-1.3703,-1.9459e+05,-46160,18438,18438
0.016,0.352,3.1485,0.078199,522.01,-22084,13617,13617
0.016,0.336,4.8796,0.69416,57078,-53191,10294,10294
0.016,0.32,3.3899,0.57105,68342,-50825,6700.7,6700.7
0.016,0.304,0.16352,0.55809,48214,-54779,8693.7,8693.7
0.016,0.288,0.78798,-0.22711,-6086,-13931,11992,11992
0.016,0.272,1.4649,-2.4097,-40223,57810,16155,16155
0.016,0.256,-0.20589,-1.275,-78107,1.5629e+05,17714,17714
0.016,0.24,-0.98461,2.2136,-71842,1.4733e+05,14019,14019
0.016,0.224,-1.526,2.5749,-35573,66804,10794,10794
0.016,0.208,-1.4617,2.1822,32963,28351,8349.1,8349.1
0.016,0.192,-1.3503,1.5164,30166,39637,5999.7,5999.7
0.016,0.176,-2.7195,-0.941,36574,70925,2439.8,2439.8
0.016,0.16,-1.5589,-0.94465,9396.6,26664,-1426.1,1426.1
0.016,0.144,-1.2763,0.43238,11777,23718,-1070.2,1070.2
0.016,0.128,2.2398,-1.9503,-1433.1,7993,-1267.6,1267.6
0.016,0.112,5.2264,-0.17021,-939.59,7501.4,1419.9,1419.9
0.016,0.096,0.37319,-0.3901,5802.7,9637,2326.9,2326.9
0.016,0.08,1.4318,0.9818,20805,17993,4962,4962
0.016,0.064,-0.84992,0.23942,16125,7304.7,3783.5,3783.5
0.016,0.048,-0.24667,0.039523,10908,5243,2295.2,2295.2
0.016,0.032,1.3835,-0.23642,-1200,-4181.8,73.347,73.347
0.016,0.016,5.7145,-7.3553,0,0,-166.87,166.87
0.032,0.496,1.5126,0.87434,-37098,59774,-387.08,387.08
0.032,0.48,0.23284,3.3183,-46050,47703,-736.7,736.7
0.032,0.464,-0.20739,-0.41661,-53645,49298,-629.95,629.95
0.032,0.448,-0.15359,0.36584,-12922,-6117.3,-83.439,83.439
0.032,0.432,-0.25692,0.33667,-15848,1834,430.48,430.48
0.032,0.416,-0.43948,-0.47096,-1.0219e+05,10007,2086.9,2086.9
0.032,0.4,-0.46502,-0.22195,-2.371e+05,-3.0425e+05,5937.9,5937.9
0.032,0.384,-2.9552,-2.5294,-1.6668e+05,-5.2921e+05,9961.4,9961.4
0.032,0.368,0.40777,-0.74978,-1.5493e+05,-6.271e+05,12569,12569
0.032,0.352,1.0926,0.085968,-2578.2,-4.1193e+05,13313,13313
0.032,0.336,2.5887,1.0737,30704,-3.4087e+05,15487,15487
0.032,0.32,3.563,1.5189,58514,-1.3586e+05,15797,15797
0.032,0.304,0.00283,-0.46738,-53497,60791,10559,10559
0.032,0.288,-0.36539,0.21394,-2.298e+05,3.3305e+05,2772.1,2772.1
0.032,0.272,-0.74047,1.1282,-2.6008e+05,4.1926e+05,-4774.8,4774.8
0.032,0.256,-1.4028,2.9901,-2.5053e+05,5.0172e+05,-4743.6,4743.6
0.032,0.24,-2.0948,4.2071,-1.3456e+05,3.6056e+05,-3039.2,3039.2
0.032,0.224,-1.7059,2.5862,-58990,1.4192e+05,559.34,559.34
0.032,0.208,-1.1272,0.17063,27273,10131,1652.9,1652.9
0.032,0.192,0.18246,2.5195,-55237,33725,1767,1767
0.032,0.176,-1.6122,1.5083,-28178,66317,1431.4,1431.4
0.032,0.16,-1.1372,1.0619,-24802,22671,878.32,878.32
0.032,0.144,-0.62029,0.55244,18318,44829,498.77,498.77
0.032,0.128,-0.089661,-0.27984,-20457,28430,184.69,184.69
0.032,0.112,-0.1074,0.059718,-43525,-4660.9,144.61,144.61
0.032,0.096,0.25206,0.52915,-49085,-21693,577.09,577.09
0.032,0.08,0.34402,0.89549,3134.9,14280,882.43,882.43
0.032,0.064,0.80907,1.8419,21873,29723,810.29,810.29
0.032,0.048,0.5845,0.3766,34334,26588,324.81,324.81
0.032,0.032,0.72385,1.184,2074.5,-9869.3,108.51,108.51
0.032,0.016,0.15747,-5.3426,0,0,-211.56,211.56
0.048,0.496,0.88196,1.1085,-42397,68313,-649.21,649.21
0.048,0.48,0.37885,3.5473,-48911,63084,-1055.1,1055.1
0.048,0.464,-0.82523,-0.96119,-59338,66904,-190.18,190.18
0.048,0.448,-0.76128,-0.1582,-14289,615.2,1956.8,1956.8
0.048,0.432,-0.11376,-0.23433,-24059,-2033.5,5435.3,5435.3
0.048,0.416,-0.087169,-0.58108,-1.2267e+05,5160.1,11147,11147
0.048,0.4,-1.65,-0.92163,-2.0129e+05,-4.9967e+05,18462,18462
0.048,0.384,6.1035,-2.7155,-1.0906e+05,-9.0109e+05,22843,22843
0.048,0.368,6.6007,0.71405,-8.1501e+05,-6.1646e+05,24649,24649
0.048,0.352,1.5995,1.0108,-9.5167e+05,-97757,23595,23595
0.048,0.336,1.2303,1.1468,-1.1573e+06,3.3361e+05,23946,23946
0.048,0.32,2.3332,2.3229,-6.1521e+05,4.7042e+05,20060,20060
0.048,0.304,-0.82159,6.7477,-6.1777e+05,7.3696e+05,12550,12550
0.048,0.288,-1.5349,7.1939,-7.0427e+05,1.0112e+06,-769.54,769.54
0.048,0.272,-2.3482,7.391,-6.8114e+05,1.1121e+06,-16897,16897
0.048,0.256,-2.7421,7.1953,-6.527e+05,1.0901e+06,-19826,19826
0.048,0.24,-3.0893,6.3,-4.1277e+05,7.3781e+05,-15266,15266
0.048,0.224,-1.2516,4.696,-2.0008e+05,2.9324e+05,-3092.5,3092.5
0.048,0.208,-1.8974,0.37607,-68088,93422,-541.04,541.04
0.048,0.192,-1.9313,1.0612,-1.0389e+05,96095,570.66,570.66
0.048,0.176,-2.2012,2.1264,-50748,1.1001e+05,657.71,657.71
0.048,0.16,-0.92749,1.5982,16014,14932,803.66,803.66
0.048,0.144,-0.58344,1.1688,32149,37157,722.98,722.98
0.048,0.128,-1.2491,1.2552,-5432.8,36786,209.68,209.68
0.048,0.112,-1.56,-0.19371,-44022,-11929,218.79,218.79
0.048,0.096,-1.5911,-1.1595,-32641,-7107.7,796.12,796.12
0.048,0.08,-1.4806,0.80451,-3026.1,63119,1338.2,1338.2
0.048,0.064,-0.18501,2.4295,21104,73427,1166.2,1166.2
0.048,0.048,0.41381,0.56938,14432,53906,436.13,436.13
0.048,0.032,0.81118,2.9272,2517.8,-17064,98.494,98.494
0.048,0.016,0.018224,-5.4505,0,0,-398.3,398.3
0.064,0.496,0.53283,-0.2091,0,0,-315.37,315.37
0.064,0.48,1.7416,3.4069,-75966,-46391,-465.02,465.02
0.064,0.464,-0.83159,-0.027597,-90727,-22009,1514.3,1514.3
0.064,0.448,-0.83946,-0.097697,23891,-2.686e+05,7840.9,7840.9
0.064,0.432,-0.23261,-0.23481,2.4876e+05,-4.8538e+05,19390,19390
0.064,0.416,-0.39854,0.19461,3.9359e+05,-7.8789e+05,34474,34474
0.064,0.4,100.9,-32.618,5.8573e+05,-1.1136e+06,46723,46723
0.064,0.384,6.8822,1.1155,5.676e+05,-1.2001e+06,49225,49225
0.064,0.368,5.9817,2.7399,-6.237e+05,-3.7683e+05,45561,45561
0.064,0.352,1.0111,6.6688,-2.2157e+06,8.7379e+05,36970,36970
0.064,0.336,-0.46371,8.6647,-4.2681e+06,2.1965e+06,28956,28956
0.064,0.32,-1.3142,10.594,-4.4687e+06,2.7063e+06,16484,16484
0.064,0.304,-1.9871,11.822,-3.6653e+06,2.7954e+06,6364.6,6364.6
0.064,0.288,-2.8488,12.609,-2.2935e+06,2.5103e+06,-8404,8404
0.064,0.272,-4.1471,12.009,-1.4077e+06,2.1404e+06,-29321,29321
0.064,0.256,-6.2821,10.613,-1.1172e+06,1.6801e+06,-36864,36864
0.064,0.24,-5.4996,8.6735,-5.9998e+05,9.7867e+05,-31299,31299
0.064,0.224,-3.5586,7.8005,-2.6499e+05,3.5777e+05,-12430,12430
0.064,0.208,-3.7189,5.6422,-1.0001e+05,86592,-6202.3,6202.3
0.064,0.192,-3.8082,4.3304,-72898,58493,-3809,3809
0.064,0.176,-1.1485,2.5304,-54232,19080,-2504.9,2504.9
0.064,0.16,-1.5594,0.78914,71663,-14476,-299.25,299.25
0.064,0.144,-0.66784,2.1794,57357,-8000.8,721.7,721.7
0.064,0.128,0.37523,0.54847,60843,5123.7,561.33,561.33
0.064,0.112,-0.43172,0.029696,-26050,-48901,238.19,238.19
0.064,0.096,-0.19282,-0.36968,-16861,-20004,825.52,825.52
0.064,0.08,1.1049,1.4815,-18807,64743,1351,1351
0.064,0.064,-0.37593,3.0269,25274,61465,1159,1159
0.064,0.048,-0.27003,0.38095,8635.6,42611,381.47,381.47
0.064,0.032,-0.84632,3.0015,5289.4,-26030,29.793,29.793
0.064,0.016,-0.21872,-7.7833,0,0,-287.7,287.7
0.08,0.496,0.87134,0.32403,0,0,-60.373,60.373
0.08,0.48,3.2669,3.2771,-57362,-88285,62.148,62.148
0.08,0.464,1.481,2.5454,-79540,-77669,3691.4,3691.4
0.08,0.448,-0.95073,1.451,2.0869e+05,-7.9467e+05,13905,13905
0.08,0.432,6.4123,-1.422,6.526e+05,-1.4474e+06,34806,34806
0.08,0.416,8.0036,1.3068,1.0416e+06,-2.148e+06,59993,59993
0.08,0.4,7.7613,2.0091,1.158e+06,-1.8883e+06,78181,78181
0.08,0.384,7.0541,3.7787,6.6863e+05,-1.0105e+06,78121,78121
0.08,0.368,5.1097,6.4739,-7.9165e+05,6.8888e+05,67230,67230
0.08,0.352,-2.5839,11.488,-2.5358e+06,2.3875e+06,48698,48698
0.08,0.336,-5.1933,13.514,-4.5188e+06,3.9033e+06,28614,28614
0.08,0.32,-4.6567,16.519,-4.818e+06,4.4157e+06,3477.8,3477.8
0.08,0.304,-4.675,18.069,-4.0901e+06,4.4754e+06,-10284,10284
0.08,0.288,-5.2733,19.013,-2.7099e+06,4.0131e+06,-23202,23202
0.08,0.272,-4.926,18.539,-2.2323e+06,3.6319e+06,-40661,40661
0.08,0.256,-4.9786,16.928,-1.9461e+06,2.9266e+06,-51111,51111
0.08,0.24,-5.3894,13.321,-1.3285e+06,1.7979e+06,-44833,44833
0.08,0.224,-4.5094,11.132,-4.5071e+05,6.0582e+05,-26143,26143
0.08,0.208,-4.4277,9.5978,-61996,-15981,-18124,18124
0.08,0.192,-3.5882,7.5499,1.128e+05,-1.6453e+05,-15687,15687
0.08,0.176,-2.0916,6.1556,1.3507e+05,-1.6227e+05,-11501,11501
0.08,0.16,-1.7386,3.2835,1.926e+05,-1.5015e+05,-4538.5,4538.5
0.08,0.144,-0.47415,4.0993,1.3772e+05,-1.2192e+05,-611.23,611.23
0.08,0.128,0.029468,2.6229,1.6349e+05,-62165,1295.9,1295.9
0.08,0.112,1.3469,1.7442,1.2981e+05,-99539,759.09,759.09
0.08,0.096,-0.49781,1.8879,75402,8600,549.07,549.07
0.08,0.08,0.3699,2.0296,5942.5,53866,813.87,813.87
0.08,0.064,0.26493,2.2686,-30035,74233,667.05,667.05
0.08,0.048,-0.56022,1.0559,-31682,20505,142.56,142.56
0.08,0.032,-0.81228,2.6325,-20385,-6049.3,-114.64,114.64
0.08,0.016,-0.22689,-0.84398,0,0,-252.24,252.24
0.096,0.496,3.0214,4.0968,0,0,150.54,150.54
0.096,0.48,3.0055,3.4991,-74039,-1.1794e+05,110.43,110.43
0.096,0.464,3.5611,4.6762,-1.4462e+05,-43888,4554,4554
0.096,0.448,21.951,9.3112,2.4592e+05,-1.1613e+06,17233,17233
0.096,0.432,6.9886,4.2728,6.7916e+05,-1.8188e+06,43535,43535
0.096,0.416,8.2781,2.9915,9.1276e+05,-2.3672e+06,74267,74267
0.096,0.4,8.4436,2.1853,7.9857e+05,-1.7684e+06,96063,96063
0.096,0.384,5.9985,6.3543,-1.396e+05,-6.3054e+05,95369,95369
0.096,0.368,-1.755,12.904,-8.8503e+05,1.0886e+06,79390,79390
0.096,0.352,-4.6055,19.011,-2.348e+06,2.876e+06,55398,55398
0.096,0.336,-3.7846,22.272,-3.7433e+06,4.434e+06,30900,30900
0.096,0.32,-3.2612,26.711,-5.0351e+06,5.1102e+06,641.69,641.69
0.096,0.304,-3.4673,27.532,-4.603e+06,5.2815e+06,-26166,26166
0.096,0.288,-4.2299,28.193,-3.5257e+06,4.8172e+06,-47098,47098
0.096,0.272,-5.2745,27.269,-2.8124e+06,4.433e+06,-64212,64212
0.096,0.256,-6.0594,25.815,-2.4957e+06,3.6329e+06,-70668,70668
0.096,0.24,-5.6225,24.012,-1.7186e+06,2.479e+06,-64347,64347
0.096,0.224,-4.5693,17.398,-6.5516e+05,1.0283e+06,-51889,51889
0.096,0.208,-4.002,13.382,2216.6,-1.5116e+05,-44220,44220
0.096,0.192,-3.4765,10.231,2.4445e+05,-7.4872e+05,-36566,36566
0.096,0.176,-2.2257,7.9599,2.8062e+05,-7.6466e+05,-25336,25336
0.096,0.16,-1.6965,5.9633,2.3926e+05,-5.2588e+05,-11543,11543
0.096,0.144,-1.8781,4.4661,1.2521e+05,-2.9795e+05,-4686.3,4686.3
0.096,0.128,0.33063,2.8762,33054,-1.5437e+05,-220.01,220.01
0.096,0.112,0.78439,2.7861,-61224,-82997,779.79,779.79
0.096,0.096,1.2011,1.4402,-72444,15817,-269.57,269.57
0.096,0.08,-0.49389,2.9878,-11325,21637,-410.31,410.31
0.096,0.064,-0.14739,1.7065,11924,11668,-325.63,325.63
0.096,0.048,-1.3765,2.5954,2808.5,-16160,-464.58,464.58
0.096,0.032,-0.89765,3.6523,-27811,-5794.9,-302.79,302.79
0.096,0.016,-0.2149,-2.3972,0,0,-219.82,219.82
0.112,0.496,3.37,2.5494,0,0,42.857,42.857
0.112,0.48,4.3493,3.632,20250,-77896,-181.75,181.75
0.112,0.464,3.7113,9.3297,-42994,-12424,3287.5,3287.5
0.112,0.448,2.0166,9.0829,1.5271e+05,-1.038e+06,13404,13404
0.112,0.432,3.806,8.7106,2.5768e+05,-1.5831e+06,35364,35364
0.112,0.416,1.9397,5.7511,2.6712e+05,-1.8456e+06,60968,60968
0.112,0.4,0.9551,4.4932,1.1525e+05,-1.4369e+06,83186,83186
0.112,0.384,-0.23491,8.1531,-7.0667e+05,-3.5409e+05,86674,86674
0.112,0.368,-1.8413,14.323,-1.0153e+06,1.0864e+06,76672,76672
0.112,0.352,-2.2142,20.914,-1.1855e+06,2.3023e+06,55362,55362
0.112,0.336,-1.6506,25.605,-8.3147e+05,3.2183e+06,31543,31543
0.112,0.32,-1.5833,29.131,-1.4161e+06,3.703e+06,907.09,907.09
0.112,0.304,-2.1342,30.041,-1.8276e+06,4.1846e+06,-35523,35523
0.112,0.288,-3.2564,29.123,-2.1202e+06,3.9652e+06,-68950,68950
0.112,0.272,-5.1481,25.542,-2.2413e+06,3.4494e+06,-94462,94462
0.112,0.256,-6.2656,24.734,-2.1364e+06,2.4803e+06,-99240,99240
0.112,0.24,-5.9444,25.844,-1.6486e+06,1.6238e+06,-88915,88915
0.112,0.224,-6.5921,24.86,-7.1792e+05,5.7982e+05,-76653,76653
0.112,0.208,-3.7096,22.754,-94789,-4.1052e+05,-69977,69977
0.112,0.192,-3.3958,17.173,2.4414e+05,-1.0086e+06,-62076,62076
0.112,0.176,-3.3656,13.278,4.3762e+05,-1.1571e+06,-44506,44506
0.112,0.16,-2.8686,10.573,3.8417e+05,-9.7802e+05,-25522,25522
0.112,0.144,-2.3162,6.1861,2.0528e+05,-7.6805e+05,-12992,12992
0.112,0.128,-3.0764,3.0221,8636.2,-4.369e+05,-6202.3,6202.3
0.112,0.112,-3.6889,2.9522,-22505,-2.1979e+05,-2079.7,2079.7
0.112,0.096,-2.9666,4.1097,-4459.9,-1.162e+05,-777.24,777.24
0.112,0.08,-0.69187,3.3193,45269,-1.2621e+05,-412.95,412.95
0.112,0.064,0.37379,3.5914,8281.9,-1.4727e+05,-104.13,104.13
0.112,0.048,-0.11514,3.5213,-21821,-96397,-449,449
0.112,0.032,-0.46045,4.0405,-32922,-52064,-358.25,358.25
0.112,0.016,0.14522,-3.0089,0,0,-310.49,310.49
0.128,0.496,2.2915,5.1569,0,0,-63.974,63.974
0.128,0.48,2.1844,13.698,0,0,-414.85,414.85
0.128,0.464,2.6232,19.408,-1.6699e+05,2.8674e+05,-5650.2,5650.2
0.128,0.448,1.2843,14.164,-2.0834e+05,-4.0895e+05,-6012.7,6012.7
0.128,0.432,-0.46869,11.357,-2.3864e+05,-7.8364e+05,6961.5,6961.5
0.128,0.416,0.044564,10.437,-3.5461e+05,-9.5205e+05,27908,27908
0.128,0.4,-0.44592,10.206,-5.3396e+05,-8.2e+05,47311,47311
0.128,0.384,-1.0254,10.742,-1.0332e+06,-2.4803e+05,55942,55942
0.128,0.368,-1.1592,14.069,-1.1405e+06,5.2862e+05,60224,60224
0.128,0.352,-0.90186,17.316,-1.0753e+06,1.2491e+06,54947,54947
0.128,0.336,-0.13372,19.358,-7.218e+05,1.6735e+06,34746,34746
0.128,0.32,-1.4931,21.572,-1.1755e+06,1.8789e+06,-1673.8,1673.8
0.128,0.304,-1.7274,22.231,-1.4058e+06,2.2662e+06,-46254,46254
0.128,0.288,-3.1215,22.356,-1.5171e+06,2.1234e+06,-88894,88894
0.128,0.272,-4.254,19.577,-1.1954e+06,1.5061e+06,-1.1935e+05,1.1935e+05
0.128,0.256,-5.7384,15.95,-1.1148e+06,6.4299e+05,-1.226e+05,1.226e+05
0.128,0.24,-5.0857,17.405,-8.5756e+05,3.5135e+05,-1.0693e+05,1.0693e+05
0.128,0.224,-5.0346,22.812,-4.9101e+05,1.4468e+05,-87643,87643
0.128,0.208,-3.3694,24.228,-85979,-1.9857e+05,-79194,79194
0.128,0.192,-3.5091,20.134,2.1215e+05,-6.5008e+05,-70040,70040
0.128,0.176,-1.5207,16.016,3.88e+05,-9.6999e+05,-53609,53609
0.128,0.16,-0.18794,12.367,3.4366e+05,-1.0801e+06,-33699,33699
0.128,0.144,-1.0926,7.8196,1.1794e+05,-1.0249e+06,-18582,18582
0.128,0.128,-0.69081,6.7644,-96816,-6.5252e+05,-8537.3,8537.3
0.128,0.112,-0.35167,7.5657,-1.2405e+05,-3.1335e+05,-2360,2360
0.128,0.096,1.0285,6.4994,7488.2,-2.2741e+05,1281.9,1281.9
0.128,0.08,2.2583,4.0167,1.0478e+05,-2.0639e+05,2796.1,2796.1
0.128,0.064,0.61101,4.9287,98328,-2.4613e+05,2744.6,2744.6
0.128,0.048,0.37382,3.3228,16640,-1.0747e+05,1061.8,1061.8
0.128,0.032,1.757,3.8259,-7232.7,-65812,178.54,178.54
0.128,0.016,2.6251,3.561,0,0,-414.27,414.27
0.144,0.496,2.0602,19.707,0,0,-99.974,99.974
0.144,0.48,1.5131,22.689,0,0,-251.2,251.2
0.144,0.464,2.4952,25.289,NaN,NaN,-9575.8,9575.8
0.144,0.448,-0.43201,22.9,-6.6461e+05,4.8456e+05,-19237,19237
0.144,0.432,-0.017617,19.339,-6.6589e+05,-4.5604e+05,-24641,24641
0.144,0.416,1.0001,19.681,-5.7564e+05,-6.2369e+05,-9772,9772
0.144,0.4,0.60015,18.337,-5.4087e+05,-1.036e+06,1634.1,1634.1
0.144,0.384,-0.46474,15.75,-5.4919e+05,-6.8474e+05,18544,18544
0.144,0.368,-2.85,15.859,-6.1514e+05,-3.773e+05,33229,33229
0.144,0.352,-3.4963,13.119,-5.7421e+05,82333,39501,39501
0.144,0.336,-2.3998,11.5,-6.1928e+05,1.8382e+05,28813,28813
0.144,0.32,-2.9233,8.9936,-5.4872e+05,4.4852e+05,-6548.2,6548.2
0.144,0.304,-2.8728,14.065,-5.0418e+05,7.6129e+05,-54979,54979
0.144,0.288,-2.3467,17.692,-2.7713e+05,7.8955e+05,-1.0069e+05,1.0069e+05
0.144,0.272,-1.8621,11.417,-91555,1.3938e+05,-1.3665e+05,1.3665e+05
0.144,0.256,-2.4558,10.051,45946,-5.8455e+05,-1.3862e+05,1.3862e+05
0.144,0.24,-2.0133,11.677,78252,-7.9206e+05,-1.2001e+05,1.2001e+05
0.144,0.224,-2.0301,15.055,98860,-6.5664e+05,-96505,96505
0.144,0.208,-1.6715,16.477,1.0615e+05,-5.0121e+05,-85931,85931
0.144,0.192,-0.71366,14.884,1.9465e+05,-5.4933e+05,-81272,81272
0.144,0.176,0.13691,12.705,2.1288e+05,-8.0235e+05,-68949,68949
0.144,0.16,-0.18988,10.131,1.3526e+05,-1.0265e+06,-48538,48538
0.144,0.144,-1.2847,8.0421,716.03,-1.0846e+06,-27365,27365
0.144,0.128,-1.2384,7.5946,-53942,-7.299e+05,-11332,11332
0.144,0.112,-0.16846,8.0228,33637,-4.1716e+05,-2653.8,2653.8
0.144,0.096,0.81352,6.7551,1.0707e+05,-2.2704e+05,4599.5,4599.5
0.144,0.08,0.95436,6.2461,94912,-9098.8,8318.5,8318.5
0.144,0.064,0.81803,8.1921,9139.3,2.0514e+05,8450.9,8450.9
0.144,0.048,0.82805,8.3877,-30833,2.7212e+05,4939,4939
0.144,0.032,0.048213,11.202,-24158,1.4707e+05,1803.3,1803.3
0.144,0.016,-1.3592,10.027,0,0,27.743,27.743
0.16,0.496,2.9075,29.451,0,0,-99.974,99.974
0.16,0.48,3.628,27.596,0,0,-149.96,149.96
0.16,0.464,1.0791,25.994,NaN,NaN,-14638,14638
0.16,0.448,-0.71414,22.186,NaN,NaN,-55887,55887
0.16,0.432,-0.46774,19.735,NaN,NaN,-55274,55274
0.16,0.416,-0.67622,21.847,-3.9145e+05,-8.5668e+05,-31264,31264
0.16,0.4,-0.72979,20.634,-4.4518e+05,-1.3839e+06,-21000,21000
0.16,0.384,-1.5436,15.204,-4.9158e+05,-1.1573e+06,-11505,11505
0.16,0.368,-2.797,12.731,-5.8549e+05,-9.7186e+05,-7065.3,7065.3
0.16,0.352,-4.0717,11.517,-6.3636e+05,-6.1234e+05,2733,2733
0.16,0.336,-4.8463,10.874,-7.235e+05,-5.4641e+05,1895.7,1895.7
0.16,0.32,-6.0397,9.9375,-6.427e+05,-2.548e+05,-15561,15561
0.16,0.304,-3.3904,17.185,-4.2235e+05,1.1864e+05,-56757,56757
0.16,0.288,-2.9918,17.066,-1.0968e+05,5.5222e+05,-1.0299e+05,1.0299e+05
0.16,0.272,-3.0215,14.646,2.1631e+05,4.2512e+05,-1.3839e+05,1.3839e+05
0.16,0.256,-1.2124,11.907,4.2321e+05,-7585.9,-1.4238e+05,1.4238e+05
0.16,0.24,-0.16638,14.409,6.0079e+05,-6.102e+05,-1.2369e+05,1.2369e+05
0.16,0.224,0.68213,15.137,6.3132e+05,-1.1901e+06,-1.0798e+05,1.0798e+05
0.16,0.208,2.0789,14.597,4.742e+05,-1.483e+06,-1.0484e+05,1.0484e+05
0.16,0.192,2.4816,13.482,2.4938e+05,-1.602e+06,-1.0597e+05,1.0597e+05
0.16,0.176,1.6084,10.353,5610.2,-1.5607e+06,-1.0028e+05,1.0028e+05
0.16,0.16,0.1247,8.4106,-1.2794e+05,-1.5342e+06,-78625,78625
0.16,0.144,0.088992,7.2291,-1.6503e+05,-1.411e+06,-49747,49747
0.16,0.128,0.46672,6.2815,-1.2877e+05,-1.1248e+06,-22405,22405
0.16,0.112,1.4704,6.9029,-59932,-8.0946e+05,-6849.5,6849.5
0.16,0.096,1.0443,7.351,-30126,-4.4114e+05,2822.8,2822.8
0.16,0.08,-0.095264,10.489,-32313,27694,9839.5,9839.5
0.16,0.064,0.45655,15.281,-1.0714e+05,5.1374e+05,11437,11437
0.16,0.048,-1.0606,17.254,-93649,5.293e+05,7587,7587
0.16,0.032,-1.024,18.468,-74638,3.1525e+05,3023.1,3023.1
0.16,0.016,-0.032764,14.437,0,0,100.44,100.44
0.176,0.496,3.3294,30.813,0,0,0,0
0.176,0.48,3.7475,27.173,0,0,-0,0
0.176,0.464,1.1958,22.06,NaN,NaN,0,0
0.176,0.448,-0.85011,18.579,NaN,NaN,NaN,NaN
0.176,0.432,-1.4835,18.609,NaN,NaN,-1.1226e+05,1.1226e+05
0.176,0.416,-2.2934,21.817,NaN,NaN,-37611,37611
0.176,0.4,-2.0743,20.719,-5.582e+05,-1.461e+06,-32299,32299
0.176,0.384,-1.6846,15.05,-4.988e+05,-1.3601e+06,-30074,30074
0.176,0.368,-2.6845,13.874,-6.0622e+05,-1.133e+06,-45492,45492
0.176,0.352,-3.2268,16.135,-7.3219e+05,-7.2752e+05,-50742,50742
0.176,0.336,-4.4512,17.164,-9.4936e+05,-2.3076e+05,-38844,38844
0.176,0.32,-5.7368,23.433,-9.1748e+05,3.5083e+05,-24485,24485
0.176,0.304,-3.7287,26.398,-6.1902e+05,8.655e+05,-39447,39447
0.176,0.288,-1.1739,25.738,-1.9641e+05,1.2594e+06,-81864,81864
0.176,0.272,-1.4123,23.873,3.0341e+05,1.1543e+06,-1.25e+05,1.25e+05
0.176,0.256,1.4166,22.117,6.5133e+05,7.8211e+05,-1.3309e+05,1.3309e+05
0.176,0.24,2.7812,21.922,8.8719e+05,1.3578e+05,-1.2118e+05,1.2118e+05
0.176,0.224,3.9923,21.495,9.0311e+05,-7.4598e+05,-1.1615e+05,1.1615e+05
0.176,0.208,4.1759,19.001,7.1911e+05,-1.7767e+06,-1.2667e+05,1.2667e+05
0.176,0.192,3.4579,15.973,4.6265e+05,-2.5941e+06,-1.3779e+05,1.3779e+05
0.176,0.176,2.5692,12.665,1.7775e+05,-2.9051e+06,-1.3656e+05,1.3656e+05
0.176,0.16,2.0888,9.8966,60407,-2.8091e+06,-1.1509e+05,1.1509e+05
0.176,0.144,2.8704,8.0421,1.156e+05,-2.5862e+06,-78520,78520
0.176,0.128,3.315,7.8734,2.2979e+05,-2.2771e+06,-40413,40413
0.176,0.112,3.3767,8.7448,2.6622e+05,-1.8664e+06,-14701,14701
0.176,0.096,3.1101,10.688,1.4794e+05,-1.2283e+06,-2245.7,2245.7
0.176,0.08,2.8635,14.329,-13155,-4.1707e+05,4967.3,4967.3
0.176,0.064,2.2894,17.068,-1.4025e+05,2.9673e+05,7388.6,7388.6
0.176,0.048,1.6398,17.21,-1.1553e+05,4.2866e+05,5855.5,5855.5
0.176,0.032,0.90495,20.287,-57645,2.5083e+05,2719.6,2719.6
0.176,0.016,0.028183,20.26,0,0,338.18,338.18
0.192,0.496,1.3194,30.804,0,0,0,0
0.192,0.48,3.8021,26.115,0,0,-0,0
0.192,0.464,2.9596,22.335,NaN,NaN,0,0
0.192,0.448,1.458,24.206,NaN,NaN,NaN,NaN
0.192,0.432,0.49395,23.971,NaN,NaN,NaN,NaN
0.192,0.416,0.58007,23.414,NaN,NaN,-34394,34394
0.192,0.4,-1.033,22.475,-5.7403e+05,-1.3295e+06,-41119,41119
0.192,0.384,-1.6775,20.122,-4.8001e+05,-1.2197e+06,-53566,53566
0.192,0.368,-1.672,18.42,-5.6715e+05,-9.5612e+05,-82512,82512
0.192,0.352,-2.5188,24.994,-7.0795e+05,-5.4504e+05,-1.0417e+05,1.0417e+05
0.192,0.336,-3.4875,30.611,-9.5915e+05,80607,-1.0628e+05,1.0628e+05
0.192,0.32,-3.4751,34.802,-9.801e+05,7.2068e+05,-77500,77500
0.192,0.304,-2.5427,37.732,-6.6523e+05,1.3323e+06,-53965,53965
0.192,0.288,0.23333,38.187,-2.2361e+05,1.8112e+06,-64091,64091
0.192,0.272,1.8824,37.906,2.1314e+05,1.8437e+06,-96647,96647
0.192,0.256,2.4499,37.173,4.8431e+05,1.5224e+06,-1.1058e+05,1.1058e+05
0.192,0.24,2.8979,35.209,7.7885e+05,8.725e+05,-1.0553e+05,1.0553e+05
0.192,0.224,2.5454,33.103,8.8201e+05,-54255,-1.0594e+05,1.0594e+05
0.192,0.208,2.5506,30.605,8.0046e+05,-1.2764e+06,-1.2943e+05,1.2943e+05
0.192,0.192,3.6124,25.783,6.291e+05,-2.5192e+06,-1.4874e+05,1.4874e+05
0.192,0.176,3.4705,21.632,4.6488e+05,-3.3831e+06,-1.5192e+05,1.5192e+05
0.192,0.16,3.7933,18.026,4.4339e+05,-3.5831e+06,-1.3423e+05,1.3423e+05
0.192,0.144,4.6272,16.379,4.8102e+05,-3.3481e+06,-97560,97560
0.192,0.128,5.1824,18.049,5.5334e+05,-2.8515e+06,-54135,54135
0.192,0.112,5.2112,21.455,5.4029e+05,-2.2572e+06,-21563,21563
0.192,0.096,4.7557,25.284,4.4746e+05,-1.572e+06,-6081.7,6081.7
0.192,0.08,2.4238,28.995,2.8523e+05,-8.772e+05,-676.02,676.02
0.192,0.064,1.5559,29.734,1.4562e+05,-2.8342e+05,1907.2,1907.2
0.192,0.048,3.1651,31.783,61306,-1871.2,2591.5,2591.5
0.192,0.032,4.4004,32.06,27634,35838,1531,1531
0.192,0.016,3.4103,33.066,0,0,184.73,184.73
0.208,0.496,1.8763,32.993,0,0,0,0
0.208,0.48,1.4138,27.603,0,0,-0,0
0.208,0.464,0.096999,26.915,NaN,NaN,0,0
0.208,0.448,-0.023716,30.883,NaN,NaN,NaN,NaN
0.208,0.432,-2.1864,31.757,NaN,NaN,NaN,NaN
0.208,0.416,-2.3723,30.577,NaN,NaN,-41638,41638
0.208,0.4,-2.2375,26.892,-9.3277e+05,-1.166e+06,-53353,53353
0.208,0.384,-1.4856,26.741,-7.0879e+05,-1.0296e+06,-66165,66165
0.208,0.368,-1.7124,26.929,-8.2271e+05,-7.0243e+05,-96904,96904
0.208,0.352,-2.3475,33.85,-9.2639e+05,-1.3326e+05,-1.2804e+05,1.2804e+05
0.208,0.336,-2.7382,39.013,-1.18e+06,5.6995e+05,-1.3566e+05,1.3566e+05
0.208,0.32,-2.2108,40.793,-1.1797e+06,1.2181e+06,-1.0501e+05,1.0501e+05
0.208,0.304,-1.9956,42.839,-9.0419e+05,1.8721e+06,-43733,43733
0.208,0.288,-0.94977,43.745,-4.0923e+05,2.2089e+06,-30715,30715
0.208,0.272,0.083341,43.58,-43798,2.2505e+06,-49935,49935
0.208,0.256,0.77116,43.519,1.9015e+05,2.0666e+06,-72050,72050
0.208,0.24,1.2419,42.599,4.5004e+05,1.7899e+06,-80867,80867
0.208,0.224,1.3687,40.935,5.9884e+05,1.214e+06,-87281,87281
0.208,0.208,2.0007,38.579,6.4585e+05,1.2432e+05,-1.1021e+05,1.1021e+05
0.208,0.192,2.8047,33.855,6.3074e+05,-1.2483e+06,-1.2745e+05,1.2745e+05
0.208,0.176,2.6881,27.807,5.8803e+05,-2.4707e+06,-1.2851e+05,1.2851e+05
0.208,0.16,3.1357,26.803,6.4603e+05,-3.0341e+06,-1.1267e+05,1.1267e+05
0.208,0.144,3.8286,29.1,7.8256e+05,-3e+06,-82380,82380
0.208,0.128,2.2147,32.718,9.1284e+05,-2.5487e+06,-49500,49500
0.208,0.112,3.0693,38.101,9.3714e+05,-1.9828e+06,-20454,20454
0.208,0.096,3.3382,39.671,8.3728e+05,-1.4193e+06,-5655.9,5655.9
0.208,0.08,3.5954,41.268,6.8026e+05,-9.6617e+05,1736.4,1736.4
0.208,0.064,3.3677,41.558,5.3262e+05,-5.7337e+05,2442.1,2442.1
0.208,0.048,2.8469,42.332,3.1552e+05,-2.6003e+05,2737.5,2737.5
0.208,0.032,2.9283,42.682,1.5951e+05,-1.0001e+05,1885.9,1885.9
0.208,0.016,1.8632,40.59,0,0,562.72,562.72
0.224,0.496,3.7033,36.136,0,0,-0,0
0.224,0.48,3.1984,29.784,0,0,-0,0
0.224,0.464,1.1614,30.009,NaN,NaN,0,0
0.224,0.448,-1.0101,33.541,NaN,NaN,NaN,NaN
0.224,0.432,-1.9362,36.718,NaN,NaN,NaN,NaN
0.224,0.416,-2.4071,37.94,NaN,NaN,-71113,71113
0.224,0.4,-2.0796,37.636,NaN,NaN,-75547,75547
0.224,0.384,-1.7526,37.123,NaN,NaN,-87544,87544
0.224,0.368,-0.61979,37,NaN,NaN,-1.1267e+05,1.1267e+05
0.224,0.352,-0.74796,40.12,NaN,NaN,-1.4968e+05,1.4968e+05
0.224,0.336,-0.8457,43.032,NaN,NaN,-1.8324e+05,1.8324e+05
0.224,0.32,-1.3219,43.274,NaN,NaN,-1.6682e+05,1.6682e+05
0.224,0.304,-0.92453,44.241,NaN,NaN,-16964,16964
0.224,0.288,-0.76295,45.259,-4.6613e+05,2.3038e+06,21886,21886
0.224,0.272,-0.5682,44.813,-4.047e+05,2.3847e+06,7461.7,7461.7
0.224,0.256,-0.33937,44.275,-2.7292e+05,2.2673e+06,-31756,31756
0.224,0.24,-0.84247,43.309,-45833,1.9449e+06,-54039,54039
0.224,0.224,-1.2901,41.643,1.9198e+05,1.4162e+06,-59157,59157
0.224,0.208,-0.072487,41.018,3.2801e+05,6.1989e+05,-74526,74526
0.224,0.192,1.6364,40.215,3.6868e+05,-2.523e+05,-83882,83882
0.224,0.176,1.9809,38.252,4.1342e+05,-1.0998e+06,-81502,81502
0.224,0.16,1.6697,37.173,5.3842e+05,-1.5484e+06,-66776,66776
0.224,0.144,3.8714,38.626,6.8305e+05,-1.5077e+06,-45679,45679
0.224,0.128,5.5542,41.419,8.0425e+05,-1.1472e+06,-26448,26448
0.224,0.112,4.5377,43.755,8.7771e+05,-7.9016e+05,-10804,10804
0.224,0.096,4.8043,44.744,9.0446e+05,-5.6464e+05,803.12,803.12
0.224,0.08,4.6507,45.115,8.7762e+05,-4.915e+05,9667,9667
0.224,0.064,3.5419,44.663,8.0066e+05,-3.6379e+05,12143,12143
0.224,0.048,2.7374,44.605,4.9544e+05,-1.9934e+05,9444.5,9444.5
0.224,0.032,2.0838,44.122,2.3978e+05,-69631,4451.9,4451.9
0.224,0.016,0.96097,41.048,0,0,1231,1231
0.24,0.496,3.8858,39.079,0,0,-0,0
0.24,0.48,3.7983,36.345,0,0,-0,0
0.24,0.464,2.8075,37.512,NaN,NaN,0,0
0.24,0.448,1.608,38.825,NaN,NaN,NaN,NaN
0.24,0.432,0.60348,41.375,NaN,NaN,NaN,NaN
0.24,0.416,-0.059024,42.468,NaN,NaN,NaN,NaN
0.24,0.4,-0.77665,43.195,NaN,NaN,NaN,NaN
0.24,0.384,0.033525,43.474,NaN,NaN,NaN,NaN
0.24,0.368,0.60734,43.793,NaN,NaN,NaN,NaN
0.24,0.352,0.78575,44.965,NaN,NaN,NaN,NaN
0.24,0.336,0.15036,45.478,NaN,NaN,NaN,NaN
0.24,0.32,-0.91596,45.531,NaN,NaN,NaN,NaN
0.24,0.304,-0.57732,46.315,NaN,NaN,1.2216e+05,1.2216e+05
0.24,0.288,-0.57414,47.387,-6.814e+05,1.9291e+06,1.214e+05,1.214e+05
0.24,0.272,-0.78854,47.399,-6.4084e+05,2.139e+06,77922,77922
0.24,0.256,-1.2974,47.443,-6.1437e+05,2.1188e+06,34120,34120
0.24,0.24,-2.4436,46.116,-4.8465e+05,1.9157e+06,-17269,17269
0.24,0.224,-1.9783,45.046,-3.4254e+05,1.5907e+06,-33973,33973
0.24,0.208,-0.99144,45.246,-1.7085e+05,1.1287e+06,-40527,40527
0.24,0.192,-0.042898,45.68,-42746,7.0906e+05,-40000,40000
0.24,0.176,0.53383,45.649,95360,2.7739e+05,-29308,29308
0.24,0.16,1.3489,45.749,2.774e+05,-41670,-12507,12507
0.24,0.144,2.2622,46.866,4.9195e+05,-1.44e+05,2374.5,2374.5
0.24,0.128,3.1199,49.164,6.1942e+05,-51060,7477.6,7477.6
0.24,0.112,3.5438,49.497,7.1256e+05,26505,9888.8,9888.8
0.24,0.096,4.1447,48.998,6.9833e+05,53316,14369,14369
0.24,0.08,3.6812,48.322,6.9634e+05,-16835,21670,21670
0.24,0.064,3.0687,48.024,6.6637e+05,-64297,22541,22541
0.24,0.048,3.5427,47.271,4.3489e+05,-73752,15772,15772
0.24,0.032,2.3277,45.319,2.2094e+05,-51398,7563.5,7563.5
0.24,0.016,0.49203,43.082,0,0,2032.2,2032.2
0.256,0.496,3.9962,42.776,0,0,-0,0
0.256,0.48,3.6877,41.986,0,0,-0,0
0.256,0.464,3.0429,42.513,NaN,NaN,0,0
0.256,0.448,2.2701,44.332,NaN,NaN,NaN,NaN
0.256,0.432,0.62212,45.387,NaN,NaN,NaN,NaN
0.256,0.416,-0.0064284,47.24,NaN,NaN,NaN,NaN
0.256,0.4,-1.4344,48.262,NaN,NaN,NaN,NaN
0.256,0.384,-1.2667,48.454,NaN,NaN,NaN,NaN
0.256,0.368,-0.62905,48.859,NaN,NaN,NaN,NaN
0.256,0.352,-0.9016,49.297,NaN,NaN,NaN,NaN
0.256,0.336,-0.73207,48.884,NaN,NaN,NaN,NaN
0.256,0.32,-0.85632,48.864,NaN,NaN,NaN,NaN
0.256,0.304,-0.94107,49.27,NaN,NaN,1.8312e+05,1.8312e+05
0.256,0.288,-1.1741,49.223,NaN,NaN,1.7875e+05,1.7875e+05
0.256,0.272,-1.6893,48.673,-9.2055e+05,1.9188e+06,1.3792e+05,1.3792e+05
0.256,0.256,-1.8907,49.432,-9.28e+05,2.093e+06,98696,98696
0.256,0.24,-2.3223,49.351,-8.1266e+05,1.8071e+06,46946,46946
0.256,0.224,-1.9696,49.244,-7.1731e+05,1.6708e+06,9308.2,9308.2
0.256,0.208,-1.7167,51.233,-5.9685e+05,1.4979e+06,-7818.1,7818.1
0.256,0.192,-1.7704,52.117,-4.1541e+05,1.3675e+06,-1469.3,1469.3
0.256,0.176,-0.55193,52.811,-1.6728e+05,1.1518e+06,13125,13125
0.256,0.16,0.047763,53.14,68609,9.3006e+05,27016,27016
0.256,0.144,-0.15994,53.719,2.426e+05,8.3345e+05,35227,35227
0.256,0.128,0.14331,54.6,3.0695e+05,8.0782e+05,37263,37263
0.256,0.112,0.034306,54.71,3.4189e+05,7.2087e+05,32821,32821
0.256,0.096,0.5348,53.677,3.2038e+05,6.0827e+05,31196,31196
0.256,0.08,0.21397,53.22,3.1918e+05,4.6822e+05,29153,29153
0.256,0.064,1.1306,52.066,3.4346e+05,3.4674e+05,26674,26674
0.256,0.048,1.2639,49.941,2.4199e+05,1.7926e+05,17921,17921
0.256,0.032,-0.62026,48.293,1.2883e+05,67078,8606,8606
0.256,0.016,-2.1399,47.875,0,0,2634.3,2634.3
0.272,0.496,3.7429,46.938,0,0,-0,0
0.272,0.48,4.9041,45.883,0,0,-0,0
0.272,0.464,4.1624,46.215,NaN,NaN,0,0
0.272,0.448,1.7156,47.178,NaN,NaN,NaN,NaN
0.272,0.432,0.078437,48.245,NaN,NaN,NaN,NaN
0.272,0.416,-0.59285,50.262,NaN,NaN,NaN,NaN
0.272,0.4,-1.3237,51.587,NaN,NaN,NaN,NaN
0.272,0.384,-1.1879,51.726,NaN,NaN,NaN,NaN
0.272,0.368,-0.68271,51.957,NaN,NaN,NaN,NaN
0.272,0.352,-0.88513,53.124,NaN,NaN,NaN,NaN
0.272,0.336,-0.70905,53.486,NaN,NaN,NaN,NaN
0.272,0.32,-1.265,52.475,NaN,NaN,NaN,NaN
0.272,0.304,-2.2882,52.168,NaN,NaN,NaN,NaN
0.272,0.288,-1.8481,52.143,NaN,NaN,2.635e+05,2.635e+05
0.272,0.272,-1.6531,50.875,NaN,NaN,1.9385e+05,1.9385e+05
0.272,0.256,-1.5831,50.793,-1.1247e+06,1.8412e+06,1.4758e+05,1.4758e+05
0.272,0.24,-1.5506,51.151,-8.1055e+05,1.4766e+06,93352,93352
0.272,0.224,-1.4029,51.6,-7.146e+05,1.4678e+06,46949,46949
0.272,0.208,-1.6415,53.15,-5.9668e+05,1.4784e+06,20289,20289
0.272,0.192,-1.7183,55.647,-4.156e+05,1.4186e+06,18520,18520
0.272,0.176,-0.68251,56.087,-2.191e+05,1.2291e+06,35387,35387
0.272,0.16,0.082692,56.755,-63666,9.8819e+05,45572,45572
0.272,0.144,-0.72161,57.388,22578,9.0679e+05,50205,50205
0.272,0.128,-0.53128,57.564,6403.7,9.2618e+05,49070,49070
0.272,0.112,-1.0125,56.878,-57246,9.2264e+05,44281,44281
0.272,0.096,-1.7895,56.037,-1.2401e+05,8.4203e+05,39815,39815
0.272,0.08,-1.4133,55.343,-1.125e+05,7.1619e+05,33386,33386
0.272,0.064,-1.0641,54.505,-49537,6.1099e+05,26498,26498
0.272,0.048,-1.4324,53.941,-14829,3.8104e+05,16931,16931
0.272,0.032,-2.4892,53.945,-11106,1.9165e+05,8321.5,8321.5
0.272,0.016,-2.8296,52.549,0,0,2704.6,2704.6
0.288,0.496,5.0172,47.754,0,0,-0,0
0.288,0.48,4.4939,47.385,0,0,-0,0
0.288,0.464,2.7116,47.856,NaN,NaN,0,0
0.288,0.448,0.30523,48.049,NaN,NaN,NaN,NaN
0.288,0.432,-1.7556,48.449,NaN,NaN,NaN,NaN
0.288,0.416,-2.8558,48.892,NaN,NaN,NaN,NaN
0.288,0.4,-3.3918,49.19,NaN,NaN,NaN,NaN
0.288,0.384,-2.6428,49.563,NaN,NaN,NaN,NaN
0.288,0.368,-1.8855,50.424,NaN,NaN,NaN,NaN
0.288,0.352,-1.221,52.022,NaN,NaN,NaN,NaN
0.288,0.336,-1.0685,52.807,NaN,NaN,NaN,NaN
0.288,0.32,-1.2987,52.505,NaN,NaN,NaN,NaN
0.288,0.304,-1.3243,53.069,NaN,NaN,NaN,NaN
0.288,0.288,-0.62125,54.58,NaN,NaN,NaN,NaN
0.288,0.272,0.023643,54.64,NaN,NaN,2.4636e+05,2.4636e+05
0.288,0.256,0.11238,53.606,NaN,NaN,1.4831e+05,1.4831e+05
0.288,0.24,0.71376,53.346,-3.2892e+05,1.3044e+06,1.1227e+05,1.1227e+05
0.288,0.224,0.70814,52.394,-2.2228e+05,1.2372e+06,70451,70451
0.288,0.208,0.25457,51.559,-1.6625e+05,1.2119e+06,37382,37382
0.288,0.192,-0.16605,52.163,-52434,9.6983e+05,21766,21766
0.288,0.176,-0.83874,50.277,-50507,6.3423e+05,18551,18551
0.288,0.16,-1.8637,50.45,-82357,3.2657e+05,21126,21126
0.288,0.144,-2.5422,51.716,-99919,2.5327e+05,26726,26726
0.288,0.128,-2.0879,52.959,-1.2275e+05,3.2886e+05,28852,28852
0.288,0.112,-2.9219,54.455,-2.1022e+05,4.3632e+05,28915,28915
0.288,0.096,-3.8317,55.056,-2.7641e+05,4.7325e+05,26137,26137
0.288,0.08,-2.7655,54.455,-2.8385e+05,4.9476e+05,24128,24128
0.288,0.064,-2.6423,55.417,-2.2467e+05,5.4142e+05,20752,20752
0.288,0.048,-2.639,56.932,-1.451e+05,3.8504e+05,14432,14432
0.288,0.032,-2.8304,57.223,-78198,2.3354e+05,7028.1,7028.1
0.288,0.016,-3.8711,56.804,0,0,2293,2293
0.304,0.496,4.6933,47.909,0,0,0,0
0.304,0.48,2.397,46.854,0,0,-0,0
0.304,0.464,-0.21809,47.113,NaN,NaN,0,0
0.304,0.448,-1.5721,47.092,NaN,NaN,NaN,NaN
0.304,0.432,-2.7258,46.861,NaN,NaN,NaN,NaN
0.304,0.416,-3.3975,46.021,NaN,NaN,NaN,NaN
0.304,0.4,-3.6994,45.196,NaN,NaN,NaN,NaN
0.304,0.384,-3.5188,44.623,NaN,NaN,NaN,NaN
0.304,0.368,-2.9229,44.666,NaN,NaN,NaN,NaN
0.304,0.352,-2.2415,45.158,NaN,NaN,NaN,NaN
0.304,0.336,-1.6192,46.749,NaN,NaN,NaN,NaN
0.304,0.32,-1.1269,48.593,NaN,NaN,NaN,NaN
0.304,0.304,0.10344,50.915,NaN,NaN,NaN,NaN
0.304,0.288,0.86824,53.94,NaN,NaN,NaN,NaN
0.304,0.272,1.6402,55.085,NaN,NaN,1.0449e+05,1.0449e+05
0.304,0.256,2.0971,55.719,NaN,NaN,1.0383e+05,1.0383e+05
0.304,0.24,2.3056,55.45,2.2578e+05,1.6375e+06,1.0439e+05,1.0439e+05
0.304,0.224,1.5784,53.65,3.1606e+05,1.4393e+06,88957,88957
0.304,0.208,1.1109,51.224,3.2423e+05,1.2029e+06,64076,64076
0.304,0.192,0.55433,48.96,3.1988e+05,6.8425e+05,26970,26970
0.304,0.176,-1.4688,45.965,1.6398e+05,1.4048e+05,235.27,235.27
0.304,0.16,-3.0541,44.688,-7847.6,-3.1335e+05,-11490,11490
0.304,0.144,-2.5616,44.822,-1.3514e+05,-5.2386e+05,-11329,11329
0.304,0.128,-1.8256,45.623,-2.2637e+05,-5.3921e+05,-9267.7,9267.7
0.304,0.112,-2.2903,47.256,-3.3219e+05,-3.8777e+05,-11586,11586
0.304,0.096,-2.8166,50.101,-4.0321e+05,-2.4041e+05,-8358.4,8358.4
0.304,0.08,-2.1434,51.4,-4.1985e+05,-1.2349e+05,1116.2,1116.2
0.304,0.064,-1.9365,52.492,-3.9793e+05,-70287,8859.4,8859.4
0.304,0.048,-2.1242,53.975,-2.7052e+05,-34337,9083.8,9083.8
0.304,0.032,-2.4953,55.029,-1.4219e+05,-5813.2,4907.3,4907.3
0.304,0.016,-3.5483,55.765,0,0,1549.9,1549.9
0.32,0.496,2.9741,47.214,0,0,0,0
0.32,0.48,0.31719,43.657,0,0,-0,0
0.32,0.464,-1.3295,42.513,NaN,NaN,0,0
0.32,0.448,-1.6555,42.361,NaN,NaN,NaN,NaN
0.32,0.432,-1.7111,43.326,NaN,NaN,NaN,NaN
0.32,0.416,-1.5682,43.464,NaN,NaN,NaN,NaN
0.32,0.4,-1.3426,43.385,NaN,NaN,NaN,NaN
0.32,0.384,-1.7489,42.963,NaN,NaN,NaN,NaN
0.32,0.368,-1.8635,42.094,NaN,NaN,NaN,NaN
0.32,0.352,-1.5057,41.674,NaN,NaN,NaN,NaN
0.32,0.336,-0.39734,43.298,NaN,NaN,NaN,NaN
0.32,0.32,1.2728,45.055,NaN,NaN,NaN,NaN
0.32,0.304,2.1434,47.755,NaN,NaN,NaN,NaN
0.32,0.288,2.5482,50.193,NaN,NaN,NaN,NaN
0.32,0.272,2.8227,51.813,NaN,NaN,1.5166e+05,1.5166e+05
0.32,0.256,3.8933,53.341,1.1811e+06,3.0334e+06,1.2313e+05,1.2313e+05
0.32,0.24,3.9077,53.717,6.7961e+05,2.3024e+06,1.0958e+05,1.0958e+05
0.32,0.224,2.2824,52.23,6.5255e+05,1.9927e+06,89379,89379
0.32,0.208,1.0642,50.46,4.974e+05,1.4244e+06,65195,65195
0.32,0.192,-0.14094,47.831,3.953e+05,7.2415e+05,31369,31369
0.32,0.176,-0.86948,45.566,1.6918e+05,-40796,-10247,10247
0.32,0.16,-0.64297,42.575,-65162,-7.4311e+05,-39352,39352
0.32,0.144,-0.82485,39.899,-2.7556e+05,-1.4189e+06,-58051,58051
0.32,0.128,-0.76773,39.708,-4.4536e+05,-1.894e+06,-67610,67610
0.32,0.112,-0.39063,40.607,-5.349e+05,-1.9599e+06,-69930,69930
0.32,0.096,-0.71384,43.074,-5.846e+05,-1.7028e+06,-56716,56716
0.32,0.08,-1.3899,45.499,-5.7964e+05,-1.3781e+06,-34105,34105
0.32,0.064,-1.5676,46.501,-5.7447e+05,-1.1805e+06,-13072,13072
0.32,0.048,-1.8653,46.664,-3.8309e+05,-7.4783e+05,-2389.4,2389.4
0.32,0.032,-1.638,47.703,-1.9762e+05,-3.5904e+05,499.88,499.88
0.32,0.016,-1.588,48.455,0,0,375.27,375.27
0.336,0.496,1.6196,44.009,0,0,0,0
0.336,0.48,-0.27244,40.709,0,0,-0,0
0.336,0.464,-0.94214,39.689,NaN,NaN,0,0
0.336,0.448,-1.0429,38.715,NaN,NaN,NaN,NaN
0.336,0.432,-1.161,39.132,NaN,NaN,NaN,NaN
0.336,0.416,-1.0039,39.61,NaN,NaN,NaN,NaN
0.336,0.4,-1.0051,39.922,NaN,NaN,NaN,NaN
0.336,0.384,-1.3972,41.553,NaN,NaN,NaN,NaN
0.336,0.368,-0.52181,41.529,NaN,NaN,NaN,NaN
0.336,0.352,-0.26303,42.298,NaN,NaN,NaN,NaN
0.336,0.336,0.52231,42.9,NaN,NaN,NaN,NaN
0.336,0.32,1.8102,43.87,NaN,NaN,NaN,NaN
0.336,0.304,2.8023,45.75,NaN,NaN,NaN,NaN
0.336,0.288,3.3616,47.69,NaN,NaN,NaN,NaN
0.336,0.272,3.4864,48.882,NaN,NaN,1.8102e+05,1.8102e+05
0.336,0.256,4.0754,50.17,1.3044e+06,3.995e+06,1.4283e+05,1.4283e+05
0.336,0.24,4.3648,49.703,9.3357e+05,3.1813e+06,1.249e+05,1.249e+05
0.336,0.224,3.2673,47.479,7.8549e+05,2.7787e+06,89175,89175
0.336,0.208,1.6542,45.473,4.73e+05,1.7671e+06,69852,69852
0.336,0.192,-0.44691,43.124,2.1351e+05,7.27e+05,49368,49368
0.336,0.176,-0.02419,40.96,-89713,-3.8114e+05,18570,18570
0.336,0.16,0.05158,38.009,-3.7176e+05,-1.3213e+06,-14510,14510
0.336,0.144,-0.43657,34.03,-5.9992e+05,-2.2448e+06,-57141,57141
0.336,0.128,-1.326,29.086,-7.4614e+05,-2.9702e+06,-89338,89338
0.336,0.112,-2.0428,28.625,-7.9012e+05,-3.2295e+06,-1.0544e+05,1.0544e+05
0.336,0.096,-1.7623,32.314,-8.2741e+05,-3.0923e+06,-94394,94394
0.336,0.08,-1.4638,34.588,-8.0094e+05,-2.7405e+06,-67731,67731
0.336,0.064,-1.0893,36.195,-6.8915e+05,-2.3587e+06,-38684,38684
0.336,0.048,-1.3128,37.564,-3.9297e+05,-1.4119e+06,-17473,17473
0.336,0.032,-0.74236,38.094,-1.4958e+05,-6.3279e+05,-5754.9,5754.9
0.336,0.016,-0.51595,37.514,0,0,-1172.8,1172.8
0.352,0.496,-1.1342,38.697,0,0,0,0
0.352,0.48,-1.0692,36.316,0,0,-0,0
0.352,0.464,0.21613,36.674,NaN,NaN,0,0
0.352,0.448,0.43639,35.309,NaN,NaN,NaN,NaN
0.352,0.432,-0.2433,33.653,NaN,NaN,NaN,NaN
0.352,0.416,-0.90239,31.22,NaN,NaN,96126,96126
0.352,0.4,-1.0018,29.445,NaN,NaN,99377,99377
0.352,0.384,-0.79536,30.541,NaN,NaN,86718,86718
0.352,0.368,-1.9096,34.125,NaN,NaN,75923,75923
0.352,0.352,-0.63393,36.423,NaN,NaN,34207,34207
0.352,0.336,-1.9821,39.356,NaN,NaN,-12093,12093
0.352,0.32,0.92601,40.892,NaN,NaN,-50010,50010
0.352,0.304,3.0738,43.36,NaN,NaN,-77499,77499
0.352,0.288,4.4457,47.089,NaN,NaN,2.5943e+05,2.5943e+05
0.352,0.272,5.8596,48.95,NaN,NaN,2.0302e+05,2.0302e+05
0.352,0.256,5.9715,48.862,1.2703e+06,4.4869e+06,1.4792e+05,1.4792e+05
0.352,0.24,4.7884,47.376,9.4698e+05,3.9027e+06,1.0877e+05,1.0877e+05
0.352,0.224,3.3495,44.553,7.6762e+05,3.4999e+06,67757,67757
0.352,0.208,1.4128,42.414,3.5684e+05,2.3128e+06,59083,59083
0.352,0.192,-0.85501,38.985,74531,9.8983e+05,59568,59568
0.352,0.176,-2.5663,34.817,-2.8291e+05,-4.7685e+05,48704,48704
0.352,0.16,-3.2587,32.468,-6.3434e+05,-1.7471e+06,21520,21520
0.352,0.144,-1.8735,30.844,-9.4716e+05,-2.8831e+06,-27792,27792
0.352,0.128,-1.822,27.578,-1.0615e+06,-3.7156e+06,-73211,73211
0.352,0.112,-2.5907,23.795,-9.79e+05,-4.0435e+06,-98400,98400
0.352,0.096,-4.1764,22.092,-9.7553e+05,-3.9692e+06,-1.0104e+05,1.0104e+05
0.352,0.08,-6.2687,21.063,-9.3802e+05,-3.6603e+06,-84117,84117
0.352,0.064,-3.5838,19.627,-7.528e+05,-3.0898e+06,-56772,56772
0.352,0.048,-1.0398,20.743,-3.6903e+05,-1.8113e+06,-30164,30164
0.352,0.032,-1.5032,21.848,-71085,-7.1914e+05,-11199,11199
0.352,0.016,-1.8446,19.464,0,0,-2312.9,2312.9
0.368,0.496,-0.73028,26.269,0,0,-99.974,99.974
0.368,0.48,-2.3031,24.861,0,0,-149.96,149.96
0.368,0.464,-0.56652,25.315,NaN,NaN,25369,25369
0.368,0.448,-0.19103,26.399,NaN,NaN,1.1565e+05,1.1565e+05
0.368,0.432,-0.91067,25.477,NaN,NaN,1.3284e+05,1.3284e+05
0.368,0.416,-1.0127,24.243,NaN,NaN,1.1536e+05,1.1536e+05
0.368,0.4,-0.66647,22.89,3.3273e+05,2.3241e+05,1.0437e+05,1.0437e+05
0.368,0.384,0.98195,22.361,4.2039e+05,2.103e+05,92398,92398
0.368,0.368,0.40394,25.075,4.5734e+05,3.997e+05,99122,99122
0.368,0.352,-0.87392,27.549,4.5359e+05,1.0885e+06,81671,81671
0.368,0.336,-0.80154,32.839,4.2637e+05,1.5387e+06,52173,52173
0.368,0.32,2.7188,36.795,3.2149e+05,2.2989e+06,21814,21814
0.368,0.304,5.0375,41.071,NaN,NaN,14737,14737
0.368,0.288,5.1108,45.395,NaN,NaN,1.0209e+05,1.0209e+05
0.368,0.272,5.5138,48.585,7.9552e+05,6.1936e+06,1.3615e+05,1.3615e+05
0.368,0.256,4.6341,48.551,1.0785e+06,5.6703e+06,1.0911e+05,1.0911e+05
0.368,0.24,2.8627,46.404,8.2949e+05,4.843e+06,73819,73819
0.368,0.224,1.9165,44.837,5.9506e+05,4.023e+06,46399,46399
0.368,0.208,0.17595,42.639,1.4436e+05,2.357e+06,51942,51942
0.368,0.192,-1.447,38.602,-1.8533e+05,8.9445e+05,59804,59804
0.368,0.176,-1.7199,35.555,-5.5231e+05,-6.0099e+05,60030,60030
0.368,0.16,-2.5093,33.993,-8.0169e+05,-1.7163e+06,45431,45431
0.368,0.144,-1.6797,31.748,-9.8955e+05,-2.729e+06,13356,13356
0.368,0.128,-2.3248,29.314,-8.5266e+05,-3.3577e+06,-26520,26520
0.368,0.112,-3.1416,23.617,-7.3753e+05,-3.6564e+06,-53716,53716
0.368,0.096,-4.6177,17.52,-7.8105e+05,-3.6995e+06,-73562,73562
0.368,0.08,-7.015,14.713,-8.6523e+05,-3.6634e+06,-71694,71694
0.368,0.064,-7.2986,10.172,-6.331e+05,-3.087e+06,-56466,56466
0.368,0.048,-3.3386,10.74,-2.3786e+05,-1.8153e+06,-33306,33306
0.368,0.032,-1.1734,12.736,38109,-6.7176e+05,-13584,13584
0.368,0.016,-0.44887,10.221,0,0,-2815.4,2815.4
0.384,0.496,-0.4015,19.72,0,0,-855.97,855.97
0.384,0.48,-1.9954,19.123,0,0,-359.57,359.57
0.384,0.464,-3.1628,17.079,NaN,NaN,17255,17255
0.384,0.448,-2.9213,15.904,-2.7967e+05,-9.467e+05,54968,54968
0.384,0.432,-1.5011,18.381,-1.974e+05,-7.0762e+05,79861,79861
0.384,0.416,0.185,21.48,-54636,-4.3199e+05,80228,80228
0.384,0.4,0.087905,21.724,2.1904e+05,98856,74880,74880
0.384,0.384,0.41218,20.349,3.5159e+05,3.8785e+05,68597,68597
0.384,0.368,-0.37866,19.69,4.0375e+05,6.9959e+05,77413,77413
0.384,0.352,-0.30223,21.93,4.366e+05,1.3959e+06,63456,63456
0.384,0.336,2.079,27.61,5.177e+05,2.1457e+06,33700,33700
0.384,0.32,4.7056,33.731,6.0337e+05,3.1851e+06,2956.2,2956.2
0.384,0.304,6.2297,39.877,7.6877e+05,4.2465e+06,1330.7,1330.7
0.384,0.288,4.2485,42.849,7.9295e+05,4.7592e+06,68382,68382
0.384,0.272,4.1369,44.933,7.0162e+05,5.1556e+06,83233,83233
0.384,0.256,4.3195,44.803,6.7613e+05,5.1568e+06,69070,69070
0.384,0.24,3.7096,41.466,4.721e+05,4.4069e+06,30822,30822
0.384,0.224,1.3502,38.653,1.4031e+05,2.8493e+06,21858,21858
0.384,0.208,-1.177,34.951,-2.3195e+05,7.8198e+05,35594,35594
0.384,0.192,-1.7009,30.737,-4.3132e+05,-5.8506e+05,44776,44776
0.384,0.176,-0.12084,32.756,-4.1388e+05,-9.3341e+05,49055,49055
0.384,0.16,0.14049,33.324,-3.6233e+05,-1.2455e+06,36901,36901
0.384,0.144,1.0667,29.364,-3.9251e+05,-1.6956e+06,20650,20650
0.384,0.128,-0.0087833,24.525,-3.8942e+05,-2.3899e+06,-4640.9,4640.9
0.384,0.112,-0.98503,18.881,-5.7112e+05,-2.8164e+06,-29207,29207
0.384,0.096,-5.7912,13.78,-8.3923e+05,-3.112e+06,-51928,51928
0.384,0.08,-7.2029,8.3563,-1.0352e+06,-3.2402e+06,-56236,56236
0.384,0.064,-6.9568,6.458,-7.2953e+05,-2.6956e+06,-44833,44833
0.384,0.048,-4.9079,7.0475,-2.9055e+05,-1.614e+06,-26729,26729
0.384,0.032,-2.4384,8.526,36626,-5.6796e+05,-11629,11629
0.384,0.016,-1.5253,6.8446,0,0,-2521.8,2521.8
0.4,0.496,2.6217,15.677,0,0,-1612,1612
0.4,0.48,0.87683,15.266,0,0,-1090.1,1090.1
0.4,0.464,-1.6784,12.84,-5.5741e+05,-7.0914e+05,12258,12258
0.4,0.448,-1.6853,9.7693,-3.5762e+05,-8.5865e+05,38160,38160
0.4,0.432,-0.16478,10.532,-2.4607e+05,-7.1163e+05,59464,59464
0.4,0.416,-0.29818,12.524,-59439,-4.5564e+05,60896,60896
0.4,0.4,0.28957,13.845,2.0024e+05,35729,54764,54764
0.4,0.384,0.42869,14.466,3.64e+05,3.1238e+05,50948,50948
0.4,0.368,-0.096321,15.275,5.2195e+05,6.2991e+05,67785,67785
0.4,0.352,0.41971,19.269,6.2798e+05,1.3144e+06,63709,63709
0.4,0.336,3.0396,22.568,7.564e+05,2.159e+06,50735,50735
0.4,0.32,3.5875,26.398,8.3983e+05,3.1827e+06,21372,21372
0.4,0.304,3.9282,31.489,1.0265e+06,3.8372e+06,23888,23888
0.4,0.288,4.1244,34.11,9.2059e+05,3.9132e+06,47584,47584
0.4,0.272,3.0106,33.706,5.8167e+05,3.4619e+06,54001,54001
0.4,0.256,1.6776,33.821,1.3753e+05,2.9652e+06,31723,31723
0.4,0.24,0.30241,33.445,-1.9436e+05,1.754e+06,-10725,10725
0.4,0.224,-0.48092,29.051,-5.2962e+05,-16981,-17455,17455
0.4,0.208,-2.0537,18.614,-6.276e+05,-1.8366e+06,-2413,2413
0.4,0.192,-0.88443,15.281,-4.9184e+05,-2.2058e+06,18327,18327
0.4,0.176,-0.095793,20.374,-31917,-1.374e+06,29341,29341
0.4,0.16,2.1364,19.348,2.3472e+05,-7.9431e+05,25111,25111
0.4,0.144,1.4229,17.464,2.4563e+05,-7.9419e+05,16995,16995
0.4,0.128,1.0753,12.784,-1.9149e+05,-1.7267e+06,4331.1,4331.1
0.4,0.112,0.43935,9.6792,-1.0865e+06,-2.5384e+06,-3960.7,3960.7
0.4,0.096,-10.789,16.913,-1.9617e+06,-3.2745e+06,-20001,20001
0.4,0.08,-10.059,9.1385,-2.4766e+06,-3.6664e+06,-27277,27277
0.4,0.064,-9.8766,7.5366,-1.7566e+06,-2.9218e+06,-29277,29277
0.4,0.048,-5.0034,3.9959,-8.3547e+05,-1.731e+06,-18291,18291
0.4,0.032,-2.7056,3.3851,-61172,-4.725e+05,-9322.7,9322.7
0.4,0.016,-1.5704,2.4671,0,0,-2284.8,2284.8
0.416,0.496,3.4383,11.525,0,0,-2268,2268
0.416,0.48,1.6193,10.799,0,0,-2135.2,2135.2
0.416,0.464,-0.21513,9.6868,-4.431e+05,-5.2124e+05,-1967.3,1967.3
0.416,0.448,-0.40831,8.1645,-3.4874e+05,-7.2993e+05,8676.9,8676.9
0.416,0.432,-1.2234,7.028,-2.9578e+05,-6.8041e+05,18987,18987
0.416,0.416,-0.96184,7.4938,-1.7717e+05,-5.1607e+05,29084,29084
0.416,0.4,-0.0309,8.7788,-36609,-1.7263e+05,31083,31083
0.416,0.384,1.093,9.028,1.5682e+05,64096,32720,32720
0.416,0.368,1.0071,8.5282,4.2751e+05,3.755e+05,41441,41441
0.416,0.352,2.3569,11.409,7.6175e+05,9.8898e+05,34587,34587
0.416,0.336,3.1043,17.343,1.1538e+06,1.901e+06,30484,30484
0.416,0.32,2.9498,21.774,1.2223e+06,2.7625e+06,18885,18885
0.416,0.304,3.3603,25.092,1.2184e+06,3.1422e+06,35940,35940
0.416,0.288,4.3672,23.1,8.4215e+05,2.966e+06,54372,54372
0.416,0.272,2.4833,19.448,3.6912e+05,1.9207e+06,56576,56576
0.416,0.256,0.2498,14.519,-4.7412e+05,4.2396e+05,26699,26699
0.416,0.24,-2.762,16.883,-1.1148e+06,-1.4379e+06,-17149,17149
0.416,0.224,-5.3485,12.232,-1.396e+06,-3.2208e+06,-34929,34929
0.416,0.208,-3.5794,11.468,-1.0279e+06,-3.595e+06,-24980,24980
0.416,0.192,-2.5885,10.396,-4.465e+05,-2.735e+06,1267.2,1267.2
0.416,0.176,-0.75755,12.578,4.5582e+05,-7.7366e+05,22042,22042
0.416,0.16,2.6127,11.654,7.0643e+05,-2.1629e+05,25588,25588
0.416,0.144,1.5861,10.103,5.883e+05,-1.9551e+05,23602,23602
0.416,0.128,0.62119,7.1408,72796,-1.7897e+05,12279,12279
0.416,0.112,-9.6406,26.402,-1.2855e+06,-1.2169e+06,21653,21653
0.416,0.096,-24.015,27.248,-3.424e+06,-1.3605e+06,27538,27538
0.416,0.08,-29.136,28.439,-5.3836e+06,-2.1896e+06,22444,22444
0.416,0.064,-28.374,21.3,-5.0672e+06,-2.2567e+06,2534.9,2534.9
0.416,0.048,-8.6333,1.2048,-2.8915e+06,-1.9052e+06,-12740,12740
0.416,0.032,-5.3294,-3.2573,-8.9083e+05,-1.3716e+06,-8310.4,8310.4
0.416,0.016,-1.133,-0.18701,0,0,-3168.9,3168.9
0.432,0.496,3.1586,9.1982,0,0,-2319.1,2319.1
0.432,0.48,1.4185,7.6883,-99897,-63625,-3440.9,3440.9
0.432,0.464,0.70097,7.1386,-3.4565e+05,-3.9097e+05,-4297.9,4297.9
0.432,0.448,-0.044514,6.3265,-2.7643e+05,-4.9266e+05,4024.5,4024.5
0.432,0.432,-1.7299,5.073,-3.014e+05,-5.9622e+05,15805,15805
0.432,0.416,-2.9538,4.8991,-3.7686e+05,-5.7039e+05,32062,32062
0.432,0.4,-3.0621,6.5532,-1.9827e+05,-3.9117e+05,44798,44798
0.432,0.384,-3.108,6.8234,76010,-2.6874e+05,54140,54140
0.432,0.368,-0.88896,4.9581,5.6427e+05,-83691,63745,63745
0.432,0.352,1.9855,6.5135,8.985e+05,3.7203e+05,58029,58029
0.432,0.336,2.6145,11.351,1.2828e+06,1.1194e+06,60873,60873
0.432,0.32,3.4442,16.495,1.1708e+06,1.6592e+06,57893,57893
0.432,0.304,3.549,14.991,7.7035e+05,1.6034e+06,71091,71091
0.432,0.288,3.9957,11.31,-1.2871e+05,7.0488e+05,84575,84575
0.432,0.272,2.2013,8.4727,-1.5035e+06,-5.862e+05,92407,92407
0.432,0.256,-1.7547,6.3413,-2.6533e+06,-2.7817e+06,69772,69772
0.432,0.24,-9.2777,12.097,-3.0117e+06,-4.4531e+06,14917,14917
0.432,0.224,-8.5413,12.812,-2.7995e+06,-5.9937e+06,-33018,33018
0.432,0.208,-10.149,-4.8677,-2.4122e+06,-5.4809e+06,-46957,46957
0.432,0.192,-2.233,12.173,-1.9053e+06,-4.233e+06,-25924,25924
0.432,0.176,-0.75241,16.135,-7.2564e+05,-1.8403e+06,3455.6,3455.6
0.432,0.16,-0.38457,12.698,7653.8,-7.4899e+05,21231,21231
0.432,0.144,-0.26097,7.8205,1.6949e+05,-2.8225e+05,33774,33774
0.432,0.128,-1.6003,4.2677,-66386,54678,25036,25036
0.432,0.112,9.4145,39.162,-1.6432e+06,-1.142e+06,49456,49456
0.432,0.096,-22.006,17.406,-4.0329e+06,-1.0751e+06,70841,70841
0.432,0.08,-65.555,39.758,-6.9773e+06,-2.2086e+06,78746,78746
0.432,0.064,-56.132,25.135,-7.1768e+06,-2.328e+06,40291,40291
0.432,0.048,-39.565,1.2893,-3.5769e+06,-1.9435e+06,-412.65,412.65
0.432,0.032,-78.825,-50.224,-1.0269e+06,-1.4093e+06,-10348,10348
0.432,0.016,-61.28,-24.35,0,0,-4802.8,4802.8
0.448,0.496,4.198,8.1693,75479,40449,-2333,2333
0.448,0.48,2.047,5.6486,40987,66903,-4534.8,4534.8
0.448,0.464,0.96536,4.9143,-36297,-24064,-6178,6178
0.448,0.448,0.47505,3.7481,29678,-3.3033e+05,504.37,504.37
0.448,0.432,0.16677,1.957,-3.5159e+05,-8.6703e+05,17461,17461
0.448,0.416,-4.2146,3.7455,-9.5522e+05,-1.5986e+06,41639,41639
0.448,0.4,-7.1728,5.6672,-6.274e+05,-1.5494e+06,64896,64896
0.448,0.384,-1.3834,4.8521,-2.06e+05,-1.2489e+06,87184,87184
0.448,0.368,-0.80946,4.6471,3.3762e+05,-9.6762e+05,1.0461e+05,1.0461e+05
0.448,0.352,0.97391,3.4244,66467,-7.5349e+05,1.069e+05,1.069e+05
0.448,0.336,1.6371,5.3424,8.9425e+05,2.7356e+05,96979,96979
0.448,0.32,1.209,5.3203,1.1136e+06,9.8144e+05,77754,77754
0.448,0.304,-0.66874,4.5396,8.1706e+05,9.8298e+05,76319,76319
0.448,0.288,-7.9252,12.448,-1.1508e+06,-6.5788e+05,93469,93469
0.448,0.272,-19.688,16.673,-3.7746e+06,-7.1366e+05,1.3428e+05,1.3428e+05
0.448,0.256,-45.092,31.605,-6.2676e+06,-2.7076e+06,1.3492e+05,1.3492e+05
0.448,0.24,-25.326,6.7756,-6.385e+06,-3.5217e+06,89680,89680
0.448,0.224,-9.7422,6.7232,-5.1791e+06,-6.4343e+06,15846,15846
0.448,0.208,-29.757,2.0954,-4.1803e+06,-6.0091e+06,-30196,30196
0.448,0.192,-29.303,4.9535,-4.1147e+06,-5.3329e+06,-38386,38386
0.448,0.176,-16.364,-3.4945,-3.2744e+06,-3.6092e+06,-17580,17580
0.448,0.16,-11.428,9.416,-2.2711e+06,-2.9627e+06,6103.2,6103.2
0.448,0.144,-3.6963,6.9774,-1.5423e+06,-1.7963e+06,34920,34920
0.448,0.128,-0.093359,3.9952,-9.5995e+05,-3.178e+05,32856,32856
0.448,0.112,-3.0878,4.6031,-9.6529e+05,-5.3209e+05,59529,59529
0.448,0.096,-23.753,17.383,-2.7288e+06,2.0184e+05,85379,85379
0.448,0.08,-239.32,366.19,-6.3333e+06,-6.2555e+05,1.1098e+05,1.1098e+05
0.448,0.064,-64.955,-12.696,-1.0455e+07,-7.4733e+05,71220,71220
0.448,0.048,-70.58,-5.5499,-3.8064e+06,-1.3349e+06,21651,21651
0.448,0.032,-87.086,-60.094,-1.0482e+06,-1.4321e+06,-9807.7,9807.7
0.448,0.016,-77.341,-26.359,0,0,-4644.5,4644.5
0.464,0.496,1.5614,3.5808,1.0466e+05,342.76,-2152.4,2152.4
0.464,0.48,2.3311,3.247,1.2766e+05,37822,-4503.7,4503.7
0.464,0.464,2.5515,2.9264,2.3584e+05,-1.0169e+05,-6336.3,6336.3
0.464,0.448,1.817,2.6013,2.9689e+05,-2.8639e+05,112.41,112.41
0.464,0.432,0.96609,0.60269,-6.4968e+05,-1.5331e+06,18128,18128
0.464,0.416,-14.825,10.912,-2.1666e+06,-3.7507e+06,44227,44227
0.464,0.4,-21.769,8.3761,-2.157e+06,-4.1417e+06,71878,71878
0.464,0.384,-2.4922,4.9474,-2.5629e+06,-3.6091e+06,1.0515e+05,1.0515e+05
0.464,0.368,-5.094,-0.10122,-2.0056e+06,-3.6487e+06,1.3428e+05,1.3428e+05
0.464,0.352,-9.6287,-1.9556,-2.3902e+06,-4.2853e+06,1.3483e+05,1.3483e+05
0.464,0.336,-4.4791,1.451,-9.9465e+05,-3.7561e+06,1.0138e+05,1.0138e+05
0.464,0.32,1.9767,4.6034,87322,-1.4351e+06,59094,59094
0.464,0.304,1.5653,2.7326,6.1834e+05,-4.2081e+05,47142,47142
0.464,0.288,0.048976,0.66132,-1.7014e+06,-1.7227e+06,83264,83264
0.464,0.272,-35.489,30.831,-6.271e+06,-8.8857e+05,1.4367e+05,1.4367e+05
0.464,0.256,-60.436,55.243,-9.7235e+06,-1.8663e+06,1.6705e+05,1.6705e+05
0.464,0.24,-76.261,-16.338,-1.0118e+07,-1.5458e+06,1.2717e+05,1.2717e+05
0.464,0.224,-117,86.775,-7.2393e+06,-4.1203e+06,50901,50901
0.464,0.208,-111.98,-277.84,-8.0163e+06,-3.6567e+06,-13879,13879
0.464,0.192,-54.294,11.627,-7.3376e+06,-4.3311e+06,-48738,48738
0.464,0.176,-30.652,-5.9217,-4.557e+06,-4.815e+06,-48509,48509
0.464,0.16,-23.673,4.3381,-2.3273e+06,-4.7637e+06,-24671,24671
0.464,0.144,-34.784,13.391,-7.5851e+05,-2.7866e+06,13810,13810
0.464,0.128,-8.3678,5.8679,-1.4023e+06,-1.5886e+06,26718,26718
0.464,0.112,-7.2767,3.9959,2.7661e+05,-5.8493e+05,42477,42477
0.464,0.096,-5.552,3.6784,-1.5088e+06,5.9157e+05,54749,54749
0.464,0.08,383.9,559.13,-2.3312e+06,1.0473e+06,82366,82366
0.464,0.064,-267.27,-679.19,-1.1815e+07,8.3107e+06,59127,59127
0.464,0.048,-344.29,-29.635,0,0,29012,29012
0.464,0.032,-200.9,-128.49,0,0,-6433.6,6433.6
0.464,0.016,-165.09,-50.785,0,0,-3051.6,3051.6
0.48,0.496,-1.1379,1.4443,93030,304.68,-1559.5,1559.5
0.48,0.48,1.7219,0.0048942,1.5788e+05,61897,-3544.6,3544.6
0.48,0.464,2.0468,1.6715,2.6479e+05,-32462,-4754.8,4754.8
0.48,0.448,1.0463,1.6603,3.5575e+05,-1.9317e+05,125.91,125.91
0.48,0.432,-15.864,14.482,-5.5703e+05,-1.3659e+06,12505,12505
0.48,0.416,-21.911,9.5618,-1.9214e+06,-3.5276e+06,33326,33326
0.48,0.4,-27.15,-14.056,-2.0557e+06,-3.9413e+06,56549,56549
0.48,0.384,-28.02,7.1799,-2.584e+06,-3.445e+06,88109,88109
0.48,0.368,-55.735,18.926,-2.2591e+06,-3.5227e+06,1.1267e+05,1.1267e+05
0.48,0.352,-24.934,-36.29,-2.6668e+06,-4.2361e+06,1.0938e+05,1.0938e+05
0.48,0.336,-22.968,-34.101,-1.3165e+06,-3.8247e+06,75399,75399
0.48,0.32,-14.521,-12.173,-93607,-1.4919e+06,30592,30592
0.48,0.304,0.49688,2.4804,8.101e+05,-2.9748e+05,21468,21468
0.48,0.288,-8.439,-5.2199,-9.9483e+05,-1.048e+06,54072,54072
0.48,0.272,-46.637,30.443,-4.6219e+06,15079,1.1169e+05,1.1169e+05
0.48,0.256,-77.556,51.559,-7.4182e+06,87983,1.3551e+05,1.3551e+05
0.48,0.24,-149.15,84.539,-7.2967e+06,1.3529e+06,1.1067e+05,1.1067e+05
0.48,0.224,-472.34,295.03,-4.4111e+06,7.4787e+05,61390,61390
0.48,0.208,-34.204,42.673,-5.5997e+06,4.3841e+05,12181,12181
0.48,0.192,-80.585,49.811,-5.4218e+06,-1.1719e+06,-23414,23414
0.48,0.176,-20.47,10.193,-3.3406e+06,-2.9888e+06,-36814,36814
0.48,0.16,4.3517,5.684,-1.7436e+06,-3.8649e+06,-27567,27567
0.48,0.144,-29.361,4.6661,-5.483e+05,-2.6122e+06,1021.4,1021.4
0.48,0.128,-0.15962,2.7428,-1.3626e+06,-1.4772e+06,16458,16458
0.48,0.112,0.58658,-0.071609,8.0103e+05,-75116,28506,28506
0.48,0.096,1.1921,-1.2671,-6.9849e+05,1.0457e+06,30626,30626
0.48,0.08,-61.118,60.529,-7.712e+05,1.3888e+06,46851,46851
0.48,0.064,-104.4,-165.06,-2.9539e+06,2.0777e+06,34465,34465
0.48,0.048,-32.827,-8.5367,0,0,23329,23329
0.48,0.032,-41.788,-14.818,0,0,-2152.3,2152.3
0.48,0.016,-1.1313,0.94064,0,0,-773.73,773.73
0.496,0.496,-0.38215,-0.024569,34324,-31156,-702.43,702.43
0.496,0.48,-0.62275,1.5214,86153,-10983,-1664.7,1664.7
0.496,0.464,-1.6953,0.62184,1.973e+05,-1.1139e+05,-2208.1,2208.1
0.496,0.448,-10.509,9.4055,1.8335e+05,-90264,237.59,237.59
0.496,0.432,-18.33,14.929,-3.9613e+05,-7.9334e+05,4544.9,4544.9
0.496,0.416,-152.15,161.67,-1.2467e+06,-2.1911e+06,14680,14680
0.496,0.4,0.88436,-1.4713,-1.6849e+06,-2.7669e+06,26936,26936
0.496,0.384,-117.89,-59.466,-2.4302e+06,-2.527e+06,45387,45387
0.496,0.368,-37.149,-17.969,-2.2852e+06,-2.8023e+06,58347,58347
0.496,0.352,-36.975,-18.169,-2.1717e+06,-3.4944e+06,50858,50858
0.496,0.336,-137.2,-490.2,-1.3127e+06,-3.706e+06,27834,27834
0.496,0.32,-47.093,-133.65,-4.2143e+05,-1.874e+06,3956.6,3956.6
0.496,0.304,-61.504,22.343,3.3529e+05,-8.1968e+05,2561.4,2561.4
0.496,0.288,-70.117,56.031,-3.2216e+05,-7.0771e+05,22262,22262
0.496,0.272,-71.711,105.96,-2.4913e+06,-2.5865e+05,48356,48356
0.496,0.256,-174.36,185.88,-3.1329e+06,2.2324e+05,62366,62366
0.496,0.24,-40.901,-10.158,-2.2857e+06,8.5231e+05,53191,53191
0.496,0.224,-50.905,33.793,-9.9161e+05,1.049e+06,36784,36784
0.496,0.208,-0.0047146,0.10676,-2.8847e+06,1.1439e+06,15126,15126
0.496,0.192,-0.073024,0.19873,-2.9846e+06,4.9033e+05,-5810,5810
0.496,0.176,-202.77,-47.643,-1.0385e+06,-8.0582e+05,-20537,20537
0.496,0.16,-18.659,-28.111,1.8554e+05,-1.5948e+06,-20422,20422
0.496,0.144,-26.287,5.9966,9.0427e+05,-1.0918e+06,-5439,5439
0.496,0.128,-0.011354,0.92953,-2.606e+05,-6.15e+05,3634,3634
0.496,0.112,-0.97421,0.18108,9.6097e+05,2.6487e+05,9442.4,9442.4
0.496,0.096,-0.78738,-1.1803,-6.5015e+05,1.2117e+06,10155,10155
0.496,0.08,-75.012,-57.353,-7.4267e+05,1.3671e+06,13480,13480
0.496,0.064,-420.5,-407.07,-1.6879e+06,1.1872e+06,9893.3,9893.3
0.496,0.048,-131.13,-108.77,0,0,5832.7,5832.7
0.496,0.032,-371.4,-524.5,0,0,-0.2468,0.2468
0.496,0.016,-36.214,-23.403,0,0,-201.46,201.46
