0.016,0.496,-1.5221,-3.2001,8001.2,-1085.1,108.52,108.52
0.016,0.48,0.19739,0.40027,8132.1,-3339.5,193.78,193.78
0.016,0.464,3.1888,-0.25628,2939.7,-1054.1,246.87,246.87
0.016,0.448,-0.5883,0.26972,-5164.3,1438.7,76.825,76.825
0.016,0.432,1.1767,0.040477,-19417,1331.9,-501.04,501.04
0.016,0.416,4.5473,0.050694,-29996,3890.2,-1834.8,1834.8
0.016,0.4,2.9702,-1.661,-36505,6667.7,-3376.2,3376.2
0.016,0.384,5.072,-1.0797,-22209,9720.2,-3871.6,3871.6
0.016,0.368,6.6718,-0.71082,-10256,2509.2,-3795.1,3795.1
0.016,0.352,3.618,0.4027,-15333,-3222.8,-3586,3586
0.016,0.336,5.4732,1.9295,-21237,-1948.5,-3565.4,3565.4
0.016,0.32,3.3809,-0.7495,-17102,601.75,-3094.9,3094.9
0.016,0.304,0.21559,0.35468,-8537.9,3992.6,-1683.7,1683.7
0.016,0.288,0.69001,-0.82928,-5748.8,3112.4,-860.57,860.57
0.016,0.272,1.4603,-0.6952,-7151.1,3723.3,-3739.8,3739.8
0.016,0.256,0.30516,2.9449,-5084.7,108.61,-4507.4,4507.4
0.016,0.24,3.2066,0.70066,-5384.2,-896.83,-2735.7,2735.7
0.016,0.224,7.9408,0.51354,-5187.3,-6557.7,2982.4,2982.4
0.016,0.208,5.3513,-0.077086,2084.9,-13111,3929,3929
0.016,0.192,1.0158,0.055106,23459,-25621,2516.8,2516.8
0.016,0.176,-0.90674,-0.43933,33124,-27177,586.06,586.06
0.016,0.16,-0.94423,-0.19509,22731,-20679,1476.3,1476.3
0.016,0.144,-1.0196,0.59497,4944.4,-9443.4,1498.3,1498.3
0.016,0.128,2.4802,-2.268,-3758.4,-2571.6,1649.4,1649.4
0.016,0.112,6.2872,0.4651,-10296,53.14,1411.6,1411.6
0.016,0.096,0.090927,-0.50777,-16839,-10303,2086.8,2086.8
0.016,0.08,-0.664,0.34978,-13902,17485,4108.2,4108.2
0.016,0.064,-2.2772,0.98123,2016.7,17497,5376.9,5376.9
0.016,0.048,-2.1326,0.2219,8212.5,29046,5791.7,5791.7
0.016,0.032,0.99534,0.58701,5201.9,810.12,3450,3450
0.016,0.016,1.397,0.12427,0,0,1322,1322
0.032,0.496,0.80273,0.7156,-5367.5,-11731,-55.81,55.81
0.032,0.48,1.0325,0.88234,-3338.3,-14739,27.572,27.572
0.032,0.464,-0.015376,-0.45674,-1149.9,-6146.1,270.27,270.27
0.032,0.448,-0.20599,0.30631,5598.2,18743,902.44,902.44
0.032,0.432,-0.31031,0.27278,-5780.9,18823,1340.8,1340.8
0.032,0.416,-0.43054,-0.56525,-32681,14008,1612.6,1612.6
0.032,0.4,-0.5984,-0.28832,-67842,-5109.6,1567.1,1567.1
0.032,0.384,-0.28037,0.30698,-60299,3673.3,1665.3,1665.3
0.032,0.368,0.0039887,-0.038679,-43026,-4064.4,1582.4,1582.4
0.032,0.352,-0.17094,-0.15378,-30009,-3573.1,1450.9,1450.9
0.032,0.336,-0.421,0.3576,-40488,-9410.8,1283,1283
0.032,0.32,-0.2376,0.028127,-40609,-6924.5,1322.9,1322.9
0.032,0.304,-0.086249,-0.36855,-26308,1934,1421.5,1421.5
0.032,0.288,-0.34996,-0.24882,-17472,-4958.1,1626.7,1626.7
0.032,0.272,-0.23048,-0.15395,-18028,281.34,2327.2,2327.2
0.032,0.256,-0.10149,0.17748,-22261,-15587,2826.4,2826.4
0.032,0.24,-0.2381,0.49745,-24258,-13901,3057.4,3057.4
0.032,0.224,-0.053857,-0.030528,-25126,-10360,2675.7,2675.7
0.032,0.208,0.18884,-0.17032,-16757,5757.5,2165,2165
0.032,0.192,0.54909,0.1977,-15917,11282,1264.8,1264.8
0.032,0.176,0.96781,0.28446,-31827,5596.6,139.47,139.47
0.032,0.16,0.63801,0.35623,-54335,1477.6,-835.51,835.51
0.032,0.144,-0.22609,0.5868,-64657,5996.8,-286.39,286.39
0.032,0.128,0.054565,-0.4808,-72731,-917.4,-161.45,161.45
0.032,0.112,0.081508,-0.088981,-61470,-14755,361.43,361.43
0.032,0.096,-0.23243,0.41269,-53002,-26968,161.56,161.56
0.032,0.08,-1.0765,-0.40153,-13535,34359,594.52,594.52
0.032,0.064,-0.59391,1.9035,5142.5,42164,719.62,719.62
0.032,0.048,-0.94812,0.56146,11602,49523,361.79,361.79
0.032,0.032,-0.23661,0.44935,5102.5,-6511.9,163.32,163.32
0.032,0.016,-0.51127,-6.4477,0,0,-45.023,45.023
0.048,0.496,1.0657,2.6223,27205,-59000,310.93,310.93
0.048,0.48,-0.12872,1.1269,1.2501e+05,-1.4739e+05,655.19,655.19
0.048,0.464,-0.33286,-0.34641,40384,-1.1852e+05,1326.3,1326.3
0.048,0.448,-0.039132,0.71089,16890,-47564,1520,1520
0.048,0.432,-0.3641,1.3159,-90189,37736,2133.4,2133.4
0.048,0.416,-0.090169,-0.4631,-34583,12988,2054.2,2054.2
0.048,0.4,-1.567,-0.45741,-55212,-31770,3031.5,3031.5
0.048,0.384,-1.9174,-0.39016,-36866,-32282,3122.6,3122.6
0.048,0.368,-0.42295,0.42658,-15571,-47313,3288.2,3288.2
0.048,0.352,-0.35239,0.040307,41150,-44145,2804.3,2804.3
0.048,0.336,-0.64596,0.36043,20105,-37554,2763.8,2763.8
0.048,0.32,-0.65212,0.74122,21787,-27225,2838.2,2838.2
0.048,0.304,-0.38108,-0.14423,25532,-23276,3083.4,3083.4
0.048,0.288,-0.79552,-0.31268,31540,-51957,3531.8,3531.8
0.048,0.272,-0.64292,-0.50986,23610,-27819,5421.4,5421.4
0.048,0.256,-1.0978,0.7275,-39628,19261,7462.8,7462.8
0.048,0.24,-0.9604,-0.60663,-32350,64329,9049.4,9049.4
0.048,0.224,-0.10718,-0.17392,-15756,47780,8487.5,8487.5
0.048,0.208,-0.70186,1.4616,-42170,63560,4921.4,4921.4
0.048,0.192,-0.93248,1.9167,-1.247e+05,79762,375.58,375.58
0.048,0.176,-1.5376,1.6048,-2.6004e+05,55856,-3732.8,3732.8
0.048,0.16,-1.7766,1.1994,-2.5478e+05,31017,-5444.1,5444.1
0.048,0.144,-1.5149,0.83004,-1.9944e+05,5303.6,-4107.5,4107.5
0.048,0.128,-1.4208,0.99429,-1.0131e+05,21583,-2855.8,2855.8
0.048,0.112,-1.9581,-0.62893,-74929,-3376.6,-991.17,991.17
0.048,0.096,-0.65023,-0.94517,-51706,-15631,-436.05,436.05
0.048,0.08,-0.41235,0.54064,13087,99244,437.09,437.09
0.048,0.064,-0.4862,2.0641,31285,93272,908.27,908.27
0.048,0.048,-0.32994,0.55243,33945,95662,439.73,439.73
0.048,0.032,0.0091463,0.52765,3743.8,-18590,195.91,195.91
0.048,0.016,0.23719,-4.5659,0,0,-11.259,11.259
0.064,0.496,3.3016,1.444,29501,-76279,807.44,807.44
0.064,0.48,5.4648,0.49818,1.3253e+05,-2.1522e+05,1903.8,1903.8
0.064,0.464,7.821,-0.64251,67533,-2.5709e+05,2102.2,2102.2
0.064,0.448,5.6238,-0.54721,-7.7711e+05,2.6081e+05,3289,3289
0.064,0.432,0.022989,-0.10645,-8.9572e+05,3.9951e+05,5808.5,5808.5
0.064,0.416,-0.45422,0.13696,-8.2445e+05,1.6943e+05,15312,15312
0.064,0.4,-0.23609,-0.5606,-5755.7,-2.6911e+05,20259,20259
0.064,0.384,1.9624,-0.49606,44270,-2.8106e+05,22918,22918
0.064,0.368,1.8432,0.59614,26804,-22320,19019,19019
0.064,0.352,0.61559,0.50383,81383,-55305,18299,18299
0.064,0.336,2.9991,0.70235,28239,-47444,18214,18214
0.064,0.32,1.1523,1.0598,47116,-43371,18453,18453
0.064,0.304,0.80905,1.3225,26260,10240,19268,19268
0.064,0.288,2.2608,1.3755,22484,38439,20458,20458
0.064,0.272,-0.062761,0.38248,-42456,1.3684e+05,24332,24332
0.064,0.256,-0.8762,1.958,-1.4443e+05,2.238e+05,26258,26258
0.064,0.24,-1.4651,3.2466,-1.7095e+05,3.371e+05,26082,26082
0.064,0.224,-1.1287,3.6164,-1.6014e+05,3.6173e+05,20640,20640
0.064,0.208,-0.72784,3.0433,-2.0576e+05,3.5371e+05,13037,13037
0.064,0.192,-2.712,3.4784,-3.4704e+05,3.2154e+05,3580,3580
0.064,0.176,-3.9708,3.0815,-5.4645e+05,2.0872e+05,-3562.9,3562.9
0.064,0.16,-5.0829,-0.049563,-5.211e+05,83089,-8428.1,8428.1
0.064,0.144,-2.5822,1.9944,-3.7081e+05,6059.3,-6104.7,6104.7
0.064,0.128,-2.0482,1.3293,-1.6555e+05,15109,-4523.8,4523.8
0.064,0.112,-1.2827,0.86477,-85687,35489,-1036.9,1036.9
0.064,0.096,-0.76974,-0.20368,-38671,-26987,-600.33,600.33
0.064,0.08,-0.35608,0.71975,29760,1.5032e+05,695.5,695.5
0.064,0.064,0.60215,3.1387,34420,1.2505e+05,1326.1,1326.1
0.064,0.048,0.10527,0.41551,27389,1.5955e+05,703.93,703.93
0.064,0.032,-0.09329,1.2479,-452.19,-27881,303.52,303.52
0.064,0.016,0.24026,-1.9968,0,0,76.659,76.659
0.08,0.496,4.111,0.30743,48228,-73837,2105.7,2105.7
0.08,0.48,3.8524,1.0139,1.1026e+05,-2.4346e+05,4277.5,4277.5
0.08,0.464,3.3746,0.66704,78430,-4.0031e+05,6974.7,6974.7
0.08,0.448,5.4627,-0.065376,5.6904e+05,-1.3456e+06,10597,10597
0.08,0.432,3.8216,0.12178,5.2729e+05,-1.2869e+06,20540,20540
0.08,0.416,-1.7621,-0.35751,5.9066e+05,-1.4845e+06,29372,29372
0.08,0.4,1.4496,-10.274,22346,-3.4544e+05,38514,38514
0.08,0.384,1.1082,0.97636,33292,-2.926e+05,39621,39621
0.08,0.368,1.4299,1.4378,-7367.1,33504,40826,40826
0.08,0.352,0.1696,1.3007,89511,-65401,39736,39736
0.08,0.336,0.52614,1.6976,53399,-36496,39866,39866
0.08,0.32,-0.51287,0.64173,64013,-42975,40597,40597
0.08,0.304,0.51638,0.691,29974,33586,42759,42759
0.08,0.288,-0.15839,3.2591,25413,1.7888e+05,45623,45623
0.08,0.272,-0.81224,4.6554,-67205,4.7686e+05,50179,50179
0.08,0.256,-1.3759,6.0595,-2.7416e+05,7.5315e+05,50973,50973
0.08,0.24,-2.215,6.2318,-4.7786e+05,9.798e+05,47775,47775
0.08,0.224,-3.288,7.3595,-5.6896e+05,9.6008e+05,37714,37714
0.08,0.208,-3.6928,7.6953,-5.812e+05,7.8631e+05,25060,25060
0.08,0.192,-3.8448,5.8937,-5.7289e+05,5.3108e+05,11916,11916
0.08,0.176,-5.4817,5.0323,-6.6173e+05,3.1512e+05,-2085.8,2085.8
0.08,0.16,-6.4676,2.0893,-4.8885e+05,1.4533e+05,-15465,15465
0.08,0.144,-4.2817,0.031056,-3.1339e+05,1.074e+05,-16279,16279
0.08,0.128,-3.1055,2.9311,-28544,1.6333e+05,-12341,12341
0.08,0.112,-2.2128,2.1723,31206,1.4296e+05,-4139.1,4139.1
0.08,0.096,-1.4386,2.0014,70825,49786,-2984.1,2984.1
0.08,0.08,-0.34538,-1.1383,78388,1.2291e+05,-1209.7,1209.7
0.08,0.064,-0.47873,3.5408,22373,1.2198e+05,873.64,873.64
0.08,0.048,0.5893,0.097258,19038,1.4668e+05,488.55,488.55
0.08,0.032,0.59136,1.4399,-5855.1,-27308,272.73,272.73
0.08,0.016,-0.01782,-4.0332,0,0,373.72,373.72
0.096,0.496,1.4921,-1.3846,80104,-2.2633e+05,3396.6,3396.6
0.096,0.48,4.0258,3.6701,1.453e+05,-5.6731e+05,8549.2,8549.2
0.096,0.464,2.5376,2.4758,3.0697e+05,-1.0204e+06,14697,14697
0.096,0.448,5.9575,1.2407,8.2061e+05,-1.8925e+06,25446,25446
0.096,0.432,59.823,-29.004,8.4397e+05,-1.7656e+06,42510,42510
0.096,0.416,4.5939,0.036082,8.1478e+05,-1.813e+06,54203,54203
0.096,0.4,3.7474,-0.41468,93211,-5.0968e+05,57992,57992
0.096,0.384,-0.54691,3.5326,44568,-3.9218e+05,57683,57683
0.096,0.368,-0.87455,1.9172,-56379,44317,61865,61865
0.096,0.352,-0.17875,2.4543,52922,-61287,67749,67749
0.096,0.336,0.89185,2.8792,14199,-33816,68927,68927
0.096,0.32,1.058,2.6385,-2839.1,-33768,71230,71230
0.096,0.304,-0.48108,1.8417,-43736,80258,75955,75955
0.096,0.288,-0.39364,3.961,-92451,3.8266e+05,81345,81345
0.096,0.272,0.0093356,6.861,-2.4928e+05,9.3277e+05,86065,86065
0.096,0.256,-2.0027,9.9293,-4.8261e+05,1.4925e+06,84954,84954
0.096,0.24,-4.8584,11.562,-8.1485e+05,1.9793e+06,78185,78185
0.096,0.224,-6.1345,11.939,-1.0107e+06,2.0985e+06,64392,64392
0.096,0.208,-7.4545,9.3343,-9.9543e+05,1.8102e+06,50203,50203
0.096,0.192,-5.738,8.1592,-8.61e+05,1.3258e+06,36592,36592
0.096,0.176,-4.6694,6.797,-8.1831e+05,9.2191e+05,18240,18240
0.096,0.16,-5.5149,6.8315,-6.3846e+05,5.7985e+05,-15423,15423
0.096,0.144,-3.584,3.756,-3.8715e+05,3.82e+05,-24411,24411
0.096,0.128,-4.0796,2.2802,33328,2.4018e+05,-23871,23871
0.096,0.112,-2.5448,4.9509,1.4438e+05,1.3014e+05,-5560.6,5560.6
0.096,0.096,1.6502,-0.71959,44734,1.0654e+05,-5413.8,5413.8
0.096,0.08,-0.22655,1.3527,-82103,1.1413e+05,-4045.5,4045.5
0.096,0.064,-0.54427,1.6283,-1.3334e+05,1.4918e+05,-1020.4,1020.4
0.096,0.048,0.88153,-0.16135,-32406,97141,-553.81,553.81
0.096,0.032,0.39426,1.7303,-12553,-20497,-245.67,245.67
0.096,0.016,-0.61216,-3.5346,0,0,603.76,603.76
0.112,0.496,2.6754,-1.42,78308,-2.3505e+05,4241.7,4241.7
0.112,0.48,4.5335,2.4253,1.7026e+05,-6.4966e+05,12915,12915
0.112,0.464,5.8079,4.4966,4.2493e+05,-1.575e+06,27727,27727
0.112,0.448,5.8172,3.5204,1.7893e+06,-2.8639e+06,44972,44972
0.112,0.432,5.8094,2.835,1.5655e+06,-2.4553e+06,66199,66199
0.112,0.416,4.8889,1.9929,1.4831e+06,-2.0906e+06,69587,69587
0.112,0.4,3.8248,1.5989,-22218,-3.4811e+05,69609,69609
0.112,0.384,0.049863,2.8538,-67200,-2.191e+05,61211,61211
0.112,0.368,0.86882,2.1197,-1.3243e+05,7138.1,69785,69785
0.112,0.352,1.1311,2.023,17118,-19196,80554,80554
0.112,0.336,0.87387,2.4802,57929,-86388,90704,90704
0.112,0.32,1.2488,2.4017,48634,-99596,98683,98683
0.112,0.304,1.2729,3.4575,-465.94,92029,1.066e+05,1.066e+05
0.112,0.288,0.30024,4.8162,-1.2366e+05,6.9111e+05,1.1428e+05,1.1428e+05
0.112,0.272,-0.75098,8.2784,-3.3601e+05,1.6277e+06,1.1748e+05,1.1748e+05
0.112,0.256,-2.659,15.313,-6.2133e+05,2.4982e+06,1.1562e+05,1.1562e+05
0.112,0.24,-4.247,19.455,-9.612e+05,3.2059e+06,1.0962e+05,1.0962e+05
0.112,0.224,-6.7817,20.316,-1.2301e+06,3.4473e+06,99684,99684
0.112,0.208,-7.1397,18.848,-1.2799e+06,3.2621e+06,87408,87408
0.112,0.192,-5.9342,17.284,-1.1516e+06,2.8261e+06,74873,74873
0.112,0.176,-7.1256,15.252,-1.08e+06,2.2979e+06,53599,53599
0.112,0.16,-9.0727,13.519,-8.8251e+05,1.7406e+06,4052.7,4052.7
0.112,0.144,-7.897,8.3881,-5.5074e+05,1.1341e+06,-19010,19010
0.112,0.128,-4.4595,6.551,22109,5.9942e+05,-29918,29918
0.112,0.112,-2.0301,8.3916,2.8253e+05,2.0702e+05,-11594,11594
0.112,0.096,-2.7837,3.899,1.1863e+05,1.0212e+05,-13342,13342
0.112,0.08,-3.2614,2.9729,-48277,13314,-13137,13137
0.112,0.064,-1.8588,1.1525,-1.5312e+05,-1785.9,-7734,7734
0.112,0.048,1.0437,-0.23402,-9666.3,-62977,-4111.8,4111.8
0.112,0.032,2.3337,3.9773,-18816,-50148,-1181.8,1181.8
0.112,0.016,0.39435,-3.3413,0,0,647.52,647.52
0.128,0.496,1.7443,6.3559,78308,-2.3505e+05,3686.1,3686.1
0.128,0.48,2.7608,5.71,2.8709e+05,-7.5692e+05,15183,15183
0.128,0.464,4.9593,9.739,6.4168e+05,-2.1289e+06,36325,36325
0.128,0.448,3.1054,4.0652,3.954e+05,-2.1936e+06,63551,63551
0.128,0.432,0.25971,3.898,2.7238e+05,-2.1634e+06,84077,84077
0.128,0.416,0.5204,8.7981,2.2401e+05,-1.9277e+06,90225,90225
0.128,0.4,0.47672,3.8842,1.1008e+05,-1.4861e+06,85584,85584
0.128,0.384,-0.35969,3.0933,61263,-9.9469e+05,78817,78817
0.128,0.368,-0.86712,3.9875,-44481,-5.8194e+05,78645,78645
0.128,0.352,-0.4671,2.4317,38820,-3.6989e+05,88543,88543
0.128,0.336,0.091611,4.185,36339,-3.5948e+05,1.0487e+05,1.0487e+05
0.128,0.32,1.9304,3.224,33615,-2.2425e+05,1.2777e+05,1.2777e+05
0.128,0.304,2.753,5.4642,-37808,1.6253e+05,1.4671e+05,1.4671e+05
0.128,0.288,-0.27853,10.064,-1.9904e+05,9.8352e+05,1.5858e+05,1.5858e+05
0.128,0.272,-2.0111,14.694,-4.0447e+05,2.0779e+06,1.6202e+05,1.6202e+05
0.128,0.256,-3.5081,22.356,-6.865e+05,3.1941e+06,1.5601e+05,1.5601e+05
0.128,0.24,-4.5505,25.907,-9.8418e+05,4.2135e+06,1.5005e+05,1.5005e+05
0.128,0.224,-4.7787,28.078,-1.2601e+06,4.759e+06,1.415e+05,1.415e+05
0.128,0.208,-6.8262,28.729,-1.3856e+06,4.8181e+06,1.3498e+05,1.3498e+05
0.128,0.192,-7.0958,28.765,-1.3796e+06,4.5209e+06,1.2301e+05,1.2301e+05
0.128,0.176,-6.5416,27.654,-1.3504e+06,3.8013e+06,96889,96889
0.128,0.16,-9.5871,22.631,-1.2391e+06,3.0136e+06,30462,30462
0.128,0.144,-9.7517,20.362,-8.7525e+05,2.0562e+06,-10237,10237
0.128,0.128,-6.6393,18.207,-2.9777e+05,1.221e+06,-38506,38506
0.128,0.112,-4.1812,13.913,1.2697e+05,3.8205e+05,-27415,27415
0.128,0.096,-3.7085,9.1415,1.5962e+05,-1.7089e+05,-35484,35484
0.128,0.08,-3.6834,6.6827,83825,-4.2992e+05,-34904,34904
0.128,0.064,-1.6618,3.6724,28204,-4.2898e+05,-24473,24473
0.128,0.048,0.66207,-0.62659,58742,-2.652e+05,-12062,12062
0.128,0.032,1.3199,3.344,10128,-1.0901e+05,-3850.3,3850.3
0.128,0.016,-0.5366,-0.34976,0,0,-144.59,144.59
0.144,0.496,-1.0111,27.502,0,0,2044.8,2044.8
0.144,0.48,0.30847,19.714,0,0,11581,11581
0.144,0.464,0.47832,18.586,3.6458e+05,-2.5437e+06,35751,35751
0.144,0.448,1.5952,12.085,2217.3,-2.5479e+06,67834,67834
0.144,0.432,2.361,7.7996,17723,-2.6338e+06,85861,85861
0.144,0.416,4.5018,8.3701,-5274.9,-2.6825e+06,85928,85928
0.144,0.4,2.8541,9.5448,19500,-2.4691e+06,77990,77990
0.144,0.384,2.7932,8.6295,3358,-2.0738e+06,60073,60073
0.144,0.368,2.6985,5.9435,-39967,-1.6617e+06,56783,56783
0.144,0.352,1.1447,6.275,1217.4,-1.2402e+06,61003,61003
0.144,0.336,1.7232,7.5029,14025,-1.0177e+06,88436,88436
0.144,0.32,2.1076,6.0144,22463,-5.4947e+05,1.2205e+05,1.2205e+05
0.144,0.304,0.77492,9.8097,-74709,3631.6,1.5258e+05,1.5258e+05
0.144,0.288,-0.087923,12.949,-2.261e+05,8.1765e+05,1.6728e+05,1.6728e+05
0.144,0.272,-0.83868,15.445,-3.9937e+05,1.7971e+06,1.8345e+05,1.8345e+05
0.144,0.256,-1.8148,22.328,-6.5814e+05,2.8844e+06,1.9683e+05,1.9683e+05
0.144,0.24,-5.0739,28.843,-9.856e+05,4.1094e+06,2.0935e+05,2.0935e+05
0.144,0.224,-6.3575,32.204,-1.3319e+06,5.0417e+06,2.0831e+05,2.0831e+05
0.144,0.208,-6.7011,33.682,-1.5702e+06,5.5649e+06,1.9281e+05,1.9281e+05
0.144,0.192,-6.812,32.354,-1.5649e+06,5.5654e+06,1.6795e+05,1.6795e+05
0.144,0.176,-5.6147,29.725,-1.465e+06,4.877e+06,1.2864e+05,1.2864e+05
0.144,0.16,-5.5907,26.094,-1.2655e+06,3.9198e+06,58607,58607
0.144,0.144,-7.2975,26.997,-9.6118e+05,2.7145e+06,7921.1,7921.1
0.144,0.128,-7.0942,27.363,-5.4394e+05,1.6399e+06,-32066,32066
0.144,0.112,-7.5483,24.698,-29025,4.0739e+05,-45807,45807
0.144,0.096,-4.9946,17.512,2.2492e+05,-5.8414e+05,-64046,64046
0.144,0.08,-2.6618,12.075,4.1747e+05,-1.1195e+06,-67802,67802
0.144,0.064,-2.1397,8.842,4.0564e+05,-1.1987e+06,-45328,45328
0.144,0.048,-0.88273,4.6374,3.1301e+05,-7.7091e+05,-23932,23932
0.144,0.032,1.3274,5.5477,1.3121e+05,-3.5876e+05,-8161.7,8161.7
0.144,0.016,2.8106,3.8668,0,0,-1547.2,1547.2
0.16,0.496,0.81342,40.421,0,0,698.73,698.73
0.16,0.48,0.85802,38.483,0,0,6006.9,6006.9
0.16,0.464,0.21033,33.91,NaN,NaN,26922,26922
0.16,0.448,0.36463,29.005,2.7027e+05,-4.553e+06,70080,70080
0.16,0.432,1.1903,24.903,5.0957e+05,-5.1147e+06,82119,82119
0.16,0.416,2.7111,22.606,3.3176e+05,-4.4305e+06,79292,79292
0.16,0.4,0.89335,17.894,2.8943e+05,-4.055e+06,63298,63298
0.16,0.384,0.56062,15.391,1.8257e+05,-3.5681e+06,45853,45853
0.16,0.368,0.61946,13.995,1.6778e+05,-3.3327e+06,35653,35653
0.16,0.352,2.0164,13.704,1.4018e+05,-2.7447e+06,36639,36639
0.16,0.336,2.1781,11.837,73179,-2.0043e+06,63136,63136
0.16,0.32,0.2407,9.9125,-19939,-1.0969e+06,1.052e+05,1.052e+05
0.16,0.304,0.26987,12.051,-1.5665e+05,-3.4148e+05,1.4428e+05,1.4428e+05
0.16,0.288,0.40284,13.553,-2.6241e+05,2.8292e+05,1.6535e+05,1.6535e+05
0.16,0.272,0.086679,14.192,-3.7125e+05,9.1552e+05,1.93e+05,1.93e+05
0.16,0.256,-0.37193,16.202,-5.8949e+05,1.8106e+06,2.2723e+05,2.2723e+05
0.16,0.24,-2.9586,20.799,-1.0056e+06,3.0858e+06,2.5655e+05,2.5655e+05
0.16,0.224,-8.3662,26.994,-1.3867e+06,4.3947e+06,2.5911e+05,2.5911e+05
0.16,0.208,-8.8017,30.482,-1.6829e+06,5.4274e+06,2.3168e+05,2.3168e+05
0.16,0.192,-8.6705,31.704,-1.6769e+06,5.873e+06,1.9441e+05,1.9441e+05
0.16,0.176,-6.5967,32.263,-1.5752e+06,5.5574e+06,1.4339e+05,1.4339e+05
0.16,0.16,-4.6458,29.504,-1.3418e+06,4.7753e+06,69500,69500
0.16,0.144,-5.6561,28.271,-1.0706e+06,3.6536e+06,14097,14097
0.16,0.128,-6.7123,28.683,-7.6347e+05,2.6149e+06,-27254,27254
0.16,0.112,-6.9559,28.32,-1.752e+05,1.0804e+06,-52799,52799
0.16,0.096,-4.4354,24.065,3.7461e+05,-4.319e+05,-83906,83906
0.16,0.08,-4.0959,18.274,8.0108e+05,-1.6593e+06,-96931,96931
0.16,0.064,-1.6821,15.21,8.6663e+05,-2.165e+06,-66816,66816
0.16,0.048,0.53195,11.823,5.7593e+05,-1.5174e+06,-31523,31523
0.16,0.032,1.4696,10.88,2.8412e+05,-7.9113e+05,-8084.9,8084.9
0.16,0.016,2.4148,6.0152,0,0,-136.4,136.4
0.176,0.496,-2.4212,46.844,0,0,0,0
0.176,0.48,-0.99025,46.6,0,0,0,0
0.176,0.464,0.36716,46.412,NaN,NaN,9504.9,9504.9
0.176,0.448,0.83758,44.797,NaN,NaN,54785,54785
0.176,0.432,0.49302,41.543,NaN,NaN,67254,67254
0.176,0.416,1.8772,37.831,-53039,-4.3939e+06,55293,55293
0.176,0.4,2.6352,29.04,3.8772e+05,-4.6806e+06,44501,44501
0.176,0.384,1.1459,21.15,3.1542e+05,-4.5514e+06,23384,23384
0.176,0.368,1.1976,18.992,3.6057e+05,-4.422e+06,16242,16242
0.176,0.352,2.3164,17.82,2.6477e+05,-3.833e+06,11880,11880
0.176,0.336,2.0983,16.529,2.1309e+05,-2.9208e+06,37835,37835
0.176,0.32,1.5536,13.477,1.1517e+05,-1.9969e+06,73127,73127
0.176,0.304,0.54103,14.891,-31411,-1.2456e+06,1.1458e+05,1.1458e+05
0.176,0.288,0.20386,15.77,-2.2699e+05,-7.2502e+05,1.4164e+05,1.4164e+05
0.176,0.272,0.056874,17.137,-4.7486e+05,-70959,1.846e+05,1.846e+05
0.176,0.256,-1.202,14.526,-7.235e+05,8.304e+05,2.4049e+05,2.4049e+05
0.176,0.24,-2.7773,16.245,-1.0794e+06,2.1379e+06,2.8606e+05,2.8606e+05
0.176,0.224,-6.3975,22.257,-1.4052e+06,3.5961e+06,2.9345e+05,2.9345e+05
0.176,0.208,-8.0997,29.585,-1.7245e+06,4.9206e+06,2.5046e+05,2.5046e+05
0.176,0.192,-10.051,34.926,-1.8227e+06,5.7799e+06,2.0008e+05,2.0008e+05
0.176,0.176,-10.273,38.34,-1.8479e+06,6.0447e+06,1.4518e+05,1.4518e+05
0.176,0.16,-8.3806,37.336,-1.6532e+06,5.6444e+06,79184,79184
0.176,0.144,-5.7623,34.724,-1.3579e+06,4.7419e+06,28275,28275
0.176,0.128,-4.3497,32.726,-9.533e+05,3.7138e+06,-11123,11123
0.176,0.112,-3.5025,31.799,-2.6867e+05,2.0969e+06,-39544,39544
0.176,0.096,-2.7577,27.859,3.9779e+05,1.7372e+05,-71751,71751
0.176,0.08,-2.4931,23.423,9.8582e+05,-1.5319e+06,-95811,95811
0.176,0.064,-0.8508,20.531,1.2024e+06,-2.6224e+06,-66003,66003
0.176,0.048,2.1473,18.892,8.6894e+05,-1.9365e+06,-29820,29820
0.176,0.032,2.3776,16.417,4.6383e+05,-1.1335e+06,-1148.4,1148.4
0.176,0.016,1.1463,9.3913,0,0,2822.1,2822.1
0.192,0.496,-2.9002,49.55,0,0,0,0
0.192,0.48,-3.3243,47.645,0,0,0,0
0.192,0.464,-2.5599,46.892,NaN,NaN,0,0
0.192,0.448,-1.3149,45.651,NaN,NaN,NaN,NaN
0.192,0.432,-0.79382,41.89,NaN,NaN,48641,48641
0.192,0.416,-0.73448,36.125,NaN,NaN,46018,46018
0.192,0.4,0.19471,27.985,8.4338e+05,-5.3098e+06,43846,43846
0.192,0.384,1.0603,19.412,6.4529e+05,-5.1866e+06,47040,47040
0.192,0.368,1.3529,15.344,6.1164e+05,-4.9467e+06,38479,38479
0.192,0.352,1.7181,15.694,4.9963e+05,-4.4155e+06,32666,32666
0.192,0.336,0.95952,18.513,4.7751e+05,-3.5491e+06,36328,36328
0.192,0.32,1.4407,18.572,4.2751e+05,-2.765e+06,67289,67289
0.192,0.304,1.2311,23.702,3.369e+05,-1.9925e+06,1.078e+05,1.078e+05
0.192,0.288,-0.34622,25.238,1.006e+05,-1.4332e+06,1.4336e+05,1.4336e+05
0.192,0.272,-1.8234,24.839,-2.7294e+05,-7.4675e+05,1.8691e+05,1.8691e+05
0.192,0.256,-3.2116,26.719,-6.755e+05,25543,2.382e+05,2.382e+05
0.192,0.24,-4.6848,31.116,-1.0095e+06,1.0446e+06,2.7817e+05,2.7817e+05
0.192,0.224,-6.3329,33.642,-1.2403e+06,2.2377e+06,2.8288e+05,2.8288e+05
0.192,0.208,-6.7954,36.876,-1.513e+06,3.4589e+06,2.3913e+05,2.3913e+05
0.192,0.192,-7.7653,40.403,-1.7327e+06,4.5129e+06,1.873e+05,1.873e+05
0.192,0.176,-9.2785,42.927,-1.916e+06,5.3158e+06,1.3669e+05,1.3669e+05
0.192,0.16,-9.3952,44.203,-1.8549e+06,5.6889e+06,67520,67520
0.192,0.144,-7.6638,45.154,-1.6064e+06,5.6782e+06,18545,18545
0.192,0.128,-5.6016,43.602,-1.1914e+06,5.1876e+06,-18912,18912
0.192,0.112,-3.0749,41.416,-4.8987e+05,3.7394e+06,-20195,20195
0.192,0.096,-0.85994,34.612,2.707e+05,1.6421e+06,-35582,35582
0.192,0.08,1.4784,30.738,8.9455e+05,-3.0338e+05,-53915,53915
0.192,0.064,1.6277,33.329,1.2276e+06,-1.5916e+06,-35298,35298
0.192,0.048,3.0157,28.66,8.8176e+05,-1.2948e+06,-10856,10856
0.192,0.032,4.9183,25.907,4.99e+05,-8.3614e+05,9849.7,9849.7
0.192,0.016,2.4448,22.823,0,0,5786.4,5786.4
0.208,0.496,-2.7826,51.43,0,0,0,0
0.208,0.48,-3.8423,47.33,0,0,0,0
0.208,0.464,-3.5305,45.52,NaN,NaN,0,0
0.208,0.448,-2.1296,43.888,NaN,NaN,NaN,NaN
0.208,0.432,-0.68225,39.515,NaN,NaN,NaN,NaN
0.208,0.416,0.01799,32.276,NaN,NaN,48101,48101
0.208,0.4,0.64622,25.85,9.3594e+05,-5.3651e+06,62325,62325
0.208,0.384,0.60248,20.598,7.2924e+05,-5.1612e+06,76446,76446
0.208,0.368,1.5614,16.796,6.7174e+05,-4.899e+06,87271,87271
0.208,0.352,3.512,17.114,6.044e+05,-4.3032e+06,79376,79376
0.208,0.336,4.0459,22.268,6.5652e+05,-3.6614e+06,65676,65676
0.208,0.32,1.8716,26.31,6.9041e+05,-3.1606e+06,74272,74272
0.208,0.304,1.3254,30.061,6.1132e+05,-2.5353e+06,1.0871e+05,1.0871e+05
0.208,0.288,0.69396,34.238,3.5992e+05,-1.924e+06,1.4916e+05,1.4916e+05
0.208,0.272,-1.8697,36.844,-13044,-1.1387e+06,1.9089e+05,1.9089e+05
0.208,0.256,-4.0274,41.379,-4.1922e+05,-2.887e+05,2.2998e+05,2.2998e+05
0.208,0.24,-5.0994,44.289,-6.7061e+05,6.1245e+05,2.6102e+05,2.6102e+05
0.208,0.224,-4.9608,44.916,-8.6196e+05,1.4851e+06,2.6408e+05,2.6408e+05
0.208,0.208,-5.2697,44.478,-1.094e+06,2.3295e+06,2.2245e+05,2.2245e+05
0.208,0.192,-6.6026,46.133,-1.3726e+06,3.1969e+06,1.6962e+05,1.6962e+05
0.208,0.176,-6.6457,48,-1.5983e+06,4.1603e+06,1.114e+05,1.114e+05
0.208,0.16,-6.5508,48.253,-1.6244e+06,5.0321e+06,39128,39128
0.208,0.144,-6.6658,50.19,-1.5471e+06,5.7706e+06,-8377.1,8377.1
0.208,0.128,-5.4475,50.04,-1.3141e+06,5.965e+06,-35602,35602
0.208,0.112,-3.0405,47.286,-8.529e+05,5.0344e+06,-13915,13915
0.208,0.096,-0.24592,44.659,-2.536e+05,3.2861e+06,-4282,4282
0.208,0.08,0.86087,44.326,2.8394e+05,1.5778e+06,-2270.4,2270.4
0.208,0.064,1.6636,43.6,7.2192e+05,5.0396e+05,10428,10428
0.208,0.048,3.6439,43.341,5.9711e+05,1.4315e+05,14384,14384
0.208,0.032,2.2407,42.246,3.8608e+05,-86260,17562,17562
0.208,0.016,0.059978,40.665,0,0,5941.1,5941.1
0.224,0.496,0.013779,50.97,0,0,0,0
0.224,0.48,-0.84585,47.227,0,0,0,0
0.224,0.464,-1.0155,46.626,NaN,NaN,0,0
0.224,0.448,-0.050928,43.288,NaN,NaN,NaN,NaN
0.224,0.432,0.51682,40.289,NaN,NaN,NaN,NaN
0.224,0.416,0.58639,36.883,NaN,NaN,59527,59527
0.224,0.4,0.28375,34.641,8.9596e+05,-5.3029e+06,65948,65948
0.224,0.384,-1.2801,33.185,7.2753e+05,-5.0958e+06,94129,94129
0.224,0.368,-1.5578,31.044,7.0209e+05,-4.9106e+06,1.2106e+05,1.2106e+05
0.224,0.352,-0.15896,30.877,7.4328e+05,-4.2695e+06,1.3052e+05,1.3052e+05
0.224,0.336,1.9811,29.792,8.2683e+05,-3.7232e+06,1.1673e+05,1.1673e+05
0.224,0.32,2.0902,32.603,8.729e+05,-3.0833e+06,1.127e+05,1.127e+05
0.224,0.304,1.6957,34.962,8.2968e+05,-2.507e+06,1.2914e+05,1.2914e+05
0.224,0.288,0.174,35.36,6.49e+05,-2.0206e+06,1.5964e+05,1.5964e+05
0.224,0.272,-1.7083,40.051,3.1306e+05,-1.451e+06,1.9534e+05,1.9534e+05
0.224,0.256,-2.6552,42.327,-1.0634e+05,-8.1277e+05,2.2201e+05,2.2201e+05
0.224,0.24,-3.4612,43.423,-3.7331e+05,-1.4848e+05,2.4136e+05,2.4136e+05
0.224,0.224,-2.9552,45.663,-5.4745e+05,5.3174e+05,2.3935e+05,2.3935e+05
0.224,0.208,-3.4606,46.881,-7.3612e+05,1.2251e+06,2.0196e+05,2.0196e+05
0.224,0.192,-5.2077,48.648,-9.4681e+05,2.0135e+06,1.4516e+05,1.4516e+05
0.224,0.176,-5.0361,50.29,-1.106e+06,2.948e+06,77990,77990
0.224,0.16,-4.809,51.019,-1.1675e+06,3.9967e+06,-451.75,451.75
0.224,0.144,-5.3162,52.543,-1.2176e+06,5.1347e+06,-41868,41868
0.224,0.128,-5.6516,52.921,-1.1861e+06,5.806e+06,-58336,58336
0.224,0.112,-4.6834,52.574,-9.9044e+05,5.4994e+06,-19874,19874
0.224,0.096,-1.6696,50.781,-7.1835e+05,4.528e+06,11653,11653
0.224,0.08,-0.86966,50.21,-4.2633e+05,3.3568e+06,37387,37387
0.224,0.064,-0.30982,50.733,-73171,2.6017e+06,48517,48517
0.224,0.048,1.38,49.622,79872,1.4887e+06,36172,36172
0.224,0.032,2.3654,47.895,1.3372e+05,6.3847e+05,19775,19775
0.224,0.016,1.6629,47.305,0,0,4970.9,4970.9
0.24,0.496,-0.36263,50.591,0,0,0,0
0.24,0.48,-2.0649,47.948,0,0,0,0
0.24,0.464,-2.2822,47.846,NaN,NaN,0,0
0.24,0.448,-1.9647,46.68,NaN,NaN,NaN,NaN
0.24,0.432,-1.3026,44.438,NaN,NaN,NaN,NaN
0.24,0.416,-0.36045,42.433,NaN,NaN,78829,78829
0.24,0.4,0.069102,41.714,NaN,NaN,96801,96801
0.24,0.384,-0.29367,41.141,NaN,NaN,1.1529e+05,1.1529e+05
0.24,0.368,0.90228,38.981,NaN,NaN,1.6004e+05,1.6004e+05
0.24,0.352,2.4832,37.889,8.867e+05,-3.6746e+06,1.6831e+05,1.6831e+05
0.24,0.336,3.5384,37.304,8.813e+05,-3.4038e+06,1.5752e+05,1.5752e+05
0.24,0.32,4.3175,35.424,8.5993e+05,-2.911e+06,1.5477e+05,1.5477e+05
0.24,0.304,2.2974,37.006,7.69e+05,-2.3374e+06,1.6107e+05,1.6107e+05
0.24,0.288,1.1618,37.125,6.5098e+05,-1.9127e+06,1.8074e+05,1.8074e+05
0.24,0.272,-0.59679,38.869,4.3172e+05,-1.5119e+06,2.0072e+05,2.0072e+05
0.24,0.256,-1.7499,38.823,1.6344e+05,-1.0149e+06,2.2242e+05,2.2242e+05
0.24,0.24,-2.3576,39.487,-59043,-4.751e+05,2.3286e+05,2.3286e+05
0.24,0.224,-2.2175,41.76,-2.1964e+05,1.3533e+05,2.2579e+05,2.2579e+05
0.24,0.208,-2.2282,44.053,-3.8015e+05,7.7502e+05,1.7962e+05,1.7962e+05
0.24,0.192,-2.765,45.899,-5.367e+05,1.4865e+06,1.1989e+05,1.1989e+05
0.24,0.176,-3.1484,47.652,-6.4695e+05,2.2881e+06,43025,43025
0.24,0.16,-2.8952,50.494,-7.4789e+05,3.1848e+06,-20142,20142
0.24,0.144,-4.1679,52.888,-8.9564e+05,4.1093e+06,-49826,49826
0.24,0.128,-5.104,53.242,-1.0111e+06,4.8316e+06,-43539,43539
0.24,0.112,-4.4323,53.131,-1.0638e+06,4.9974e+06,-694.2,694.2
0.24,0.096,-3.9801,52.766,-1.0669e+06,4.619e+06,37482,37482
0.24,0.08,-3.5646,52.783,-9.8724e+05,3.8863e+06,60858,60858
0.24,0.064,-2.6876,52.591,-7.2025e+05,3.1789e+06,61868,61868
0.24,0.048,-1.4064,51.188,-3.5364e+05,1.8716e+06,42019,42019
0.24,0.032,0.10908,50.333,-86423,8.1892e+05,19799,19799
0.24,0.016,1.0749,48.906,0,0,4946.1,4946.1
0.256,0.496,-1.6575,48.955,0,0,0,0
0.256,0.48,-2.3058,47.442,0,0,0,0
0.256,0.464,-2.5267,48.243,NaN,NaN,0,0
0.256,0.448,-2.9432,48.547,NaN,NaN,NaN,NaN
0.256,0.432,-2.995,47.427,NaN,NaN,NaN,NaN
0.256,0.416,-2.9328,45.882,NaN,NaN,NaN,NaN
0.256,0.4,-1.2948,44.95,NaN,NaN,NaN,NaN
0.256,0.384,-0.013643,43.994,NaN,NaN,NaN,NaN
0.256,0.368,1.371,42.38,NaN,NaN,1.7886e+05,1.7886e+05
0.256,0.352,4.2089,40.39,NaN,NaN,1.9306e+05,1.9306e+05
0.256,0.336,3.7751,40.969,NaN,NaN,1.8286e+05,1.8286e+05
0.256,0.32,2.7325,39.608,9.1789e+05,-2.4248e+06,1.7281e+05,1.7281e+05
0.256,0.304,2.5035,39.027,8.5416e+05,-2.1591e+06,1.7193e+05,1.7193e+05
0.256,0.288,2.1683,39.83,6.1991e+05,-1.8123e+06,1.7916e+05,1.7916e+05
0.256,0.272,-0.010616,40.112,3.7844e+05,-1.5246e+06,1.9993e+05,1.9993e+05
0.256,0.256,-1.8919,38.711,1.4522e+05,-1.2106e+06,2.1591e+05,2.1591e+05
0.256,0.24,-1.6433,38.79,-8524.2,-8.5752e+05,2.2205e+05,2.2205e+05
0.256,0.224,-2.2107,41.108,-78029,-4.1045e+05,2.1265e+05,2.1265e+05
0.256,0.208,-2.4072,42.626,-1.2481e+05,1.0085e+05,1.6987e+05,1.6987e+05
0.256,0.192,-1.9193,43.91,-1.6441e+05,6.8305e+05,1.0542e+05,1.0542e+05
0.256,0.176,-2.0422,47.445,-2.2331e+05,1.3673e+06,34018,34018
0.256,0.16,-2.5642,51.169,-3.7941e+05,2.1645e+06,-11572,11572
0.256,0.144,-3.0886,52.921,-6.2688e+05,2.9601e+06,-12939,12939
0.256,0.128,-3.7973,53.725,-8.5603e+05,3.5263e+06,12911,12911
0.256,0.112,-4.1508,53.777,-1.1029e+06,3.8407e+06,49797,49797
0.256,0.096,-4.9736,52.805,-1.3065e+06,3.8032e+06,71104,71104
0.256,0.08,-4.846,51.026,-1.3367e+06,3.4403e+06,69872,69872
0.256,0.064,-3.9896,49.706,-1.0702e+06,2.7931e+06,57721,57721
0.256,0.048,-3.4144,47.988,-5.5437e+05,1.5883e+06,35617,35617
0.256,0.032,-2.0347,48.864,-1.9171e+05,6.7006e+05,17223,17223
0.256,0.016,-0.10311,48.985,0,0,4226.1,4226.1
0.272,0.496,-0.53384,49.17,0,0,0,0
0.272,0.48,-0.25579,48.276,0,0,0,0
0.272,0.464,-0.59383,49.368,NaN,NaN,0,0
0.272,0.448,-1.6134,50.529,NaN,NaN,NaN,NaN
0.272,0.432,-2.5796,51.33,NaN,NaN,NaN,NaN
0.272,0.416,-2.2841,51.273,NaN,NaN,NaN,NaN
0.272,0.4,-1.7314,50.989,NaN,NaN,NaN,NaN
0.272,0.384,-0.5478,49.85,NaN,NaN,NaN,NaN
0.272,0.368,0.346,48.503,NaN,NaN,NaN,NaN
0.272,0.352,2.0034,46.335,NaN,NaN,NaN,NaN
0.272,0.336,2.1634,45.38,NaN,NaN,1.6463e+05,1.6463e+05
0.272,0.32,1.6189,44.454,NaN,NaN,1.6854e+05,1.6854e+05
0.272,0.304,1.8819,43.583,7.6238e+05,-1.9278e+06,1.5379e+05,1.5379e+05
0.272,0.288,0.35021,43.424,5.1884e+05,-1.5854e+06,1.5356e+05,1.5356e+05
0.272,0.272,-1.0328,43.705,3.9236e+05,-1.5177e+06,1.681e+05,1.681e+05
0.272,0.256,-1.8306,43.371,1.81e+05,-1.2415e+06,1.9007e+05,1.9007e+05
0.272,0.24,-1.7824,44.134,52586,-1.0242e+06,1.9887e+05,1.9887e+05
0.272,0.224,-1.5906,45.592,-344.65,-7.6042e+05,1.8685e+05,1.8685e+05
0.272,0.208,-1.2801,46.897,7820.5,-4.8939e+05,1.5548e+05,1.5548e+05
0.272,0.192,-0.97222,48.398,54779,-1.5722e+05,1.1318e+05,1.1318e+05
0.272,0.176,-0.78141,51.164,47060,3.0713e+05,62200,62200
0.272,0.16,-2.0998,53.829,-1.203e+05,9.124e+05,43250,43250
0.272,0.144,-3.4164,54.515,-4.2727e+05,1.5606e+06,53543,53543
0.272,0.128,-4.1299,54.536,-7.6695e+05,2.1545e+06,83540,83540
0.272,0.112,-4.8756,54.414,-1.0927e+06,2.6296e+06,97289,97289
0.272,0.096,-6.0574,53.541,-1.3674e+06,2.8291e+06,90664,90664
0.272,0.08,-5.8334,50.736,-1.3797e+06,2.6334e+06,66737,66737
0.272,0.064,-4.2857,48.292,-1.1337e+06,2.1663e+06,45510,45510
0.272,0.048,-2.7005,47.823,-5.9308e+05,1.2455e+06,26881,26881
0.272,0.032,-1.0304,48.884,-2.3142e+05,5.4764e+05,14321,14321
0.272,0.016,0.3074,48.614,0,0,3798,3798
0.288,0.496,1.0554,51.491,0,0,0,0
0.288,0.48,0.99768,48.558,0,0,0,0
0.288,0.464,1.5916,48.59,NaN,NaN,0,0
0.288,0.448,0.55063,49.951,NaN,NaN,NaN,NaN
0.288,0.432,-1.1888,51.91,NaN,NaN,NaN,NaN
0.288,0.416,-1.5811,53.61,NaN,NaN,NaN,NaN
0.288,0.4,-2.0728,54.992,NaN,NaN,NaN,NaN
0.288,0.384,-1.2817,54.633,NaN,NaN,NaN,NaN
0.288,0.368,-0.18957,53.271,NaN,NaN,NaN,NaN
0.288,0.352,0.52199,51.693,NaN,NaN,NaN,NaN
0.288,0.336,0.57543,50.073,NaN,NaN,NaN,NaN
0.288,0.32,0.73878,48.94,NaN,NaN,97184,97184
0.288,0.304,1.314,48.475,NaN,NaN,1.1017e+05,1.1017e+05
0.288,0.288,0.44924,46.991,1.046e+05,-1.1844e+06,1.213e+05,1.213e+05
0.288,0.272,-0.86048,47.02,1.4735e+05,-1.141e+06,1.5157e+05,1.5157e+05
0.288,0.256,-1.8619,47.78,-94797,-7.757e+05,1.676e+05,1.676e+05
0.288,0.24,-3.0734,47.331,-2.0377e+05,-6.1013e+05,1.6407e+05,1.6407e+05
0.288,0.224,-3.1429,47.344,-2.3469e+05,-5.4497e+05,1.4671e+05,1.4671e+05
0.288,0.208,-2.1698,47.775,-1.4963e+05,-5.7417e+05,1.2857e+05,1.2857e+05
0.288,0.192,-1.8919,49.26,7453.4,-5.811e+05,1.1112e+05,1.1112e+05
0.288,0.176,-0.4204,49.636,1.0036e+05,-4.5697e+05,93393,93393
0.288,0.16,-0.70202,50.97,18718,-1.3479e+05,89911,89911
0.288,0.144,-2.6561,51.727,-2.2463e+05,3.4355e+05,1.0403e+05,1.0403e+05
0.288,0.128,-3.1234,53.024,-5.1796e+05,9.445e+05,1.1498e+05,1.1498e+05
0.288,0.112,-4.4098,55.502,-7.7868e+05,1.4975e+06,1.0397e+05,1.0397e+05
0.288,0.096,-4.133,57.08,-9.7693e+05,1.9108e+06,77191,77191
0.288,0.08,-3.85,55.305,-9.9438e+05,1.9636e+06,46872,46872
0.288,0.064,-2.7368,54.527,-8.5007e+05,1.8731e+06,31291,31291
0.288,0.048,-2.7637,54.082,-4.7136e+05,1.1636e+06,18851,18851
0.288,0.032,-1.6391,53.838,-1.9841e+05,5.7813e+05,12008,12008
0.288,0.016,0.53475,52.217,0,0,3207.6,3207.6
0.304,0.496,1.0856,50.345,0,0,0,0
0.304,0.48,1.8246,45.273,0,0,0,0
0.304,0.464,2.1755,44.98,NaN,NaN,0,0
0.304,0.448,1.1588,45.861,NaN,NaN,NaN,NaN
0.304,0.432,-0.34368,47.676,NaN,NaN,NaN,NaN
0.304,0.416,-0.49536,50.409,NaN,NaN,NaN,NaN
0.304,0.4,-0.19036,52.553,NaN,NaN,NaN,NaN
0.304,0.384,0.22517,53.248,NaN,NaN,NaN,NaN
0.304,0.368,0.74166,53.225,NaN,NaN,NaN,NaN
0.304,0.352,0.31126,54.401,NaN,NaN,NaN,NaN
0.304,0.336,0.41312,54.435,NaN,NaN,NaN,NaN
0.304,0.32,0.71639,52.644,NaN,NaN,NaN,NaN
0.304,0.304,0.027562,51.766,NaN,NaN,49609,49609
0.304,0.288,-0.39365,49.969,NaN,NaN,94924,94924
0.304,0.272,-1.7272,49.567,NaN,NaN,1.2586e+05,1.2586e+05
0.304,0.256,-2.5612,49.548,-7.247e+05,-1.146e+05,1.4104e+05,1.4104e+05
0.304,0.24,-3.5721,48.736,-7.3258e+05,-1.3299e+05,1.3787e+05,1.3787e+05
0.304,0.224,-4.4229,49.381,-6.5173e+05,-1.9643e+05,1.1706e+05,1.1706e+05
0.304,0.208,-3.8461,48.405,-5.1353e+05,-3.0943e+05,1.0323e+05,1.0323e+05
0.304,0.192,-3.0033,46.761,-2.7147e+05,-4.4544e+05,1.0059e+05,1.0059e+05
0.304,0.176,-0.58076,45.567,-91732,-5.6007e+05,1.1184e+05,1.1184e+05
0.304,0.16,0.34268,45.337,-40930,-5.6186e+05,1.2163e+05,1.2163e+05
0.304,0.144,0.56406,46.438,-1.0473e+05,-3.4532e+05,1.2374e+05,1.2374e+05
0.304,0.128,0.39689,49.632,-2.186e+05,1.5606e+05,1.0789e+05,1.0789e+05
0.304,0.112,-0.1055,54.079,-2.8462e+05,6.7906e+05,84232,84232
0.304,0.096,0.012091,56.841,-3.569e+05,1.1123e+06,57417,57417
0.304,0.08,-0.37965,61.539,-3.6474e+05,1.3825e+06,34386,34386
0.304,0.064,-0.48441,60.876,-3.4651e+05,1.6914e+06,23327,23327
0.304,0.048,-0.60813,64.06,-2.0566e+05,1.2281e+06,15605,15605
0.304,0.032,-0.025081,60.881,-1.0036e+05,6.7888e+05,11787,11787
0.304,0.016,0.89643,65.802,0,0,3564.5,3564.5
0.32,0.496,1.1426,47.133,0,0,0,0
0.32,0.48,2.4235,43.498,0,0,0,0
0.32,0.464,2.7053,42.527,NaN,NaN,0,0
0.32,0.448,2.0329,42.389,NaN,NaN,NaN,NaN
0.32,0.432,0.99899,43.46,NaN,NaN,NaN,NaN
0.32,0.416,1.0574,46.294,NaN,NaN,NaN,NaN
0.32,0.4,0.72293,48.395,NaN,NaN,NaN,NaN
0.32,0.384,0.78294,50.416,NaN,NaN,NaN,NaN
0.32,0.368,0.76544,51.905,NaN,NaN,NaN,NaN
0.32,0.352,-0.11474,53.394,NaN,NaN,NaN,NaN
0.32,0.336,-0.52873,55.113,NaN,NaN,NaN,NaN
0.32,0.32,-0.47718,54.945,NaN,NaN,NaN,NaN
0.32,0.304,-1.4034,54.583,NaN,NaN,1.3036e+05,1.3036e+05
0.32,0.288,-1.5494,53.367,NaN,NaN,1.3616e+05,1.3616e+05
0.32,0.272,-2.7797,52.136,-1.2062e+06,4.2617e+05,1.2529e+05,1.2529e+05
0.32,0.256,-4.5843,50.614,-1.13e+06,1.8579e+05,1.302e+05,1.302e+05
0.32,0.24,-5.6264,49.991,-1.0724e+06,1.1893e+05,1.2535e+05,1.2535e+05
0.32,0.224,-4.4597,48.156,-9.3114e+05,-9255.8,1.2273e+05,1.2273e+05
0.32,0.208,-3.1077,47.122,-7.3717e+05,-1.5648e+05,1.1177e+05,1.1177e+05
0.32,0.192,-3.1152,48.058,-5.0737e+05,-2.8662e+05,1.1052e+05,1.1052e+05
0.32,0.176,-0.411,47.824,-3.2717e+05,-3.8575e+05,1.2362e+05,1.2362e+05
0.32,0.16,0.78217,47.281,-1.9522e+05,-4.1875e+05,1.3047e+05,1.3047e+05
0.32,0.144,0.42386,47.943,-97412,-3.0766e+05,1.2408e+05,1.2408e+05
0.32,0.128,1.3949,49.919,-14564,27298,1.0183e+05,1.0183e+05
0.32,0.112,1.804,51.779,84228,4.1149e+05,76778,76778
0.32,0.096,1.4723,52.862,1.6776e+05,7.7724e+05,48466,48466
0.32,0.08,1.0069,53.692,2.2489e+05,1.1292e+06,24299,24299
0.32,0.064,1.718,57.743,2.4508e+05,1.6384e+06,15619,15619
0.32,0.048,1.1424,60.983,1.6586e+05,1.2818e+06,15059,15059
0.32,0.032,1.6534,61.35,76710,7.4843e+05,12862,12862
0.32,0.016,2.2503,63.096,0,0,4005.4,4005.4
0.336,0.496,0.91986,43.736,0,0,0,0
0.336,0.48,1.9559,41.754,0,0,0,0
0.336,0.464,3.188,40.441,NaN,NaN,0,0
0.336,0.448,4.0493,39.326,NaN,NaN,NaN,NaN
0.336,0.432,3.7396,39.441,NaN,NaN,NaN,NaN
0.336,0.416,3.3416,42.397,NaN,NaN,NaN,NaN
0.336,0.4,2.3664,45.044,NaN,NaN,NaN,NaN
0.336,0.384,1.9456,46.847,NaN,NaN,NaN,NaN
0.336,0.368,1.0178,48.439,NaN,NaN,57628,57628
0.336,0.352,-0.33968,49.111,NaN,NaN,69186,69186
0.336,0.336,-1.2075,50.011,NaN,NaN,78029,78029
0.336,0.32,-1.2515,51.015,NaN,NaN,97286,97286
0.336,0.304,-1.5207,51.562,NaN,NaN,1.0792e+05,1.0792e+05
0.336,0.288,-1.6414,51.336,-9.9345e+05,4.5495e+05,1.1667e+05,1.1667e+05
0.336,0.272,-2.8411,49.838,-1.2078e+06,4.0851e+05,98279,98279
0.336,0.256,-4.0899,47.53,-1.2783e+06,2.7428e+05,93862,93862
0.336,0.24,-5.7723,45.789,-1.2513e+06,35663,1.0062e+05,1.0062e+05
0.336,0.224,-4.7217,44.229,-1.0672e+06,-1.3185e+05,1.2374e+05,1.2374e+05
0.336,0.208,-3.021,43.837,-8.2201e+05,-1.5569e+05,1.435e+05,1.435e+05
0.336,0.192,-1.9258,44.633,-5.7111e+05,40229,1.4283e+05,1.4283e+05
0.336,0.176,-2.2758,46.683,-3.7509e+05,3.049e+05,1.4825e+05,1.4825e+05
0.336,0.16,-0.93868,47.751,-1.9134e+05,5.4444e+05,1.4585e+05,1.4585e+05
0.336,0.144,-0.14016,48.466,-37176,7.9276e+05,1.3731e+05,1.3731e+05
0.336,0.128,0.29832,49.242,1.0114e+05,1.0967e+06,1.1277e+05,1.1277e+05
0.336,0.112,0.94862,50.559,2.3685e+05,1.2765e+06,75047,75047
0.336,0.096,1.2334,49.352,3.4902e+05,1.3205e+06,35666,35666
0.336,0.08,1.6757,48.981,4.5537e+05,1.4624e+06,14281,14281
0.336,0.064,2.3349,50.578,5.4345e+05,1.8464e+06,14032,14032
0.336,0.048,2.5506,53.665,3.9663e+05,1.4587e+06,20413,20413
0.336,0.032,3.8737,55.625,2.031e+05,8.2611e+05,15402,15402
0.336,0.016,3.1043,59.063,0,0,5000.9,5000.9
0.352,0.496,1.6421,44.283,0,0,0,0
0.352,0.48,3.5935,40.547,0,0,0,0
0.352,0.464,5.1202,39.454,NaN,NaN,0,0
0.352,0.448,4.5147,38.236,NaN,NaN,NaN,NaN
0.352,0.432,3.4053,38.757,NaN,NaN,NaN,NaN
0.352,0.416,3.8939,39.81,NaN,NaN,1.8023e+05,1.8023e+05
0.352,0.4,2.6145,40.69,NaN,NaN,1.7073e+05,1.7073e+05
0.352,0.384,1.2177,41.501,NaN,NaN,1.64e+05,1.64e+05
0.352,0.368,0.44808,41.545,NaN,NaN,1.0148e+05,1.0148e+05
0.352,0.352,-1.0784,41.212,-4.4999e+05,-1.6286e+06,74736,74736
0.352,0.336,-1.0632,40.827,-3.9257e+05,-1.2813e+06,57990,57990
0.352,0.32,-0.60538,41.777,-5.0603e+05,-9.53e+05,62328,62328
0.352,0.304,-2.0966,43.783,-7.5955e+05,-4.7964e+05,75600,75600
0.352,0.288,-3.0863,43.789,-1.0672e+06,-1.0087e+05,79946,79946
0.352,0.272,-2.8406,43.405,-1.3077e+06,-2.3038e+05,65670,65670
0.352,0.256,-3.7227,41.961,-1.3918e+06,-5.8317e+05,55870,55870
0.352,0.24,-4.5129,41.258,-1.3261e+06,-1.072e+06,72335,72335
0.352,0.224,-4.2212,39.044,-1.0866e+06,-1.1573e+06,1.2008e+05,1.2008e+05
0.352,0.208,-2.4738,39.662,-7.7114e+05,-6.3796e+05,1.624e+05,1.624e+05
0.352,0.192,-1.5553,42.235,-5.4457e+05,3.0979e+05,1.7939e+05,1.7939e+05
0.352,0.176,-0.21063,42.788,-3.7662e+05,1.1532e+06,1.7641e+05,1.7641e+05
0.352,0.16,0.74552,45.321,-2.1086e+05,1.8086e+06,1.6433e+05,1.6433e+05
0.352,0.144,1.5436,46.619,-65561,2.2068e+06,1.4347e+05,1.4347e+05
0.352,0.128,1.5738,46.604,71131,2.3989e+06,1.2076e+05,1.2076e+05
0.352,0.112,1.6615,48.08,1.9296e+05,2.2593e+06,71919,71919
0.352,0.096,1.5848,47.674,3.5583e+05,2.1585e+06,29365,29365
0.352,0.08,2.0377,46.636,5.6684e+05,2.3591e+06,8879.6,8879.6
0.352,0.064,3.0128,48.334,7.945e+05,2.9505e+06,19194,19194
0.352,0.048,3.2582,50.085,6.0707e+05,2.2477e+06,29672,29672
0.352,0.032,4.246,51.589,3.3086e+05,1.2385e+06,20138,20138
0.352,0.016,4.8111,51.552,0,0,6645.7,6645.7
0.368,0.496,2.1856,42.138,0,0,0,0
0.368,0.48,4.5622,38.598,0,0,0,0
0.368,0.464,5.0017,38.027,NaN,NaN,0,0
0.368,0.448,4.764,36.432,NaN,NaN,1.4081e+05,1.4081e+05
0.368,0.432,4.298,35.913,NaN,NaN,1.5117e+05,1.5117e+05
0.368,0.416,4.2364,34.607,NaN,NaN,1.3191e+05,1.3191e+05
0.368,0.4,3.002,34.676,2.7909e+05,-6.9956e+05,1.1337e+05,1.1337e+05
0.368,0.384,1.8382,34.126,3.5625e+05,-6.0174e+05,92923,92923
0.368,0.368,1.6976,31.187,3.7609e+05,-3.3662e+05,62413,62413
0.368,0.352,0.96745,29.136,2.12e+05,-3.0043e+05,55463,55463
0.368,0.336,1.2466,30.053,27904,-1.6165e+05,56387,56387
0.368,0.32,1.1415,34.56,-2.4741e+05,-1.8902e+05,62594,62594
0.368,0.304,0.32549,37.403,-5.5964e+05,-1.7538e+05,59076,59076
0.368,0.288,-1.1324,36.466,-8.591e+05,-3.4622e+05,41522,41522
0.368,0.272,-2.9446,36.194,-1.0599e+06,-9.148e+05,22306,22306
0.368,0.256,-6.2145,33.178,-1.1586e+06,-1.6633e+06,17986,17986
0.368,0.24,-7.065,29.442,-1.1322e+06,-2.6046e+06,52921,52921
0.368,0.224,-5.2385,25.698,-9.8037e+05,-2.6742e+06,1.0746e+05,1.0746e+05
0.368,0.208,-2.6844,30.495,-7.2653e+05,-1.448e+06,1.6024e+05,1.6024e+05
0.368,0.192,-0.50985,35.187,-4.7069e+05,3.7935e+05,1.849e+05,1.849e+05
0.368,0.176,1.4384,39.141,-2.1819e+05,2.07e+06,1.8939e+05,1.8939e+05
0.368,0.16,1.7704,41.359,-14396,3.0113e+06,1.7243e+05,1.7243e+05
0.368,0.144,2.8496,41.838,1.2694e+05,3.525e+06,1.3895e+05,1.3895e+05
0.368,0.128,3.2525,42.492,2.201e+05,3.5043e+06,1.0447e+05,1.0447e+05
0.368,0.112,1.9748,43.291,3.3426e+05,3.283e+06,61898,61898
0.368,0.096,0.80366,43.316,5.2077e+05,3.2551e+06,29577,29577
0.368,0.08,2.2337,43.397,8.468e+05,3.7388e+06,21431,21431
0.368,0.064,4.2882,46.201,1.2061e+06,4.4063e+06,32830,32830
0.368,0.048,4.6168,47.567,9.2163e+05,3.199e+06,39992,39992
0.368,0.032,6.3779,48.659,5.0628e+05,1.6736e+06,24980,24980
0.368,0.016,5.7754,46.458,0,0,7403.1,7403.1
0.384,0.496,1.2455,35.644,0,0,0,0
0.384,0.48,2.6144,34.31,0,0,1485.7,1485.7
0.384,0.464,4.1218,32.828,NaN,NaN,7649.3,7649.3
0.384,0.448,4.66,30.373,NaN,NaN,53487,53487
0.384,0.432,3.6178,29.216,4.1753e+05,-1.2391e+06,79936,79936
0.384,0.416,3.2721,26.365,1.9527e+05,-1.0978e+06,92123,92123
0.384,0.4,2.329,24.439,1.0508e+05,-1.0423e+06,83550,83550
0.384,0.384,3.3613,22.139,1.0309e+05,-5.9656e+05,69833,69833
0.384,0.368,3.0173,21.998,1.6424e+05,-47132,47332,47332
0.384,0.352,3.3799,20.874,1.6216e+05,4.2416e+05,40192,40192
0.384,0.336,3.3547,22.663,36471,5.6562e+05,40398,40398
0.384,0.32,2.3712,27.249,-1.7168e+05,4.4972e+05,38682,38682
0.384,0.304,0.74081,27.827,-4.8733e+05,1.6382e+05,33312,33312
0.384,0.288,-1.1431,24.889,-7.5295e+05,-5.3248e+05,12848,12848
0.384,0.272,-1.3858,17.408,-8.8249e+05,-1.6161e+06,9251.5,9251.5
0.384,0.256,-1.8414,13.847,-8.8504e+05,-2.6937e+06,22911,22911
0.384,0.24,-4.6588,14.026,-7.7096e+05,-3.3221e+06,69669,69669
0.384,0.224,-5.8749,13.496,-6.3803e+05,-2.9697e+06,1.208e+05,1.208e+05
0.384,0.208,-4.9634,17.836,-4.1311e+05,-1.3837e+06,1.5734e+05,1.5734e+05
0.384,0.192,0.12351,27.106,-1.8623e+05,6.3693e+05,1.7784e+05,1.7784e+05
0.384,0.176,2.6674,30.868,1.0916e+05,2.3989e+06,1.8548e+05,1.8548e+05
0.384,0.16,3.404,36.644,3.5953e+05,3.3622e+06,1.7122e+05,1.7122e+05
0.384,0.144,3.6879,37.776,4.7264e+05,3.895e+06,1.2087e+05,1.2087e+05
0.384,0.128,3.3028,37.99,5.3544e+05,3.8988e+06,68412,68412
0.384,0.112,1.2541,37.842,5.79e+05,3.5937e+06,29485,29485
0.384,0.096,1.5911,36.544,7.3998e+05,3.3027e+06,23847,23847
0.384,0.08,4.3462,38.469,8.7752e+05,3.4478e+06,30351,30351
0.384,0.064,6.3577,40.748,1.0813e+06,4.0005e+06,40752,40752
0.384,0.048,8.2274,40.063,7.6867e+05,2.8958e+06,38219,38219
0.384,0.032,8.9826,37.133,4.2443e+05,1.5755e+06,22882,22882
0.384,0.016,4.522,32.56,0,0,5839.6,5839.6
0.4,0.496,2.5225,25.085,0,0,0,0
0.4,0.48,-0.36127,25.267,0,0,1892.1,1892.1
0.4,0.464,0.95899,21.894,-46901,-9.5685e+05,7621.6,7621.6
0.4,0.448,0.64735,19.139,-89426,-7.8356e+05,35208,35208
0.4,0.432,1.0858,14.238,45632,-7.5757e+05,55629,55629
0.4,0.416,1.7795,10.853,22383,-6.3886e+05,59371,59371
0.4,0.4,1.5358,8.135,3630.8,-5.4459e+05,42625,42625
0.4,0.384,-0.069218,11.039,-15616,-3.0178e+05,21376,21376
0.4,0.368,1.6615,15.816,68971,21528,11614,11614
0.4,0.352,2.2197,16.885,2.8545e+05,6.2189e+05,15246,15246
0.4,0.336,2.2038,17.271,4.5182e+05,1.1165e+06,26167,26167
0.4,0.32,0.85528,15.589,3.5254e+05,1.308e+06,24124,24124
0.4,0.304,-0.058359,18.655,-63730,7.6507e+05,17544,17544
0.4,0.288,-1.426,16.492,-4.9509e+05,-3.5102e+05,1225.1,1225.1
0.4,0.272,-2.1361,10.19,-6.3098e+05,-1.6686e+06,6199.2,6199.2
0.4,0.256,-2.6512,7.9324,-5.6548e+05,-2.5632e+06,37523,37523
0.4,0.24,-3.4278,7.3366,-4.1518e+05,-2.7129e+06,93859,93859
0.4,0.224,-3.3424,8.5866,-2.9733e+05,-2.2228e+06,1.3775e+05,1.3775e+05
0.4,0.208,-2.2718,10.567,-1.0406e+05,-9.4031e+05,1.4628e+05,1.4628e+05
0.4,0.192,0.63644,20.114,1.5566e+05,5.2754e+05,1.3652e+05,1.3652e+05
0.4,0.176,2.4239,22.887,4.9107e+05,1.983e+06,1.4158e+05,1.4158e+05
0.4,0.16,4.8624,24.128,8.0138e+05,2.7639e+06,1.3667e+05,1.3667e+05
0.4,0.144,5.1759,27.133,1.2582e+06,3.1597e+06,1.0349e+05,1.0349e+05
0.4,0.128,2.4376,33.15,1.2928e+06,3.2548e+06,35999,35999
0.4,0.112,3.2348,30.003,1.3468e+06,2.8727e+06,-3722.4,3722.4
0.4,0.096,3.1689,22.773,8.7773e+05,2.2526e+06,-9003.3,9003.3
0.4,0.08,3.2536,20.714,7.7827e+05,2.2864e+06,13903,13903
0.4,0.064,-1.5695,25.978,4.9392e+05,2.4065e+06,26750,26750
0.4,0.048,-2.9449,33.287,3.3768e+05,1.9414e+06,23494,23494
0.4,0.032,-3.4985,34.434,1.1458e+05,8.277e+05,11798,11798
0.4,0.016,-1.5749,30.934,0,0,1959.9,1959.9
0.416,0.496,0.88177,16.434,0,0,0,0
0.416,0.48,0.43519,14.466,0,0,1806.9,1806.9
0.416,0.464,-0.68751,10.853,1.3683e+05,-3.9006e+05,6393,6393
0.416,0.448,1.4002,8.9089,-69699,-4.7404e+05,12780,12780
0.416,0.432,2.7149,5.6022,1654.9,-4.9391e+05,17790,17790
0.416,0.416,1.8037,3.494,-35956,-5.0807e+05,23293,23293
0.416,0.4,0.30606,1.7628,-24694,-3.0429e+05,20220,20220
0.416,0.384,0.64275,7.6246,-20461,-27622,16755,16755
0.416,0.368,-0.95032,5.6294,1.3186e+05,4.0606e+05,9390,9390
0.416,0.352,0.99516,5.8922,7.8871e+05,9.9873e+05,4921.5,4921.5
0.416,0.336,3.7077,9.8676,1.1107e+06,1.4466e+06,1049.8,1049.8
0.416,0.32,5.484,12.64,1.0106e+06,1.6509e+06,-7912.1,7912.1
0.416,0.304,2.5339,14.033,1.4348e+05,1.0752e+06,-5427.9,5427.9
0.416,0.288,-1.1984,13.331,-5.2158e+05,-23206,3352.4,3352.4
0.416,0.272,-3.1858,10.035,-7.1912e+05,-1.2109e+06,27493,27493
0.416,0.256,-4.2504,8.1625,-5.2972e+05,-1.7635e+06,70132,70132
0.416,0.24,-4.4298,7.9607,-2.5036e+05,-1.4258e+06,1.2248e+05,1.2248e+05
0.416,0.224,-3.2428,7.2683,-27865,-7.861e+05,1.5505e+05,1.5505e+05
0.416,0.208,-1.8975,7.8442,1.2924e+05,-2.0105e+05,1.3212e+05,1.3212e+05
0.416,0.192,-0.84216,11.723,2.8088e+05,1.6444e+05,88543,88543
0.416,0.176,1.6302,15.531,5.5125e+05,9.2854e+05,71107,71107
0.416,0.16,2.8598,18.023,8.9136e+05,1.646e+06,75684,75684
0.416,0.144,4.499,18.923,1.5799e+06,2.4476e+06,50304,50304
0.416,0.128,7.2795,19.775,-2.3282e+06,7.033e+06,-3535.9,3535.9
0.416,0.112,6.3582,16.088,-1.8589e+06,5.1998e+06,-54077,54077
0.416,0.096,4.6537,14.217,-2.3774e+06,3.8047e+06,-50329,50329
0.416,0.08,0.16337,11.154,1.3043e+05,-3.4694e+05,-27918,27918
0.416,0.064,-2.8691,29.982,-8.76e+05,-3.3051e+05,39.874,39.874
0.416,0.048,-8.671,31.251,-7.1187e+05,-1.0956e+05,3386.8,3386.8
0.416,0.032,-10.983,32.082,-5.2481e+05,-2.2426e+05,1779.2,1779.2
0.416,0.016,-9.2527,26.937,0,0,-1260.7,1260.7
0.432,0.496,1.3393,9.9686,0,0,676.09,676.09
0.432,0.48,3.908,10.164,0,0,1151.1,1151.1
0.432,0.464,5.1504,9.4442,2.9735e+05,-65206,2340.7,2340.7
0.432,0.448,3.7523,7.6872,96672,-1.5846e+05,4001,4001
0.432,0.432,2.2059,4.2326,72188,-1.6979e+05,7155.1,7155.1
0.432,0.416,1.8387,1.6666,2.2543e+05,-1.7929e+05,14187,14187
0.432,0.4,-0.62457,-0.25522,1.9608e+05,50221,15436,15436
0.432,0.384,-0.46778,4.5315,2.7616e+05,2.0198e+05,17456,17456
0.432,0.368,0.49132,4.4401,5.1294e+05,4.76e+05,10200,10200
0.432,0.352,2.0051,7.2064,1.3273e+06,7.3873e+05,1718.7,1718.7
0.432,0.336,5.8443,9.7778,1.8777e+06,1.2001e+06,-11072,11072
0.432,0.32,5.8819,10.118,1.6813e+06,1.6006e+06,-21214,21214
0.432,0.304,2.4146,11.502,6.5487e+05,1.2744e+06,-17346,17346
0.432,0.288,-1.116,10.838,-2.5259e+05,4.0641e+05,3039.5,3039.5
0.432,0.272,-2.5794,8.378,-6.5991e+05,-7.1428e+05,34546,34546
0.432,0.256,-2.7735,7.3336,-4.5521e+05,-1.0774e+06,82792,82792
0.432,0.24,-2.7703,7.917,-1.4067e+05,-7.5174e+05,1.3514e+05,1.3514e+05
0.432,0.224,-3.7707,9.1836,79848,-3.4026e+05,1.6115e+05,1.6115e+05
0.432,0.208,-3.2161,8.2491,4.5769e+05,-2.2977e+05,1.3133e+05,1.3133e+05
0.432,0.192,-2.8666,5.0902,7.2418e+05,-5.3636e+05,80954,80954
0.432,0.176,-2.5974,3.9903,8.4574e+05,-51202,54014,54014
0.432,0.16,0.44848,16.816,8.986e+05,7.8226e+05,41871,41871
0.432,0.144,14.716,3.5096,1.2459e+06,1.8538e+06,22376,22376
0.432,0.128,16.893,2.6136,-2.7305e+06,7.1797e+06,-17775,17775
0.432,0.112,10.94,5.4751,-2.5946e+06,5.7385e+06,-48945,48945
0.432,0.096,3.7075,10.33,3.9997e+06,6.4535e+06,-63490,63490
0.432,0.08,-8.7623,24.819,8.0166e+06,1.5622e+06,-48583,48583
0.432,0.064,-13.298,29.257,5.9503e+06,1.678e+06,-22698,22698
0.432,0.048,-18.913,30.509,-8.6206e+05,-2.5668e+05,-5394,5394
0.432,0.032,-19.106,27.228,-5.808e+05,-2.6835e+05,-1556.4,1556.4
0.432,0.016,-12.299,23.545,0,0,-1525.1,1525.1
0.448,0.496,0.69872,5.8058,0,0,930.51,930.51
0.448,0.48,2.5627,7.614,-41186,16101,755.51,755.51
0.448,0.464,4.6826,7.4885,2.5391e+05,2.219e+05,353.91,353.91
0.448,0.448,4.5032,6.3975,1.8356e+05,1.3989e+05,-667.56,667.56
0.448,0.432,3.8929,3.9966,2.281e+05,1.0517e+05,1869.3,1869.3
0.448,0.416,3.2105,1.1341,1.3183e+05,-1.9895e+05,8638.9,8638.9
0.448,0.4,2.0994,-0.060258,-1.8151e+05,-4.7154e+05,13877,13877
0.448,0.384,-2.9365,1.7354,1.9905e+05,-2.7474e+05,16769,16769
0.448,0.368,-0.91933,3.5092,4.6323e+05,15901,9295.1,9295.1
0.448,0.352,2.3726,5.8635,1.2448e+06,2.3536e+05,-1333.2,1333.2
0.448,0.336,6.5213,3.5109,1.2276e+06,32176,-13945,13945
0.448,0.32,5.5024,4.473,1.4172e+06,6.986e+05,-19546,19546
0.448,0.304,3.2773,5.1708,7.4467e+05,7.4549e+05,-12367,12367
0.448,0.288,-0.26136,5.0624,99054,4.2632e+05,12168,12168
0.448,0.272,-1.8727,4.6285,-9.2307e+05,-1.3013e+06,44286,44286
0.448,0.256,-2.8807,3.6405,-1.6106e+06,-1.9383e+06,87233,87233
0.448,0.24,-3.1689,7.1455,-2.2086e+06,-1.9353e+06,1.3308e+05,1.3308e+05
0.448,0.224,-1.8264,7.7929,-1.8385e+06,-1.6549e+06,1.5548e+05,1.5548e+05
0.448,0.208,-0.96471,6.3775,-8.8923e+05,-1.2809e+06,1.4236e+05,1.4236e+05
0.448,0.192,0.77776,4.138,23693,-1.609e+06,1.05e+05,1.05e+05
0.448,0.176,1.5734,2.6746,2.5469e+05,-6.0953e+05,69107,69107
0.448,0.16,-2.1264,8.8408,3.3888e+05,-18291,39242,39242
0.448,0.144,3.0656,20.945,4.9064e+06,7.261e+05,-7255.4,7255.4
0.448,0.128,-2.976,21.408,3.8271e+05,6.5934e+06,-32712,32712
0.448,0.112,11.869,0.5554,4.7163e+05,4.0888e+06,-30670,30670
0.448,0.096,15.446,22.354,4.377e+06,6.838e+06,-6840.6,6840.6
0.448,0.08,8.3989,24.679,1.1098e+07,1.4515e+06,13855,13855
0.448,0.064,-35.565,83.572,8.0009e+06,2.1237e+06,15343,15343
0.448,0.048,-2.9196,26.481,-1.0423e+06,-7.3761e+05,13878,13878
0.448,0.032,-9.8801,22.412,-6.2351e+05,-2.6975e+05,6717.9,6717.9
0.448,0.016,-78.299,6.8096,0,0,1522.7,1522.7
0.464,0.496,1.7419,5.9573,0,0,1129.7,1129.7
0.464,0.48,0.19211,3.783,-1.5921e+05,1688.8,843.8,843.8
0.464,0.464,2.0693,3.4814,31658,1.2239e+05,29.498,29.498
0.464,0.448,2.4933,2.4337,86187,1.6489e+05,-1658.2,1658.2
0.464,0.432,2.4413,2.2844,22783,81054,581.25,581.25
0.464,0.416,1.108,3.1023,-3.1428e+05,-3.6576e+05,9402.1,9402.1
0.464,0.4,-8.853,1.2575,-9.748e+05,-1.1321e+06,16393,16393
0.464,0.384,-9.9468,0.5933,-7542.9,-7.5372e+05,20024,20024
0.464,0.368,0.3179,3.9073,4.4616e+05,-4.6838e+05,8869.2,8869.2
0.464,0.352,-3.4335,-0.25828,1.1202e+06,76650,-1059,1059
0.464,0.336,-3.7189,-3.7671,4.7089e+05,-6.4377e+05,-11211,11211
0.464,0.32,-3.864,-7.8344,5.9826e+05,-3.3833e+05,-10087,10087
0.464,0.304,1.7874,0.97083,3.6931e+05,-98092,-3274.7,3274.7
0.464,0.288,0.93189,1.1417,-4.6534e+05,-4.8002e+05,16083,16083
0.464,0.272,-3.3497,0.37896,-2.0194e+06,-2.014e+06,37886,37886
0.464,0.256,-21.956,18.142,-3.0592e+06,-3.0121e+06,70163,70163
0.464,0.24,-33.362,16.996,-4.9149e+06,-2.7452e+06,1.0761e+05,1.0761e+05
0.464,0.224,-34.751,21.452,-4.3078e+06,-2.324e+06,1.294e+05,1.294e+05
0.464,0.208,-14.283,11.711,-3.0768e+06,-1.8135e+06,1.2681e+05,1.2681e+05
0.464,0.192,-9.4131,11.427,81742,-1.9481e+06,1.0281e+05,1.0281e+05
0.464,0.176,-4.1789,13.823,3.4846e+05,-7.5527e+05,76085,76085
0.464,0.16,-0.56669,15.085,4.0931e+05,2998.2,34227,34227
0.464,0.144,170.44,-157.74,5.7517e+06,5.2623e+05,-7587,7587
0.464,0.128,-14.264,25.644,4.9084e+06,1.2853e+06,-35564,35564
0.464,0.112,0.070462,0.49224,4.2845e+06,-3.4635e+05,-11289,11289
0.464,0.096,-1.1938,3.6629,9.991e+06,2.2601e+06,15444,15444
0.464,0.08,-74.71,70.203,1.7329e+07,2.4489e+06,46159,46159
0.464,0.064,-167.65,86.808,1.1534e+07,4.6212e+06,38564,38564
0.464,0.048,-9.9104,8.8283,-1.7067e+06,1.0334e+06,29954,29954
0.464,0.032,22.244,7.1175,-1.1378e+06,6.8893e+05,12367,12367
0.464,0.016,-11.189,14.296,0,0,4540.8,4540.8
0.48,0.496,12.908,12.017,0,0,574.04,574.04
0.48,0.48,5.4008,2.4986,-1.1372e+05,1206.3,541.31,541.31
0.48,0.464,2.0527,2.978,-65730,3918.3,61.766,61.766
0.48,0.448,1.2434,1.1947,-18815,41529,-958.51,958.51
0.48,0.432,-0.40129,2.0613,-94510,4369.5,-72.45,72.45
0.48,0.416,-8.9505,0.56427,-6.1506e+05,-3.9413e+05,3764.6,3764.6
0.48,0.4,-10.626,0.5517,-1.2113e+06,-1.101e+06,6702.7,6702.7
0.48,0.384,-12.734,0.6475,-2.8227e+05,-7.8562e+05,7755.5,7755.5
0.48,0.368,-0.70805,5.3734,80950,-6.1911e+05,-776.58,776.58
0.48,0.352,1.1417,1.8215,5.4974e+05,-1.2677e+05,-7566.7,7566.7
0.48,0.336,-2.2017,-1.9448,-3.1309e+05,-9.8986e+05,-12545,12545
0.48,0.32,-4.838,-5.1115,-65664,-8.6381e+05,-8277.3,8277.3
0.48,0.304,-8.4666,-8.9518,-27843,-5.781e+05,-709.29,709.29
0.48,0.288,-3.64,5.0517,-5.3919e+05,-6.9699e+05,11823,11823
0.48,0.272,-25.087,22.812,-1.8697e+06,-1.7965e+06,18419,18419
0.48,0.256,-35.649,27.518,-2.9747e+06,-2.7288e+06,33489,33489
0.48,0.24,-163.58,179.19,-4.9433e+06,-2.6163e+06,55748,55748
0.48,0.224,-72.055,-0.34615,-4.3954e+06,-2.2824e+06,76929,76929
0.48,0.208,-186.85,-83.993,-3.5177e+06,-1.6441e+06,77432,77432
0.48,0.192,-111.1,168.45,-7.2003e+05,-1.3084e+06,58700,58700
0.48,0.176,-72.364,264.18,-4.2985e+05,-1.8486e+05,36667,36667
0.48,0.16,-262.81,239.66,-2.4739e+05,-1.8017e+05,16123,16123
0.48,0.144,161.74,-181.61,5.5218e+06,-6.1606e+05,-12711,12711
0.48,0.128,35.637,-27.521,4.7717e+06,-7.9288e+05,-25355,25355
0.48,0.112,2.2289,-0.81898,3.7547e+06,-1.4834e+06,-4890.5,4890.5
0.48,0.096,2.7518,-0.99543,1.6675e+06,-1.1933e+06,32530,32530
0.48,0.08,2.7279,36.032,2.1046e+06,-1.4557e+06,62354,62354
0.48,0.064,320.78,295.64,2.3893e+05,4.795e+05,52746,52746
0.48,0.048,-5.4391,20.049,-1.3981e+06,6.4309e+05,36670,36670
0.48,0.032,-13.372,14.575,-1.0874e+06,5.0018e+05,14651,14651
0.48,0.016,1.6516,-0.55735,0,0,5496.7,5496.7
0.496,0.496,-26.59,-42.235,0,0,303.17,303.17
0.496,0.48,4.3213,3.5225,-78914,-6994.9,399.41,399.41
0.496,0.464,-0.012497,1.9091,-67098,-12369,363.19,363.19
0.496,0.448,-0.074828,2.6028,-77265,1206.2,59.617,59.617
0.496,0.432,-6.9063,0.9977,-2.2431e+05,-71572,114.44,114.44
0.496,0.416,-15.336,2.4789,-4.9051e+05,-2.6351e+05,1470.1,1470.1
0.496,0.4,-63.895,-12.973,-7.898e+05,-6.1896e+05,1868.5,1868.5
0.496,0.384,-48.998,-19.416,-1.3401e+05,-3.7208e+05,2124.3,2124.3
0.496,0.368,-32.185,6.2796,1.7118e+05,-2.1196e+05,-2944.2,2944.2
0.496,0.352,-0.60935,-0.79031,5.2285e+05,2.6555e+05,-5812.6,5812.6
0.496,0.336,4.022,13.441,4860.5,-1.5092e+05,-8188.9,8188.9
0.496,0.32,-49.525,-102.29,-1.5712e+05,-5.0244e+05,-4594.1,4594.1
0.496,0.304,-9.5221,-6.3173,-2.8806e+05,-4.9054e+05,-812.28,812.28
0.496,0.288,-21.744,5.9289,-7.8474e+05,-8.0299e+05,4562.3,4562.3
0.496,0.272,-33.535,28.061,-1.3888e+06,-8.6717e+05,4213.9,4213.9
0.496,0.256,-123.95,134.86,-1.4542e+06,-1.14e+06,10722,10722
0.496,0.24,-16.123,2.1436,-2.4945e+06,-7.8034e+05,20180,20180
0.496,0.224,-67.621,-26.17,-1.9295e+06,-3.103e+05,32403,32403
0.496,0.208,-19.697,1.6986,-1.9295e+06,-3.103e+05,25995,25995
0.496,0.192,-22.228,6.7206,0,0,14064,14064
0.496,0.176,-97.723,90.348,0,0,2992.8,2992.8
0.496,0.16,-26.628,353.51,0,0,-4268.1,4268.1
0.496,0.144,223.12,-543.93,0,0,-10870,10870
0.496,0.128,0.39031,0.19855,53859,-9260.9,-15555,15555
0.496,0.112,-0.40673,0.60802,1.8673e+05,-4.5664e+05,-10635,10635
0.496,0.096,-0.60379,-1.6374,1.4127e+06,-5.8642e+05,-2139.1,2139.1
0.496,0.08,-7.4717,50.746,1.5421e+06,-6.5162e+05,11578,11578
0.496,0.064,8.4583,317.61,4.0114e+05,4.7838e+05,17731,17731
0.496,0.048,-24.709,53.911,-1.0014e+06,6.8145e+05,18266,18266
0.496,0.032,-132.46,-34.488,-8.9014e+05,6.0574e+05,8599,8599
0.496,0.016,-54.74,86.482,0,0,3349.1,3349.1
