0.016,0.496,0.060888,4.2834,-2579.6,-46620,260.74,260.74
0.016,0.48,-0.88507,2.1361,-8867.2,-55779,718.54,718.54
0.016,0.464,-1.8966,2.1676,-6462.7,-69568,1075.1,1075.1
0.016,0.448,1.0442,0.26553,2391.2,-22990,949,949
0.016,0.432,1.0395,1.6001,11234,-14484,103.08,103.08
0.016,0.416,2.2637,0.4569,-902.98,-1266.1,-665.07,665.07
0.016,0.4,2.8792,-0.57524,-11195,-1178.6,-1254,1254
0.016,0.384,4.4966,0.25409,-15985,-1053.9,-1321.6,1321.6
0.016,0.368,6.056,-0.73843,-8985.3,-1162.6,-1693.5,1693.5
0.016,0.352,3.5095,-0.35025,-11655,-84.178,-1115.1,1115.1
0.016,0.336,6.0996,-0.21737,-10681,444.8,945.88,945.88
0.016,0.32,3.5251,0.13463,-7575.8,733.56,1529.4,1529.4
0.016,0.304,0.31685,0.053783,-7266.2,2686.7,2657.6,2657.6
0.016,0.288,0.82234,-0.56873,-10051,3128.7,1152,1152
0.016,0.272,1.4556,-0.79537,-11687,3395.5,1073,1073
0.016,0.256,0.5131,-0.57361,-7992.8,2508.2,-435.4,435.4
0.016,0.24,2.9661,-0.24305,-21412,784.9,-205.62,205.62
0.016,0.224,8.0275,0.84549,-21227,2146.2,523.99,523.99
0.016,0.208,7.2683,0.5387,-15928,1920.6,1007,1007
0.016,0.192,1.1334,-0.079786,4492.1,-378.4,961.19,961.19
0.016,0.176,-0.70199,-0.45641,5198.1,-1157.3,428.72,428.72
0.016,0.16,-0.39589,-0.7097,1789.6,403.49,374.75,374.75
0.016,0.144,-0.79991,0.14687,-2882.8,4528.2,261.01,261.01
0.016,0.128,2.1497,-2.3131,-10562,5165,358.04,358.04
0.016,0.112,5.8351,-0.13804,-18672,-17928,229.54,229.54
0.016,0.096,1.076,3.4566,-20880,-17936,93.934,93.934
0.016,0.08,5.5888,-0.74272,-15383,-16920,-5.9556,5.9556
0.016,0.064,7.6066,0.28793,-27696,-7258.3,32.753,32.753
0.016,0.048,1.8063,-1.3389,-23773,-7795,-2.733,2.733
0.016,0.032,3.2506,0.16528,-21216,-9906.1,-28.796,28.796
0.016,0.016,3.8978,-8.2293,0,0,109.68,109.68
0.032,0.496,0.59482,5.3394,-2902.1,-52448,655.06,655.06
0.032,0.48,0.67362,3.0237,-3415.6,-82955,1651.1,1651.1
0.032,0.464,0.5351,2.4341,-22649,-99632,2631.4,2631.4
0.032,0.448,0.35568,0.83416,-13498,-54141,3355.6,3355.6
0.032,0.432,0.73472,1.3724,-6022.1,-23063,3403.1,3403.1
0.032,0.416,0.37286,0.24085,-4128.3,-8041.8,3136.5,3136.5
0.032,0.4,-0.42662,-0.31175,-37760,-13900,2861.8,2861.8
0.032,0.384,-0.20935,0.1929,-38916,-12313,2737.3,2737.3
0.032,0.368,-0.071206,0.10698,-26090,-13505,2692.8,2692.8
0.032,0.352,-0.11456,-0.22278,-6305.4,5912.7,2243.1,2243.1
0.032,0.336,-0.25538,0.25587,-16518,2771,1778.4,1778.4
0.032,0.32,-0.052688,-0.083325,-18220,7175.9,1929,1929
0.032,0.304,-0.13404,-0.3174,-17760,15311,2448.2,2448.2
0.032,0.288,-0.61542,-0.083884,-19676,12584,1316.3,1316.3
0.032,0.272,-0.32431,-0.20741,-23394,4515.7,-817.97,817.97
0.032,0.256,-0.11347,0.095506,-27098,-8607.2,-2200.5,2200.5
0.032,0.24,-0.4285,0.41134,-51429,-6684.8,-1995.3,1995.3
0.032,0.224,-0.3039,-0.043387,-52140,-265.71,-1221.8,1221.8
0.032,0.208,0.14776,-0.27625,-35032,-689.69,-786.72,786.72
0.032,0.192,0.63551,-0.090167,-6712.4,2788.6,-362.33,362.33
0.032,0.176,0.41887,-0.11834,-4883.5,-165.98,-115.14,115.14
0.032,0.16,-0.11766,0.23873,-18470,-4977.9,-411.32,411.32
0.032,0.144,-0.49886,0.45176,-39935,-13613,-809.44,809.44
0.032,0.128,-0.062568,-0.21109,-68865,-11261,-1261.2,1261.2
0.032,0.112,-0.19499,-0.022214,-79112,-40948,-1544.6,1544.6
0.032,0.096,-0.71483,-0.019048,-88098,-24839,-1400,1400
0.032,0.08,-0.098161,-0.06721,-44154,-45729,-1030.7,1030.7
0.032,0.064,0.16307,0.22498,-18659,-49104,-536.41,536.41
0.032,0.048,-0.40462,-1.0458,14069,-61658,-289.62,289.62
0.032,0.032,1.19,0.35314,5735,-41926,-144.51,144.51
0.032,0.016,0.99227,-7.6319,0,0,176.42,176.42
0.048,0.496,0.31233,4.3834,-3316.7,-59940,700.4,700.4
0.048,0.48,0.98283,3.4787,-15684,-1.2877e+05,1991.8,1991.8
0.048,0.464,1.5386,2.4342,-42651,-1.5448e+05,3534.1,3534.1
0.048,0.448,0.50664,2.2339,-35167,-84221,4947.4,4947.4
0.048,0.432,0.51523,2.0793,-37416,-43541,5643.2,5643.2
0.048,0.416,0.99804,2.0954,-20914,-20648,5992.7,5992.7
0.048,0.4,-1.2564,-0.31559,-37805,-26019,6096.6,6096.6
0.048,0.384,-1.8001,-0.64868,-17859,-5539.7,6222.1,6222.1
0.048,0.368,-0.16784,0.83768,-17125,-8420.4,5769.1,5769.1
0.048,0.352,-0.23483,-0.1698,-3950.2,8705.9,4873.3,4873.3
0.048,0.336,-0.71672,0.16975,-15097,1460.2,4249.8,4249.8
0.048,0.32,-0.7552,0.75591,-16122,4853.3,4547.7,4547.7
0.048,0.304,-0.79913,0.14206,-88490,85635,4162.1,4162.1
0.048,0.288,-0.50198,0.67532,-3.8103e+05,3.7775e+05,1130,1130
0.048,0.272,-0.26675,0.3042,-4.0429e+05,3.8755e+05,-2622.7,2622.7
0.048,0.256,-0.92162,-0.070375,-3.4423e+05,3.0862e+05,-3591.4,3591.4
0.048,0.24,-1.3945,-0.13459,-80369,18439,-2250.8,2250.8
0.048,0.224,-1.4995,0.24346,-61200,6108.7,-550.41,550.41
0.048,0.208,-0.57185,-0.7001,-39856,-328.98,-372.06,372.06
0.048,0.192,-0.012013,-0.64055,-10113,4933.9,156.05,156.05
0.048,0.176,-0.48715,0.98611,-7739.7,2381.6,182.22,182.22
0.048,0.16,-0.9728,0.18093,-18726,-5014.6,-204.56,204.56
0.048,0.144,-1.4052,-0.59421,-39130,-18253,-1132.2,1132.2
0.048,0.128,-1.7894,-0.46043,-67863,-15508,-1775.2,1775.2
0.048,0.112,-2.0292,-0.17616,-75083,-39279,-1683.2,1683.2
0.048,0.096,-1.7222,-0.87911,-89724,-25316,-1027.5,1027.5
0.048,0.08,-2.1748,0.71908,-48940,-44506,21.06,21.06
0.048,0.064,1.0192,-0.76244,-73484,-12625,602.13,602.13
0.048,0.048,1.039,-0.85264,-36442,-20928,498.38,498.38
0.048,0.032,0.75767,3.1861,-42007,-2810.2,194.88,194.88
0.048,0.016,-0.53553,-4.0753,0,0,137.11,137.11
0.064,0.496,0.78081,2.1563,0,0,409.99,409.99
0.064,0.48,1.6831,3.2171,-42184,-1.1375e+05,1010.2,1010.2
0.064,0.464,1.7,2.3314,-1.1824e+05,-1.4085e+05,2179.8,2179.8
0.064,0.448,1.7125,2.5942,-95723,-1.2333e+05,4334.9,4334.9
0.064,0.432,1.1879,3.327,-70179,-1.0329e+05,6874.1,6874.1
0.064,0.416,1.2404,1.6815,-65008,-89551,9218.3,9218.3
0.064,0.4,-0.41564,-0.054144,-79558,-78097,10055,10055
0.064,0.384,-0.2174,-0.17897,-64571,511.83,9250,9250
0.064,0.368,-0.13198,0.22434,-11705,-28606,7475.7,7475.7
0.064,0.352,-0.14026,0.1029,27226,-19812,5746.2,5746.2
0.064,0.336,0.014115,-0.34319,-1395,-26724,5113.4,5113.4
0.064,0.32,-0.14779,-0.12407,-43381,-19972,6445.1,6445.1
0.064,0.304,-0.1678,0.16044,-3.2314e+05,2.5971e+05,7035.3,7035.3
0.064,0.288,0.12989,-0.054538,-6.733e+05,6.0285e+05,4494.9,4494.9
0.064,0.272,0.41809,-0.13628,-4.7758e+05,3.794e+05,-567.68,567.68
0.064,0.256,0.37686,0.12394,-20322,-1.6946e+05,-2182.2,2182.2
0.064,0.24,0.10072,0.18485,2.5832e+05,-4.3133e+05,-1260.6,1260.6
0.064,0.224,0.016634,0.25215,1.0997e+05,-2.0304e+05,581.8,581.8
0.064,0.208,-0.060498,-0.3731,-27370,12667,-104.31,104.31
0.064,0.192,-0.50353,-0.22217,-17752,14072,142,142
0.064,0.176,-0.16498,0.43266,-15939,9478.8,38.441,38.441
0.064,0.16,0.14347,-0.19976,-22301,-1310.2,-307.83,307.83
0.064,0.144,0.10122,-0.42539,-39062,-13934,-1219.1,1219.1
0.064,0.128,0.3537,-0.083383,-58336,-15628,-1380.4,1380.4
0.064,0.112,-0.24154,0.19417,-66593,-14861,-506.05,506.05
0.064,0.096,-0.75573,-0.19621,-62566,-41966,1260.1,1260.1
0.064,0.08,0.18322,-0.4987,-50216,-15901,2938.8,2938.8
0.064,0.064,0.10489,0.46099,-1.2295e+05,1.3758e+05,3509,3509
0.064,0.048,-1.7332,2.0843,-1.0466e+05,1.6454e+05,2519.8,2519.8
0.064,0.032,-2.9886,3.8609,-90518,1.4178e+05,1155.9,1155.9
0.064,0.016,-1.4824,-4.1833,0,0,294.12,294.12
0.08,0.496,2.8866,2.2788,0,0,-198.35,198.35
0.08,0.48,2.8751,4.2023,-79890,-1.2325e+05,-499.51,499.51
0.08,0.464,2.4979,3.1037,-1.8447e+05,-1.3447e+05,-166.14,166.14
0.08,0.448,1.5029,3.804,-1.4626e+05,-1.152e+05,1896.1,1896.1
0.08,0.432,1.4665,3.531,-48068,-1.238e+05,6218.4,6218.4
0.08,0.416,4.2496,1.4858,94628,-2.2522e+05,11064,11064
0.08,0.4,2.6222,2.0316,71817,-2.2047e+05,12806,12806
0.08,0.384,1.0634,1.7402,10390,-1.413e+05,11014,11014
0.08,0.368,0.26097,0.37705,-77326,-71780,7351.7,7351.7
0.08,0.352,2.3564,-1.1849,-14228,-86959,5206.8,5206.8
0.08,0.336,2.3389,0.22041,-17072,-60628,4641,4641
0.08,0.32,-0.33662,1.4863,-1.0879e+05,-75725,8341,8341
0.08,0.304,-1.5471,-1.4839,-2.0427e+05,-50189,12639,12639
0.08,0.288,-0.43648,-0.27291,-2.9919e+05,-23997,15278,15278
0.08,0.272,167.92,-171.3,1.1728e+05,-4.1666e+05,11241,11241
0.08,0.256,8.6069,-7.6456,2.7925e+05,-5.554e+05,7441.6,7441.6
0.08,0.24,7.743,-7.0112,2.5445e+05,-4.667e+05,3815.3,3815.3
0.08,0.224,0.51494,0.28152,-53950,-24738,2588.3,2588.3
0.08,0.208,-0.054977,0.83082,-93147,1.0966e+05,378,378
0.08,0.192,-0.24261,0.83844,-20297,36276,140.37,140.37
0.08,0.176,-0.18906,0.50214,25746,830.81,10.493,10.493
0.08,0.16,-0.29168,-0.15403,-1449.7,1135.7,-125.18,125.18
0.08,0.144,-0.32733,-0.062662,-70.497,10560,-556.59,556.59
0.08,0.128,-0.52367,0.63976,-827.83,6975.8,-47.543,47.543
0.08,0.112,-0.043137,0.24651,-10399,15879,1656.7,1656.7
0.08,0.096,-0.56478,-0.82489,8828.9,-46208,3919,3919
0.08,0.08,0.82978,-1.4566,-45645,52211,5936.3,5936.3
0.08,0.064,-0.62212,1.8004,-1.6047e+05,2.5852e+05,6089.2,6089.2
0.08,0.048,-2.8215,5.9084,-1.7915e+05,3.1398e+05,4200.7,4200.7
0.08,0.032,-2.4635,4.208,-1.253e+05,2.1615e+05,1851.4,1851.4
0.08,0.016,-1.7217,-1.154,0,0,381.11,381.11
0.096,0.496,2.8849,5.332,0,0,-808.11,808.11
0.096,0.48,3.7487,4.638,-1.4051e+05,-1.0467e+05,-1714.7,1714.7
0.096,0.464,2.8978,5.1413,-2.914e+05,-1.7366e+05,-1431.6,1431.6
0.096,0.448,1.663,5.5989,-2.3497e+05,-1.8421e+05,931.35,931.35
0.096,0.432,3.5261,3.4561,-67525,-2.2221e+05,5997.9,5997.9
0.096,0.416,5.1641,3.1025,1.3608e+05,-3.5862e+05,11394,11394
0.096,0.4,6.6051,2.3149,1.3027e+05,-3.5513e+05,14339,14339
0.096,0.384,2.2458,2.6763,47215,-3.0263e+05,13082,13082
0.096,0.368,1.6075,1.0796,-46442,-2.3697e+05,9741.3,9741.3
0.096,0.352,2.0729,1.1575,-34044,-2.0124e+05,6783.3,6783.3
0.096,0.336,1.9958,1.0686,-26585,-1.5587e+05,4936.2,4936.2
0.096,0.32,0.40579,0.97458,40788,-4.5914e+05,9824.5,9824.5
0.096,0.304,3.5625,-3.7942,3.2334e+05,-9.4461e+05,19441,19441
0.096,0.288,8.7716,-7.0975,6.1369e+05,-1.3684e+06,29966,29966
0.096,0.272,9.1029,-7.2177,7.6896e+05,-1.2778e+06,29428,29428
0.096,0.256,6.4589,-5.3234,5.3285e+05,-7.776e+05,21957,21957
0.096,0.24,-1.4,1.6079,1.926e+05,-3.2828e+05,11472,11472
0.096,0.224,-1.7434,1.3223,-74643,56080,4244.5,4244.5
0.096,0.208,-2.3535,2.5149,-95240,1.2253e+05,377.09,377.09
0.096,0.192,0.029138,2.0854,-25969,24920,-648.17,648.17
0.096,0.176,0.1676,0.83212,26130,-10915,-309.9,309.9
0.096,0.16,0.29652,0.3811,10459,-12829,-545.31,545.31
0.096,0.144,-0.27979,0.16583,-1462,4316.2,-317.27,317.27
0.096,0.128,0.24493,0.19516,-6027.9,-7194.3,683.57,683.57
0.096,0.112,1.1737,-0.026449,-38030,12048,2607.3,2607.3
0.096,0.096,1.0056,-0.17282,-10756,-34595,4642.9,4642.9
0.096,0.08,0.25745,-0.9639,-60391,92941,6002.8,6002.8
0.096,0.064,-1.1659,2.0651,-1.1019e+05,2.515e+05,5748.9,5748.9
0.096,0.048,-1.0456,3.6122,-1.3412e+05,2.9737e+05,3847.8,3847.8
0.096,0.032,-1.4904,5.0237,-79514,1.7226e+05,1687.8,1687.8
0.096,0.016,-1.3048,-0.089394,0,0,433.2,433.2
0.112,0.496,3.7991,7.0049,0,0,-1075,1075
0.112,0.48,3.7144,4.9248,-11516,-2.6791e+05,-1390.9,1390.9
0.112,0.464,2.4115,6.139,-64563,-5.8482e+05,268.4,268.4
0.112,0.448,3.7445,3.7666,-1.162e+05,-4.9373e+05,3474.2,3474.2
0.112,0.432,3.6513,2.6993,-1.3325e+05,-3.4087e+05,6734.9,6734.9
0.112,0.416,3.2361,3.643,38537,-3.8441e+05,9222.9,9222.9
0.112,0.4,3.527,4.0508,73893,-4.396e+05,12209,12209
0.112,0.384,2.7652,4.1874,96406,-5.4764e+05,14530,14530
0.112,0.368,3.1548,3.2611,11889,-4.926e+05,15046,15046
0.112,0.352,3.6949,2.2397,15337,-4.0967e+05,12521,12521
0.112,0.336,1.7572,3.2977,-44500,-2.7315e+05,8518.4,8518.4
0.112,0.32,1.9995,2.4537,-72926,-3.8859e+05,10765,10765
0.112,0.304,8.7033,-4.6702,3.629e+05,-9.4692e+05,20589,20589
0.112,0.288,9.6452,-5.3501,6.1561e+05,-1.2042e+06,34917,34917
0.112,0.272,2.3413,0.76052,6.6038e+05,-1.0229e+06,40219,40219
0.112,0.256,-0.53409,3.5854,1.5847e+05,-2.6775e+05,35196,35196
0.112,0.24,-0.5123,4.8566,-67540,50665,22985,22985
0.112,0.224,0.68523,4.2898,-1.6579e+05,2.2247e+05,11339,11339
0.112,0.208,0.57593,3.5571,-77798,97206,3821.9,3821.9
0.112,0.192,-0.31915,2.5958,-48189,8736.4,510.12,510.12
0.112,0.176,0.64909,1.6924,-19625,-22759,-296.29,296.29
0.112,0.16,0.60633,0.066055,-2784.6,-29456,-770.37,770.37
0.112,0.144,1.0919,-1.1463,-6177.2,-18475,-720.52,720.52
0.112,0.128,1.1049,-0.72218,-25178,-43799,201.91,201.91
0.112,0.112,1.3819,-0.34204,-30875,-62037,1902,1902
0.112,0.096,1.445,0.20165,-19081,-71605,3183.2,3183.2
0.112,0.08,0.79403,0.52166,-16146,11723,3683.4,3683.4
0.112,0.064,-0.25975,1.8925,-44611,97549,3238.1,3238.1
0.112,0.048,-0.86544,1.1524,-47272,1.2072e+05,2116.5,2116.5
0.112,0.032,-1.3204,4.1504,-29775,56347,934.29,934.29
0.112,0.016,-0.35395,-0.52727,0,0,277.76,277.76
0.128,0.496,4.9597,6.6705,0,0,-826.71,826.71
0.128,0.48,4.8139,5.6413,1.0053e+05,-7.1244e+05,488.72,488.72
0.128,0.464,5.338,5.6929,1.4942e+05,-1.3237e+06,4668.1,4668.1
0.128,0.448,5.3596,3.5901,49049,-1.0325e+06,6504.3,6504.3
0.128,0.432,2.9105,4.9112,-85791,-7.092e+05,5871.7,5871.7
0.128,0.416,1.013,7.7978,-1.3992e+05,-5.6156e+05,2720.4,2720.4
0.128,0.4,2.5069,6.5383,-98372,-6.7514e+05,5090.1,5090.1
0.128,0.384,2.7198,4.997,29926,-7.7208e+05,10502,10502
0.128,0.368,2.6788,5.5886,1.3169e+05,-8.0824e+05,16015,16015
0.128,0.352,3.9175,4.7471,58942,-5.9739e+05,16888,16888
0.128,0.336,2.258,3.8925,-1.0239e+05,-3.1986e+05,12592,12592
0.128,0.32,-0.47004,4.6592,-84453,-2.7953e+05,13700,13700
0.128,0.304,-1.9519,6.6299,2.3952e+05,-5.8708e+05,20978,20978
0.128,0.288,-1.7237,7.0438,3.228e+05,-6.2716e+05,33036,33036
0.128,0.272,-0.93585,5.4663,1.4841e+05,-3.4238e+05,37267,37267
0.128,0.256,0.43806,4.1629,-1.4394e+05,44879,35696,35696
0.128,0.24,0.96752,3.6898,-64570,19669,29633,29633
0.128,0.224,1.2986,3.0914,1.1649e+05,-1.2296e+05,22970,22970
0.128,0.208,2.4161,2.4205,2.0153e+05,-2.6998e+05,16163,16163
0.128,0.192,1.5302,1.7333,1.0549e+05,-2.6225e+05,9079,9079
0.128,0.176,0.58493,1.626,-7923.3,-1.4754e+05,3562.9,3562.9
0.128,0.16,0.57599,1.5786,-35885,-56921,-391.93,391.93
0.128,0.144,0.57865,-0.22465,-15909,-59337,-1655.8,1655.8
0.128,0.128,0.099042,-0.48282,-11445,-1.1665e+05,-1278,1278
0.128,0.112,1.3637,-0.27052,-52085,-1.2361e+05,173.54,173.54
0.128,0.096,2.1961,0.037862,-34718,-94979,1348.2,1348.2
0.128,0.08,1.8834,1.1374,-26579,-59772,1844,1844
0.128,0.064,2.3283,0.40474,-32336,25212,1576.4,1576.4
0.128,0.048,0.50634,1.8485,-35434,27654,1189.2,1189.2
0.128,0.032,-0.37401,3.1419,-39452,48571,614.44,614.44
0.128,0.016,-0.10024,-2.1331,0,0,233.05,233.05
0.144,0.496,2.4527,8.9799,0,0,-121.91,121.91
0.144,0.48,3.2,5.9528,2.0986e+05,-8.2969e+05,3624.5,3624.5
0.144,0.464,4.5461,6.072,4.1385e+05,-1.8557e+06,7177.5,7177.5
0.144,0.448,4.142,8.7761,2.3914e+05,-1.4001e+06,10117,10117
0.144,0.432,3.1153,11.562,-61401,-8.7048e+05,10167,10167
0.144,0.416,4.0744,10.248,-3.2313e+05,-3.5551e+05,7845.7,7845.7
0.144,0.4,2.4692,9.1013,-3.6741e+05,-3.0598e+05,5353.7,5353.7
0.144,0.384,2.1366,8.3436,-3.3018e+05,-2.5304e+05,6134.5,6134.5
0.144,0.368,2.2149,8.1536,-1.5927e+05,-4.9347e+05,14037,14037
0.144,0.352,1.4396,7.4021,-1.0453e+05,-4.6806e+05,21838,21838
0.144,0.336,0.27064,7.7149,-1.4634e+05,-2.4005e+05,23670,23670
0.144,0.32,-0.1361,8.7683,-2.0949e+05,1.6238e+05,25758,25758
0.144,0.304,0.73352,10.705,-1.8112e+05,3.3413e+05,30308,30308
0.144,0.288,0.92251,10.22,-1.7754e+05,4.646e+05,35453,35453
0.144,0.272,0.22894,9.1854,-1.8885e+05,4.4971e+05,33043,33043
0.144,0.256,-0.18359,7.9995,-2.884e+05,4.1509e+05,27740,27740
0.144,0.24,-1.7384,5.357,-2.1071e+05,1.6309e+05,23996,23996
0.144,0.224,-0.33729,2.9531,30074,-1.8095e+05,22927,22927
0.144,0.208,2.3815,3.0798,2.6342e+05,-4.4235e+05,23896,23896
0.144,0.192,3.3996,1.4027,2.6655e+05,-4.4872e+05,19512,19512
0.144,0.176,0.97141,2.5456,98625,-2.7848e+05,11460,11460
0.144,0.16,0.88744,3.4893,-9679.5,-1.1771e+05,2195.8,2195.8
0.144,0.144,1.1009,2.8536,2068.2,-83709,-2102.7,2102.7
0.144,0.128,1.1516,2.3637,15938,-1.5609e+05,-2146,2146
0.144,0.112,2.7686,1.5388,-34983,-1.5689e+05,-1009.6,1009.6
0.144,0.096,0.71,1.7381,-57368,-1.1831e+05,255.92,255.92
0.144,0.08,1.4939,3.0806,-48158,-54049,1204.6,1204.6
0.144,0.064,1.3488,1.5579,-67945,62562,1434.5,1434.5
0.144,0.048,0.73275,3.7871,-46542,41528,1240.7,1240.7
0.144,0.032,-0.6392,5.4376,-66814,79117,642.89,642.89
0.144,0.016,-0.88662,-0.025655,0,0,198.57,198.57
0.16,0.496,1.8662,15.929,0,0,472.74,472.74
0.16,0.48,1.4209,12.791,1.2463e+05,-7.2146e+05,4389.5,4389.5
0.16,0.464,2.1586,14.454,3.8172e+05,-2.283e+06,7905.8,7905.8
0.16,0.448,4.51,15.675,2.9647e+05,-1.6853e+06,15895,15895
0.16,0.432,4.0764,15.413,88879,-1.0893e+06,20388,20388
0.16,0.416,1.5627,16.041,-2.6044e+05,-3.9609e+05,21902,21902
0.16,0.4,-1.9035,17.381,-3.8714e+05,-2.5238e+05,17669,17669
0.16,0.384,-0.92719,17.817,-4.7502e+05,-19552,8002.2,8002.2
0.16,0.368,-0.39498,17.666,-3.2962e+05,-2.2112e+05,7781.4,7781.4
0.16,0.352,-0.87252,13.644,-3.6652e+05,-61096,17854,17854
0.16,0.336,-0.65507,14.435,-4.0865e+05,2.9698e+05,30872,30872
0.16,0.32,0.010608,17.451,-4.2546e+05,6.9391e+05,42927,42927
0.16,0.304,-0.16034,18.583,-3.809e+05,9.1355e+05,45746,45746
0.16,0.288,-0.12415,17.299,-4.1523e+05,1.1405e+06,41751,41751
0.16,0.272,-1.7282,18.723,-5.9582e+05,1.3848e+06,25464,25464
0.16,0.256,-3.3525,16.446,-7.2561e+05,1.3538e+06,9320.9,9320.9
0.16,0.24,-4.7307,13.206,-6.17e+05,7.4166e+05,6579,6579
0.16,0.224,-2.8778,10.092,-1.5876e+05,-1.7148e+05,21269,21269
0.16,0.208,-1.0703,7.2393,3.4952e+05,-8.5431e+05,38007,38007
0.16,0.192,0.33355,6.9661,4.9568e+05,-9.006e+05,37657,37657
0.16,0.176,0.73269,6.2969,3.6378e+05,-6.5667e+05,21720,21720
0.16,0.16,0.81998,5.5764,1.081e+05,-3.6281e+05,4866.1,4866.1
0.16,0.144,0.82519,4.8518,50378,-2.0884e+05,-2577.3,2577.3
0.16,0.128,1.6838,4.5697,44460,-2.2666e+05,-4146.6,4146.6
0.16,0.112,2.298,3.1353,-36068,-1.1787e+05,-4255.1,4255.1
0.16,0.096,1.2176,3.0298,-1.0849e+05,-54933,-2415.7,2415.7
0.16,0.08,0.72576,4.324,-1.4194e+05,65733,-848.23,848.23
0.16,0.064,1.3429,3.851,-1.1669e+05,1.2877e+05,267.53,267.53
0.16,0.048,-0.035768,4.7647,-61617,79898,258.33,258.33
0.16,0.032,-2.5803,6.6405,-56737,86496,-67.882,67.882
0.16,0.016,-2.2857,2.6866,0,0,-160.68,160.68
0.176,0.496,-0.13089,29.096,0,0,457.93,457.93
0.176,0.48,2.5087,26.711,0,0,3343,3343
0.176,0.464,4.7415,25.966,NaN,NaN,4505,4505
0.176,0.448,4.2108,23.529,NaN,NaN,21640,21640
0.176,0.432,3.0163,23.062,-1.1535e+05,-7.8062e+05,30906,30906
0.176,0.416,2.2813,21.101,-5.5186e+05,4.4791e+05,35892,35892
0.176,0.4,1.9919,23.648,-6.3191e+05,6.6716e+05,28969,28969
0.176,0.384,2.5742,26.393,-9.0668e+05,1.0934e+06,7854.8,7854.8
0.176,0.368,1.6155,29.775,-6.6025e+05,4.4813e+05,1035.1,1035.1
0.176,0.352,-0.061521,29.256,-5.9994e+05,3.502e+05,5569.8,5569.8
0.176,0.336,-0.77589,28.784,-4.9386e+05,5.629e+05,16488,16488
0.176,0.32,-1.4927,28.738,-5.0682e+05,9.5125e+05,33574,33574
0.176,0.304,-1.314,29.285,-7.451e+05,1.9109e+06,38847,38847
0.176,0.288,-3.0816,28.999,-9.8671e+05,2.3967e+06,35202,35202
0.176,0.272,-4.8829,27.57,-1.1776e+06,2.7088e+06,10867,10867
0.176,0.256,-6.77,25.111,-1.1261e+06,1.9998e+06,-13120,13120
0.176,0.24,-5.8011,19.313,-7.7896e+05,7.3765e+05,-17002,17002
0.176,0.224,-2.5052,15.267,-2.2814e+05,-6.9758e+05,7558.6,7558.6
0.176,0.208,-2.0558,12.377,3.5251e+05,-1.5205e+06,40040,40040
0.176,0.192,-0.28215,10.827,5.6938e+05,-1.4925e+06,47963,47963
0.176,0.176,0.79123,8.6868,5.2362e+05,-1.1888e+06,30738,30738
0.176,0.16,0.68597,7.5066,2.8761e+05,-8.0061e+05,9441.9,9441.9
0.176,0.144,1.0086,5.1156,2.1615e+05,-5.3604e+05,-1620.6,1620.6
0.176,0.128,1.564,7.1296,1.1804e+05,-4.4455e+05,-6543.5,6543.5
0.176,0.112,3.0065,3.3293,18909,-3.0147e+05,-9749.5,9749.5
0.176,0.096,1.8771,3.5814,-1.4203e+05,-2.294e+05,-7915.2,7915.2
0.176,0.08,0.23436,3.6242,-1.6281e+05,26443,-6079,6079
0.176,0.064,0.47612,3.9531,-1.5681e+05,63266,-3312.7,3312.7
0.176,0.048,0.043917,4.7252,-90557,80626,-2300,2300
0.176,0.032,-1.1092,4.8613,-66553,6595.4,-772.03,772.03
0.176,0.016,-1.7536,3.054,0,0,-411.01,411.01
0.192,0.496,0.015782,37.607,0,0,236.37,236.37
0.192,0.48,2.1182,35.107,0,0,354.55,354.55
0.192,0.464,2.5329,32.993,NaN,NaN,709.1,709.1
0.192,0.448,2.8582,26.843,NaN,NaN,47478,47478
0.192,0.432,2.8554,25.616,NaN,NaN,48312,48312
0.192,0.416,2.0844,27.646,NaN,NaN,46654,46654
0.192,0.4,2.4241,30.629,NaN,NaN,42721,42721
0.192,0.384,1.6084,37.995,NaN,NaN,11052,11052
0.192,0.368,0.54578,40.96,-3.8102e+05,4.0056e+05,-4594.7,4594.7
0.192,0.352,-0.4121,39.412,-6.8565e+05,7.9523e+05,-5335.1,5335.1
0.192,0.336,-3.5782,40.08,-8.3162e+05,1.176e+06,4045.3,4045.3
0.192,0.32,-5.3283,39.713,-1.0936e+06,1.734e+06,30022,30022
0.192,0.304,-6.927,40.722,-1.3855e+06,3.1256e+06,25124,25124
0.192,0.288,-7.0503,39.78,-1.6027e+06,3.2628e+06,12157,12157
0.192,0.272,-5.7303,34.346,-1.5965e+06,3.0573e+06,-22698,22698
0.192,0.256,-5.1287,31.323,-1.3359e+06,1.6456e+06,-40199,40199
0.192,0.24,-3.4245,24.605,-7.6878e+05,-46161,-35218,35218
0.192,0.224,-1.569,19.096,-1.2629e+05,-1.6541e+06,714.01,714.01
0.192,0.208,-1.6649,15.539,5.4221e+05,-2.4537e+06,41413,41413
0.192,0.192,-1.0975,15.546,7.7272e+05,-2.4246e+06,53543,53543
0.192,0.176,-0.7198,12.79,7.252e+05,-2.0946e+06,37815,37815
0.192,0.16,0.83069,10.534,3.1192e+05,-1.5068e+06,14389,14389
0.192,0.144,1.329,7.265,2.508e+05,-1.288e+06,3153.7,3153.7
0.192,0.128,2.6228,6.4272,2.6379e+05,-1.3993e+06,-3811.2,3811.2
0.192,0.112,1.8075,2.8998,2.7204e+05,-1.1706e+06,-11712,11712
0.192,0.096,1.3448,3.1096,1.3164e+05,-8.137e+05,-13935,13935
0.192,0.08,2.1485,5.7115,22361,-1.1226e+05,-14261,14261
0.192,0.064,0.68434,8.0409,23334,-92008,-9928.9,9928.9
0.192,0.048,0.86511,6.4168,4801.1,-6475.4,-6652.8,6652.8
0.192,0.032,0.17079,4.9544,-13619,-91408,-2714.4,2714.4
0.192,0.016,-1.6093,3.0892,0,0,-859.8,859.8
0.208,0.496,0.14285,43.749,0,0,0,0
0.208,0.48,2.5356,40.478,0,0,0,0
0.208,0.464,3.5555,37.385,NaN,NaN,0,0
0.208,0.448,2.7366,33.645,NaN,NaN,NaN,NaN
0.208,0.432,2.8484,33.43,NaN,NaN,NaN,NaN
0.208,0.416,2.8296,35.335,NaN,NaN,NaN,NaN
0.208,0.4,3.4324,37.563,NaN,NaN,NaN,NaN
0.208,0.384,3.2146,41.275,NaN,NaN,-12248,12248
0.208,0.368,0.74485,43.123,NaN,NaN,-14454,14454
0.208,0.352,-1.6538,43.154,NaN,NaN,-18349,18349
0.208,0.336,-4.9532,44.446,NaN,NaN,-26685,26685
0.208,0.32,-6.4321,44.435,NaN,NaN,-2176.7,2176.7
0.208,0.304,-7.3019,43.633,-1.8359e+06,3.6192e+06,-15749,15749
0.208,0.288,-7.757,42.221,-1.9296e+06,3.0003e+06,-29829,29829
0.208,0.272,-6.0682,37.81,-1.7387e+06,2.5188e+06,-61543,61543
0.208,0.256,-4.1877,32.087,-1.4607e+06,1.1836e+06,-66911,66911
0.208,0.24,-2.4712,27.532,-9.2881e+05,-2.8635e+05,-52465,52465
0.208,0.224,-2.3869,26.454,-4.517e+05,-1.6543e+06,-16061,16061
0.208,0.208,-1.906,24.853,72411,-2.3179e+06,24391,24391
0.208,0.192,1.7754,21.092,3.9036e+05,-2.4515e+06,44113,44113
0.208,0.176,0.74334,14.973,5.1012e+05,-2.2513e+06,38183,38183
0.208,0.16,-1.0751,11.972,3.6576e+05,-1.8284e+06,20420,20420
0.208,0.144,-1.4821,9.8685,3.8797e+05,-1.6908e+06,9322.8,9322.8
0.208,0.128,1.1324,7.0623,4.4958e+05,-1.8825e+06,3312.9,3312.9
0.208,0.112,2.5522,7.0217,3.9247e+05,-1.6526e+06,-4588.1,4588.1
0.208,0.096,0.52688,15.412,2.3329e+05,-1.3084e+06,-9786.5,9786.5
0.208,0.08,0.74213,16.391,1.5829e+05,-6.8549e+05,-11935,11935
0.208,0.064,0.73035,17.315,3.016e+05,-8.1872e+05,-8880,8880
0.208,0.048,1.5909,11.482,2.5282e+05,-5.5944e+05,-6246.6,6246.6
0.208,0.032,1.7185,10.182,1.4286e+05,-3.9507e+05,-2682.8,2682.8
0.208,0.016,0.14721,7.9177,0,0,-1213.6,1213.6
0.224,0.496,-0.23311,47.656,0,0,0,0
0.224,0.48,0.97865,45.289,0,0,0,0
0.224,0.464,2.514,44.351,NaN,NaN,0,0
0.224,0.448,3.6549,42.814,NaN,NaN,NaN,NaN
0.224,0.432,4.1543,41.961,NaN,NaN,NaN,NaN
0.224,0.416,3.8875,42.899,NaN,NaN,NaN,NaN
0.224,0.4,3.4253,43.768,NaN,NaN,NaN,NaN
0.224,0.384,2.0531,45.236,NaN,NaN,NaN,NaN
0.224,0.368,-0.02739,44.939,NaN,NaN,NaN,NaN
0.224,0.352,-2.5127,43.428,NaN,NaN,NaN,NaN
0.224,0.336,-4.5769,43.239,NaN,NaN,96803,96803
0.224,0.32,-5.4603,44.038,NaN,NaN,34809,34809
0.224,0.304,-7.0032,42.742,-1.7288e+06,7.1811e+05,19935,19935
0.224,0.288,-6.959,41.443,-1.8158e+06,1.1271e+06,1455.6,1455.6
0.224,0.272,-5.9544,37.96,-1.7368e+06,1.1332e+06,-13975,13975
0.224,0.256,-5.5469,35.175,-1.6032e+06,8.76e+05,-14616,14616
0.224,0.24,-5.2202,34.596,-1.381e+06,4.3536e+05,-4923.9,4923.9
0.224,0.224,-4.5914,34.065,-1.131e+06,-1.0019e+05,19797,19797
0.224,0.208,-5.0857,34.13,-7.8046e+05,-4.5168e+05,41352,41352
0.224,0.192,-4.124,34.578,-4.717e+05,-7.6628e+05,48980,48980
0.224,0.176,-3.3072,33.092,-3.0074e+05,-9.9086e+05,41432,41432
0.224,0.16,-4.2708,32.994,-2.4749e+05,-1.0375e+06,27903,27903
0.224,0.144,-4.054,32.081,-658.36,-1.2247e+06,21469,21469
0.224,0.128,-2.2191,27.527,3.9527e+05,-1.5209e+06,20383,20383
0.224,0.112,-1.626,21.907,5.7145e+05,-1.3692e+06,15339,15339
0.224,0.096,-2.7819,21.492,5.701e+05,-1.0991e+06,10677,10677
0.224,0.08,-2.0269,20.534,5.3899e+05,-6.4867e+05,5203.2,5203.2
0.224,0.064,-0.32602,22.382,7.0931e+05,-7.8751e+05,2536,2536
0.224,0.048,1.2777,24.689,5.5745e+05,-5.8172e+05,-1134.3,1134.3
0.224,0.032,1.6171,29.069,3.0665e+05,-3.5696e+05,-1032.2,1032.2
0.224,0.016,0.39763,31.669,0,0,-739.03,739.03
0.24,0.496,-0.6197,50.111,0,0,0,0
0.24,0.48,0.74853,47.986,0,0,0,0
0.24,0.464,2.9587,47.374,NaN,NaN,0,0
0.24,0.448,5.0024,46.795,NaN,NaN,NaN,NaN
0.24,0.432,4.3524,46.627,NaN,NaN,NaN,NaN
0.24,0.416,3.642,46.008,NaN,NaN,NaN,NaN
0.24,0.4,2.6475,45.554,NaN,NaN,NaN,NaN
0.24,0.384,0.84795,44.588,NaN,NaN,NaN,NaN
0.24,0.368,-1.4856,42.046,NaN,NaN,99052,99052
0.24,0.352,-3.5078,39.4,NaN,NaN,1.1124e+05,1.1124e+05
0.24,0.336,-4.8095,38.554,NaN,NaN,88344,88344
0.24,0.32,-4.9787,40.06,-1.4311e+06,-1.9735e+06,26626,26626
0.24,0.304,-6.2763,40.469,-1.5917e+06,-5.4837e+05,24014,24014
0.24,0.288,-6.1372,40.008,-1.5679e+06,-2.6899e+05,26703,26703
0.24,0.272,-4.8181,40.109,-1.5913e+06,2.2831e+05,56060,56060
0.24,0.256,-5.3604,40.83,-1.5748e+06,5.9029e+05,52472,52472
0.24,0.24,-6.2983,41.908,-1.6328e+06,1.0177e+06,53970,53970
0.24,0.224,-7.083,43.638,-1.6623e+06,1.1405e+06,59165,59165
0.24,0.208,-7.2208,43.206,-1.641e+06,1.148e+06,64540,64540
0.24,0.192,-6.8691,45.234,-1.4947e+06,1.0185e+06,55263,55263
0.24,0.176,-7.3102,45.725,-1.2802e+06,7.159e+05,35630,35630
0.24,0.16,-6.6462,44.146,-9.2417e+05,3.3367e+05,25772,25772
0.24,0.144,-5.3824,42.922,-5.2367e+05,57673,27910,27910
0.24,0.128,-4.2316,42.945,-18223,1.1545e+05,40195,40195
0.24,0.112,-1.8812,41.166,3.037e+05,3.5921e+05,47793,47793
0.24,0.096,-1.1354,39.452,4.9125e+05,5.1073e+05,46282,46282
0.24,0.08,-0.94725,39.924,6.1584e+05,5.6651e+05,34145,34145
0.24,0.064,0.51313,40.973,8.1172e+05,5.3549e+05,20284,20284
0.24,0.048,1.2884,42.504,6.4737e+05,3.2762e+05,7882.7,7882.7
0.24,0.032,0.93826,44.666,3.632e+05,1.7552e+05,3323.1,3323.1
0.24,0.016,-0.28477,45.698,0,0,349.05,349.05
0.256,0.496,-1.3264,49.127,0,0,0,0
0.256,0.48,0.73348,47.595,0,0,0,0
0.256,0.464,2.6799,47.804,NaN,NaN,0,0
0.256,0.448,3.04,47.954,NaN,NaN,NaN,NaN
0.256,0.432,2.5335,47.436,NaN,NaN,NaN,NaN
0.256,0.416,1.6548,45.944,NaN,NaN,NaN,NaN
0.256,0.4,0.3066,43.588,NaN,NaN,1.0508e+05,1.0508e+05
0.256,0.384,-1.3499,40.763,NaN,NaN,1.1789e+05,1.1789e+05
0.256,0.368,-2.8436,37.566,NaN,NaN,58012,58012
0.256,0.352,-3.8593,35.524,-6.6897e+05,-3.6252e+06,35712,35712
0.256,0.336,-4.4774,34.834,-8.462e+05,-3.4752e+06,26569,26569
0.256,0.32,-4.3275,35.558,-1.0807e+06,-3.0453e+06,26338,26338
0.256,0.304,-5.5186,35.708,-1.2804e+06,-2.1781e+06,52202,52202
0.256,0.288,-5.1767,37.113,-1.2904e+06,-1.6291e+06,73748,73748
0.256,0.272,-4.109,41.612,-1.3093e+06,-9.6573e+05,1.1048e+05,1.1048e+05
0.256,0.256,-4.2129,44.314,-1.3554e+06,-2.6101e+05,1.1452e+05,1.1452e+05
0.256,0.24,-4.6536,46.59,-1.5523e+06,5.8664e+05,1.1296e+05,1.1296e+05
0.256,0.224,-6.0525,49.005,-1.7354e+06,1.2053e+06,1.0599e+05,1.0599e+05
0.256,0.208,-5.943,49.728,-1.899e+06,1.6266e+06,86533,86533
0.256,0.192,-6.3999,50.472,-2.0077e+06,1.8425e+06,57831,57831
0.256,0.176,-7.3168,50.713,-1.9755e+06,1.7027e+06,34050,34050
0.256,0.16,-6.2303,49.789,-1.7201e+06,1.4636e+06,32017,32017
0.256,0.144,-5.4645,49.898,-1.2244e+06,1.2564e+06,48825,48825
0.256,0.128,-4.2316,50.89,-6.0084e+05,1.5238e+06,68485,68485
0.256,0.112,-1.9175,50.804,-92883,1.9294e+06,76725,76725
0.256,0.096,-1.6148,51.007,2.505e+05,2.3661e+06,67939,67939
0.256,0.08,-1.4568,51.616,4.2472e+05,2.8082e+06,46727,46727
0.256,0.064,-0.95816,52.845,5.096e+05,3.1838e+06,26148,26148
0.256,0.048,-1.3842,55.966,3.8324e+05,2.2562e+06,13105,13105
0.256,0.032,-0.61532,57.804,1.9083e+05,1.1665e+06,6344.1,6344.1
0.256,0.016,-1.2483,59.403,0,0,1605.1,1605.1
0.272,0.496,-2.4951,44.828,0,0,0,0
0.272,0.48,-0.99086,44.933,0,0,0,0
0.272,0.464,-0.46871,46.188,NaN,NaN,0,0
0.272,0.448,0.16801,45.494,NaN,NaN,NaN,NaN
0.272,0.432,0.95413,42.273,NaN,NaN,NaN,NaN
0.272,0.416,0.69832,39.136,NaN,NaN,3.3116e+05,3.3116e+05
0.272,0.4,-0.10756,35.986,NaN,NaN,1.5591e+05,1.5591e+05
0.272,0.384,-1.3738,33.973,-1.3977e+05,-3.5785e+06,98014,98014
0.272,0.368,-1.3498,34.478,-96615,-3.6526e+06,5294,5294
0.272,0.352,-2.0394,33.643,-2.3953e+05,-3.6424e+06,-15157,15157
0.272,0.336,-3.0215,31.896,-4.0381e+05,-3.4852e+06,10931,10931
0.272,0.32,-3.2804,31.706,-6.7385e+05,-3.0434e+06,30605,30605
0.272,0.304,-3.0815,31.547,-7.8995e+05,-2.5137e+06,56637,56637
0.272,0.288,-2.207,32.607,-7.9877e+05,-1.9788e+06,50958,50958
0.272,0.272,-2.3357,36.593,-7.5294e+05,-1.3742e+06,74652,74652
0.272,0.256,-2.7758,41.722,-8.2488e+05,-7.4599e+05,86450,86450
0.272,0.24,-3.3406,46.083,-1.068e+06,-1.2141e+05,99529,99529
0.272,0.224,-5.1744,48.185,-1.3287e+06,4.0577e+05,97738,97738
0.272,0.208,-5.704,49.752,-1.5633e+06,9.1151e+05,74197,74197
0.272,0.192,-5.8686,51.968,-1.7005e+06,1.3848e+06,50680,50680
0.272,0.176,-6.8612,52.818,-1.6833e+06,1.7469e+06,37255,37255
0.272,0.16,-6.0432,53.636,-1.5145e+06,2.0626e+06,49946,49946
0.272,0.144,-5.1632,55.085,-1.2275e+06,2.3129e+06,73210,73210
0.272,0.128,-4.4722,56.59,-8.6201e+05,2.7991e+06,94960,94960
0.272,0.112,-3.2796,58.155,-5.3231e+05,3.4323e+06,91490,91490
0.272,0.096,-2.5159,61.348,-2.539e+05,4.1471e+06,67491,67491
0.272,0.08,-1.7912,65.314,-1.2565e+05,4.8299e+06,37699,37699
0.272,0.064,-0.62936,67.707,-82804,5.3855e+06,21843,21843
0.272,0.048,-1.7053,69.686,-37795,3.7819e+06,13447,13447
0.272,0.032,-0.97282,73.239,-28235,1.9641e+06,6876.4,6876.4
0.272,0.016,-1.6863,71.054,0,0,1638.2,1638.2
0.288,0.496,-1.3684,36.278,0,0,0,0
0.288,0.48,-1.0402,36.212,0,0,0,0
0.288,0.464,-1.2317,38.423,NaN,NaN,0,0
0.288,0.448,-1.8446,38.808,NaN,NaN,NaN,NaN
0.288,0.432,-1.6282,35.6,NaN,NaN,NaN,NaN
0.288,0.416,-2.9392,31.711,NaN,NaN,2.4862e+05,2.4862e+05
0.288,0.4,-2.7424,27.82,-5.8374e+05,-3.3054e+06,1.1466e+05,1.1466e+05
0.288,0.384,-2.3016,24.911,-3.7517e+05,-3.5271e+06,66228,66228
0.288,0.368,-1.268,23.537,-1.9389e+05,-3.3804e+06,-29892,29892
0.288,0.352,-1.0972,22.871,-1.0415e+05,-3.2623e+06,-43166,43166
0.288,0.336,-1.5725,23.664,-1.0421e+05,-2.9533e+06,6763.5,6763.5
0.288,0.32,-1.9482,25.813,-1.6449e+05,-2.7045e+06,63000,63000
0.288,0.304,-1.7888,26.604,-1.4814e+05,-2.2595e+06,83120,83120
0.288,0.288,-1.434,28.308,-1.5253e+05,-1.7704e+06,43353,43353
0.288,0.272,-1.2876,31.587,-2.5425e+05,-1.2323e+06,27753,27753
0.288,0.256,-1.6177,36.127,-4.3337e+05,-7.2833e+05,39497,39497
0.288,0.24,-2.7031,39.486,-6.7075e+05,-1.972e+05,64650,64650
0.288,0.224,-3.5475,41.974,-8.7437e+05,3.895e+05,81149,81149
0.288,0.208,-3.9227,44.38,-1.0162e+06,1.0444e+06,69796,69796
0.288,0.192,-4.4732,46.701,-1.0471e+06,1.687e+06,59318,59318
0.288,0.176,-4.3886,49.441,-9.2329e+05,2.3139e+06,65871,65871
0.288,0.16,-3.3331,52.257,-7.4713e+05,2.9215e+06,90877,90877
0.288,0.144,-3.1102,54.681,-5.922e+05,3.4803e+06,1.1515e+05,1.1515e+05
0.288,0.128,-3.6536,57.346,-4.9463e+05,4.0585e+06,1.1548e+05,1.1548e+05
0.288,0.112,-3.3876,58.753,-4.6798e+05,4.6926e+06,84997,84997
0.288,0.096,-3.0369,62.324,-4.0968e+05,5.4216e+06,44115,44115
0.288,0.08,-3.0547,66.054,-3.9427e+05,6.1646e+06,18687,18687
0.288,0.064,-3.7234,69.204,-4.0968e+05,6.7482e+06,12620,12620
0.288,0.048,-3.8308,71.154,-2.7843e+05,4.6937e+06,10233,10233
0.288,0.032,-5.0184,73.102,-1.5539e+05,2.4025e+06,5160.7,5160.7
0.288,0.016,-2.3982,70.787,0,0,1014.6,1014.6
0.304,0.496,-0.50688,24.284,0,0,0,0
0.304,0.48,0.019044,22.327,0,0,0,0
0.304,0.464,-0.11416,23.597,NaN,NaN,0,0
0.304,0.448,-2.1905,27.19,NaN,NaN,NaN,NaN
0.304,0.432,-2.3748,27.963,NaN,NaN,NaN,NaN
0.304,0.416,-4.492,28.338,NaN,NaN,2.2173e+05,2.2173e+05
0.304,0.4,-3.741,26.3,-5.8374e+05,-3.3054e+06,98644,98644
0.304,0.384,-3.5794,22.73,-4.277e+05,-2.6651e+06,42074,42074
0.304,0.368,-3.2537,19.755,-2.6467e+05,-2.467e+06,-51146,51146
0.304,0.352,-1.5782,18.927,-66747,-2.35e+06,-28273,28273
0.304,0.336,-0.72618,19.835,1.4967e+05,-2.3019e+06,62220,62220
0.304,0.32,-0.78478,20.492,2.8204e+05,-2.2159e+06,1.0308e+05,1.0308e+05
0.304,0.304,0.056362,19.863,3.2807e+05,-1.9151e+06,1.0184e+05,1.0184e+05
0.304,0.288,0.29934,18.533,2.4765e+05,-1.5083e+06,35898,35898
0.304,0.272,-1.0582,17.404,48424,-1.1179e+06,8874.3,8874.3
0.304,0.256,-2.8028,20.091,-1.892e+05,-7.6741e+05,3427.9,3427.9
0.304,0.24,-2.3464,21.76,-3.4304e+05,-3.0246e+05,25902,25902
0.304,0.224,-2.7635,26.188,-4.0269e+05,3.3445e+05,56565,56565
0.304,0.208,-3.8173,33.603,-3.5318e+05,1.1359e+06,78676,78676
0.304,0.192,-2.8314,39.211,-2.4793e+05,1.8838e+06,96203,96203
0.304,0.176,-2.1932,43.21,-90252,2.6619e+06,1.2113e+05,1.2113e+05
0.304,0.16,-1.2281,48.126,33905,3.4096e+06,1.478e+05,1.478e+05
0.304,0.144,-1.0409,52.243,70350,4.116e+06,1.5343e+05,1.5343e+05
0.304,0.128,-2.1533,55.393,31749,4.7947e+06,1.2153e+05,1.2153e+05
0.304,0.112,-2.2193,55.925,-62696,5.4469e+06,66722,66722
0.304,0.096,-2.8324,57.18,-1.1321e+05,6.1151e+06,22619,22619
0.304,0.08,-2.9568,60.115,-2.2098e+05,6.6607e+06,7881.5,7881.5
0.304,0.064,-3.1319,61.545,-3.5001e+05,7.123e+06,8655.5,8655.5
0.304,0.048,-4.0068,64.235,-2.9811e+05,4.898e+06,6501.7,6501.7
0.304,0.032,-4.6519,66.047,-1.6714e+05,2.5164e+06,3021.4,3021.4
0.304,0.016,-1.5788,68.572,0,0,228.86,228.86
0.32,0.496,1.4796,23.851,0,0,0,0
0.32,0.48,0.15176,21.369,0,0,0,0
0.32,0.464,-1.4728,22.192,NaN,NaN,0,0
0.32,0.448,-1.7859,23.955,NaN,NaN,NaN,NaN
0.32,0.432,-2.4631,26.933,NaN,NaN,NaN,NaN
0.32,0.416,-3.2528,28.917,NaN,NaN,1.6701e+05,1.6701e+05
0.32,0.4,-2.7016,28.021,-5.8374e+05,-3.3054e+06,38617,38617
0.32,0.384,-2.1709,26.293,-5.2367e+05,-2.3606e+06,12664,12664
0.32,0.368,-3.3573,24.586,-3.5892e+05,-1.7367e+06,-29447,29447
0.32,0.352,-2.3177,23.153,-1.0421e+05,-1.4394e+06,20896,20896
0.32,0.336,-1.0856,20.566,1.3182e+05,-1.4432e+06,98712,98712
0.32,0.32,-0.74095,17.895,3.4138e+05,-1.7284e+06,1.2069e+05,1.2069e+05
0.32,0.304,-0.42348,15.432,4.0064e+05,-1.8312e+06,96254,96254
0.32,0.288,0.085133,12.607,2.7958e+05,-1.6943e+06,28989,28989
0.32,0.272,-1.0989,10.179,9623.7,-1.3687e+06,1554,1554
0.32,0.256,-2.3394,12.842,-2.3769e+05,-9.8815e+05,-10174,10174
0.32,0.24,-2.3992,14.754,-2.9729e+05,-5.2138e+05,7728.6,7728.6
0.32,0.224,-1.3023,17.957,-1.8187e+05,67047,46994,46994
0.32,0.208,-0.97313,24.143,7570,7.9383e+05,94884,94884
0.32,0.192,-0.74968,32.138,2.0148e+05,1.4826e+06,1.3464e+05,1.3464e+05
0.32,0.176,0.037079,36.699,3.3509e+05,2.2461e+06,1.7147e+05,1.7147e+05
0.32,0.16,-0.14121,42.649,3.9962e+05,3.0033e+06,1.9211e+05,1.9211e+05
0.32,0.144,0.38245,48.506,4.0954e+05,3.7346e+06,1.7085e+05,1.7085e+05
0.32,0.128,0.63383,50.747,3.7479e+05,4.4685e+06,1.1033e+05,1.1033e+05
0.32,0.112,-1.0703,52.296,2.8617e+05,5.1436e+06,46031,46031
0.32,0.096,-1.3641,53.435,1.9695e+05,5.8232e+06,11686,11686
0.32,0.08,-1.2241,54.584,42426,6.4038e+06,7802.2,7802.2
0.32,0.064,-2.2971,55.438,-1.3609e+05,6.8998e+06,6864.6,6864.6
0.32,0.048,-2.7329,56.954,-1.848e+05,4.7797e+06,4076.6,4076.6
0.32,0.032,-2.3977,57.885,-1.1943e+05,2.4438e+06,1421.1,1421.1
0.32,0.016,-2.1244,60.888,0,0,-385.72,385.72
0.336,0.496,1.9576,34.93,0,0,0,0
0.336,0.48,1.3531,31.62,0,0,0,0
0.336,0.464,-0.32026,31.149,NaN,NaN,0,0
0.336,0.448,-0.31352,31.221,NaN,NaN,NaN,NaN
0.336,0.432,-1.6815,33.9,NaN,NaN,NaN,NaN
0.336,0.416,-1.5826,35.975,NaN,NaN,62022,62022
0.336,0.4,-0.92129,34.969,NaN,NaN,7905.8,7905.8
0.336,0.384,-0.17561,32.761,-5.8527e+05,-79204,2412.3,2412.3
0.336,0.368,-0.36959,30.794,-4.5909e+05,-2.745e+05,-4043.8,4043.8
0.336,0.352,-0.77878,27.874,-2.1255e+05,-6.4976e+05,39789,39789
0.336,0.336,-0.9621,25.711,-79287,-1.06e+06,1.0089e+05,1.0089e+05
0.336,0.32,-1.9852,23.608,65970,-1.5147e+06,1.0636e+05,1.0636e+05
0.336,0.304,-1.0765,20.856,64112,-1.8214e+06,77522,77522
0.336,0.288,-0.2988,16.697,-2112.1,-1.9616e+06,19089,19089
0.336,0.272,-1.8918,13.283,-1.4777e+05,-1.9157e+06,-3466,3466
0.336,0.256,-2.8995,11.534,-2.9228e+05,-1.6014e+06,-8377.6,8377.6
0.336,0.24,-2.464,13.293,-2.7589e+05,-1.2309e+06,10610,10610
0.336,0.224,-1.6533,15.808,-1.1762e+05,-7.8212e+05,58011,58011
0.336,0.208,-0.53571,19.076,99646,-2.9169e+05,1.0984e+05,1.0984e+05
0.336,0.192,0.35141,25.609,3.2326e+05,2.1035e+05,1.5839e+05,1.5839e+05
0.336,0.176,1.6523,32.4,4.2327e+05,8.6275e+05,1.9527e+05,1.9527e+05
0.336,0.16,1.247,39.352,4.2527e+05,1.5809e+06,2.0458e+05,2.0458e+05
0.336,0.144,1.1142,43.424,4.0708e+05,2.3267e+06,1.5563e+05,1.5563e+05
0.336,0.128,1.745,44.961,3.8463e+05,3.1117e+06,84218,84218
0.336,0.112,0.64599,46.904,3.7774e+05,3.8494e+06,26766,26766
0.336,0.096,0.17131,46.996,3.2454e+05,4.5175e+06,11194,11194
0.336,0.08,-0.40901,46.643,1.8959e+05,5.0429e+06,10723,10723
0.336,0.064,-1.7724,48.534,22195,5.4694e+06,7947.4,7947.4
0.336,0.048,-1.9071,48.964,-71577,3.7954e+06,3926,3926
0.336,0.032,-1.1872,49.808,-59123,1.9425e+06,1017.8,1017.8
0.336,0.016,-1.2243,50.646,0,0,-591.1,591.1
0.352,0.496,0.62527,43.36,0,0,0,0
0.352,0.48,1.7635,36.915,0,0,0,0
0.352,0.464,0.92514,34.305,NaN,NaN,0,0
0.352,0.448,0.57596,33.678,NaN,NaN,-1.2016e+05,1.2016e+05
0.352,0.432,-0.19317,34.408,NaN,NaN,-1.7171e+05,1.7171e+05
0.352,0.416,0.19055,36.191,NaN,NaN,-98294,98294
0.352,0.4,0.72792,36.6,-2.3602e+05,-2.4872e+06,-53122,53122
0.352,0.384,1.7763,36.004,-3.9769e+05,-2.6881e+06,-14784,14784
0.352,0.368,1.9484,34.584,-4.5024e+05,-2.1112e+06,-7322.8,7322.8
0.352,0.352,0.46281,33.056,-4.6662e+05,-1.6804e+06,18191,18191
0.352,0.336,0.29368,33.456,-4.296e+05,-1.2214e+06,55625,55625
0.352,0.32,-0.73719,32.409,-2.8632e+05,-1.2103e+06,59296,59296
0.352,0.304,-0.62559,29.834,-2.3122e+05,-1.4699e+06,37468,37468
0.352,0.288,-1.5675,25.489,-1.6051e+05,-1.659e+06,727.23,727.23
0.352,0.272,-1.5247,21.872,-1.868e+05,-1.8555e+06,-8067.4,8067.4
0.352,0.256,-1.274,17.982,-1.969e+05,-1.8165e+06,502.73,502.73
0.352,0.24,-2.2034,16.847,-1.9207e+05,-1.7329e+06,26904,26904
0.352,0.224,-2.153,15.857,-1.0772e+05,-1.41e+06,68005,68005
0.352,0.208,-0.83491,14.55,22172,-1.0644e+06,1.0321e+05,1.0321e+05
0.352,0.192,0.040746,15.768,2.2668e+05,-6.7386e+05,1.3308e+05,1.3308e+05
0.352,0.176,1.4253,20.807,3.6928e+05,-1.8239e+05,1.5843e+05,1.5843e+05
0.352,0.16,2.4042,29.439,3.8384e+05,4.4047e+05,1.6243e+05,1.6243e+05
0.352,0.144,0.61365,32.71,3.5509e+05,1.0804e+06,1.144e+05,1.144e+05
0.352,0.128,0.72273,32.45,3.2321e+05,1.788e+06,57963,57963
0.352,0.112,1.2285,30.771,4.0425e+05,2.5003e+06,17738,17738
0.352,0.096,0.47123,33.81,4.009e+05,3.0777e+06,16354,16354
0.352,0.08,0.48925,34.65,3.4625e+05,3.5268e+06,15235,15235
0.352,0.064,-0.071846,34.742,2.5597e+05,3.9146e+06,11329,11329
0.352,0.048,-0.79639,34.81,1.4506e+05,2.7496e+06,5952.9,5952.9
0.352,0.032,-0.87013,36.019,63030,1.4418e+06,1884.9,1884.9
0.352,0.016,-0.19874,36.962,0,0,-360.88,360.88
0.368,0.496,0.47196,37.166,0,0,0,0
0.368,0.48,2.1599,33.216,0,0,0,0
0.368,0.464,2.4314,33.978,NaN,NaN,0,0
0.368,0.448,1.5998,32.254,NaN,NaN,-1.6504e+05,1.6504e+05
0.368,0.432,-0.13391,30.238,-9.0846e+05,-3.9046e+06,-1.5814e+05,1.5814e+05
0.368,0.416,-0.80021,29.191,-7.7651e+05,-3.9412e+06,-99213,99213
0.368,0.4,0.63132,24.401,-3.9547e+05,-3.1776e+06,-47737,47737
0.368,0.384,0.34072,22.774,-1.5182e+05,-2.4745e+06,-13004,13004
0.368,0.368,-0.53109,19.594,-16720,-1.8164e+06,-9327.8,9327.8
0.368,0.352,-1.1439,20.325,-46307,-1.1736e+06,-2179.9,2179.9
0.368,0.336,-1.1304,26.978,-1.5193e+05,-5.5738e+05,10301,10301
0.368,0.32,-1.1739,30.182,-2.0173e+05,-3.7764e+05,10966,10966
0.368,0.304,-0.80429,27.768,-2.6116e+05,-6.8124e+05,1736.3,1736.3
0.368,0.288,-1.7721,22.548,-2.2648e+05,-1.0739e+06,-8456.4,8456.4
0.368,0.272,-0.68896,18.054,-1.654e+05,-1.5313e+06,-6641.5,6641.5
0.368,0.256,-0.45294,16.661,-95724,-1.7191e+06,7301,7301
0.368,0.24,-1.7348,16.53,-1.0404e+05,-1.7583e+06,32040,32040
0.368,0.224,-2.1481,14.686,-1.6552e+05,-1.5309e+06,63027,63027
0.368,0.208,-1.312,11.193,-1.2421e+05,-1.2687e+06,82184,82184
0.368,0.192,-1.6622,9.5696,82023,-9.5302e+05,90991,90991
0.368,0.176,0.23227,12.38,3.2955e+05,-6.2828e+05,98627,98627
0.368,0.16,0.93965,11.468,3.6537e+05,-2.3933e+05,97510,97510
0.368,0.144,-0.0040992,11.795,2.8533e+05,1.3018e+05,72923,72923
0.368,0.128,0.28313,15.165,1.7046e+05,7.1262e+05,41500,41500
0.368,0.112,1.2216,17.209,2.3519e+05,1.4088e+06,21238,21238
0.368,0.096,2.3523,19.459,2.6898e+05,2.0302e+06,21093,21093
0.368,0.08,3.1121,16.319,3.5544e+05,2.2572e+06,20725,20725
0.368,0.064,3.3659,13.712,3.7427e+05,2.2627e+06,16762,16762
0.368,0.048,4.1866,16.751,2.8474e+05,1.4354e+06,10177,10177
0.368,0.032,1.6919,16.682,1.2559e+05,7.115e+05,4070.8,4070.8
0.368,0.016,-0.099795,18.988,0,0,337.83,337.83
0.384,0.496,1.2579,26.143,0,0,0,0
0.384,0.48,1.2845,26.508,0,0,0,0
0.384,0.464,1.4641,30.535,NaN,NaN,-58554,58554
0.384,0.448,0.1808,26.077,NaN,NaN,-1.7692e+05,1.7692e+05
0.384,0.432,-1.8949,20.316,-5.4776e+05,-3.6172e+06,-1.5925e+05,1.5925e+05
0.384,0.416,-2.7623,15.47,-4.2769e+05,-3.3732e+06,-1.0239e+05,1.0239e+05
0.384,0.4,-2.4267,9.3762,-2.471e+05,-2.7806e+06,-52315,52315
0.384,0.384,-1.0251,7.251,-93003,-2.0421e+06,-12112,12112
0.384,0.368,-0.038705,7.3378,-6262.4,-1.4189e+06,-11636,11636
0.384,0.352,0.52527,9.7081,18825,-8.2622e+05,-13744,13744
0.384,0.336,1.0005,11.122,19045,-3.2841e+05,-13342,13342
0.384,0.32,1.0469,12.833,-82774,-1.5485e+05,-15338,15338
0.384,0.304,-0.64169,12.322,-2.781e+05,-5.7695e+05,-14553,14553
0.384,0.288,-1.2934,11.711,-2.7405e+05,-9.0449e+05,-6238.1,6238.1
0.384,0.272,-0.52822,9.8648,-59733,-1.1031e+06,3802.8,3802.8
0.384,0.256,-0.68686,10.812,1.4064e+05,-9.9145e+05,16936,16936
0.384,0.24,-1.388,12.465,51203,-1.0474e+06,29656,29656
0.384,0.224,-2.1755,11.588,-1.5843e+05,-1.0277e+06,44158,44158
0.384,0.208,-2.9864,9.9468,-2.0934e+05,-9.1239e+05,49292,49292
0.384,0.192,-2.511,9.2364,-28317,-6.7358e+05,44580,44580
0.384,0.176,-0.16509,7.6624,2.0881e+05,-4.8965e+05,40767,40767
0.384,0.16,1.1711,4.8654,2.5927e+05,-3.343e+05,39644,39644
0.384,0.144,0.69693,1.2925,1.7119e+05,-2.4991e+05,38050,38050
0.384,0.128,-0.6282,2.0346,52792,87327,32517,32517
0.384,0.112,-0.41441,10.106,84736,5.9935e+05,27773,27773
0.384,0.096,0.26164,12.487,1.9867e+05,1.1994e+06,26322,26322
0.384,0.08,1.0423,12.747,3.7136e+05,1.4813e+06,25793,25793
0.384,0.064,3.2384,7.9741,5.1623e+05,1.5991e+06,21501,21501
0.384,0.048,2.0775,8.683,4.0673e+05,1.0178e+06,13820,13820
0.384,0.032,-0.098676,10.613,2.044e+05,5.1926e+05,5229.7,5229.7
0.384,0.016,0.77364,11.128,0,0,977.33,977.33
0.4,0.496,1.1821,18.652,0,0,0,0
0.4,0.48,1.3405,20.417,0,0,1085.8,1085.8
0.4,0.464,-0.34501,24.722,NaN,NaN,-43454,43454
0.4,0.448,-3.3556,19.935,-2.0995e+06,-4.2764e+06,-1.0459e+05,1.0459e+05
0.4,0.432,-2.1374,16.013,-8.0361e+05,-3.5248e+06,-1.0178e+05,1.0178e+05
0.4,0.416,-1.622,9.7454,-3.7025e+05,-3.02e+06,-62565,62565
0.4,0.4,-1.5181,8.4484,60799,-2.2673e+06,-18565,18565
0.4,0.384,-1.4816,7.5977,2.2276e+05,-1.3244e+06,7182.4,7182.4
0.4,0.368,-2.0108,5.8434,2.009e+05,-5.9219e+05,15196,15196
0.4,0.352,-1.0702,6.4803,1.8601e+05,-82566,19595,19595
0.4,0.336,0.50042,8.7546,2.2301e+05,2.7202e+05,16592,16592
0.4,0.32,0.082303,7.5209,18567,2.4605e+05,11094,11094
0.4,0.304,-2.069,7.7752,-2.0024e+05,-2.9544e+05,12987,12987
0.4,0.288,-4.5013,6.8128,-2.702e+05,-7.0722e+05,27879,27879
0.4,0.272,-1.9981,5.5759,-7702.2,-6.8612e+05,42669,42669
0.4,0.256,1.6862,5.835,1.1792e+05,-3.0995e+05,50491,50491
0.4,0.24,0.42842,6.9578,-13939,-2.253e+05,53817,53817
0.4,0.224,-1.0615,6.3702,-2.1231e+05,-3.4542e+05,60085,60085
0.4,0.208,-0.96511,6.1625,-2.4289e+05,-3.8721e+05,56787,56787
0.4,0.192,-0.97838,7.4208,-61049,-2.2015e+05,42979,42979
0.4,0.176,-0.52263,6.8235,1.7139e+05,-33487,23891,23891
0.4,0.16,1.2161,5.8532,2.7871e+05,-58471,12578,12578
0.4,0.144,1.6548,4.8175,1.7283e+05,-2.8521e+05,15698,15698
0.4,0.128,0.89107,3.4648,18653,-2.7235e+05,25834,25834
0.4,0.112,0.96004,3.1278,-74251,22060,37082,37082
0.4,0.096,0.39627,4.1234,9479.7,6.1255e+05,39534,39534
0.4,0.08,3.4401,15.695,2.4986e+05,9.9772e+05,38877,38877
0.4,0.064,4.2695,14.893,5.0666e+05,1.1181e+06,31038,31038
0.4,0.048,5.0152,17.186,4.7372e+05,7.0837e+05,19832,19832
0.4,0.032,-3.8493,6.6519,2.4806e+05,2.9878e+05,7770.9,7770.9
0.4,0.016,-0.86333,7.0702,0,0,1612.1,1612.1
0.416,0.496,0.96249,13.123,0,0,51.542,51.542
0.416,0.48,1.1045,14.327,0,0,1833.8,1833.8
0.416,0.464,-1.7736,15.674,-7.3962e+05,-3.1798e+06,-30579,30579
0.416,0.448,-6.1302,13.831,-1.1151e+06,-3.5289e+06,-47807,47807
0.416,0.432,-8.2226,8.9268,-6.0431e+05,-3.0937e+06,-51567,51567
0.416,0.416,-3.9616,6.3388,-1.2802e+05,-2.3715e+06,-20752,20752
0.416,0.4,-0.77217,6.6428,3.5979e+05,-1.4072e+06,-167.52,167.52
0.416,0.384,-0.18121,7.4152,3.7588e+05,-5.7325e+05,16531,16531
0.416,0.368,-1.1208,7.0067,93984,-2.5565e+05,28580,28580
0.416,0.352,-2.0075,5.4793,-1.0807e+05,-95993,46045,46045
0.416,0.336,-1.5873,7.4684,-1.3666e+05,10347,54173,54173
0.416,0.32,-1.5549,8.3318,-2.0796e+05,-59638,52909,52909
0.416,0.304,-3.9371,7.0549,-2.5756e+05,-4.9904e+05,57099,57099
0.416,0.288,-2.7071,3.8843,-1.9143e+05,-6.6812e+05,71960,71960
0.416,0.272,-0.20765,1.5826,57184,-4.7389e+05,88606,88606
0.416,0.256,0.61884,2.1176,1.4733e+05,6679.7,91462,91462
0.416,0.24,-0.98467,4.2966,29988,1.6864e+05,89950,89950
0.416,0.224,-1.3313,5.4432,-1.1948e+05,1.4681e+05,83797,83797
0.416,0.208,-1.2237,5.5452,-1.8601e+05,1.6155e+05,66519,66519
0.416,0.192,-1.1518,6.8773,-94557,3.3977e+05,41545,41545
0.416,0.176,-0.95577,9.2579,68513,4.9182e+05,18961,18961
0.416,0.16,1.1144,10.206,2.519e+05,3.5857e+05,4523.3,4523.3
0.416,0.144,2.0005,8.5035,1.9526e+05,-64741,4119.9,4119.9
0.416,0.128,0.24871,5.3755,73207,-3.4148e+05,15856,15856
0.416,0.112,0.82031,4.269,-60751,-2.9223e+05,34473,34473
0.416,0.096,1.0399,6.0584,26860,1.0213e+05,48282,48282
0.416,0.08,-0.57515,6.2331,2.5779e+05,6.6477e+05,51018,51018
0.416,0.064,5.5549,15.194,4.7737e+05,2.3368e+06,42217,42217
0.416,0.048,6.3984,8.2955,3.9004e+05,1.8367e+06,25567,25567
0.416,0.032,-0.30244,6.2354,1.7621e+05,1.3098e+06,10400,10400
0.416,0.016,4.6481,0.32791,0,0,2465.2,2465.2
0.432,0.496,0.44272,8.7437,0,0,219.93,219.93
0.432,0.48,1.2493,8.3643,-11592,-31394,2186,2186
0.432,0.464,-1.4189,6.7456,-1.9488e+05,-1.2147e+06,297.34,297.34
0.432,0.448,-4.4689,4.8169,-4.0186e+05,-1.9009e+06,2398.2,2398.2
0.432,0.432,-6.3,3.018,-2.1309e+05,-1.9828e+06,6374.7,6374.7
0.432,0.416,-5.4579,4.5316,24668,-1.5941e+06,13554,13554
0.432,0.4,-2.429,4.3966,3.5247e+05,-7.9623e+05,18260,18260
0.432,0.384,0.01583,5.2283,3.4599e+05,-2.1681e+05,22062,22062
0.432,0.368,-1.3581,6.4901,1.2878e+05,-36594,33228,33228
0.432,0.352,-2.9731,6.6094,-57523,-8692.6,56184,56184
0.432,0.336,-4.172,5.9995,-2.2469e+05,-1.4958e+05,72768,72768
0.432,0.32,-4.7433,5.575,-2.6669e+05,-2.8605e+05,81869,81869
0.432,0.304,-2.5004,4.6616,-2.2215e+05,-4.0444e+05,92088,92088
0.432,0.288,-1.3656,2.9049,-64790,-3.1966e+05,1.0565e+05,1.0565e+05
0.432,0.272,0.60582,0.97012,7550.5,-1.062e+05,1.2074e+05,1.2074e+05
0.432,0.256,0.47785,1.2474,3495.9,1.2972e+05,1.2115e+05,1.2115e+05
0.432,0.24,0.37832,2.5628,-1.275e+05,2.1885e+05,1.1501e+05,1.1501e+05
0.432,0.224,-0.062505,4.8266,-1.4653e+05,3.2178e+05,96650,96650
0.432,0.208,-1.2664,6.4643,-1.7764e+05,4.6742e+05,67926,67926
0.432,0.192,-2.371,8.0794,-77419,7.1276e+05,39368,39368
0.432,0.176,-0.95959,10.341,57377,8.3166e+05,18823,18823
0.432,0.16,0.4755,11.013,2.5105e+05,6.2266e+05,6055.9,6055.9
0.432,0.144,0.78884,9.6178,2.0047e+05,85281,3992,3992
0.432,0.128,-0.20185,7.037,1.1341e+05,-2.7432e+05,12236,12236
0.432,0.112,-0.19278,5.4483,-26182,-3.2268e+05,29880,29880
0.432,0.096,-0.040809,4.948,-17629,-1.1906e+05,47944,47944
0.432,0.08,15.023,37.399,1.3137e+05,2.3237e+05,54294,54294
0.432,0.064,32.597,108,3.0537e+05,2.3229e+06,45681,45681
0.432,0.048,-4.1704,49.341,2.7517e+05,1.8937e+06,26465,26465
0.432,0.032,-5.3054,18.187,94599,1.2429e+06,10089,10089
0.432,0.016,-1.9561,11.801,0,0,2027.7,2027.7
0.448,0.496,0.13683,5.6579,-25987,-24204,304.38,304.38
0.448,0.48,0.3262,4.9349,-44506,-38182,1454.6,1454.6
0.448,0.464,0.18404,3.8729,-1.1003e+05,-6.4575e+05,3308,3308
0.448,0.448,-1.0829,2.2695,-36034,-8.7506e+05,6528.6,6528.6
0.448,0.432,-2.4021,1.6655,73583,-9.9501e+05,10450,10450
0.448,0.416,-3.11,3.3706,1.575e+05,-7.3957e+05,10786,10786
0.448,0.4,-4.9548,2.0845,1.5664e+05,-4.8849e+05,8242.8,8242.8
0.448,0.384,-3.6375,1.6883,1.3895e+05,-1.9049e+05,6001.4,6001.4
0.448,0.368,-0.17162,4.82,72556,-24803,15387,15387
0.448,0.352,-0.33076,4.8365,-9619.2,38926,39767,39767
0.448,0.336,-0.48879,3.5437,-8.404e+05,-4.155e+05,66960,66960
0.448,0.32,-4.3035,2.1327,-9.3297e+05,-6.4022e+05,89731,89731
0.448,0.304,-3.9976,2.2953,-1.3806e+06,-1.2693e+06,1.1003e+05,1.1003e+05
0.448,0.288,-2.7344,-0.10278,-5.4644e+05,-6.5186e+05,1.165e+05,1.165e+05
0.448,0.272,0.82911,2.4345,-4.7863e+05,-4.6883e+05,1.1086e+05,1.1086e+05
0.448,0.256,0.1138,2.7722,-67831,1.3315e+05,93711,93711
0.448,0.24,1.0743,4.3208,-2.0015e+05,-68839,80982,80982
0.448,0.224,-1.6144,3.6953,-3.1829e+05,-60429,64503,64503
0.448,0.208,-0.75397,6.4447,-1.554e+05,2.7801e+05,42412,42412
0.448,0.192,-0.34314,9.3747,1.504e+05,7.2875e+05,21855,21855
0.448,0.176,-0.18964,9.915,2.897e+05,8.9544e+05,11096,11096
0.448,0.16,0.24332,9.3328,2.5008e+05,5.8525e+05,4533.5,4533.5
0.448,0.144,0.99879,8.3002,89719,54489,3973.8,3973.8
0.448,0.128,1.1341,6.4307,61063,-1.3863e+05,7076.7,7076.7
0.448,0.112,1.3626,6.423,-24278,-1.4551e+05,16410,16410
0.448,0.096,0.71985,4.6966,-18739,-94884,29084,29084
0.448,0.08,1.1716,1.3529,-2144.2,-70950,37500,37500
0.448,0.064,29.787,93.841,-1.0294e+05,2.8386e+06,33383,33383
0.448,0.048,30.985,-61.95,-99386,2.2465e+06,19340,19340
0.448,0.032,2.1186,12.212,-56792,1.2837e+06,6310.2,6310.2
0.448,0.016,4.1465,1.4109,0,0,1328.9,1328.9
0.464,0.496,-0.70767,3.2185,-29925,-21449,225.97,225.97
0.464,0.48,-1.0036,2.455,-46946,-41471,760.2,760.2
0.464,0.464,-0.35433,2.5132,-29489,-85510,1725.5,1725.5
0.464,0.448,-1.4263,0.045295,87479,-84681,2603.7,2603.7
0.464,0.432,-2.9182,2.3808,2.1007e+05,1.1879e+05,3157.7,3157.7
0.464,0.416,-2.543,1.8216,1.7118e+05,12617,1280.1,1280.1
0.464,0.4,-3.0129,1.6324,20789,-1.0038e+05,-673.55,673.55
0.464,0.384,-3.1695,-0.40515,-1.8093e+05,-3.6984e+05,-2911.3,2911.3
0.464,0.368,-0.52128,0.25758,-98774,-2.0096e+05,1950.9,1950.9
0.464,0.352,0.77266,1.3176,-1.833e+05,-3.1131e+05,18093,18093
0.464,0.336,-0.38776,2.1076,-1.8919e+06,-1.3291e+06,44905,44905
0.464,0.32,-31.282,18.393,-4.1019e+06,-1.9237e+06,77201,77201
0.464,0.304,-124.41,-26.31,-5.8336e+06,-3.2965e+06,1.0441e+05,1.0441e+05
0.464,0.288,-21.48,-12.478,-4.0782e+06,-1.7374e+06,1.0599e+05,1.0599e+05
0.464,0.272,-5.2652,5.3565,-1.7934e+06,-1.1863e+06,84159,84159
0.464,0.256,1.4826,0.80535,-1.9344e+05,1.6166e+05,55818,55818
0.464,0.24,-2.7216,0.34517,-2.3014e+05,-3.7363e+05,39580,39580
0.464,0.224,-5.6452,-0.29988,-5.9958e+05,-6.3962e+05,31793,31793
0.464,0.208,-5.2007,-0.088211,-4.6898e+05,-4.7811e+05,22511,22511
0.464,0.192,0.317,5.277,1.6494e+05,1.6225e+05,13270,13270
0.464,0.176,0.46672,6.0952,4.8831e+05,5.1234e+05,7368.3,7368.3
0.464,0.16,-0.53149,5.472,5.0625e+05,4.6257e+05,2921.2,2921.2
0.464,0.144,0.39117,5.175,2.0815e+05,70561,3247.1,3247.1
0.464,0.128,0.9124,4.1848,98846,-24423,5811,5811
0.464,0.112,1.4269,3.5244,-69239,1.1123e+05,9406.6,9406.6
0.464,0.096,0.98794,5.1784,-85700,53575,13760,13760
0.464,0.08,0.12543,1.5182,-1.2458e+05,62003,17590,17590
0.464,0.064,26.239,102.77,-12848,-2.3525e+05,14936,14936
0.464,0.048,-10.872,1026.4,0,0,8502.3,8502.3
0.464,0.032,-6.3639,53.697,0,0,1356.7,1356.7
0.464,0.016,-279.06,-137.13,0,0,19.105,19.105
0.48,0.496,-0.76972,1.1556,-26600,-19066,38.15,38.15
0.48,0.48,-0.86866,1.8098,-36578,-22910,203.44,203.44
0.48,0.464,-0.80733,0.75927,-43431,-24427,306.44,306.44
0.48,0.448,-1.9898,1.4371,-29306,17661,-585.73,585.73
0.48,0.432,4.0002,3.4531,-6693,1.9753e+05,-2040,2040
0.48,0.416,0.081222,9.6347,35122,1.3579e+05,-4091.5,4091.5
0.48,0.4,-2.2948,-0.95796,44527,39058,-5277.8,5277.8
0.48,0.384,-1.0815,0.66586,-1.5272e+05,-2.8577e+05,-5902.7,5902.7
0.48,0.368,-9.2957,-1.3825,-1.3845e+05,-2.1201e+05,-4371.2,4371.2
0.48,0.352,-0.49305,-0.2233,-2.8355e+05,-3.5479e+05,4580.5,4580.5
0.48,0.336,-9.2049,-1.9,-1.8793e+06,-1.2042e+06,24490,24490
0.48,0.32,-52.385,6.8093,-4.052e+06,-1.6759e+06,49799,49799
0.48,0.304,-75.526,-9.1426,-5.7354e+06,-3.0492e+06,73483,73483
0.48,0.288,-59.388,-6.2022,-4.0684e+06,-1.659e+06,69698,69698
0.48,0.272,-11.975,4.3612,-1.7629e+06,-1.2167e+06,46232,46232
0.48,0.256,-0.21231,2.3738,-2.0537e+05,56469,16443,16443
0.48,0.24,-4.2464,-2.1773,-1.6801e+05,-4.5484e+05,6755.1,6755.1
0.48,0.224,-6.889,-1.809,-5.525e+05,-7.6569e+05,9618.2,9618.2
0.48,0.208,-5.3454,-0.18488,-4.1544e+05,-6.9494e+05,12030,12030
0.48,0.192,-4.7472,-1.0831,1.5061e+05,-1.7701e+05,8465.2,8465.2
0.48,0.176,1.7336,1.5365,4.4586e+05,1.8944e+05,4172.7,4172.7
0.48,0.16,2.3435,2.3883,4.347e+05,2.6686e+05,1083.1,1083.1
0.48,0.144,2.6366,1.8558,1.4864e+05,42764,1350,1350
0.48,0.128,3.5409,1.3329,36751,11312,2981.1,2981.1
0.48,0.112,1.0404,1.254,-90491,1.6739e+05,4021.1,4021.1
0.48,0.096,-1.4164,6.0493,-98643,98876,3910.1,3910.1
0.48,0.08,-0.99777,1.1225,-1.0993e+05,1.0461e+05,4529.5,4529.5
0.48,0.064,2.9694,15.333,-33122,-98310,3314.7,3314.7
0.48,0.048,374.98,486.46,0,0,2199.6,2199.6
0.48,0.032,-4.3032,1.2946,0,0,0,0
0.48,0.016,-75.578,194.92,0,0,-46.706,46.706
0.496,0.496,-0.43065,0.06517,-6387.6,-240.08,34.889,34.889
0.496,0.48,-0.77906,2.202,-12059,-11408,192.9,192.9
0.496,0.464,-2.4024,-0.15237,-35037,1182.7,361.06,361.06
0.496,0.448,4.1675,-1.0142,-32230,1600.6,-171.35,171.35
0.496,0.432,-2.6637,-0.31765,-37702,1.922e+05,-1220.5,1220.5
0.496,0.416,-2.9704,-0.12344,-4193.5,1.3041e+05,-2277.7,2277.7
0.496,0.4,-4.6035,-5.199,13592,1.1226e+05,-2903,2903
0.496,0.384,-1.0912,0.17614,-1.6273e+05,-2.0556e+05,-3240.4,3240.4
0.496,0.368,-0.99264,-0.541,-1.4418e+05,-1.629e+05,-3620.9,3620.9
0.496,0.352,-45.604,104.59,-2.9742e+05,-3.5812e+05,-788.09,788.09
0.496,0.336,-256.85,16.223,-1.2493e+06,-9.6405e+05,8717,8717
0.496,0.32,-403.13,88.768,-2.9526e+06,-1.2325e+06,21252,21252
0.496,0.304,20.927,-23.409,-4.0114e+06,-1.9247e+06,33502,33502
0.496,0.288,-391.29,-216.33,-3.1149e+06,-1.0789e+06,30808,30808
0.496,0.272,-66.917,-32.821,-1.2859e+06,-7.7399e+05,20004,20004
0.496,0.256,-36.195,-14.623,-1.1137e+05,33681,6123.5,6123.5
0.496,0.24,-13.425,-6.3631,-13030,-2.1938e+05,2481.2,2481.2
0.496,0.224,-6.0712,7.7334,-2.7995e+05,-4.163e+05,4019.5,4019.5
0.496,0.208,-41.319,-42.978,-3.6201e+05,-5.4153e+05,5122.2,5122.2
0.496,0.192,-5.3303,-1.1817,-55511,-2.9679e+05,3612.2,3612.2
0.496,0.176,-3.8527,-1.008,1.6587e+05,-79459,1474.9,1474.9
0.496,0.16,-0.05126,2.3714,3.1602e+05,1.2996e+05,390.87,390.87
0.496,0.144,0.70424,1.372,1.7263e+05,65218,776.84,776.84
0.496,0.128,0.13032,1.3775,48010,-1701.1,2031.9,2031.9
0.496,0.112,-0.47648,2.2423,-84233,94796,2620.9,2620.9
0.496,0.096,-0.57338,0.81705,-89016,58119,2308.3,2308.3
0.496,0.08,-0.83654,0.68132,-94258,68003,1315.9,1315.9
0.496,0.064,-0.63565,0.4896,-18183,-33614,624.45,624.45
0.496,0.048,-10.541,398.15,0,0,131.27,131.27
0.496,0.032,-85.813,47.808,0,0,10.353,10.353
0.496,0.016,-57.845,130.14,0,0,5.3571,5.3571
