0.016,0.496,1.1235,-0.12336,-576.04,4376.4,-133,133
0.016,0.48,3.3527,0.82442,-1813.1,1538.1,-184.68,184.68
0.016,0.464,3.261,0.21877,-6197,2148.2,-21.491,21.491
0.016,0.448,-0.66884,0.13005,-5955.5,-2775.2,-33.551,33.551
0.016,0.432,1.3707,0.54992,-21728,-5470.5,596.34,596.34
0.016,0.416,5.1782,1.0795,-31474,-8389.6,2790.6,2790.6
0.016,0.4,3.3235,-0.5462,-35032,-8823,6713.1,6713.1
0.016,0.384,4.5961,-0.42972,-57359,-28384,8038.5,8038.5
0.016,0.368,5.145,-1.6102,-73930,-1.3252e+05,3942.1,3942.1
0.016,0.352,2.8433,0.035887,-66866,-1.3026e+05,-2594.8,2594.8
0.016,0.336,4.9177,0.57798,-47698,-33937,-5526.2,5526.2
0.016,0.32,2.9899,0.095904,-89540,71221,-4245.5,4245.5
0.016,0.304,-0.28177,0.68482,-1.318e+05,1.282e+05,-573.77,573.77
0.016,0.288,0.14391,0.22093,-1.6871e+05,1.5484e+05,1180.6,1180.6
0.016,0.272,-0.37584,0.32893,-1.4816e+05,2.2615e+05,2534.6,2534.6
0.016,0.256,-2.0991,3.3816,-87346,1.5926e+05,-1984.4,1984.4
0.016,0.24,-1.9949,3.5185,-24232,44984,-11530,11530
0.016,0.224,-1.451,2.9021,40917,-55765,-16952,16952
0.016,0.208,-1.0968,2.0426,23011,-3904.8,-11473,11473
0.016,0.192,-0.76217,1.3666,8056.5,5391.1,-539.53,539.53
0.016,0.176,-2.7989,-1.1122,1388.8,29590,5286,5286
0.016,0.16,-1.4942,-1.0436,2534.1,1602.1,3405.8,3405.8
0.016,0.144,-0.90985,0.41658,6417.7,8083.2,1324.7,1324.7
0.016,0.128,2.5149,-2.2657,-2005.1,4323.3,-516.68,516.68
0.016,0.112,5.3168,-0.80772,2766.9,4692.2,-1335.9,1335.9
0.016,0.096,1.4251,-2.9505,5199.9,16290,-789.07,789.07
0.016,0.08,1.6337,1.2273,11121,16026,1616.7,1616.7
0.016,0.064,0.71756,0.58514,9247.2,13940,4457.1,4457.1
0.016,0.048,0.16285,-0.12794,9362.9,799.35,4339.6,4339.6
0.016,0.032,1.592,-0.28183,3535,-224.91,2553.2,2553.2
0.016,0.016,3.359,-6.7898,0,0,386.78,386.78
0.032,0.496,1.6104,0.82146,4129.7,5311.5,-4.9679,4.9679
0.032,0.48,-0.0088772,0.28873,-4849.4,-5824,263.57,263.57
0.032,0.464,-0.060665,-0.5153,-12505,-13901,802.2,802.2
0.032,0.448,-0.17083,0.27105,-19306,-27042,1286.5,1286.5
0.032,0.432,-0.31082,0.22842,-3067.7,-16288,994.56,994.56
0.032,0.416,-0.45703,-0.41522,7098.2,-4089,1022.7,1022.7
0.032,0.4,-0.54403,-0.090547,60461,-1.1978e+05,2492.2,2492.2
0.032,0.384,26.389,25.479,70616,-2.493e+05,2496,2496
0.032,0.368,2.0825,4.1388,-1.0304e+06,-51902,915.75,915.75
0.032,0.352,0.66197,0.90162,-1.0814e+06,35706,-2233.3,2233.3
0.032,0.336,0.78502,2.5475,-1.2212e+06,2.3814e+05,-1634.9,1634.9
0.032,0.32,-0.0055301,5.3197,-3.8019e+05,1.9593e+05,320.39,320.39
0.032,0.304,-1.461,3.4511,-3.6581e+05,3.5253e+05,7330.1,7330.1
0.032,0.288,-1.5282,4.2338,-4.1997e+05,4.9608e+05,10070,10070
0.032,0.272,-2.852,5.5538,-3.976e+05,5.0309e+05,10276,10276
0.032,0.256,-2.9791,5.0778,-2.8221e+05,3.4541e+05,4159.5,4159.5
0.032,0.24,-1.8368,3.2622,-57459,82212,1158.2,1158.2
0.032,0.224,-0.85758,2.1166,74390,-94973,403.72,403.72
0.032,0.208,0.77977,0.72545,68048,-49648,752.31,752.31
0.032,0.192,0.94452,2.4663,6201.7,-25787,246.42,246.42
0.032,0.176,-0.77901,1.4495,-6684.2,10065,-486.75,486.75
0.032,0.16,-0.5365,0.82875,-7848,-6005.6,-884.45,884.45
0.032,0.144,-0.28024,0.33926,-15562,-5755.8,-1129.1,1129.1
0.032,0.128,-0.11314,-0.28597,-41536,-7095.8,-905.64,905.64
0.032,0.112,0.053602,-0.089397,-43985,-48555,-579.92,579.92
0.032,0.096,0.19819,-0.2445,-34608,-28978,-64.03,64.03
0.032,0.08,-0.057602,1.041,-8779.4,-26474,193.93,193.93
0.032,0.064,0.43418,0.84326,2585.7,17016,267.8,267.8
0.032,0.048,0.76963,0.27447,15750,6048.8,204.91,204.91
0.032,0.032,0.34317,2.0131,9717.4,1841.3,71.59,71.59
0.032,0.016,0.1427,-5.6383,0,0,10.816,10.816
0.048,0.496,1.4138,1.3301,13817,-45978,134.22,134.22
0.048,0.48,0.27037,0.28854,-4035,-59486,967.36,967.36
0.048,0.464,-0.8445,-1.1603,-10305,-88097,2093.3,2093.3
0.048,0.448,-0.53849,-0.69495,-33296,-62462,3200.2,3200.2
0.048,0.432,-0.48235,-0.013848,15229,-1244.4,3492.3,3492.3
0.048,0.416,1.6837,2.6233,27010,35426,6749,6749
0.048,0.4,1.9343,4.4001,1.6988e+05,-1.0897e+05,7168,7168
0.048,0.384,8.887,4.7063,96827,-3.1471e+05,2031.2,2031.2
0.048,0.368,8.0026,5.8917,-1.6156e+06,1.6925e+05,-3980.7,3980.7
0.048,0.352,2.8876,8.1408,-1.8084e+06,3.9671e+05,-7951.4,7951.4
0.048,0.336,0.6304,7.027,-2.703e+06,1.9367e+05,-4713.5,4713.5
0.048,0.32,-1.0395,8.323,-1.5208e+06,58748,-4153.7,4153.7
0.048,0.304,-2.3387,8.9432,-1.4945e+06,2.9067e+05,5082.6,5082.6
0.048,0.288,-3.0071,8.398,-8.8858e+05,9.4187e+05,9971.7,9971.7
0.048,0.272,-4.9746,7.8291,-7.2573e+05,8.6294e+05,12303,12303
0.048,0.256,-4.3495,6.4625,-4.5047e+05,4.9991e+05,5643.8,5643.8
0.048,0.24,-3.4423,4.6729,-61701,1.2626e+05,2111.3,2111.3
0.048,0.224,-0.67408,2.7901,1.0257e+05,-77562,1385.7,1385.7
0.048,0.208,-0.60247,1.5786,68471,-27661,1003,1003
0.048,0.192,-0.24507,1.0083,10961,-24352,-9.7728,9.7728
0.048,0.176,-0.68628,1.639,1078,15262,-1010.8,1010.8
0.048,0.16,-0.87647,1.4512,10092,-22369,-1881.2,1881.2
0.048,0.144,-0.49712,0.80216,-24693,1928.5,-2489.4,2489.4
0.048,0.128,-1.7454,-0.90371,-33373,-17075,-2493.6,2493.6
0.048,0.112,-1.6059,-0.56947,-34672,-50472,-1689.6,1689.6
0.048,0.096,-0.99196,-1.8111,-18668,-31931,-486.45,486.45
0.048,0.08,-1.2942,0.37104,5626.9,-24718,236.15,236.15
0.048,0.064,-0.4825,0.82806,9446.1,23480,633.63,633.63
0.048,0.048,0.37924,0.20945,11769,15136,510.13,510.13
0.048,0.032,0.86228,4.8707,5593.2,5646.6,210.74,210.74
0.048,0.016,0.41769,-6.4251,0,0,87.308,87.308
0.064,0.496,0.97467,1.6391,16192,-56649,579.89,579.89
0.064,0.48,2.8343,1.0905,-2589.5,-1.235e+05,2131.7,2131.7
0.064,0.464,-0.41467,-0.016831,-47308,-2.0053e+05,4006.3,4006.3
0.064,0.448,0.5583,0.90248,1.195e+05,-4.466e+05,7081.8,7081.8
0.064,0.432,1.0049,2.3488,4.0751e+05,-6.017e+05,11920,11920
0.064,0.416,1.7187,5.9087,6.5207e+05,-6.2352e+05,20450,20450
0.064,0.4,106.6,-26.022,3.2023e+05,-4.5381e+05,18780,18780
0.064,0.384,8.8025,8.1853,-6.9787e+05,-3.8011e+05,3817,3817
0.064,0.368,4.4206,8.2722,-2.3248e+06,5.6199e+05,-12172,12172
0.064,0.352,-1.5613,10.159,-2.5842e+06,1.2877e+06,-13982,13982
0.064,0.336,-3.1621,11.637,-2.9747e+06,1.4024e+06,-7207.1,7207.1
0.064,0.32,-5.1479,12.139,-2.5893e+06,1.2934e+06,-7080.3,7080.3
0.064,0.304,-5.4114,12.511,-2.6495e+06,1.314e+06,-3951.6,3951.6
0.064,0.288,-5.8154,12.387,-2.0877e+06,1.8033e+06,92.54,92.54
0.064,0.272,-6.6261,10.167,-1.0205e+06,1.2288e+06,5279.4,5279.4
0.064,0.256,-4.8177,8.8364,-5.2872e+05,6.6621e+05,2381.3,2381.3
0.064,0.24,-3.3695,8.329,30182,1.9846e+05,-46.497,46.497
0.064,0.224,-2.7191,5.7504,1.0367e+05,7071.8,-965.55,965.55
0.064,0.208,-2.7981,4.39,-25714,39162,-3109,3109
0.064,0.192,-1.9114,3.6311,-1.3638e+05,48854,-4708.2,4708.2
0.064,0.176,0.29437,2.1395,-1.4555e+05,63824,-5002.4,5002.4
0.064,0.16,-0.82678,2.8772,-42134,28088,-4651.1,4651.1
0.064,0.144,-0.55799,2.0246,-42866,2813.9,-4259.6,4259.6
0.064,0.128,0.47891,-0.23489,-8115.5,-17105,-3321.8,3321.8
0.064,0.112,-0.27647,0.092782,-45060,-49474,-1984,1984
0.064,0.096,-0.22811,0.44232,-38504,-21606,-519.18,519.18
0.064,0.08,0.52789,0.92317,-24022,-13942,136.28,136.28
0.064,0.064,-0.67773,0.66896,-24380,36129,490.6,490.6
0.064,0.048,-0.88683,0.27926,-16047,36614,457.92,457.92
0.064,0.032,-0.61782,1.9546,-10201,29919,212.32,212.32
0.064,0.016,0.12888,-7.2387,0,0,180.19,180.19
0.08,0.496,1.4336,4.8203,12455,-65944,533.74,533.74
0.08,0.48,3.9814,3.5443,1101.8,-1.5363e+05,2085.6,2085.6
0.08,0.464,1.1979,4.5996,-64338,-2.9197e+05,4890,4890
0.08,0.448,0.44887,3.7945,4.5271e+05,-1.057e+06,12180,12180
0.08,0.432,9.9968,4.8934,9.2617e+05,-1.5704e+06,23915,23915
0.08,0.416,10.905,6.1084,1.2834e+06,-1.834e+06,39221,39221
0.08,0.4,8.6719,7.628,8.261e+05,-1.2824e+06,35928,35928
0.08,0.384,6.7258,10.51,-4.7732e+05,-3.9829e+05,14910,14910
0.08,0.368,4.5689,14.938,-1.4253e+06,9.5165e+05,-11206,11206
0.08,0.352,-3.2957,18.923,-1.776e+06,2.2225e+06,-21315,21315
0.08,0.336,-4.187,21.255,-2.2008e+06,2.3829e+06,-17329,17329
0.08,0.32,-4.0492,20.752,-3.3354e+06,2.3769e+06,-17691,17691
0.08,0.304,-4.5096,19.752,-4.1113e+06,2.2571e+06,-12976,12976
0.08,0.288,-5.2595,20.599,-3.5365e+06,2.5154e+06,-10457,10457
0.08,0.272,-5.5183,18.685,-1.7688e+06,1.7133e+06,-5745.2,5745.2
0.08,0.256,-4.2068,14.797,-5.6698e+05,7.5607e+05,-4547.9,4547.9
0.08,0.24,-3.6769,12.613,58551,1.0227e+05,-4879.8,4879.8
0.08,0.224,-4.4852,9.7255,1.3651e+05,-1.9607e+05,-3782.6,3782.6
0.08,0.208,-4.4856,6.6658,44347,-2.2118e+05,-5959.2,5959.2
0.08,0.192,-4.933,6.2472,25429,-2.3558e+05,-6369.2,6369.2
0.08,0.176,-3.4643,4.9855,-12458,-2.2704e+05,-4959.6,4959.6
0.08,0.16,-2.403,2.7168,80880,-2.5212e+05,-4595.2,4595.2
0.08,0.144,-0.58844,3.8018,8959.5,-1.8313e+05,-3605.9,3605.9
0.08,0.128,-0.4971,2.12,1.5908e+05,-1.8296e+05,-2845.4,2845.4
0.08,0.112,-0.14989,-0.31237,87244,-1.2943e+05,-1134.6,1134.6
0.08,0.096,-0.5095,1.7036,81195,-89534,-150.41,150.41
0.08,0.08,-0.84779,1.6141,-36235,-289.55,310.11,310.11
0.08,0.064,-0.58078,0.68368,-70524,86954,602.24,602.24
0.08,0.048,-1.2824,2.1264,-52652,66679,740.64,740.64
0.08,0.032,0.068299,1.9483,-38656,63522,530.68,530.68
0.08,0.016,-0.15457,0.25754,0,0,282.25,282.25
0.096,0.496,0.81475,8.4,0,0,369.44,369.44
0.096,0.48,1.2356,8.0579,-179.61,-1.097e+05,2409.3,2409.3
0.096,0.464,4.4468,9.0707,96575,-1.2405e+06,9995.4,9995.4
0.096,0.448,50.983,21.065,8.8637e+05,-2.3374e+06,14534,14534
0.096,0.432,10.162,7.9813,1.2768e+06,-2.8306e+06,23411,23411
0.096,0.416,10.212,8.7703,1.3546e+06,-2.5382e+06,28875,28875
0.096,0.4,8.4298,11.378,7.0899e+05,-1.6075e+06,26332,26332
0.096,0.384,7.7518,15.668,-4.895e+05,-3.9737e+05,9545.5,9545.5
0.096,0.368,1.3481,21.255,-1.1202e+06,9.4928e+05,-14837,14837
0.096,0.352,-2.4577,23.842,-1.4441e+06,2.1135e+06,-31394,31394
0.096,0.336,-4.0944,24.662,-1.3094e+06,2.5709e+06,-42241,42241
0.096,0.32,-3.8863,22.555,-2.6206e+06,2.2407e+06,-46783,46783
0.096,0.304,-4.224,18.951,-3.2737e+06,1.802e+06,-41467,41467
0.096,0.288,-4.769,22.01,-3.2505e+06,1.5647e+06,-30227,30227
0.096,0.272,-4.6396,23.329,-1.6237e+06,1.0505e+06,-18852,18852
0.096,0.256,-4.4202,20.105,-4.9076e+05,4.4625e+05,-10033,10033
0.096,0.24,-3.9967,17.275,78843,-52449,-4893.3,4893.3
0.096,0.224,-4.4849,14.323,1.7191e+05,-4.1668e+05,-2099.5,2099.5
0.096,0.208,-3.4747,12.48,1.1397e+05,-5.4096e+05,-6535.7,6535.7
0.096,0.192,-1.1406,10.582,97966,-6.4149e+05,-7717.7,7717.7
0.096,0.176,-0.60594,9.0275,52434,-5.7453e+05,-6695.6,6695.6
0.096,0.16,-0.47823,4.3605,45381,-4.9563e+05,-3497.1,3497.1
0.096,0.144,0.98794,4.8573,-94504,-2.9405e+05,-2233.7,2233.7
0.096,0.128,-0.64943,4.5716,3909.7,-2.2312e+05,-164.76,164.76
0.096,0.112,2.2511,2.715,47428,-1.5662e+05,2200.4,2200.4
0.096,0.096,1.13,1.1162,1.5053e+05,-2.1393e+05,2744.4,2744.4
0.096,0.08,-0.8752,2.5927,45521,-1.3769e+05,1351.7,1351.7
0.096,0.064,-1.5052,1.378,-51149,-24392,576.53,576.53
0.096,0.048,-1.9234,2.728,-71346,6965.8,369.86,369.86
0.096,0.032,-0.30654,2.1623,-49086,41641,298.24,298.24
0.096,0.016,0.056221,1.296,0,0,161.11,161.11
0.112,0.496,0.32271,11.104,0,0,-65.945,65.945
0.112,0.48,0.42626,12.372,0,0,4355.4,4355.4
0.112,0.464,4.5813,13.232,6.3122e+05,-2.9294e+06,17763,17763
0.112,0.448,3.5064,6.7062,1.3322e+06,-3.5141e+06,28363,28363
0.112,0.432,7.2526,8.2717,1.1637e+06,-3.0869e+06,29194,29194
0.112,0.416,5.1932,10.187,9.2247e+05,-2.5267e+06,22444,22444
0.112,0.4,1.1862,11.856,5.5845e+05,-1.6854e+06,9558.8,9558.8
0.112,0.384,1.2676,15.524,1.304e+05,-5.6956e+05,-6854.2,6854.2
0.112,0.368,1.8636,18.819,-4.0412e+05,3.5262e+05,-33408,33408
0.112,0.352,-2.1609,17.181,-9.1254e+05,8.2982e+05,-60044,60044
0.112,0.336,-3.7373,14.275,-1.2409e+06,6.6305e+05,-75221,75221
0.112,0.32,-2.9771,13.804,-1.5375e+06,2.865e+05,-77906,77906
0.112,0.304,-4.6028,9.8919,-1.9074e+06,3.0553e+05,-59804,59804
0.112,0.288,-6.9879,10.331,-1.7544e+06,4.2812e+05,-39733,39733
0.112,0.272,-5.7626,17.502,-1.0895e+06,4.2975e+05,-20788,20788
0.112,0.256,-4.6356,19.58,-2.6616e+05,2.8066e+05,-9446.6,9446.6
0.112,0.24,-3.785,19.62,83151,2.4575e+05,-749.32,749.32
0.112,0.224,-3.7072,18.844,2.4755e+05,44410,4093.4,4093.4
0.112,0.208,-3.3351,14.376,2.8828e+05,-3.9309e+05,-1569.7,1569.7
0.112,0.192,-2.1489,11.112,3.0585e+05,-8.309e+05,-5302.1,5302.1
0.112,0.176,-1.6395,12.163,2.1298e+05,-9.432e+05,-5904.7,5904.7
0.112,0.16,-1.9011,8.9703,1.0237e+05,-7.7213e+05,-814.04,814.04
0.112,0.144,-3.0222,6.2075,-80336,-4.2661e+05,397.05,397.05
0.112,0.128,-3.69,6.3723,-13972,-3.0255e+05,2775.4,2775.4
0.112,0.112,-1.8727,5.2335,1.0896e+05,-2.9109e+05,4981,4981
0.112,0.096,-0.22294,4.7376,2.7249e+05,-4.8939e+05,6260.6,6260.6
0.112,0.08,1.0896,4.3254,2.2382e+05,-4.4321e+05,3838.9,3838.9
0.112,0.064,0.48715,3.9316,1.4961e+05,-4.6838e+05,1877.6,1877.6
0.112,0.048,-0.16641,2.7091,73528,-3.2795e+05,997.59,997.59
0.112,0.032,-0.3756,3.5608,36334,-2.1832e+05,438.12,438.12
0.112,0.016,1.3856,-4.1441,0,0,310.56,310.56
0.128,0.496,1.3478,17.227,0,0,-43.964,43.964
0.128,0.48,1.7969,19.058,0,0,4663.6,4663.6
0.128,0.464,2.033,20.357,6.3122e+05,-2.9294e+06,20785,20785
0.128,0.448,0.46805,17.161,1.0117e+06,-3.4722e+06,13208,13208
0.128,0.432,1.2743,16.04,7.6816e+05,-2.819e+06,4446.3,4446.3
0.128,0.416,1.0814,15.26,2.7553e+05,-1.9571e+06,-16395,16395
0.128,0.4,-0.32159,14.188,-1.0763e+05,-1.243e+06,-21172,21172
0.128,0.384,-0.13673,13.099,-5.052e+05,-5.9981e+05,-45992,45992
0.128,0.368,-1.114,11.09,-9.266e+05,-3.3899e+05,-74471,74471
0.128,0.352,-3.5617,7.7526,-1.2765e+06,-6.2423e+05,-1.0213e+05,1.0213e+05
0.128,0.336,-5.3746,5.0719,-1.2097e+06,-1.0251e+06,-1.0813e+05,1.0813e+05
0.128,0.32,-4.6874,5.2443,-6.1793e+05,-1.2353e+06,-96965,96965
0.128,0.304,-2.2729,5.5938,-96047,-9.1269e+05,-75347,75347
0.128,0.288,-0.59599,5.3812,1.1128e+05,-5.4877e+05,-53529,53529
0.128,0.272,-2.0843,8.3344,55000,-1.8781e+05,-29438,29438
0.128,0.256,-3.9285,11.262,84223,2.2758e+05,-5510.8,5510.8
0.128,0.24,-1.9313,15.235,1.7115e+05,5.5344e+05,16147,16147
0.128,0.224,-0.98543,16.38,2.2565e+05,5.3078e+05,26158,26158
0.128,0.208,-1.7955,14.03,1.8381e+05,1.3513e+05,13393,13393
0.128,0.192,-2.4332,11.79,1.2337e+05,-3.0698e+05,1948,1948
0.128,0.176,-1.8418,12.975,38146,-3.8048e+05,-5002.2,5002.2
0.128,0.16,-0.93706,12.23,-80019,-1.602e+05,1867.5,1867.5
0.128,0.144,-2.371,11.764,-2.0394e+05,1.6026e+05,4365.2,4365.2
0.128,0.128,-2.7012,13.002,-2.5607e+05,2.4608e+05,9008.5,9008.5
0.128,0.112,-1.5092,10.616,-63882,1.4207e+05,13973,13973
0.128,0.096,-0.78624,7.575,1.2843e+05,-1.0838e+05,16624,16624
0.128,0.08,-0.26281,6.8099,2.4233e+05,-3.4176e+05,11523,11523
0.128,0.064,0.26536,9.2211,2.4081e+05,-7.086e+05,5471.7,5471.7
0.128,0.048,2.4255,4.2855,1.6475e+05,-6.4922e+05,2303.8,2303.8
0.128,0.032,2.899,5.0646,1.0719e+05,-4.3969e+05,1250.2,1250.2
0.128,0.016,0.83528,7.0309,0,0,1060.2,1060.2
0.144,0.496,0.43738,24.209,0,0,-21.982,21.982
0.144,0.48,0.4891,25.037,0,0,3990.7,3990.7
0.144,0.464,0.92188,28.303,NaN,NaN,17567,17567
0.144,0.448,1.5531,29.399,NaN,NaN,7023.7,7023.7
0.144,0.432,2.6103,25.387,1.0274e+05,-1.3303e+06,2461.9,2461.9
0.144,0.416,1.8832,21.562,-2.3143e+05,-1.436e+06,-7785.8,7785.8
0.144,0.4,-1.1484,17.673,-3.7664e+05,-1.5062e+06,-15794,15794
0.144,0.384,-2.995,14.414,-7.1933e+05,-1.3142e+06,-60661,60661
0.144,0.368,-5.2673,11.338,-1.0601e+06,-1.2303e+06,-1.0765e+05,1.0765e+05
0.144,0.352,-6.6311,8.4302,-1.2773e+06,-1.3781e+06,-1.318e+05,1.318e+05
0.144,0.336,-6.9937,6.2174,-8.9601e+05,-1.4339e+06,-1.1042e+05,1.1042e+05
0.144,0.32,-4.776,4.0623,-2.4742e+05,-1.2829e+06,-79212,79212
0.144,0.304,-1.6619,4.333,3.3591e+05,-8.666e+05,-55185,55185
0.144,0.288,-0.9725,5.3437,4.7076e+05,-7.7826e+05,-47555,47555
0.144,0.272,-0.53291,7.3288,3.4089e+05,-7.095e+05,-36019,36019
0.144,0.256,0.99365,9.817,2.0631e+05,-3.0947e+05,-14167,14167
0.144,0.24,0.93139,11.408,1.0707e+05,1.8716e+05,17574,17574
0.144,0.224,0.84141,11.665,51817,4.5915e+05,38119,38119
0.144,0.208,0.76776,12.406,-29439,2.8962e+05,26716,26716
0.144,0.192,-0.015218,13.167,-72157,73675,9023.8,9023.8
0.144,0.176,0.42705,13.858,-1.3345e+05,1.0127e+05,-1651.3,1651.3
0.144,0.16,0.93293,15.931,-1.6277e+05,4.2004e+05,5406.1,5406.1
0.144,0.144,-0.29949,17.991,-2.3125e+05,8.3035e+05,10297,10297
0.144,0.128,-1.7186,19.691,-2.9104e+05,1.1109e+06,17260,17260
0.144,0.112,-2.0248,18.238,-2.6913e+05,1.1258e+06,28159,28159
0.144,0.096,-1.3342,17.293,-2.3426e+05,1.1136e+06,36537,36537
0.144,0.08,-2.2981,18.814,-1.4296e+05,8.9781e+05,34284,34284
0.144,0.064,-0.76914,15.549,-30990,4.4042e+05,22751,22751
0.144,0.048,-0.18328,13.094,43371,19611,11998,11998
0.144,0.032,0.24204,13.034,64775,-1.5791e+05,4703,4703
0.144,0.016,0.43332,8.675,0,0,1838.5,1838.5
0.16,0.496,2.0962,27.874,0,0,0,0
0.16,0.48,-0.98415,26.488,0,0,0,0
0.16,0.464,-1.3391,25.41,NaN,NaN,0,0
0.16,0.448,-0.57029,23.305,NaN,NaN,-68299,68299
0.16,0.432,-0.43712,18.925,-1.6224e+05,-2.3363e+06,-38791,38791
0.16,0.416,-2.0414,19.098,-2.6012e+05,-1.7165e+06,-29894,29894
0.16,0.4,-2.5866,17.247,-2.7876e+05,-1.6747e+06,-19311,19311
0.16,0.384,-3.5929,15.659,-4.6777e+05,-1.3595e+06,-70321,70321
0.16,0.368,-4.0848,15.842,-6.4938e+05,-1.0694e+06,-1.1287e+05,1.1287e+05
0.16,0.352,-5.0254,18.463,-8.0375e+05,-7.7487e+05,-1.2731e+05,1.2731e+05
0.16,0.336,-3.9951,18.811,-5.0102e+05,-3.7923e+05,-84522,84522
0.16,0.32,-2.9633,14.742,-31061,-2.436e+05,-48347,48347
0.16,0.304,-0.85265,10.234,4.1273e+05,-4.1034e+05,-32898,32898
0.16,0.288,0.62297,9.5788,5.8193e+05,-1.1085e+06,-37373,37373
0.16,0.272,2.3128,10.786,5.3106e+05,-1.6989e+06,-34296,34296
0.16,0.256,2.9809,11.48,3.315e+05,-1.6763e+06,-19237,19237
0.16,0.24,2.2411,10.619,31331,-1.2636e+06,12843,12843
0.16,0.224,1.9042,10.413,-1.7636e+05,-7.7259e+05,37619,37619
0.16,0.208,2.6365,11.724,-2.3963e+05,-3.9315e+05,31222,31222
0.16,0.192,2.8393,12.357,-2.122e+05,-74500,15590,15590
0.16,0.176,2.5955,11.839,-2.2863e+05,3.7655e+05,2162.9,2162.9
0.16,0.16,1.7054,14.826,-2.8853e+05,8.7356e+05,9831.3,9831.3
0.16,0.144,1.2256,19.314,-4.1461e+05,1.4334e+06,17360,17360
0.16,0.128,0.35208,24.183,-5.4431e+05,1.9854e+06,27774,27774
0.16,0.112,-1.6332,26.203,-6.3838e+05,2.3648e+06,43315,43315
0.16,0.096,-2.7593,26.137,-6.8855e+05,2.6981e+06,60278,60278
0.16,0.08,-2.74,30.539,-6.7341e+05,2.5087e+06,62741,62741
0.16,0.064,-2.104,29.17,-5.8056e+05,2.061e+06,50588,50588
0.16,0.048,-1.325,26.602,-3.3452e+05,1.0557e+06,28833,28833
0.16,0.032,-1.9124,22.186,-1.3572e+05,4.1907e+05,11937,11937
0.16,0.016,-1.3124,13.23,0,0,3390.9,3390.9
0.176,0.496,-1.6799,23.996,0,0,0,0
0.176,0.48,-2.9238,23.293,0,0,0,0
0.176,0.464,-4.2213,21.308,NaN,NaN,0,0
0.176,0.448,-3.7133,18.564,NaN,NaN,-30762,30762
0.176,0.432,-2.8201,13.098,-1.6224e+05,-2.3363e+06,-15842,15842
0.176,0.416,-2.0222,13.524,-2.3735e+05,-1.8972e+06,-5294.8,5294.8
0.176,0.4,-1.4082,17.277,-1.7503e+05,-1.8862e+06,-2954.3,2954.3
0.176,0.384,0.18545,18.61,-2.1294e+05,-1.6751e+06,-47055,47055
0.176,0.368,-0.73218,19.472,-2.643e+05,-1.2587e+06,-1.014e+05,1.014e+05
0.176,0.352,-0.75335,25.138,-3.5019e+05,-6.324e+05,-99586,99586
0.176,0.336,-0.54159,28.204,-86248,3.0384e+05,-57277,57277
0.176,0.32,1.4615,26.786,2.996e+05,3.9863e+05,-17481,17481
0.176,0.304,2.1874,23.122,6.0248e+05,-2.1356e+05,-19951,19951
0.176,0.288,3.7425,19.158,7.883e+05,-1.577e+06,-28986,28986
0.176,0.272,5.2342,17.731,7.8107e+05,-2.8885e+06,-23288,23288
0.176,0.256,4.7394,13.892,5.6203e+05,-3.2968e+06,-11906,11906
0.176,0.24,3.4451,10.198,2.385e+05,-2.9978e+06,8925.6,8925.6
0.176,0.224,2.6289,10.442,10466,-2.3208e+06,25600,25600
0.176,0.208,3.9922,11.524,-83459,-1.6439e+06,19513,19513
0.176,0.192,3.9494,11.303,-1.1765e+05,-9.9509e+05,10961,10961
0.176,0.176,3.1924,11.536,-1.5639e+05,-3.2175e+05,3435.9,3435.9
0.176,0.16,2.7706,13.842,-1.9545e+05,2.9831e+05,14475,14475
0.176,0.144,2.0609,18.678,-2.9878e+05,1.0073e+06,24738,24738
0.176,0.128,1.0063,24.552,-5.1834e+05,1.9571e+06,28957,28957
0.176,0.112,-0.56768,29.106,-7.9868e+05,2.8761e+06,43086,43086
0.176,0.096,-2.2101,32.66,-1.0026e+06,3.65e+06,70771,70771
0.176,0.08,-2.6089,32.365,-1.1298e+06,3.7837e+06,92870,92870
0.176,0.064,-2.436,29.644,-1.1316e+06,3.5463e+06,86727,86727
0.176,0.048,-3.1815,29.249,-7.5608e+05,2.1495e+06,52786,52786
0.176,0.032,-4.6025,27.808,-3.7337e+05,1.0045e+06,20905,20905
0.176,0.016,-4.4527,22.874,0,0,5151.5,5151.5
0.192,0.496,-0.66719,26.065,0,0,0,0
0.192,0.48,-1.6544,23.929,0,0,0,0
0.192,0.464,-1.1648,21.692,NaN,NaN,0,0
0.192,0.448,0.78191,20.776,NaN,NaN,-36736,36736
0.192,0.432,2.6433,17.774,-1.6224e+05,-2.3363e+06,-23702,23702
0.192,0.416,0.93469,18.596,-1.0458e+05,-1.9194e+06,-14199,14199
0.192,0.4,0.70108,19.944,1.4087e+05,-1.6061e+06,-5512.9,5512.9
0.192,0.384,0.45434,23.365,3.7452e+05,-1.0075e+06,-40222,40222
0.192,0.368,0.56158,24.953,5.1717e+05,-4.2601e+05,-89765,89765
0.192,0.352,0.36244,30.63,4.8753e+05,2.4059e+05,-1.0016e+05,1.0016e+05
0.192,0.336,-0.22199,33.269,4.7138e+05,1.1287e+06,-58746,58746
0.192,0.32,1.2945,33.295,5.8107e+05,1.217e+06,-34711,34711
0.192,0.304,3.5734,32.526,6.6407e+05,5.1824e+05,-21951,21951
0.192,0.288,5.1449,28.173,7.8221e+05,-7.283e+05,-25807,25807
0.192,0.272,5.9469,23.617,8.5145e+05,-2.4408e+06,-3288.5,3288.5
0.192,0.256,5.2764,17.986,7.3723e+05,-3.5196e+06,15087,15087
0.192,0.24,4.1799,13.73,5.4511e+05,-3.8323e+06,28868,28868
0.192,0.224,4.2389,12.318,3.9048e+05,-3.4299e+06,30808,30808
0.192,0.208,4.522,12.719,3.3401e+05,-2.8108e+06,18202,18202
0.192,0.192,3.4736,12.868,2.5871e+05,-2.0931e+06,11669,11669
0.192,0.176,2.7729,14.031,2.6084e+05,-1.3485e+06,11038,11038
0.192,0.16,3.5225,21.091,2.7431e+05,-6.4531e+05,25577,25577
0.192,0.144,3.5545,26.844,1.8143e+05,1.1465e+05,28975,28975
0.192,0.128,2.9329,31.35,-2.4175e+05,1.2598e+06,30160,30160
0.192,0.112,0.30104,35.561,-7.648e+05,2.7862e+06,41657,41657
0.192,0.096,-2.2344,35.848,-1.1786e+06,4.1096e+06,86616,86616
0.192,0.08,-3.3051,32.097,-1.4474e+06,4.637e+06,1.234e+05,1.234e+05
0.192,0.064,-4.1017,30.051,-1.6226e+06,4.4988e+06,1.2345e+05,1.2345e+05
0.192,0.048,-5.4228,31.057,-1.1474e+06,2.838e+06,79606,79606
0.192,0.032,-7.3085,31.273,-5.9226e+05,1.3943e+06,32263,32263
0.192,0.016,-6.5421,27.846,0,0,8080.1,8080.1
0.208,0.496,-1.258,29.754,0,0,0,0
0.208,0.48,-1.6536,26.57,0,0,0,0
0.208,0.464,-2.0462,27.279,NaN,NaN,0,0
0.208,0.448,-1.4124,28.974,NaN,NaN,5982.2,5982.2
0.208,0.432,-1.6136,27.69,NaN,NaN,13361,13361
0.208,0.416,-0.24573,25.392,NaN,NaN,16018,16018
0.208,0.4,0.25293,26.316,NaN,NaN,12707,12707
0.208,0.384,0.59771,29.9,NaN,NaN,-12632,12632
0.208,0.368,-1.244,32.727,NaN,NaN,-88508,88508
0.208,0.352,-1.0379,36.905,NaN,NaN,-1.0816e+05,1.0816e+05
0.208,0.336,-0.88069,39.429,5.8941e+05,1.6203e+06,-92002,92002
0.208,0.32,-0.1084,38.29,7.3785e+05,1.261e+06,-68528,68528
0.208,0.304,1.0742,37.046,6.8284e+05,6.8674e+05,-48821,48821
0.208,0.288,1.7076,35.013,6.3836e+05,-1.7121e+05,-26664,26664
0.208,0.272,1.6389,30.056,6.0686e+05,-1.4807e+06,10849,10849
0.208,0.256,2.7639,25.339,5.8305e+05,-2.6374e+06,40625,40625
0.208,0.24,3.0483,23.051,5.9678e+05,-3.3108e+06,56828,56828
0.208,0.224,3.2561,21.321,5.9918e+05,-3.2462e+06,54009,54009
0.208,0.208,2.8365,20.216,6.2723e+05,-2.9227e+06,34414,34414
0.208,0.192,3.3681,23.485,5.9164e+05,-2.3422e+06,25433,25433
0.208,0.176,2.9385,27.605,6.3682e+05,-1.652e+06,30472,30472
0.208,0.16,4.5801,36.494,6.8292e+05,-1.0124e+06,38602,38602
0.208,0.144,5.1301,39.121,6.8335e+05,-4.2104e+05,41925,41925
0.208,0.128,2.075,39.143,2.692e+05,5.3467e+05,45497,45497
0.208,0.112,-2.5608,40.861,-3.7521e+05,2.0691e+06,75737,75737
0.208,0.096,-6.7926,42.019,-1.043e+06,3.8678e+06,1.2677e+05,1.2677e+05
0.208,0.08,-8.0248,41.567,-1.5838e+06,5.3287e+06,1.6975e+05,1.6975e+05
0.208,0.064,-8.9866,40.456,-1.9849e+06,6.017e+06,1.6057e+05,1.6057e+05
0.208,0.048,-8.3901,41.259,-1.4733e+06,4.1499e+06,1.0723e+05,1.0723e+05
0.208,0.032,-9.1418,41.155,-7.859e+05,2.0664e+06,43449,43449
0.208,0.016,-9.9736,41.158,0,0,10990,10990
0.224,0.496,-0.96055,37.618,0,0,0,0
0.224,0.48,-1.8511,36.799,0,0,0,0
0.224,0.464,-2.1798,37.864,NaN,NaN,0,0
0.224,0.448,-1.4041,37.016,NaN,NaN,NaN,NaN
0.224,0.432,-0.60808,37.884,NaN,NaN,NaN,NaN
0.224,0.416,-0.55216,38.82,NaN,NaN,NaN,NaN
0.224,0.4,-0.55901,39.957,NaN,NaN,NaN,NaN
0.224,0.384,0.29026,39.915,NaN,NaN,NaN,NaN
0.224,0.368,-0.049361,41.653,NaN,NaN,NaN,NaN
0.224,0.352,-0.81359,43.517,NaN,NaN,-2.0862e+05,2.0862e+05
0.224,0.336,-0.96782,44.485,NaN,NaN,-1.2993e+05,1.2993e+05
0.224,0.32,-0.78048,42.92,5.9235e+05,1.2245e+06,-1.2049e+05,1.2049e+05
0.224,0.304,-0.87924,40.834,4.4972e+05,9.3559e+05,-67082,67082
0.224,0.288,-0.75832,40.44,2.6243e+05,4.6016e+05,-29670,29670
0.224,0.272,-0.56816,36.196,1.9836e+05,-3.9521e+05,26179,26179
0.224,0.256,0.33386,31.987,1.9004e+05,-1.1506e+06,54210,54210
0.224,0.24,0.32152,33.504,2.8434e+05,-1.8533e+06,71723,71723
0.224,0.224,1.2343,34.897,4.1499e+05,-2.0412e+06,73596,73596
0.224,0.208,3.4982,35.008,6.2035e+05,-2.0069e+06,61254,61254
0.224,0.192,5.0396,38.215,7.6631e+05,-1.6693e+06,49215,49215
0.224,0.176,4.8792,41.791,8.9033e+05,-1.1497e+06,46433,46433
0.224,0.16,4.9069,44.182,8.8715e+05,-6.1291e+05,52603,52603
0.224,0.144,4.2254,45.054,8.2571e+05,-1.1405e+05,65576,65576
0.224,0.128,4.0754,45.067,4.4113e+05,6.2084e+05,98830,98830
0.224,0.112,0.62794,46.412,-1.4378e+05,1.9287e+06,1.4369e+05,1.4369e+05
0.224,0.096,-3.8054,47.989,-8.2395e+05,3.7336e+06,1.878e+05,1.878e+05
0.224,0.08,-10.712,51.694,-1.5219e+06,5.7155e+06,2.1316e+05,2.1316e+05
0.224,0.064,-15.86,50.365,-2.1131e+06,7.1015e+06,1.8902e+05,1.8902e+05
0.224,0.048,-16.097,50.533,-1.6368e+06,5.168e+06,1.3018e+05,1.3018e+05
0.224,0.032,-12.005,52.106,-8.7616e+05,2.6415e+06,53636,53636
0.224,0.016,-11.981,50.567,0,0,13545,13545
0.24,0.496,-0.27277,45.877,0,0,0,0
0.24,0.48,-0.31658,43.899,0,0,0,0
0.24,0.464,-0.26734,44.141,NaN,NaN,0,0
0.24,0.448,0.31815,45.258,NaN,NaN,NaN,NaN
0.24,0.432,0.71917,45.483,NaN,NaN,NaN,NaN
0.24,0.416,1.5186,45.056,NaN,NaN,NaN,NaN
0.24,0.4,1.2202,44.315,NaN,NaN,NaN,NaN
0.24,0.384,1.3949,44.456,NaN,NaN,NaN,NaN
0.24,0.368,0.34838,44.862,NaN,NaN,NaN,NaN
0.24,0.352,-1.8036,46.142,NaN,NaN,NaN,NaN
0.24,0.336,-2.3909,47.295,NaN,NaN,-1.7214e+05,1.7214e+05
0.24,0.32,-1.9434,47.118,NaN,NaN,-1.4619e+05,1.4619e+05
0.24,0.304,-2.2533,46.738,1.909e+05,9.766e+05,-96471,96471
0.24,0.288,-2.2786,45.893,12262,5.7727e+05,-34296,34296
0.24,0.272,-1.8029,44.628,5438.7,46115,20455,20455
0.24,0.256,-1.1024,43.413,-22805,-3.5316e+05,61009,61009
0.24,0.24,-0.59987,44.204,5720.2,-5.6137e+05,75022,75022
0.24,0.224,0.52718,44.058,1.337e+05,-4.9337e+05,84327,84327
0.24,0.208,2.7198,45.724,3.2188e+05,-3.6079e+05,81031,81031
0.24,0.192,4.416,48.482,5.0934e+05,-2.0561e+05,69276,69276
0.24,0.176,4.082,49.466,6.0106e+05,71453,62065,62065
0.24,0.16,3.9865,49.864,5.4984e+05,3.5737e+05,70087,70087
0.24,0.144,2.735,50.061,4.9747e+05,6.4265e+05,1.071e+05,1.071e+05
0.24,0.128,1.9589,51.584,2.9129e+05,1.0973e+06,1.6039e+05,1.6039e+05
0.24,0.112,0.78318,53.105,-92913,1.9021e+06,2.132e+05,2.132e+05
0.24,0.096,-1.9306,55.125,-6.1985e+05,3.351e+06,2.3425e+05,2.3425e+05
0.24,0.08,-5.5222,57.298,-1.3102e+06,5.4911e+06,2.3759e+05,2.3759e+05
0.24,0.064,-10.299,61.521,-1.8793e+06,7.3864e+06,1.9774e+05,1.9774e+05
0.24,0.048,-13.232,63.551,-1.49e+06,5.6143e+06,1.3736e+05,1.3736e+05
0.24,0.032,-15.86,63.848,-7.9855e+05,2.9112e+06,57296,57296
0.24,0.016,-11.675,61.343,0,0,14637,14637
0.256,0.496,0.58128,48.611,0,0,0,0
0.256,0.48,-0.015223,48.244,0,0,0,0
0.256,0.464,0.0791,48.601,NaN,NaN,0,0
0.256,0.448,-0.25888,48.947,NaN,NaN,NaN,NaN
0.256,0.432,-0.09216,48.906,NaN,NaN,NaN,NaN
0.256,0.416,0.020199,48.465,NaN,NaN,NaN,NaN
0.256,0.4,-0.22848,47.758,NaN,NaN,NaN,NaN
0.256,0.384,0.42443,47.756,NaN,NaN,NaN,NaN
0.256,0.368,0.29438,47.847,NaN,NaN,NaN,NaN
0.256,0.352,-0.91768,47.015,NaN,NaN,NaN,NaN
0.256,0.336,-1.3271,47.282,NaN,NaN,NaN,NaN
0.256,0.32,-0.82779,48.548,NaN,NaN,-1.7106e+05,1.7106e+05
0.256,0.304,-1.1018,49.63,NaN,NaN,-1.0616e+05,1.0616e+05
0.256,0.288,-1.8391,50.08,-1.8532e+05,6.0079e+05,-54158,54158
0.256,0.272,-2.0731,50.843,-1.5213e+05,3.7649e+05,2031.2,2031.2
0.256,0.256,-1.5312,52.074,-1.3566e+05,2.6778e+05,58890,58890
0.256,0.24,-0.9882,52.766,-1.6882e+05,3.1919e+05,86371,86371
0.256,0.224,-0.89979,52.647,-76448,4.6482e+05,96385,96385
0.256,0.208,-0.059572,53.56,21507,6.1495e+05,89497,89497
0.256,0.192,0.3308,53.94,1.551e+05,7.2808e+05,80227,80227
0.256,0.176,0.23146,53.584,2.1575e+05,8.2736e+05,70675,70675
0.256,0.16,1.0699,53.308,1.6238e+05,9.6498e+05,87937,87937
0.256,0.144,0.53716,53.866,69535,1.2502e+06,1.2463e+05,1.2463e+05
0.256,0.128,-0.11318,55.918,-1.1142e+05,1.6854e+06,1.8101e+05,1.8101e+05
0.256,0.112,-0.93837,58.027,-3.4318e+05,2.3574e+06,2.2678e+05,2.2678e+05
0.256,0.096,-2.6766,60.933,-6.9316e+05,3.3776e+06,2.3645e+05,2.3645e+05
0.256,0.08,-5.596,63.582,-1.2043e+06,4.9411e+06,2.2946e+05,2.2946e+05
0.256,0.064,-8.5647,66.67,-1.6671e+06,6.5532e+06,1.8496e+05,1.8496e+05
0.256,0.048,-8.9701,70.819,-1.2888e+06,4.9798e+06,1.2934e+05,1.2934e+05
0.256,0.032,-12.962,71.134,-6.7842e+05,2.6807e+06,54334,54334
0.256,0.016,-11.261,76.049,0,0,14014,14014
0.272,0.496,0.021006,51.382,0,0,0,0
0.272,0.48,-1.0217,49.76,0,0,0,0
0.272,0.464,-0.80251,50.155,NaN,NaN,0,0
0.272,0.448,-0.79379,50.222,NaN,NaN,NaN,NaN
0.272,0.432,-0.75547,50.021,NaN,NaN,NaN,NaN
0.272,0.416,-0.74297,49.627,NaN,NaN,NaN,NaN
0.272,0.4,-1.1676,49.794,NaN,NaN,NaN,NaN
0.272,0.384,-0.64885,49.567,NaN,NaN,NaN,NaN
0.272,0.368,-0.65185,49.563,NaN,NaN,NaN,NaN
0.272,0.352,-0.80376,48.54,NaN,NaN,NaN,NaN
0.272,0.336,-0.27307,48.251,NaN,NaN,NaN,NaN
0.272,0.32,0.083502,47.198,NaN,NaN,NaN,NaN
0.272,0.304,-0.19906,46.908,NaN,NaN,-1.092e+05,1.092e+05
0.272,0.288,-0.73737,47.971,3.63e+05,-9.9752e+05,-53332,53332
0.272,0.272,-1.2501,48.747,3.2737e+05,-8.388e+05,-9435.3,9435.3
0.272,0.256,-1.4854,51.726,3.2891e+05,-7.3805e+05,65706,65706
0.272,0.24,-1.7962,53.601,40866,63747,1.0812e+05,1.0812e+05
0.272,0.224,-1.8942,54.12,-36624,5.0154e+05,1.204e+05,1.204e+05
0.272,0.208,-1.4852,55.533,-91454,7.7103e+05,1.0625e+05,1.0625e+05
0.272,0.192,-1.7162,55.743,-79329,9.2268e+05,91241,91241
0.272,0.176,-1.5211,55.061,-80783,1.0287e+06,87479,87479
0.272,0.16,-1.4648,55.92,-1.1875e+05,1.1752e+06,1.0081e+05,1.0081e+05
0.272,0.144,-1.9674,56.949,-1.4182e+05,1.447e+06,1.2043e+05,1.2043e+05
0.272,0.128,-1.8213,58.346,-2.3825e+05,1.8193e+06,1.514e+05,1.514e+05
0.272,0.112,-2.4568,60.087,-3.8444e+05,2.3919e+06,1.8707e+05,1.8707e+05
0.272,0.096,-3.185,64.593,-6.306e+05,3.1634e+06,2.007e+05,2.007e+05
0.272,0.08,-5.6527,67.449,-9.6586e+05,4.3186e+06,1.9696e+05,1.9696e+05
0.272,0.064,-6.9565,70.314,-1.3199e+06,5.5691e+06,1.5672e+05,1.5672e+05
0.272,0.048,-9.2362,73.883,-1.0162e+06,4.2036e+06,1.0701e+05,1.0701e+05
0.272,0.032,-9.9662,77.436,-5.6426e+05,2.2908e+06,45153,45153
0.272,0.016,-9.0332,80.314,0,0,11803,11803
0.288,0.496,-1.6078,50.281,0,0,0,0
0.288,0.48,-1.9197,48.284,0,0,0,0
0.288,0.464,-1.3541,48.548,NaN,NaN,0,0
0.288,0.448,-1.5402,48.494,NaN,NaN,NaN,NaN
0.288,0.432,-2.0037,48.179,NaN,NaN,NaN,NaN
0.288,0.416,-1.4419,48.048,NaN,NaN,NaN,NaN
0.288,0.4,-0.77657,49.349,NaN,NaN,NaN,NaN
0.288,0.384,0.04794,50.183,NaN,NaN,NaN,NaN
0.288,0.368,0.58917,50.341,NaN,NaN,NaN,NaN
0.288,0.352,-0.21544,50.803,NaN,NaN,NaN,NaN
0.288,0.336,0.24432,50.348,NaN,NaN,NaN,NaN
0.288,0.32,0.026469,48.055,NaN,NaN,NaN,NaN
0.288,0.304,-1.1778,46.448,NaN,NaN,-57161,57161
0.288,0.288,-0.55098,46.024,3.63e+05,-9.9752e+05,-23523,23523
0.288,0.272,0.090742,45.571,4.593e+05,-6.608e+05,14957,14957
0.288,0.256,-0.26083,44.865,4.692e+05,-6.4463e+05,78083,78083
0.288,0.24,0.16335,45.465,3.263e+05,-3.3085e+05,1.2256e+05,1.2256e+05
0.288,0.224,-0.19452,46.85,2.0144e+05,-51269,1.331e+05,1.331e+05
0.288,0.208,-0.5471,49.636,78221,2.4241e+05,1.2092e+05,1.2092e+05
0.288,0.192,-1.0375,51.115,7346.6,4.4284e+05,1.1055e+05,1.1055e+05
0.288,0.176,-1.7002,52.421,-92542,6.3404e+05,1.059e+05,1.059e+05
0.288,0.16,-1.9611,54.658,-1.7826e+05,8.5271e+05,1.0834e+05,1.0834e+05
0.288,0.144,-2.2025,55.963,-1.9701e+05,1.0945e+06,1.0577e+05,1.0577e+05
0.288,0.128,-1.2629,56.801,-2.2993e+05,1.3635e+06,1.079e+05,1.079e+05
0.288,0.112,-1.4288,59.005,-2.9686e+05,1.7632e+06,1.2551e+05,1.2551e+05
0.288,0.096,-2.5169,62.455,-4.6165e+05,2.3093e+06,1.3842e+05,1.3842e+05
0.288,0.08,-2.584,64.871,-6.7991e+05,3.016e+06,1.4482e+05,1.4482e+05
0.288,0.064,-4.1451,69.572,-9.8751e+05,3.9152e+06,1.1725e+05,1.1725e+05
0.288,0.048,-6.937,73.611,-7.6654e+05,2.9369e+06,78167,78167
0.288,0.032,-7.2522,77.543,-4.5352e+05,1.6676e+06,33113,33113
0.288,0.016,-8.6171,77.203,0,0,8746.8,8746.8
0.304,0.496,-3.5456,46.993,0,0,0,0
0.304,0.48,-3.9198,45.344,0,0,0,0
0.304,0.464,-3.9122,45.606,NaN,NaN,0,0
0.304,0.448,-3.342,45.414,NaN,NaN,NaN,NaN
0.304,0.432,-2.7596,45.783,NaN,NaN,NaN,NaN
0.304,0.416,-1.5398,45.983,NaN,NaN,NaN,NaN
0.304,0.4,-0.46413,48.414,NaN,NaN,NaN,NaN
0.304,0.384,0.24277,50.279,NaN,NaN,NaN,NaN
0.304,0.368,0.28372,50.646,NaN,NaN,NaN,NaN
0.304,0.352,-0.42077,51.417,NaN,NaN,NaN,NaN
0.304,0.336,-0.77651,51.716,NaN,NaN,NaN,NaN
0.304,0.32,-1.0247,50.88,NaN,NaN,NaN,NaN
0.304,0.304,-1.8543,49.046,NaN,NaN,-43040,43040
0.304,0.288,-1.0303,48.528,3.63e+05,-9.9752e+05,-12894,12894
0.304,0.272,-0.10704,46.992,4.3673e+05,-4.3197e+05,14503,14503
0.304,0.256,0.13141,43.923,4.4345e+05,-4.8645e+05,65772,65772
0.304,0.24,0.65846,42.175,3.6377e+05,-5.1073e+05,1.0528e+05,1.0528e+05
0.304,0.224,0.1996,42.923,2.7989e+05,-5.9448e+05,1.2508e+05,1.2508e+05
0.304,0.208,0.23761,43.908,2.0496e+05,-5.1543e+05,1.2061e+05,1.2061e+05
0.304,0.192,0.27852,44.704,1.3706e+05,-3.5962e+05,1.0398e+05,1.0398e+05
0.304,0.176,-1.178,46.9,32871,-1.7141e+05,89034,89034
0.304,0.16,-1.8085,49.249,-66656,62490,82456,82456
0.304,0.144,-0.81459,50.975,-66437,3.7538e+05,75886,75886
0.304,0.128,-0.57772,52.05,-43499,7.0353e+05,68400,68400
0.304,0.112,-0.75822,54.232,-57187,9.8351e+05,68297,68297
0.304,0.096,-0.93928,55.359,-91222,1.2652e+06,77154,77154
0.304,0.08,-1.1321,56.926,-1.9306e+05,1.5975e+06,83445,83445
0.304,0.064,-2.2901,58.609,-3.894e+05,2.1526e+06,72378,72378
0.304,0.048,-3.7693,63.096,-3.4687e+05,1.6455e+06,46897,46897
0.304,0.032,-4.8738,64.871,-2.3367e+05,9.6165e+05,20132,20132
0.304,0.016,-4.6185,65.819,0,0,5430.7,5430.7
0.32,0.496,-3.5616,43.304,0,0,0,0
0.32,0.48,-2.7593,42.596,0,0,0,0
0.32,0.464,-2.097,43.637,NaN,NaN,0,0
0.32,0.448,-1.1968,44.352,NaN,NaN,NaN,NaN
0.32,0.432,-0.074192,45.438,NaN,NaN,NaN,NaN
0.32,0.416,1.1289,45.295,NaN,NaN,NaN,NaN
0.32,0.4,1.6604,46.747,NaN,NaN,NaN,NaN
0.32,0.384,1.7618,48.53,NaN,NaN,NaN,NaN
0.32,0.368,1.0159,47.856,NaN,NaN,NaN,NaN
0.32,0.352,-0.236,48.296,NaN,NaN,NaN,NaN
0.32,0.336,-0.85026,49.491,NaN,NaN,NaN,NaN
0.32,0.32,-0.90944,49.197,NaN,NaN,NaN,NaN
0.32,0.304,-1.0336,48.779,NaN,NaN,-54801,54801
0.32,0.288,-1.065,48.163,4.3394e+05,4.8848e+05,-23824,23824
0.32,0.272,-0.55598,46.266,4.4183e+05,1.2607e+05,3699.9,3699.9
0.32,0.256,-0.25927,44.91,4.7812e+05,-1.5356e+05,51716,51716
0.32,0.24,0.48702,42.77,3.3568e+05,-5.2802e+05,90452,90452
0.32,0.224,-0.21567,40.293,2.3674e+05,-9.2303e+05,1.0968e+05,1.0968e+05
0.32,0.208,0.84865,39.372,1.5073e+05,-1.1783e+06,1.0527e+05,1.0527e+05
0.32,0.192,2.0587,39.095,1.7009e+05,-1.2702e+06,85565,85565
0.32,0.176,1.149,39.773,1.1314e+05,-1.2081e+06,65251,65251
0.32,0.16,0.68845,40.885,28143,-9.9048e+05,56072,56072
0.32,0.144,1.0325,42.978,5870.5,-6.5814e+05,46619,46619
0.32,0.128,0.91803,46.621,29685,-3.1884e+05,33045,33045
0.32,0.112,1.176,48.704,46923,-1.0299e+05,24248,24248
0.32,0.096,0.10081,48.819,56781,95771,26065,26065
0.32,0.08,-0.26016,49.552,27166,2.947e+05,33250,33250
0.32,0.064,-0.63174,49.587,-28419,7.1746e+05,32922,32922
0.32,0.048,-0.82258,51.364,-47394,6.3255e+05,21865,21865
0.32,0.032,-0.96228,54.583,-33848,4.2547e+05,9755.7,9755.7
0.32,0.016,-1.0567,55.66,0,0,2726.2,2726.2
0.336,0.496,-2.7912,40.087,0,0,0,0
0.336,0.48,-2.8514,40.258,0,0,0,0
0.336,0.464,-2.5205,41.648,NaN,NaN,0,0
0.336,0.448,-3.307,42.698,NaN,NaN,NaN,NaN
0.336,0.432,-4.7364,41.592,NaN,NaN,NaN,NaN
0.336,0.416,-3.7633,39.868,NaN,NaN,NaN,NaN
0.336,0.4,-1.0659,39.681,NaN,NaN,NaN,NaN
0.336,0.384,-0.78501,41.74,NaN,NaN,NaN,NaN
0.336,0.368,0.33776,41.643,NaN,NaN,NaN,NaN
0.336,0.352,0.36068,43.002,NaN,NaN,NaN,NaN
0.336,0.336,0.77842,44.555,NaN,NaN,NaN,NaN
0.336,0.32,1.1693,44.361,NaN,NaN,NaN,NaN
0.336,0.304,0.7653,45.835,NaN,NaN,-68289,68289
0.336,0.288,0.062887,45.524,2.8415e+05,1.2801e+06,-41685,41685
0.336,0.272,-0.61225,43.909,2.5868e+05,8.4704e+05,-11188,11188
0.336,0.256,-1.2475,43.161,3.061e+05,4.3469e+05,42075,42075
0.336,0.24,-0.94401,40.41,1.2684e+05,-3.1721e+05,86489,86489
0.336,0.224,-1.067,35.678,-6110.9,-1.1128e+06,1.0219e+05,1.0219e+05
0.336,0.208,0.079718,32.313,-1.4208e+05,-1.7653e+06,83172,83172
0.336,0.192,1.2326,30.713,-77333,-2.1076e+06,54924,54924
0.336,0.176,2.6178,30.338,-74818,-2.1063e+06,31354,31354
0.336,0.16,1.2285,33.228,-69013,-1.841e+06,23854,23854
0.336,0.144,0.89082,35.004,4596.9,-1.4522e+06,12093,12093
0.336,0.128,1.3186,36.09,1.535e+05,-1.1053e+06,-1275.9,1275.9
0.336,0.112,0.98173,38.318,2.523e+05,-8.8741e+05,-9997.6,9997.6
0.336,0.096,0.81137,39.177,2.6693e+05,-6.6987e+05,-10071,10071
0.336,0.08,0.52964,40.723,2.4432e+05,-4.1243e+05,-2994.6,2994.6
0.336,0.064,0.082107,43.489,2.6294e+05,-12472,3026.5,3026.5
0.336,0.048,0.75906,44.006,1.9205e+05,1.4255e+05,4505.8,4505.8
0.336,0.032,0.84009,44.579,1.1563e+05,1.4638e+05,2064.2,2064.2
0.336,0.016,0.031133,45.302,0,0,781.81,781.81
0.352,0.496,-3.0494,33.811,0,0,0,0
0.352,0.48,-1.5319,32.493,0,0,0,0
0.352,0.464,0.95402,30.412,NaN,NaN,0,0
0.352,0.448,0.22812,28.121,NaN,NaN,NaN,NaN
0.352,0.432,-0.69597,27.735,NaN,NaN,NaN,NaN
0.352,0.416,-1.4126,27.147,NaN,NaN,NaN,NaN
0.352,0.4,-1.5428,29.518,NaN,NaN,NaN,NaN
0.352,0.384,-1.1355,33.826,NaN,NaN,NaN,NaN
0.352,0.368,-0.7924,38.476,NaN,NaN,NaN,NaN
0.352,0.352,0.32494,42.158,NaN,NaN,NaN,NaN
0.352,0.336,1.5449,43.429,NaN,NaN,NaN,NaN
0.352,0.32,2.6798,42.711,NaN,NaN,8381.8,8381.8
0.352,0.304,1.594,43.383,NaN,NaN,-19263,19263
0.352,0.288,1.2625,42.878,1.7863e+05,1.8163e+06,-4301.8,4301.8
0.352,0.272,0.64995,40.752,1.1185e+05,1.3896e+06,20910,20910
0.352,0.256,-0.83925,39.976,1.2961e+05,9.042e+05,65271,65271
0.352,0.24,-1.8891,36.637,-28108,-54071,96772,96772
0.352,0.224,-2.0398,32.765,-1.5597e+05,-1.0228e+06,98097,98097
0.352,0.208,-2.1372,29.648,-3.2595e+05,-1.8932e+06,72259,72259
0.352,0.192,-1.5444,26.721,-2.8769e+05,-2.4666e+06,41585,41585
0.352,0.176,-0.39797,26.772,-1.8663e+05,-2.5733e+06,24193,24193
0.352,0.16,-0.9557,30.138,-5878.7,-2.2883e+06,19210,19210
0.352,0.144,0.44622,31.848,2.1135e+05,-1.767e+06,7497,7497
0.352,0.128,1.365,29.868,3.5632e+05,-1.5057e+06,-15779,15779
0.352,0.112,0.74989,27.778,3.3115e+05,-1.427e+06,-30838,30838
0.352,0.096,0.085122,27.48,1.294e+05,-1.5878e+06,-32915,32915
0.352,0.08,-0.67607,27.32,-21826,-1.4562e+06,-22727,22727
0.352,0.064,-0.19042,31.248,-10678,-1.0594e+06,-13517,13517
0.352,0.048,0.94911,32.104,33751,-4.9354e+05,-6142.8,6142.8
0.352,0.032,-0.45848,34.451,51787,-1.3208e+05,-2175.8,2175.8
0.352,0.016,0.14297,33.839,0,0,-374.2,374.2
0.368,0.496,-2.9777,23.867,0,0,0,0
0.368,0.48,-0.90181,24.522,0,0,0,0
0.368,0.464,0.17254,25.245,NaN,NaN,0,0
0.368,0.448,0.031723,25.166,NaN,NaN,NaN,NaN
0.368,0.432,-1.2286,25.327,NaN,NaN,NaN,NaN
0.368,0.416,-1.9108,26.374,NaN,NaN,NaN,NaN
0.368,0.4,-1.0265,30.816,NaN,NaN,NaN,NaN
0.368,0.384,0.98364,35.818,NaN,NaN,NaN,NaN
0.368,0.368,1.1048,40.708,NaN,NaN,NaN,NaN
0.368,0.352,0.76612,43.684,NaN,NaN,-1.1036e+05,1.1036e+05
0.368,0.336,1.2497,45.755,NaN,NaN,-50098,50098
0.368,0.32,1.6588,44.822,NaN,NaN,-21596,21596
0.368,0.304,1.4141,43.866,-1.8444e+05,3.2147e+06,18996,18996
0.368,0.288,1.3273,43.241,-95879,2.4722e+06,29806,29806
0.368,0.272,0.097402,40.744,-1.4883e+05,1.5249e+06,50457,50457
0.368,0.256,-2.3066,35.606,-1.9762e+05,3.0996e+05,68664,68664
0.368,0.24,-2.5781,32.883,-3.4704e+05,-1.2022e+06,80314,80314
0.368,0.224,-2.2301,32.818,-4.2223e+05,-2.2174e+06,78396,78396
0.368,0.208,-2.8357,32.102,-4.0191e+05,-2.6263e+06,56997,56997
0.368,0.192,-2.9302,31.092,-2.1058e+05,-2.6243e+06,32097,32097
0.368,0.176,-0.8143,30.636,25532,-2.2864e+06,14379,14379
0.368,0.16,1.3567,28.872,2.9224e+05,-1.6763e+06,9667.5,9667.5
0.368,0.144,1.7751,26.763,4.3937e+05,-1.1929e+06,420.76,420.76
0.368,0.128,1.4271,23.74,4.2843e+05,-1.2149e+06,-22342,22342
0.368,0.112,0.87465,20.894,1.8262e+05,-1.6018e+06,-37698,37698
0.368,0.096,-1.3428,17.723,-1.3701e+05,-2.1104e+06,-40330,40330
0.368,0.08,-2.4059,13.645,-2.738e+05,-2.0332e+06,-29347,29347
0.368,0.064,-1.2295,14.494,-1.7467e+05,-1.5534e+06,-19739,19739
0.368,0.048,0.32128,17.339,-21959,-7.5957e+05,-10381,10381
0.368,0.032,1.1444,20.456,38002,-2.2479e+05,-4464.5,4464.5
0.368,0.016,0.20916,21.213,0,0,-809.92,809.92
0.384,0.496,-1.4628,18.269,0,0,0,0
0.384,0.48,-1.1597,20.18,0,0,0,0
0.384,0.464,-1.0347,23.478,NaN,NaN,0,0
0.384,0.448,-0.16385,27.097,NaN,NaN,-1.058e+05,1.058e+05
0.384,0.432,1.1598,29.214,NaN,NaN,-55673,55673
0.384,0.416,0.77409,30.741,NaN,NaN,-39654,39654
0.384,0.4,0.32272,33.789,NaN,NaN,-15066,15066
0.384,0.384,1.1623,38.248,NaN,NaN,-47844,47844
0.384,0.368,2.0838,41.817,NaN,NaN,-85454,85454
0.384,0.352,2.2777,44.506,NaN,NaN,-76805,76805
0.384,0.336,1.8644,45.652,-1343.3,3.6743e+06,-37431,37431
0.384,0.32,1.6571,44.335,-2.5945e+05,2.3292e+06,-7647.4,7647.4
0.384,0.304,0.27846,42.097,-3.79e+05,1.5379e+06,13845,13845
0.384,0.288,-0.95925,40.036,-5.1448e+05,4.3934e+05,20931,20931
0.384,0.272,-1.5091,35.946,-5.4613e+05,-5.3821e+05,34131,34131
0.384,0.256,-2.2172,28.206,-5.7328e+05,-1.7519e+06,40890,40890
0.384,0.24,-3.2273,20.224,-5.35e+05,-2.8507e+06,49736,49736
0.384,0.224,-3.4656,17.015,-3.9249e+05,-3.064e+06,57697,57697
0.384,0.208,-2.2156,18.634,-74768,-2.5037e+06,49583,49583
0.384,0.192,0.19041,21.72,3.1356e+05,-1.5944e+06,29773,29773
0.384,0.176,1.4285,24.323,6.8331e+05,-8.7082e+05,8700.7,8700.7
0.384,0.16,1.0956,22.84,8.1892e+05,-2.9577e+05,-2396.6,2396.6
0.384,0.144,1.6875,18.859,6.1193e+05,-3.7515e+05,-12510,12510
0.384,0.128,1.2983,14.424,2.6425e+05,-8.5662e+05,-30383,30383
0.384,0.112,-0.023625,12.444,-1.8775e+05,-1.6213e+06,-40346,40346
0.384,0.096,-1.3821,11.319,-4.3014e+05,-2.1771e+06,-36106,36106
0.384,0.08,-2.9263,7.78,-4.9733e+05,-2.1502e+06,-24428,24428
0.384,0.064,-1.8623,7.6577,-3.1969e+05,-1.6882e+06,-12863,12863
0.384,0.048,-0.2764,10.196,-1.2223e+05,-8.812e+05,-7164.3,7164.3
0.384,0.032,-0.56235,11.64,-19649,-2.7494e+05,-2522.5,2522.5
0.384,0.016,-1.6956,9.3567,0,0,-715.67,715.67
0.4,0.496,0.43087,15.959,0,0,-21.982,21.982
0.4,0.48,1.2041,17.312,0,0,-32.973,32.973
0.4,0.464,1.8261,19.754,NaN,NaN,-61065,61065
0.4,0.448,2.7533,22.55,NaN,NaN,-1.1008e+05,1.1008e+05
0.4,0.432,1.4154,23.509,-3.1036e+05,-92091,-66941,66941
0.4,0.416,2.0893,24.187,-3.1036e+05,-92091,-12988,12988
0.4,0.4,1.4492,25.216,-3.6502e+05,5.5267e+05,3106.5,3106.5
0.4,0.384,2.2758,31.671,-84128,1.5417e+06,-6640.8,6640.8
0.4,0.368,3.5539,34.303,11395,1.6979e+06,-12776,12776
0.4,0.352,3.5857,37.318,3.1623e+05,1.7309e+06,-20038,20038
0.4,0.336,2.183,36.785,1.3705e+05,1.7584e+06,-7406.1,7406.1
0.4,0.32,0.99413,35.67,-2.5761e+05,3.9018e+05,-4395.7,4395.7
0.4,0.304,-1.3623,31.363,-5.3569e+05,-5.2981e+05,-6454.1,6454.1
0.4,0.288,-4.6287,25.189,-7.1411e+05,-1.9441e+06,-14535,14535
0.4,0.272,-4.9041,20.474,-6.9487e+05,-2.8046e+06,-15209,15209
0.4,0.256,-3.904,17.944,-6.5782e+05,-3.7728e+06,-493.54,493.54
0.4,0.24,-3.8778,14.58,-4.5627e+05,-3.9887e+06,22222,22222
0.4,0.224,-3.1408,10.176,-1.1316e+05,-3.217e+06,47387,47387
0.4,0.208,-1.9531,9.5034,4.1676e+05,-1.9546e+06,52024,52024
0.4,0.192,1.1305,12.888,1.0738e+06,-5.707e+05,36746,36746
0.4,0.176,3.1432,18.678,1.285e+06,1.5612e+05,5646.8,5646.8
0.4,0.16,2.4551,18.81,1.028e+06,4.6141e+05,-20477,20477
0.4,0.144,0.3116,15.025,3.1191e+05,-1.4414e+05,-36902,36902
0.4,0.128,-0.83942,9.7743,-89598,-7.2039e+05,-45532,45532
0.4,0.112,-0.99158,8.1602,-4.1159e+05,-1.4003e+06,-44182,44182
0.4,0.096,-2.8781,5.3212,-4.5892e+05,-1.5285e+06,-32163,32163
0.4,0.08,-1.8839,5.4838,-4.0546e+05,-1.3479e+06,-14914,14914
0.4,0.064,-2.5461,3.8639,-1.4256e+05,-8.6177e+05,691.87,691.87
0.4,0.048,-2.4684,5.4491,-3070.4,-3.9421e+05,5712.9,5712.9
0.4,0.032,-0.76461,4.9496,32338,-79062,4192.8,4192.8
0.4,0.016,-1.7265,3.5414,0,0,1980.6,1980.6
0.416,0.496,1.7982,15.068,0,0,-376.71,376.71
0.416,0.48,2.5739,16.646,0,0,-606.36,606.36
0.416,0.464,2.4082,17.413,NaN,NaN,-39543,39543
0.416,0.448,0.23742,16.518,-7.2682e+05,-1.9977e+05,-49203,49203
0.416,0.432,0.25455,13.26,-8.5446e+05,-2.6733e+05,-33739,33739
0.416,0.416,0.92956,14.092,-1.0542e+06,-3.1704e+05,1777.6,1777.6
0.416,0.4,0.75679,18.179,-1.1959e+06,-2.1007e+05,15058,15058
0.416,0.384,1.5848,19.536,-9.5574e+05,1.9157e+05,13510,13510
0.416,0.368,4.0067,19.632,-31840,5.8387e+05,13710,13710
0.416,0.352,3.7037,21.343,6.3073e+05,7.845e+05,18412,18412
0.416,0.336,2.7834,20.238,7.1233e+05,9.4763e+05,18960,18960
0.416,0.32,0.64901,18.639,14626,41963,7440.1,7440.1
0.416,0.304,-2.072,13.105,-3.9311e+05,-1.1695e+06,-35923,35923
0.416,0.288,-3.6667,9.3635,-6.7972e+05,-2.8618e+06,-58986,58986
0.416,0.272,-4.5769,7.1067,-6.3855e+05,-3.8579e+06,-61640,61640
0.416,0.256,-5.4526,7.922,-5.1949e+05,-3.9179e+06,-27280,27280
0.416,0.24,-3.4485,13.126,-1.7692e+05,-2.9897e+06,10553,10553
0.416,0.224,-2.4703,12.314,4.1532e+05,-1.4389e+06,44359,44359
0.416,0.208,-0.78256,11.586,1.1169e+06,-61653,56902,56902
0.416,0.192,1.0835,12.238,1.5883e+06,7.0408e+05,42411,42411
0.416,0.176,3.6989,13.532,1.3444e+06,6.5755e+05,8901.5,8901.5
0.416,0.16,1.7845,10.464,6.5854e+05,3.0657e+05,-19688,19688
0.416,0.144,-0.81917,8.3185,-81227,-4.6808e+05,-35854,35854
0.416,0.128,-0.3997,5.7059,9.3698e+05,-4.1191e+06,-41747,41747
0.416,0.112,-0.22657,4.8342,9.3233e+05,-4.3275e+06,-39031,39031
0.416,0.096,-3.126,2.6818,1.0639e+06,-4.0477e+06,-16813,16813
0.416,0.08,-3.4869,2.4481,-3.8095e+05,-9.4304e+05,8416.9,8416.9
0.416,0.064,-1.1871,0.48308,-1.641e+06,-1.9245e+06,32833,32833
0.416,0.048,0.12352,1.2138,-1.6231e+06,-1.8015e+06,31986,31986
0.416,0.032,1.1885,1.9726,-1.3709e+06,-1.2945e+06,20517,20517
0.416,0.016,-2.0059,5.8822,0,0,7131.9,7131.9
0.432,0.496,1.4726,9.6034,0,0,-915.56,915.56
0.432,0.48,4.3477,11.48,-12085,48419,-1502.9,1502.9
0.432,0.464,3.4173,11.438,-3.1939e+05,-3.3943e+05,-30419,30419
0.432,0.448,-0.11504,10.453,-3.5108e+05,-1.6123e+05,-20694,20694
0.432,0.432,-0.32045,10.33,-1.0856e+06,-6.6814e+05,-6882.9,6882.9
0.432,0.416,-6.1924,14.877,-1.307e+06,-6.864e+05,30530,30530
0.432,0.4,-6.0705,16.359,-1.1103e+06,-6.6668e+05,46546,46546
0.432,0.384,-7.6239,16.181,-8.7647e+05,-5.5174e+05,58567,58567
0.432,0.368,-3.83,12.995,-1.0707e+05,-99519,75935,75935
0.432,0.352,3.2566,12.083,2.9467e+05,4750.6,60710,60710
0.432,0.336,2.5144,12.14,7.1926e+05,1.8895e+05,36152,36152
0.432,0.32,1.3457,9.8651,1.6855e+05,-7.0541e+05,-1475.8,1475.8
0.432,0.304,0.21678,6.5623,-4.282e+05,-1.7389e+06,-44628,44628
0.432,0.288,-2.5418,6.0446,-7.9772e+05,-3.1706e+06,-73396,73396
0.432,0.272,-3.3871,6.6671,-1.1941e+06,-4.7157e+06,-79468,79468
0.432,0.256,-4.8235,6.0762,-1.5106e+06,-5.1502e+06,-50901,50901
0.432,0.24,-5.7495,10.841,-1.6737e+06,-5.0967e+06,-10397,10397
0.432,0.224,-0.80317,14.041,-9.5313e+05,-2.9448e+06,28029,28029
0.432,0.208,1.0025,11.868,9.2262e+05,-1.048e+06,54459,54459
0.432,0.192,0.63497,11.957,2.0302e+06,4.6933e+05,49187,49187
0.432,0.176,0.97684,8.3734,2.3316e+06,63077,19719,19719
0.432,0.16,-0.23424,5.0454,9.7259e+05,-7.8741e+05,-10091,10091
0.432,0.144,-2.1638,4.1774,2.5053e+05,-1.0761e+06,-26022,26022
0.432,0.128,-2.6665,3.0361,9.8595e+05,-4.0249e+06,-31233,31233
0.432,0.112,5.8838,7.279,1.0004e+06,-3.7222e+06,-30336,30336
0.432,0.096,0.67598,0.40519,9.316e+05,-3.3083e+06,-2390.9,2390.9
0.432,0.08,-0.84117,4.99,-5.7353e+05,-95803,28663,28663
0.432,0.064,-11.586,-6.1483,-2.1875e+06,-1.262e+06,58082,58082
0.432,0.048,4.7216,2.7416,-2.0309e+06,-1.4605e+06,52210,52210
0.432,0.032,-17.854,-1.9322,-1.6496e+06,-1.2359e+06,32212,32212
0.432,0.016,-18.677,4.0946,0,0,10978,10978
0.448,0.496,0.24222,5.2313,64358,38284,-1212.2,1212.2
0.448,0.48,0.41881,5.6552,49628,1.4916e+05,-1974.3,1974.3
0.448,0.464,-0.1664,6.0406,-92350,-27691,-452.17,452.17
0.448,0.448,-1.296,4.2062,-2.8209e+05,-4004,7183.8,7183.8
0.448,0.432,0.12867,7.03,-9.527e+05,-5.3331e+05,30271,30271
0.448,0.416,-16.673,11.962,-2.5077e+06,-9.0604e+05,50120,50120
0.448,0.4,-6.7995,10.685,-1.0994e+06,-1.4565e+06,74609,74609
0.448,0.384,0.6859,8.295,-8.636e+05,-1.2239e+06,76165,76165
0.448,0.368,-10.964,8.6517,2.8813e+05,-1.7869e+06,75293,75293
0.448,0.352,0.81139,6.3368,-9.5455e+05,-2.2092e+06,48807,48807
0.448,0.336,4.0294,6.71,-50218,-2.1015e+06,20719,20719
0.448,0.32,0.6227,5.5238,2.6019e+05,-1.3043e+06,-10066,10066
0.448,0.304,-2.8011,4.3415,2.4549e+05,-7.91e+05,-38029,38029
0.448,0.288,-4.2112,6.9654,-1.4116e+06,-2.4281e+06,-57089,57089
0.448,0.272,-13.665,-7.0983,-2.1022e+06,-4.2728e+06,-65341,65341
0.448,0.256,-25.808,-16.387,-2.9557e+06,-5.8226e+06,-62445,62445
0.448,0.24,-22.972,2.7255,-3.4186e+06,-6.3328e+06,-43705,43705
0.448,0.224,-28.303,-13.725,-3.0672e+06,-5.44e+06,-11826,11826
0.448,0.208,-12.933,-2.6789,-1.4838e+06,-3.874e+06,32662,32662
0.448,0.192,0.63936,7.4046,1.3929e+05,-1.8315e+06,47426,47426
0.448,0.176,1.7422,4.9953,9.675e+05,-5.122e+05,35361,35361
0.448,0.16,3.6881,3.3741,3.5009e+05,-7.3172e+05,12737,12737
0.448,0.144,1.6298,3.7051,1.5012e+05,-7.4238e+05,-700.28,700.28
0.448,0.128,-2.0592,3.8379,1.2148e+06,-4.3151e+06,-7286.5,7286.5
0.448,0.112,-3.8582,2.7961,1.2053e+06,-3.9881e+06,-11318,11318
0.448,0.096,-3.3611,5.2548,1.3285e+06,-4.0201e+06,12275,12275
0.448,0.08,-9.3983,12.393,-7.2742e+05,1.3532e+05,45965,45965
0.448,0.064,-6.279,13.017,-3.2485e+06,-1.7506e+06,73506,73506
0.448,0.048,-11.957,12.334,-2.6168e+06,-1.8267e+06,63661,63661
0.448,0.032,-21.371,-0.3459,-1.8638e+06,-1.3839e+06,35631,35631
0.448,0.016,-19.526,4.0819,0,0,10199,10199
0.464,0.496,2.703,3.1402,1.0241e+05,-2129,-1111.7,1111.7
0.464,0.48,3.1668,2.4558,92075,87194,-1961.9,1961.9
0.464,0.464,1.9217,3.7859,20198,-47193,-1780.6,1780.6
0.464,0.448,0.4971,2.2664,-1.2416e+05,27209,2556,2556
0.464,0.432,-0.07898,4.8704,-7.0523e+05,-5.1082e+05,29204,29204
0.464,0.416,-54.691,23.34,-5.0113e+06,-1.5931e+06,51475,51475
0.464,0.4,-56.427,18.794,-4.558e+06,-2.0913e+06,77313,77313
0.464,0.384,2.5339,5.7499,-3.779e+06,-1.889e+06,67542,67542
0.464,0.368,-2.0191,14.119,-2.0038e+06,-2.4858e+06,55693,55693
0.464,0.352,-31.543,1.2122,-2.4627e+06,-3.6289e+06,24293,24293
0.464,0.336,-16.318,6.9392,-1.2045e+06,-3.4593e+06,905.69,905.69
0.464,0.32,0.24342,3.887,-1.199e+05,-2.1662e+06,-18138,18138
0.464,0.304,-0.87802,1.0265,4.035e+05,-6.2687e+05,-24289,24289
0.464,0.288,-1.7161,2.2726,-2.5876e+06,-2.3953e+06,-32623,32623
0.464,0.272,-43.071,-0.19059,-4.8273e+06,-4.3462e+06,-43724,43724
0.464,0.256,-97.74,-223.12,-8.0762e+06,-6.5335e+06,-68296,68296
0.464,0.24,-102.48,-270.12,-7.5234e+06,-7.4233e+06,-78208,78208
0.464,0.224,-43.938,1.6486,-5.8025e+06,-8.4008e+06,-60514,60514
0.464,0.208,-26.39,-23.882,-3.3841e+06,-6.2285e+06,-4093.8,4093.8
0.464,0.192,-20.407,18.787,-1.6531e+06,-3.9677e+06,37241,37241
0.464,0.176,-13.933,22.015,-2.0934e+05,-4.4653e+05,45241,45241
0.464,0.16,-12.161,23.145,2.9361e+05,2873.4,24102,24102
0.464,0.144,49.901,-11.169,2.0945e+05,77555,8618.3,8618.3
0.464,0.128,-1.1751,-1.8745,-1.7889e+05,1.5834e+05,-161.24,161.24
0.464,0.112,1.645,-0.37115,-1.4778e+05,-82375,-5159.9,5159.9
0.464,0.096,8.5249,-0.15773,-4.0572e+05,3.2294e+05,9996.7,9996.7
0.464,0.08,165.64,181.54,-2.6357e+06,1.6999e+05,40456,40456
0.464,0.064,-59.751,-112.02,-3.9449e+06,2.1977e+05,63619,63619
0.464,0.048,-130.6,7.2727,-2.6081e+06,-1.1275e+05,55131,55131
0.464,0.032,-3.5488,-8.453,-8.2692e+05,89348,27737,27737
0.464,0.016,-51.216,19.511,0,0,6475.1,6475.1
0.48,0.496,0.56708,0.85465,91033,-1892.4,-676.76,676.76
0.48,0.48,2.0596,0.92784,87216,55986,-1289.7,1289.7
0.48,0.464,0.98582,1.2095,88930,33479,-1214.1,1214.1
0.48,0.448,0.37475,2.2449,-39467,82852,-271.82,271.82
0.48,0.432,-46.138,36.654,-46896,23651,18987,18987
0.48,0.416,-65.577,26.899,-4.1892e+06,-1.0037e+06,38518,38518
0.48,0.4,-71.478,0.85828,-4.1434e+06,-1.4794e+06,56530,56530
0.48,0.384,-72.36,14.937,-3.5309e+06,-1.2922e+06,44544,44544
0.48,0.368,-12.172,-1.1688,-1.918e+06,-1.997e+06,24103,24103
0.48,0.352,-17.329,11.926,-2.3369e+06,-3.1106e+06,310.86,310.86
0.48,0.336,-20.228,6.4891,-1.3696e+06,-3.3194e+06,-12753,12753
0.48,0.32,0.90087,1.4282,-2.178e+05,-1.941e+06,-18229,18229
0.48,0.304,-0.016985,0.82745,5.8654e+05,-3.838e+05,-17203,17203
0.48,0.288,-3.977,5.7302,-2.1841e+06,-1.5109e+06,-15631,15631
0.48,0.272,-52.03,1.981,-3.8176e+06,-1.9369e+06,-21007,21007
0.48,0.256,-55.765,8.0379,-6.3848e+06,-2.8042e+06,-46662,46662
0.48,0.24,-74.512,-19.99,-5.3586e+06,-2.6247e+06,-75425,75425
0.48,0.224,-17.071,5.4919,-4.2271e+06,-5.2968e+06,-76419,76419
0.48,0.208,-8.5734,-12.945,-3.3696e+06,-4.5851e+06,-30117,30117
0.48,0.192,-39.133,25.866,-2.5604e+06,-3.7649e+06,17283,17283
0.48,0.176,-157.55,108.26,-2.1048e+06,-2.6925e+05,36890,36890
0.48,0.16,-86.649,279.69,-7.807e+05,8.1208e+05,22954,22954
0.48,0.144,-12.319,25.626,-3.8186e+05,7.2788e+05,10994,10994
0.48,0.128,2.3169,-1.4306,-1.3582e+05,3.7874e+05,2777.5,2777.5
0.48,0.112,-0.4602,0.41337,32569,-94472,-1216.6,1216.6
0.48,0.096,0.47721,0.47095,37778,-13986,4103.3,4103.3
0.48,0.08,-22.695,113.34,-2.0811e+06,-6.4605e+05,26319,26319
0.48,0.064,-53.736,36.935,-2.9178e+06,-5.4608e+05,42121,42121
0.48,0.048,-11.979,9.8892,-2.0841e+06,-3.9006e+05,38504,38504
0.48,0.032,-12.755,2.6038,-5.1827e+05,56228,17975,17975
0.48,0.016,1.021,0.46933,0,0,3153.8,3153.8
0.496,0.496,0.58962,0.72219,40977,-31669,-354.96,354.96
0.496,0.48,-1.0116,3.7404,48759,-21937,-615.24,615.24
0.496,0.464,-1.3747,0.4024,69260,-26566,-650.88,650.88
0.496,0.448,-22.774,22.884,31818,5740.7,-898.92,898.92
0.496,0.432,-59.441,43.469,26358,-5951.1,6668.1,6668.1
0.496,0.416,-517.1,457.3,-1.9876e+06,-4.9809e+05,14550,14550
0.496,0.4,-0.23382,7.0399,-3.5451e+06,-6.4282e+05,21636,21636
0.496,0.384,-324.53,-171.54,-3.4277e+06,-9.0128e+05,15683,15683
0.496,0.368,-99.944,-32.157,-2.317e+06,-8.7556e+05,4923.3,4923.3
0.496,0.352,-164.62,75.564,-1.1931e+06,-1.4737e+06,-5734.2,5734.2
0.496,0.336,-11.177,-28.064,-6.6119e+05,-1.4022e+06,-10491,10491
0.496,0.32,-8.431,32.226,-2.2397e+05,-1.0413e+06,-10675,10675
0.496,0.304,-11.913,5.3385,1.6105e+05,-2.3613e+05,-9257.9,9257.9
0.496,0.288,-65.227,48.709,-1.2749e+06,-5.534e+05,-7181.1,7181.1
0.496,0.272,-210.64,159.9,-2.4813e+06,-7.9731e+05,-6996.2,6996.2
0.496,0.256,-193.54,284.93,-4.0349e+06,-1.2793e+06,-20365,20365
0.496,0.24,-52.798,-27.27,-3.166e+06,-1.1844e+06,-43770,43770
0.496,0.224,-35.904,-33.69,-2.1343e+06,-2.4475e+06,-52595,52595
0.496,0.208,-1.1244,2.7045,-1.2834e+06,-1.8144e+06,-29557,29557
0.496,0.192,-1.0999,2.7836,-1.0932e+06,-1.5003e+06,3014.8,3014.8
0.496,0.176,7.7647,-5.0366,-1.0274e+06,2.2396e+05,20006,20006
0.496,0.16,-5.6909,5.3869,-1.8712e+05,5.3367e+05,14002,14002
0.496,0.144,-15.809,30.733,-1.2405e+05,4.5176e+05,6642.7,6642.7
0.496,0.128,-0.030558,-0.18134,-1.1031e+05,4.0924e+05,-126.46,126.46
0.496,0.112,-0.17653,-0.28522,39372,-11395,-3227.1,3227.1
0.496,0.096,-0.45254,-0.0090477,4612.8,2381.7,304.12,304.12
0.496,0.08,-4.3838,66.569,-1.3007e+06,-4.0378e+05,11645,11645
0.496,0.064,-156.33,-155.16,-1.8236e+06,-3.413e+05,21195,21195
0.496,0.048,-114.61,22.139,-1.621e+06,-3.0338e+05,19055,19055
0.496,0.032,-245.75,-46.765,-4.6068e+05,49981,9451.4,9451.4
0.496,0.016,10.19,5.3669,0,0,1648,1648
