0.016,0.496,-1.5667,-3.0904,4478,-1207.9,100.77,100.77
0.016,0.48,0.11787,0.61131,4542.4,-4052.1,183.3,183.3
0.016,0.464,3.2178,-0.13253,-1074.3,-2026.3,226.01,226.01
0.016,0.448,-0.62374,0.53041,-5567.4,-280.33,291.12,291.12
0.016,0.432,1.1722,0.29331,-19068,154.05,34.36,34.36
0.016,0.416,4.5399,0.16299,-27733,2503.4,-333.57,333.57
0.016,0.4,2.8496,-1.5498,-34412,6396.1,-992.65,992.65
0.016,0.384,5.0193,-1.0342,-20870,9949.3,-1562,1562
0.016,0.368,6.7772,-0.65852,-10261,3331.7,-2323,2323
0.016,0.352,3.8643,0.32027,-15245,-3176.4,-2769.6,2769.6
0.016,0.336,5.7928,1.5356,-20722,-3266.3,-2599.6,2599.6
0.016,0.32,3.4036,-0.89476,-16533,-410.98,-1970,1970
0.016,0.304,0.067567,0.50123,-7770.6,3271.7,-1441.6,1441.6
0.016,0.288,0.54695,-0.70915,-5828.5,2057.1,-1298.4,1298.4
0.016,0.272,1.4117,-0.45595,-8138.6,1664.8,-6630.3,6630.3
0.016,0.256,0.39652,3.2332,-6964.8,-2619.4,-7846,7846
0.016,0.24,3.3518,0.8457,-11540,-2246.2,-4099.4,4099.4
0.016,0.224,7.9198,0.85895,-10894,-5316.7,4927,4927
0.016,0.208,5.2666,0.056492,-4925.7,-8687.6,8394.2,8394.2
0.016,0.192,1.0212,0.12131,16779,-20231,6900.8,6900.8
0.016,0.176,-0.85876,-0.46569,22759,-22458,5353.6,5353.6
0.016,0.16,-0.87391,-0.29565,16017,-17809,3686.3,3686.3
0.016,0.144,-1.0101,0.60312,2187.1,-7820.4,1934.7,1934.7
0.016,0.128,2.4689,-2.4013,-3172.4,-2244.2,-654.26,654.26
0.016,0.112,6.282,0.4301,-12759,-233.74,-2323.6,2323.6
0.016,0.096,0.1732,-0.8174,-15798,-7140,-2680.1,2680.1
0.016,0.08,-0.80268,0.34205,-12256,25289,-388.9,388.9
0.016,0.064,-2.399,1.279,5672.6,25261,1359.9,1359.9
0.016,0.048,-2.1521,0.33148,8840,33510,1637.1,1637.1
0.016,0.032,0.46369,0.61274,5827.7,582.06,223.26,223.26
0.016,0.016,0.80345,-0.098999,0,0,12.691,12.691
0.032,0.496,0.73334,0.83608,-5872.3,-12407,190.49,190.49
0.032,0.48,0.83322,0.85407,-2562.6,-16384,634.6,634.6
0.032,0.464,-0.021685,-0.47279,-4079.3,-8489.6,1134.8,1134.8
0.032,0.448,-0.22426,0.33454,2233.1,20749,1487.2,1487.2
0.032,0.432,-0.3208,0.29439,-9368.8,21718,1187.3,1187.3
0.032,0.416,-0.41034,-0.54477,-29579,16788,908.57,908.57
0.032,0.4,-0.56425,-0.28725,-59580,-3014.8,690.65,690.65
0.032,0.384,-0.29323,0.32464,-51220,6545,766.14,766.14
0.032,0.368,0.0076351,0.01266,-36152,-308.76,753.5,753.5
0.032,0.352,-0.15633,-0.19814,-26085,-5650.5,701.31,701.31
0.032,0.336,-0.39098,0.30538,-37565,-13071,756.61,756.61
0.032,0.32,-0.20235,0.058243,-37580,-7920.5,827.1,827.1
0.032,0.304,-0.083021,-0.30919,-24160,3762.8,973.61,973.61
0.032,0.288,-0.35722,-0.23356,-15757,-2824.3,1096.3,1096.3
0.032,0.272,-0.25081,-0.18437,-17429,431.03,1625.9,1625.9
0.032,0.256,-0.12821,0.1509,-24126,-12854,2104,2104
0.032,0.24,-0.26252,0.54146,-33246,-10815,2574,2574
0.032,0.224,-0.15365,-0.0041145,-29943,-17135,2560.5,2560.5
0.032,0.208,0.092755,-0.20159,-16110,-2636.7,2193,2193
0.032,0.192,0.47988,0.1801,-8532.5,3080.9,1388.4,1388.4
0.032,0.176,0.84632,0.14299,-30429,8184.9,97.058,97.058
0.032,0.16,0.46964,0.26671,-54421,3354.2,-675.5,675.5
0.032,0.144,-0.34107,0.43801,-69185,10651,-44.18,44.18
0.032,0.128,0.0269,-0.48877,-80266,3719.8,959.91,959.91
0.032,0.112,0.041324,-0.07938,-71906,-12237,1826.4,1826.4
0.032,0.096,-0.25937,0.41769,-55763,-23594,1561.8,1561.8
0.032,0.08,-1.0318,-0.2799,-10347,37415,1427.8,1427.8
0.032,0.064,-0.67785,2.0947,8100.4,48165,1021.4,1021.4
0.032,0.048,-1.0897,0.61964,11274,51924,568.49,568.49
0.032,0.032,-0.48593,0.38861,3879.6,-5454.1,163.76,163.76
0.032,0.016,-0.7095,-6.5859,0,0,7.5398,7.5398
0.048,0.496,0.73859,2.9195,28641,-70086,786.68,786.68
0.048,0.48,-0.20662,1.0261,1.1935e+05,-1.6645e+05,2176.5,2176.5
0.048,0.464,-0.1342,-0.29884,-1.2626e+05,-60240,2987.3,2987.3
0.048,0.448,0.40914,0.67355,-1.5119e+05,27289,2363.2,2363.2
0.048,0.432,-0.204,1.7258,-2.5037e+05,1.2047e+05,377.91,377.91
0.048,0.416,-0.088561,-0.49202,-31835,20911,-102.56,102.56
0.048,0.4,-1.4883,-0.43086,-40740,-34171,1272.7,1272.7
0.048,0.384,-1.8397,-0.23435,-10852,-40217,2651.6,2651.6
0.048,0.368,-0.44857,0.63013,6316.5,-55628,2937.2,2937.2
0.048,0.352,-0.4644,-0.057738,36610,-47921,2269.5,2269.5
0.048,0.336,-0.92656,0.046559,3575.4,-36799,2317.1,2317.1
0.048,0.32,-0.86304,0.55257,12768,-28255,2424.1,2424.1
0.048,0.304,-0.67563,-0.16014,34325,-36697,2648.1,2648.1
0.048,0.288,-0.81273,-0.23411,44643,-58755,2923.3,2923.3
0.048,0.272,-0.61887,-0.56094,37323,-50570,3914.4,3914.4
0.048,0.256,-1.0814,0.66165,-23751,-7028.3,5358.1,5358.1
0.048,0.24,-1.0784,-0.50549,-16022,18775,6869,6869
0.048,0.224,-0.33294,-0.29706,4028.6,-8758,7253,7253
0.048,0.208,-0.64383,0.92815,-17941,22010,5638.6,5638.6
0.048,0.192,-0.71467,1.7168,-84635,43194,1771.7,1771.7
0.048,0.176,-1.3887,1.4933,-2.1689e+05,52088,-2673.4,2673.4
0.048,0.16,-1.7558,1.0854,-2.2006e+05,29209,-4982.9,4982.9
0.048,0.144,-1.5988,0.70813,-1.8988e+05,15224,-3820.4,3820.4
0.048,0.128,-1.662,1.0226,-1.0725e+05,27008,-889.98,889.98
0.048,0.112,-2.1117,-0.52871,-83894,-728.55,1824.1,1824.1
0.048,0.096,-0.60733,-0.9866,-50837,-16861,2405.5,2405.5
0.048,0.08,-0.4033,0.64137,14884,1.005e+05,2396.3,2396.3
0.048,0.064,-0.32566,2.0626,33746,1.0118e+05,1438.7,1438.7
0.048,0.048,-0.45685,0.51259,30780,1.0447e+05,889.92,889.92
0.048,0.032,-0.15427,0.49944,2658.8,-13999,202.15,202.15
0.048,0.016,0.17014,-3.9991,0,0,58.863,58.863
0.064,0.496,3.3121,1.4508,34197,-88968,1285.9,1285.9
0.064,0.48,5.5614,0.25518,1.3481e+05,-2.4072e+05,3902.2,3902.2
0.064,0.464,8.0345,-0.96133,-1.0471e+05,-2.0955e+05,6925.7,6925.7
0.064,0.448,5.7846,-0.75011,-1.0071e+06,3.2342e+05,9246.8,9246.8
0.064,0.432,0.12554,-0.083259,-1.1304e+06,4.9549e+05,8644.3,8644.3
0.064,0.416,-0.42328,0.11791,-8.8365e+05,1.3149e+05,12570,12570
0.064,0.4,-0.25725,-0.37727,9800.2,-3.26e+05,14834,14834
0.064,0.384,2.5306,-0.92037,86711,-3.6205e+05,17671,17671
0.064,0.368,2.5379,0.30807,65614,-41735,15252,15252
0.064,0.352,0.56897,0.44561,81205,-61840,14229,14229
0.064,0.336,2.5249,0.53872,13629,-49525,14149,14149
0.064,0.32,1.1237,0.92482,39386,-44131,14154,14154
0.064,0.304,1.1125,0.97206,40661,-16007,14631,14631
0.064,0.288,2.5087,0.70621,48407,-9296.3,15373,15373
0.064,0.272,0.10422,-0.12104,6879.8,47115,18349,18349
0.064,0.256,-0.60191,1.1435,-69544,1.0605e+05,20258,20258
0.064,0.24,-1.1173,2.31,-89545,2.0852e+05,21125,21125
0.064,0.224,-0.50043,2.7646,-87128,2.3189e+05,18100,18100
0.064,0.208,-0.14818,2.1939,-1.5091e+05,2.8166e+05,12985,12985
0.064,0.192,-2.3721,3.1414,-2.7985e+05,2.7504e+05,5904.4,5904.4
0.064,0.176,-3.285,2.8582,-4.8708e+05,2.0782e+05,-3075.8,3075.8
0.064,0.16,-4.6962,0.12437,-4.7442e+05,1.0077e+05,-6628.5,6628.5
0.064,0.144,-2.6208,1.8696,-3.6571e+05,36092,-6135.9,6135.9
0.064,0.128,-2.159,1.2781,-1.7454e+05,44334,-1440.1,1440.1
0.064,0.112,-1.3985,0.89997,-93543,43371,1726.4,1726.4
0.064,0.096,-0.78494,-0.2499,-37029,-23364,2563.8,2563.8
0.064,0.08,-0.14956,0.50549,31558,1.479e+05,3281.2,3281.2
0.064,0.064,0.57703,3.1836,33309,1.3544e+05,2146.7,2146.7
0.064,0.048,0.12664,0.34151,22615,1.6772e+05,1439.9,1439.9
0.064,0.032,-0.024859,1.2053,-2701.3,-17239,311.53,311.53
0.064,0.016,0.054403,-1.516,0,0,131.65,131.65
0.08,0.496,3.8576,0.28435,50116,-87489,2255.2,2255.2
0.08,0.48,3.7936,0.96265,1.0289e+05,-2.7552e+05,5712.7,5712.7
0.08,0.464,3.3011,0.081812,-1.0676e+05,-3.6414e+05,14822,14822
0.08,0.448,5.8705,-0.32991,5.1129e+05,-8.0497e+05,25635,25635
0.08,0.432,4.4825,-0.34037,4.9188e+05,-7.4206e+05,30826,30826
0.08,0.416,-1.81,-0.57043,7.3068e+05,-1.0696e+06,31981,31981
0.08,0.4,1.4644,-12.99,44932,-4.1405e+05,30041,30041
0.08,0.384,1.5669,0.5858,51821,-3.4318e+05,33287,33287
0.08,0.368,1.6638,1.2351,-24094,58660,34389,34389
0.08,0.352,0.28779,1.1662,69980,-60674,35633,35633
0.08,0.336,0.59611,1.4518,33265,-33279,35554,35554
0.08,0.32,-0.32212,0.50962,65048,-43432,35546,35546
0.08,0.304,0.70658,0.61767,55029,-5476.8,36711,36711
0.08,0.288,0.1142,2.5043,75991,79226,38863,38863
0.08,0.272,-0.25591,3.6484,22086,2.8582e+05,44656,44656
0.08,0.256,-0.63511,4.9314,-1.3713e+05,4.924e+05,45868,45868
0.08,0.24,-1.5197,4.6386,-3.1348e+05,7.1692e+05,44016,44016
0.08,0.224,-2.5785,6.5429,-4.1611e+05,7.5227e+05,34916,34916
0.08,0.208,-3.137,6.8374,-4.7581e+05,7.0475e+05,25365,25365
0.08,0.192,-3.492,5.7112,-4.8602e+05,4.9505e+05,12497,12497
0.08,0.176,-5.0572,4.9572,-5.9446e+05,3.1728e+05,-3101.1,3101.1
0.08,0.16,-6.4879,1.9182,-4.594e+05,1.7563e+05,-11536,11536
0.08,0.144,-4.4122,0.80272,-3.5183e+05,85170,-12427,12427
0.08,0.128,-3.2516,2.8537,-82503,1.3378e+05,-5794.1,5794.1
0.08,0.112,-2.3455,2.1428,-6250.9,80953,-1067.5,1067.5
0.08,0.096,-1.5077,1.9789,56603,61120,766.08,766.08
0.08,0.08,-0.18672,-1.0556,65517,1.3562e+05,2005.7,2005.7
0.08,0.064,-0.37848,3.4929,19547,1.3802e+05,1454.3,1454.3
0.08,0.048,0.65855,-0.044527,17055,1.5476e+05,1165.7,1165.7
0.08,0.032,0.63313,1.4218,-4528.1,-17940,267.12,267.12
0.08,0.016,-0.10956,-3.6454,0,0,473.78,473.78
0.096,0.496,0.96763,-1.6713,98768,-2.8684e+05,3557.8,3557.8
0.096,0.48,4.0428,3.6145,1.8998e+05,-7.277e+05,8687.2,8687.2
0.096,0.464,2.4462,2.4384,3.9212e+05,-1.2694e+06,21323,21323
0.096,0.448,6.3942,1.0159,1.007e+06,-1.6135e+06,44662,44662
0.096,0.432,66.159,-31.654,1.0183e+06,-1.4285e+06,64033,64033
0.096,0.416,5.1153,-0.39442,9.6679e+05,-1.4997e+06,71004,71004
0.096,0.4,4.3687,-1.3577,86825,-6.1594e+05,59851,59851
0.096,0.384,-0.33755,2.9232,30088,-4.5686e+05,52645,52645
0.096,0.368,-1.0907,1.4271,-1.1162e+05,94826,53262,53262
0.096,0.352,-0.87869,2.2683,33334,-54095,59808,59808
0.096,0.336,0.54997,2.6223,-6848.5,-32172,63735,63735
0.096,0.32,1.1813,2.5239,6108.3,-44694,64457,64457
0.096,0.304,-0.29637,1.7379,-22108,7335.4,67460,67460
0.096,0.288,-0.25511,2.7262,-21744,1.7816e+05,72050,72050
0.096,0.272,0.72216,5.2417,-1.2851e+05,5.9418e+05,79215,79215
0.096,0.256,-1.011,8.2526,-3.1872e+05,1.0619e+06,79238,79238
0.096,0.24,-3.7351,9.8359,-6.1703e+05,1.5962e+06,74420,74420
0.096,0.224,-5.1891,10.506,-8.3415e+05,1.7967e+06,61793,61793
0.096,0.208,-6.6296,8.9115,-8.7592e+05,1.6847e+06,48762,48762
0.096,0.192,-5.283,8.1239,-7.9966e+05,1.261e+06,26763,26763
0.096,0.176,-4.0581,6.3028,-8.0032e+05,9.0719e+05,-130.07,130.07
0.096,0.16,-5.3114,6.5473,-6.7967e+05,6.1842e+05,-15342,15342
0.096,0.144,-4.5451,3.7264,-4.8289e+05,3.926e+05,-16576,16576
0.096,0.128,-4.6309,1.0993,-58641,2.5636e+05,-6612.6,6612.6
0.096,0.112,-3.0347,4.9007,1.1987e+05,1.0916e+05,-2334.4,2334.4
0.096,0.096,1.4189,-0.077128,37546,1.4941e+05,-557.88,557.88
0.096,0.08,0.18824,1.3841,-95875,1.5467e+05,-124.28,124.28
0.096,0.064,-0.36778,1.6794,-1.6402e+05,1.6763e+05,-325.36,325.36
0.096,0.048,0.83361,-0.22791,-52274,97709,-100.33,100.33
0.096,0.032,0.61232,1.2819,-17964,-20484,-110.72,110.72
0.096,0.016,-0.51656,-3.8217,0,0,786.09,786.09
0.112,0.496,2.3369,-1.1825,99977,-3.0199e+05,4788.1,4788.1
0.112,0.48,4.4431,2.4771,2.2331e+05,-8.5278e+05,14002,14002
0.112,0.464,5.7336,4.7522,5.857e+05,-1.9581e+06,31364,31364
0.112,0.448,6.2596,3.4977,2.0962e+06,-2.569e+06,59985,59985
0.112,0.432,6.3417,2.3151,1.8307e+06,-2.1978e+06,91610,91610
0.112,0.416,5.2813,1.8023,1.688e+06,-1.7581e+06,1.0733e+05,1.0733e+05
0.112,0.4,4.3021,0.92381,-35805,-4.4312e+05,98204,98204
0.112,0.384,-0.23422,2.3411,-1.0081e+05,-2.0416e+05,77717,77717
0.112,0.368,0.91227,1.7208,-2.014e+05,79166,67473,67473
0.112,0.352,0.78305,2.1415,-14016,6072.8,72738,72738
0.112,0.336,0.72173,2.3693,22443,-71360,84612,84612
0.112,0.32,1.0514,2.0257,38389,-1.0938e+05,94770,94770
0.112,0.304,1.4242,2.7834,12877,-41782,1.0446e+05,1.0446e+05
0.112,0.288,0.95938,3.1426,-32128,3.5632e+05,1.1187e+05,1.1187e+05
0.112,0.272,0.30644,5.6895,-2.0411e+05,1.1343e+06,1.1972e+05,1.1972e+05
0.112,0.256,-1.6977,12.263,-4.7098e+05,1.9644e+06,1.1707e+05,1.1707e+05
0.112,0.24,-3.5628,16.377,-7.9974e+05,2.7596e+06,1.1025e+05,1.1025e+05
0.112,0.224,-6.1537,18.069,-1.0787e+06,3.1139e+06,97623,97623
0.112,0.208,-6.7949,17.663,-1.1744e+06,3.1169e+06,77383,77383
0.112,0.192,-5.7446,16.37,-1.1171e+06,2.7765e+06,39470,39470
0.112,0.176,-6.7911,13.901,-1.1033e+06,2.3319e+06,-5916.3,5916.3
0.112,0.16,-8.8657,12.673,-1.0071e+06,1.8619e+06,-20612,20612
0.112,0.144,-8.7457,8.3711,-7.5884e+05,1.286e+06,-19932,19932
0.112,0.128,-4.9342,5.855,-1.9333e+05,7.9057e+05,-4178.7,4178.7
0.112,0.112,-2.1903,7.8767,1.9298e+05,3.4014e+05,-5927.5,5927.5
0.112,0.096,-2.5628,4.2617,90828,2.5432e+05,-3712.5,3712.5
0.112,0.08,-3.3441,3.3222,-72320,1.2942e+05,-5202.2,5202.2
0.112,0.064,-2.423,1.6468,-2.174e+05,81941,-4452.2,4452.2
0.112,0.048,0.36688,-0.41624,-57071,-22907,-2607.9,2607.9
0.112,0.032,2.1741,3.3258,-36504,-38480,-964.69,964.69
0.112,0.016,0.31341,-3.2065,0,0,919.24,919.24
0.128,0.496,1.1879,7.9979,99977,-3.0199e+05,4319,4319
0.128,0.48,2.1499,5.9674,3.5879e+05,-9.936e+05,16825,16825
0.128,0.464,4.7961,10.836,8.6325e+05,-2.6658e+06,37301,37301
0.128,0.448,3.2563,4.0221,5.4341e+05,-2.4448e+06,65816,65816
0.128,0.432,0.22517,3.4549,3.4649e+05,-2.3288e+06,99310,99310
0.128,0.416,0.61297,9.7445,2.3408e+05,-2.0328e+06,1.3134e+05,1.3134e+05
0.128,0.4,0.89428,3.9938,1.0899e+05,-1.6198e+06,1.4089e+05,1.4089e+05
0.128,0.384,-0.04296,3.125,62818,-1.0706e+06,1.2355e+05,1.2355e+05
0.128,0.368,-0.6392,4.2989,-60476,-5.9888e+05,96398,96398
0.128,0.352,-0.366,2.5532,8808.4,-3.8799e+05,84642,84642
0.128,0.336,-0.23176,4.1318,4910.3,-3.8536e+05,93068,93068
0.128,0.32,1.258,2.8512,35687,-2.9695e+05,1.1207e+05,1.1207e+05
0.128,0.304,2.9795,4.4861,2782.5,-60951,1.3655e+05,1.3655e+05
0.128,0.288,0.39194,7.8246,-1.0122e+05,5.3903e+05,1.5492e+05,1.5492e+05
0.128,0.272,-1.2136,11.817,-2.8241e+05,1.4681e+06,1.6898e+05,1.6898e+05
0.128,0.256,-2.4128,18.526,-5.1122e+05,2.5572e+06,1.6551e+05,1.6551e+05
0.128,0.24,-3.6902,22.614,-7.6407e+05,3.6761e+06,1.5694e+05,1.5694e+05
0.128,0.224,-4.2521,25.743,-1.0506e+06,4.3763e+06,1.4332e+05,1.4332e+05
0.128,0.208,-6.8343,27.875,-1.255e+06,4.6343e+06,1.0713e+05,1.0713e+05
0.128,0.192,-7.4244,29.018,-1.3479e+06,4.5031e+06,49265,49265
0.128,0.176,-6.7814,27.972,-1.4165e+06,3.9622e+06,-19405,19405
0.128,0.16,-10.042,22.287,-1.4182e+06,3.3119e+06,-28814,28814
0.128,0.144,-10.748,20.077,-1.1516e+06,2.5148e+06,-19875,19875
0.128,0.128,-7.8452,17.998,-5.7485e+05,1.7258e+06,31.409,31.409
0.128,0.112,-4.8471,14.127,-26875,8.383e+05,-11910,11910
0.128,0.096,-4.102,9.6253,1.2934e+05,1.5791e+05,-15717,15717
0.128,0.08,-4.361,7.0251,89999,-2.3014e+05,-18521,18521
0.128,0.064,-2.6568,4.2562,10044,-3.2341e+05,-14683,14683
0.128,0.048,-0.025813,-0.58533,19744,-2.2797e+05,-9754.8,9754.8
0.128,0.032,1.4645,2.9935,731.04,-1.0392e+05,-3883.8,3883.8
0.128,0.016,-0.26256,-0.090922,0,0,-37.834,37.834
0.144,0.496,-1.7636,31.096,0,0,2409.1,2409.1
0.144,0.48,-0.70334,22.983,0,0,13820,13820
0.144,0.464,-0.16136,19.859,5.6162e+05,-2.9555e+06,40527,40527
0.144,0.448,1.1268,13.495,59987,-2.4836e+06,71244,71244
0.144,0.432,1.5174,8.8562,40615,-2.6683e+06,89748,89748
0.144,0.416,4.1542,9.3942,15823,-2.6964e+06,1.1225e+05,1.1225e+05
0.144,0.4,2.5966,10.863,76235,-2.5991e+06,1.4434e+05,1.4434e+05
0.144,0.384,2.5356,9.7743,63421,-2.176e+06,1.5253e+05,1.5253e+05
0.144,0.368,2.5028,6.7793,-11657,-1.7578e+06,1.3374e+05,1.3374e+05
0.144,0.352,0.98676,6.1404,-14979,-1.3356e+06,98426,98426
0.144,0.336,1.5261,7.2275,754.92,-1.1139e+06,91832,91832
0.144,0.32,2.331,5.4764,31708,-6.9759e+05,1.0886e+05,1.0886e+05
0.144,0.304,1.101,8.6825,-17536,-2.6599e+05,1.3863e+05,1.3863e+05
0.144,0.288,0.4981,11.534,-1.2987e+05,3.8285e+05,1.6015e+05,1.6015e+05
0.144,0.272,0.020168,13.209,-2.7852e+05,1.2551e+06,1.8559e+05,1.8559e+05
0.144,0.256,-0.66736,19.493,-4.839e+05,2.3302e+06,1.9942e+05,1.9942e+05
0.144,0.24,-3.5736,26.054,-7.5565e+05,3.6078e+06,2.0689e+05,2.0689e+05
0.144,0.224,-5.1181,29.945,-1.0783e+06,4.6507e+06,2.0242e+05,2.0242e+05
0.144,0.208,-5.7303,32.598,-1.3704e+06,5.3066e+06,1.5267e+05,1.5267e+05
0.144,0.192,-6.5637,32.588,-1.4728e+06,5.4947e+06,83720,83720
0.144,0.176,-5.8664,30.574,-1.5107e+06,5.069e+06,3562,3562
0.144,0.16,-6.3073,26.409,-1.4489e+06,4.3948e+06,-4779.6,4779.6
0.144,0.144,-7.7063,26.962,-1.2699e+06,3.5016e+06,2731.6,2731.6
0.144,0.128,-7.6863,27.539,-8.8555e+05,2.6054e+06,15089,15089
0.144,0.112,-7.8099,25.597,-3.2578e+05,1.3297e+06,-7554.5,7554.5
0.144,0.096,-5.4734,18.756,87109,37651,-27408,27408
0.144,0.08,-3.0687,12.976,3.5034e+05,-7.9927e+05,-34950,34950
0.144,0.064,-2.9457,10.065,4.3182e+05,-1.1486e+06,-29473,29473
0.144,0.048,-1.3111,5.7693,3.1253e+05,-7.7936e+05,-17021,17021
0.144,0.032,1.2879,5.328,1.6611e+05,-4.2699e+05,-7483.1,7483.1
0.144,0.016,3.0906,3.8581,0,0,-1591.7,1591.7
0.16,0.496,-0.26555,42.363,0,0,634.96,634.96
0.16,0.48,-0.11223,40.292,0,0,6598.9,6598.9
0.16,0.464,-0.28707,35.572,NaN,NaN,32834,32834
0.16,0.448,-0.01973,30.558,2.2667e+05,-4.0828e+06,73473,73473
0.16,0.432,0.53309,26.997,4.9163e+05,-4.8974e+06,82984,82984
0.16,0.416,2.2535,24.57,3.8408e+05,-4.3919e+06,84793,84793
0.16,0.4,0.68908,19.917,3.1368e+05,-3.9558e+06,1.1312e+05,1.1312e+05
0.16,0.384,0.60071,16.887,2.0651e+05,-3.4584e+06,1.5175e+05,1.5175e+05
0.16,0.368,0.63036,14.796,1.5181e+05,-3.2649e+06,1.7027e+05,1.7027e+05
0.16,0.352,1.6226,13.84,1.6777e+05,-2.9755e+06,1.4221e+05,1.4221e+05
0.16,0.336,1.8441,12,1.2023e+05,-2.2667e+06,1.0687e+05,1.0687e+05
0.16,0.32,0.42153,9.6294,68843,-1.3761e+06,1.0152e+05,1.0152e+05
0.16,0.304,0.61037,11.135,-40953,-6.2534e+05,1.2386e+05,1.2386e+05
0.16,0.288,1.0702,12.475,-1.479e+05,-70438,1.5085e+05,1.5085e+05
0.16,0.272,0.64913,13.369,-2.5512e+05,5.2444e+05,1.8536e+05,1.8536e+05
0.16,0.256,0.33977,15.499,-4.1531e+05,1.4041e+06,2.1875e+05,2.1875e+05
0.16,0.24,-2.0635,19.541,-7.5104e+05,2.6503e+06,2.4198e+05,2.4198e+05
0.16,0.224,-6.923,24.856,-1.1127e+06,3.965e+06,2.4621e+05,2.4621e+05
0.16,0.208,-7.4165,27.899,-1.4516e+06,5.0404e+06,1.8874e+05,1.8874e+05
0.16,0.192,-7.8082,30.031,-1.5589e+06,5.6481e+06,1.1606e+05,1.1606e+05
0.16,0.176,-6.7604,32.022,-1.5717e+06,5.6455e+06,33307,33307
0.16,0.16,-4.9829,30.043,-1.4912e+06,5.2457e+06,20850,20850
0.16,0.144,-5.4866,29.44,-1.3408e+06,4.5163e+06,30863,30863
0.16,0.128,-6.4861,30.126,-1.0947e+06,3.7e+06,36492,36492
0.16,0.112,-6.9677,30.532,-6.3862e+05,2.2902e+06,11796,11796
0.16,0.096,-5.1066,26.737,-4718.5,5.7278e+05,-27595,27595
0.16,0.08,-5.1112,20.474,5.0113e+05,-9.3937e+05,-45769,45769
0.16,0.064,-2.3874,17.397,8.8942e+05,-1.9089e+06,-41752,41752
0.16,0.048,0.28094,13.643,6.323e+05,-1.4529e+06,-23356,23356
0.16,0.032,1.1343,11.869,3.7756e+05,-8.4601e+05,-7557.6,7557.6
0.16,0.016,2.454,6.3933,0,0,-1930,1930
0.176,0.496,-2.4116,46.053,0,0,0,0
0.176,0.48,-1.1939,46.097,0,0,0,0
0.176,0.464,0.12239,46.33,NaN,NaN,15947,15947
0.176,0.448,0.80074,45.123,NaN,NaN,78228,78228
0.176,0.432,0.46192,42.869,NaN,NaN,75681,75681
0.176,0.416,1.8457,40.185,1.0879e+05,-4.4139e+06,50499,50499
0.176,0.4,2.6725,32.452,3.1071e+05,-4.5054e+06,66498,66498
0.176,0.384,1.1987,23.956,3.1242e+05,-4.5526e+06,1.0915e+05,1.0915e+05
0.176,0.368,0.99647,20.832,3.5266e+05,-4.5618e+06,1.7443e+05,1.7443e+05
0.176,0.352,2.2798,18.618,3.3083e+05,-4.1993e+06,1.901e+05,1.901e+05
0.176,0.336,2.3352,17.245,2.9033e+05,-3.2709e+06,1.6167e+05,1.6167e+05
0.176,0.32,2.0736,13.158,2.2384e+05,-2.2411e+06,1.2294e+05,1.2294e+05
0.176,0.304,1.4158,13.287,1.0854e+05,-1.4176e+06,1.1253e+05,1.1253e+05
0.176,0.288,0.87352,14.814,-65615,-8.4133e+05,1.2719e+05,1.2719e+05
0.176,0.272,0.79549,16.859,-2.9004e+05,-1.953e+05,1.6484e+05,1.6484e+05
0.176,0.256,-0.69857,13.963,-5.3191e+05,6.7775e+05,2.1535e+05,2.1535e+05
0.176,0.24,-2.02,15.347,-8.7802e+05,1.8349e+06,2.5388e+05,2.5388e+05
0.176,0.224,-5.2754,20.451,-1.2216e+06,3.1813e+06,2.695e+05,2.695e+05
0.176,0.208,-7.1981,26.812,-1.5566e+06,4.482e+06,2.1429e+05,2.1429e+05
0.176,0.192,-9.3039,32.402,-1.7384e+06,5.4519e+06,1.4406e+05,1.4406e+05
0.176,0.176,-10.133,36.859,-1.8534e+06,5.999e+06,65537,65537
0.176,0.16,-8.9391,37.246,-1.8256e+06,6.0507e+06,48717,48717
0.176,0.144,-6.5846,36.246,-1.6347e+06,5.5629e+06,63229,63229
0.176,0.128,-5.1781,34.982,-1.3307e+06,4.8813e+06,71264,71264
0.176,0.112,-4.266,34.587,-8.3852e+05,3.5701e+06,54336,54336
0.176,0.096,-4.0521,31.42,-1.9692e+05,1.7595e+06,4067.3,4067.3
0.176,0.08,-4.4003,26.889,4.386e+05,-39825,-26296,26296
0.176,0.064,-2.5513,23.373,1.0306e+06,-1.6664e+06,-34250,34250
0.176,0.048,1.255,21.155,8.3594e+05,-1.4663e+06,-17962,17962
0.176,0.032,1.4999,18.83,5.2863e+05,-1.0445e+06,-4037.1,4037.1
0.176,0.016,0.99929,10.475,0,0,1355.9,1355.9
0.192,0.496,-2.1083,48.117,0,0,0,0
0.192,0.48,-2.912,46.752,0,0,0,0
0.192,0.464,-2.519,46.462,NaN,NaN,0,0
0.192,0.448,-1.5375,46.45,NaN,NaN,NaN,NaN
0.192,0.432,-0.89081,44.202,NaN,NaN,97525,97525
0.192,0.416,-0.84343,39.717,NaN,NaN,41624,41624
0.192,0.4,-0.26275,32.077,6.5624e+05,-5.33e+06,41504,41504
0.192,0.384,0.56791,22.626,5.8157e+05,-5.3084e+06,68268,68268
0.192,0.368,1.0427,17.308,5.703e+05,-5.1708e+06,1.4585e+05,1.4585e+05
0.192,0.352,1.9037,16.008,5.6743e+05,-4.8154e+06,2.2149e+05,2.2149e+05
0.192,0.336,1.4454,17.905,5.2993e+05,-3.9618e+06,2.3957e+05,2.3957e+05
0.192,0.32,2.3942,17.092,4.8459e+05,-3.0718e+06,2.0125e+05,2.0125e+05
0.192,0.304,2.3989,20.738,3.7516e+05,-2.2279e+06,1.5448e+05,1.5448e+05
0.192,0.288,0.83234,22.993,1.9232e+05,-1.5946e+06,1.4517e+05,1.4517e+05
0.192,0.272,-0.77965,22.152,-1.0056e+05,-9.191e+05,1.6744e+05,1.6744e+05
0.192,0.256,-2.373,23.548,-4.4728e+05,-1.461e+05,2.1044e+05,2.1044e+05
0.192,0.24,-3.9005,28.3,-7.9888e+05,7.4298e+05,2.439e+05,2.439e+05
0.192,0.224,-5.9932,31.869,-1.1007e+06,1.8406e+06,2.5908e+05,2.5908e+05
0.192,0.208,-6.7653,35.878,-1.4242e+06,3.04e+06,2.0613e+05,2.0613e+05
0.192,0.192,-7.5973,39.849,-1.7123e+06,4.1738e+06,1.3329e+05,1.3329e+05
0.192,0.176,-9.4345,42.231,-1.9602e+06,5.1589e+06,53097,53097
0.192,0.16,-10.242,43.978,-2.0397e+06,5.8081e+06,40153,40153
0.192,0.144,-9.1972,46.349,-1.8832e+06,5.9895e+06,70713,70713
0.192,0.128,-7.5456,45.649,-1.5618e+06,5.8644e+06,97328,97328
0.192,0.112,-4.6761,43.941,-1.059e+06,4.9916e+06,98133,98133
0.192,0.096,-2.4549,38.55,-4.0028e+05,3.4415e+06,47741,47741
0.192,0.08,-0.7592,34.888,1.9273e+05,1.6194e+06,12672,12672
0.192,0.064,-0.55551,36.02,8.1883e+05,-1.6843e+05,-6574.3,6574.3
0.192,0.048,1.8738,31.497,6.8644e+05,-5.4493e+05,1575.9,1575.9
0.192,0.032,4.7553,27.935,4.7609e+05,-5.9878e+05,5851.1,5851.1
0.192,0.016,2.4682,24.926,0,0,4536.3,4536.3
0.208,0.496,-1.4149,50.993,0,0,0,0
0.208,0.48,-2.4591,47.038,0,0,0,0
0.208,0.464,-2.4646,46.253,NaN,NaN,0,0
0.208,0.448,-1.6362,45.995,NaN,NaN,NaN,NaN
0.208,0.432,-0.58018,43.238,NaN,NaN,NaN,NaN
0.208,0.416,-0.10039,36.976,NaN,NaN,35941,35941
0.208,0.4,0.47514,30.136,6.5624e+05,-5.33e+06,41673,41673
0.208,0.384,0.39187,23.907,6.3022e+05,-5.3461e+06,59731,59731
0.208,0.368,1.2812,18.7,6.0163e+05,-5.1802e+06,1.1224e+05,1.1224e+05
0.208,0.352,3.0924,17.244,5.8995e+05,-4.6696e+06,2.0565e+05,2.0565e+05
0.208,0.336,4.1084,22.239,5.9647e+05,-3.9655e+06,2.8019e+05,2.8019e+05
0.208,0.32,2.4385,24.627,6.3231e+05,-3.3923e+06,2.9488e+05,2.9488e+05
0.208,0.304,2.3741,27.848,6.0127e+05,-2.7975e+06,2.432e+05,2.432e+05
0.208,0.288,2.0791,31.687,4.1226e+05,-2.1421e+06,1.9525e+05,1.9525e+05
0.208,0.272,-0.34712,33.752,1.1373e+05,-1.3866e+06,1.8501e+05,1.8501e+05
0.208,0.256,-2.7216,38.954,-2.5279e+05,-5.3758e+05,2.0462e+05,2.0462e+05
0.208,0.24,-4.4386,42.935,-5.2001e+05,2.4826e+05,2.2888e+05,2.2888e+05
0.208,0.224,-4.5353,44.341,-7.5981e+05,1.0665e+06,2.3962e+05,2.3962e+05
0.208,0.208,-5.0257,44.193,-1.0392e+06,1.9002e+06,1.889e+05,1.889e+05
0.208,0.192,-6.65,46.09,-1.3553e+06,2.7977e+06,1.1526e+05,1.1526e+05
0.208,0.176,-6.9649,47.957,-1.6427e+06,3.8119e+06,34782,34782
0.208,0.16,-7.18,48.371,-1.7561e+06,4.7816e+06,8669.3,8669.3
0.208,0.144,-7.7732,51.039,-1.7357e+06,5.5711e+06,49892,49892
0.208,0.128,-7.2556,51.739,-1.5672e+06,6.1243e+06,97592,97592
0.208,0.112,-4.7201,49.524,-1.1909e+06,5.8542e+06,1.3475e+05,1.3475e+05
0.208,0.096,-1.5328,47.458,-7.0903e+05,4.8529e+06,89816,89816
0.208,0.08,-0.36102,46.984,-2.7482e+05,3.4792e+06,56540,56540
0.208,0.064,0.32042,46.007,1.8487e+05,2.0682e+06,26469,26469
0.208,0.048,2.5655,45.313,2.4931e+05,1.0259e+06,27515,27515
0.208,0.032,1.3791,44.401,2.4927e+05,2.0325e+05,13891,13891
0.208,0.016,-0.24928,43.497,0,0,6498.7,6498.7
0.224,0.496,0.9646,51.548,0,0,0,0
0.224,0.48,0.1032,47.834,0,0,0,0
0.224,0.464,-0.52252,47.628,NaN,NaN,0,0
0.224,0.448,-0.27453,45.345,NaN,NaN,NaN,NaN
0.224,0.432,0.34597,43.098,NaN,NaN,NaN,NaN
0.224,0.416,0.78148,40.001,NaN,NaN,42417,42417
0.224,0.4,0.49611,37.337,5.5591e+05,-5.4558e+06,51915,51915
0.224,0.384,-1.2414,35.058,6.0323e+05,-5.3092e+06,59948,59948
0.224,0.368,-1.8439,32.613,5.9166e+05,-5.1583e+06,97442,97442
0.224,0.352,-0.84106,31.688,6.6384e+05,-4.5287e+06,1.7281e+05,1.7281e+05
0.224,0.336,1.4215,30.694,6.7469e+05,-3.9835e+06,2.6546e+05,2.6546e+05
0.224,0.32,2.1189,31.905,7.3493e+05,-3.3356e+06,3.3415e+05,3.3415e+05
0.224,0.304,2.3289,33.751,7.343e+05,-2.8226e+06,3.3694e+05,3.3694e+05
0.224,0.288,1.624,33.804,6.2799e+05,-2.3572e+06,2.8142e+05,2.8142e+05
0.224,0.272,-0.30555,39.01,3.7192e+05,-1.8466e+06,2.3599e+05,2.3599e+05
0.224,0.256,-1.7658,41.777,-124.58,-1.2111e+06,2.1514e+05,2.1514e+05
0.224,0.24,-2.8901,43.272,-2.7688e+05,-5.8892e+05,2.1598e+05,2.1598e+05
0.224,0.224,-2.4575,45.471,-4.7789e+05,46950,2.1956e+05,2.1956e+05
0.224,0.208,-3.018,46.547,-6.847e+05,6.9923e+05,1.6897e+05,1.6897e+05
0.224,0.192,-4.9886,48.235,-9.1256e+05,1.453e+06,99944,99944
0.224,0.176,-4.9975,50.069,-1.1037e+06,2.3465e+06,18991,18991
0.224,0.16,-4.8827,50.701,-1.1949e+06,3.3393e+06,-24164,24164
0.224,0.144,-5.5788,52.333,-1.2509e+06,4.4265e+06,16209,16209
0.224,0.128,-6.1503,53.082,-1.2377e+06,5.4006e+06,85321,85321
0.224,0.112,-5.4074,53.43,-1.0727e+06,5.7457e+06,1.5183e+05,1.5183e+05
0.224,0.096,-2.4614,52.518,-8.9647e+05,5.4654e+06,1.1644e+05,1.1644e+05
0.224,0.08,-1.8096,52.413,-7.3527e+05,4.6695e+06,82503,82503
0.224,0.064,-1.4779,53.002,-4.9953e+05,3.7308e+06,52063,52063
0.224,0.048,0.15745,51.778,-2.4246e+05,2.1701e+06,47867,47867
0.224,0.032,1.1295,50.573,-28536,8.7277e+05,21561,21561
0.224,0.016,0.98877,50.461,0,0,5820.2,5820.2
0.24,0.496,0.39042,51.238,0,0,0,0
0.24,0.48,-1.0013,48.223,0,0,0,0
0.24,0.464,-1.662,48.168,NaN,NaN,0,0
0.24,0.448,-1.7215,47.123,NaN,NaN,NaN,NaN
0.24,0.432,-1.094,45.114,NaN,NaN,NaN,NaN
0.24,0.416,-0.4369,43.4,NaN,NaN,51343,51343
0.24,0.4,-0.11701,43.017,NaN,NaN,72351,72351
0.24,0.384,-0.64137,42.343,NaN,NaN,92016,92016
0.24,0.368,-0.07131,40.011,NaN,NaN,1.0358e+05,1.0358e+05
0.24,0.352,1.1876,38.988,5.0558e+05,-3.7207e+06,1.4896e+05,1.4896e+05
0.24,0.336,2.5287,38.206,6.2262e+05,-3.4697e+06,2.3219e+05,2.3219e+05
0.24,0.32,4.047,36.037,7.2771e+05,-3.0181e+06,3.125e+05,3.125e+05
0.24,0.304,2.666,36.866,7.5218e+05,-2.5055e+06,3.4124e+05,3.4124e+05
0.24,0.288,1.8887,36.798,6.4981e+05,-2.1274e+06,3.1731e+05,3.1731e+05
0.24,0.272,0.37756,38.481,4.3947e+05,-1.791e+06,2.7732e+05,2.7732e+05
0.24,0.256,-1.1853,38.779,1.7567e+05,-1.352e+06,2.4375e+05,2.4375e+05
0.24,0.24,-2.2572,38.923,-45952,-8.8559e+05,2.2492e+05,2.2492e+05
0.24,0.224,-2.1091,40.865,-2.1182e+05,-3.3062e+05,2.1112e+05,2.1112e+05
0.24,0.208,-2.1273,43.245,-3.7018e+05,2.3901e+05,1.6046e+05,1.6046e+05
0.24,0.192,-2.6194,45.126,-5.0961e+05,8.8994e+05,91165,91165
0.24,0.176,-3.0379,46.905,-5.8776e+05,1.6175e+06,9512.8,9512.8
0.24,0.16,-2.6961,49.767,-6.5571e+05,2.4461e+06,-54069,54069
0.24,0.144,-3.8004,52.367,-7.649e+05,3.3324e+06,-15533,15533
0.24,0.128,-4.6605,52.704,-8.7314e+05,4.2112e+06,70829,70829
0.24,0.112,-4.4294,53.355,-9.1113e+05,4.8314e+06,1.541e+05,1.541e+05
0.24,0.096,-4.2912,53.989,-9.6743e+05,5.0058e+06,1.3597e+05,1.3597e+05
0.24,0.08,-4.0812,54.72,-1.0415e+06,4.7429e+06,95432,95432
0.24,0.064,-3.3014,54.622,-9.9303e+05,4.09e+06,66528,66528
0.24,0.048,-2.1128,53.125,-6.2481e+05,2.4902e+06,51606,51606
0.24,0.032,-0.78078,52.575,-2.4536e+05,1.0622e+06,22965,22965
0.24,0.016,0.51967,51.275,0,0,5851.7,5851.7
0.256,0.496,-1.4172,49.043,0,0,0,0
0.256,0.48,-1.3381,46.873,0,0,0,0
0.256,0.464,-1.2891,47.429,NaN,NaN,0,0
0.256,0.448,-1.761,48.096,NaN,NaN,NaN,NaN
0.256,0.432,-2.0507,47.302,NaN,NaN,NaN,NaN
0.256,0.416,-2.8587,46.298,NaN,NaN,NaN,NaN
0.256,0.4,-2.0435,46.158,NaN,NaN,NaN,NaN
0.256,0.384,-1.1532,45.461,NaN,NaN,NaN,NaN
0.256,0.368,-0.20939,43.45,NaN,NaN,1.4994e+05,1.4994e+05
0.256,0.352,2.5572,41.157,NaN,NaN,1.3484e+05,1.3484e+05
0.256,0.336,2.9255,41.491,NaN,NaN,2.0758e+05,2.0758e+05
0.256,0.32,2.7057,39.999,8.6587e+05,-2.3527e+06,2.3637e+05,2.3637e+05
0.256,0.304,2.992,39.316,7.9562e+05,-2.1488e+06,2.7703e+05,2.7703e+05
0.256,0.288,2.8319,39.364,5.9502e+05,-1.8752e+06,2.7311e+05,2.7311e+05
0.256,0.272,0.70325,39.235,3.7282e+05,-1.6983e+06,2.6841e+05,2.6841e+05
0.256,0.256,-1.389,37.409,1.48e+05,-1.4797e+06,2.4713e+05,2.4713e+05
0.256,0.24,-1.3809,36.864,-18768,-1.2184e+06,2.2659e+05,2.2659e+05
0.256,0.224,-2.0823,38.822,-96515,-8.3656e+05,2.0988e+05,2.0988e+05
0.256,0.208,-2.4146,40.239,-1.3346e+05,-3.99e+05,1.6666e+05,1.6666e+05
0.256,0.192,-1.904,41.892,-1.5226e+05,1.1101e+05,1.0709e+05,1.0709e+05
0.256,0.176,-1.8196,45.87,-1.6928e+05,7.3655e+05,27555,27555
0.256,0.16,-1.9321,49.951,-2.4055e+05,1.4791e+06,-35180,35180
0.256,0.144,-2.2277,52.14,-3.9408e+05,2.236e+06,-9668.2,9668.2
0.256,0.128,-2.9659,53.306,-5.6959e+05,2.9171e+06,77741,77741
0.256,0.112,-3.6516,54.268,-7.8679e+05,3.5261e+06,1.4567e+05,1.4567e+05
0.256,0.096,-4.604,54.174,-1.0414e+06,3.8656e+06,1.3785e+05,1.3785e+05
0.256,0.08,-4.7082,53.217,-1.2601e+06,3.8892e+06,93162,93162
0.256,0.064,-4.1224,52.116,-1.2557e+06,3.4449e+06,66323,66323
0.256,0.048,-3.8421,50.354,-7.9345e+05,2.111e+06,44998,44998
0.256,0.032,-2.9706,50.724,-3.3539e+05,9.1981e+05,21243,21243
0.256,0.016,-1.0036,50.178,0,0,5406.1,5406.1
0.272,0.496,-0.27914,49.091,0,0,0,0
0.272,0.48,0.57239,47.44,0,0,0,0
0.272,0.464,0.57961,47.992,NaN,NaN,0,0
0.272,0.448,-0.49932,49.329,NaN,NaN,NaN,NaN
0.272,0.432,-1.8639,50.632,NaN,NaN,NaN,NaN
0.272,0.416,-2.1401,51.269,NaN,NaN,NaN,NaN
0.272,0.4,-2.6894,51.765,NaN,NaN,NaN,NaN
0.272,0.384,-2.1354,50.914,NaN,NaN,NaN,NaN
0.272,0.368,-1.2736,49.481,NaN,NaN,NaN,NaN
0.272,0.352,0.30855,47.219,NaN,NaN,NaN,NaN
0.272,0.336,1.0075,46.207,NaN,NaN,1.9344e+05,1.9344e+05
0.272,0.32,1.1,45.179,NaN,NaN,1.7194e+05,1.7194e+05
0.272,0.304,1.8944,44.097,6.8747e+05,-1.8398e+06,1.7009e+05,1.7009e+05
0.272,0.288,0.97315,43.114,4.5029e+05,-1.5916e+06,1.8798e+05,1.8798e+05
0.272,0.272,-0.24032,42.836,2.2796e+05,-1.4452e+06,2.066e+05,2.066e+05
0.272,0.256,-1.0919,41.972,60105,-1.293e+06,2.3048e+05,2.3048e+05
0.272,0.24,-1.3584,42.398,-56650,-1.1472e+06,2.26e+05,2.26e+05
0.272,0.224,-1.3139,43.717,-72225,-9.957e+05,2.1039e+05,2.1039e+05
0.272,0.208,-0.9432,44.646,-36132,-8.3083e+05,1.6834e+05,1.6834e+05
0.272,0.192,-0.61682,45.723,55440,-6.3282e+05,1.1482e+05,1.1482e+05
0.272,0.176,-0.31484,48.577,1.1397e+05,-2.8179e+05,53970,53970
0.272,0.16,-1.2372,51.691,65720,2.2086e+05,16271,16271
0.272,0.144,-2.2015,52.976,-1.1958e+05,8.0499e+05,30480,30480
0.272,0.128,-2.9993,53.771,-3.7928e+05,1.4241e+06,88804,88804
0.272,0.112,-3.8156,54.626,-6.6672e+05,2.069e+06,1.2592e+05,1.2592e+05
0.272,0.096,-5.0514,54.387,-1.0051e+06,2.5482e+06,1.185e+05,1.185e+05
0.272,0.08,-5.3681,52.252,-1.2336e+06,2.7091e+06,78041,78041
0.272,0.064,-4.3538,50.13,-1.2685e+06,2.5247e+06,53412,53412
0.272,0.048,-3.3947,49.707,-8.0011e+05,1.5874e+06,33764,33764
0.272,0.032,-2.3331,50.058,-3.5675e+05,7.378e+05,17027,17027
0.272,0.016,-0.95451,49.117,0,0,4337.9,4337.9
0.288,0.496,1.1542,52.1,0,0,0,0
0.288,0.48,1.6586,48.518,0,0,0,0
0.288,0.464,2.5243,47.993,NaN,NaN,0,0
0.288,0.448,1.5442,49.203,NaN,NaN,NaN,NaN
0.288,0.432,-0.44466,51.195,NaN,NaN,NaN,NaN
0.288,0.416,-1.3884,53.109,NaN,NaN,NaN,NaN
0.288,0.4,-2.7116,55.139,NaN,NaN,NaN,NaN
0.288,0.384,-2.3608,55.185,NaN,NaN,NaN,NaN
0.288,0.368,-1.3027,54.283,NaN,NaN,NaN,NaN
0.288,0.352,-0.92562,53.134,NaN,NaN,NaN,NaN
0.288,0.336,-0.63902,51.482,NaN,NaN,NaN,NaN
0.288,0.32,0.10161,50.237,NaN,NaN,73092,73092
0.288,0.304,1.1428,49.404,NaN,NaN,98049,98049
0.288,0.288,0.79042,47.251,76831,-1.1727e+06,1.0882e+05,1.0882e+05
0.288,0.272,-0.15263,46.59,-39311,-1.019e+06,1.4637e+05,1.4637e+05
0.288,0.256,-0.93192,47.205,-2.0537e+05,-7.9238e+05,1.8267e+05,1.8267e+05
0.288,0.24,-2.5696,46.791,-3.1251e+05,-6.1913e+05,2.0881e+05,2.0881e+05
0.288,0.224,-2.9629,46.778,-3.3464e+05,-5.6822e+05,2.0385e+05,2.0385e+05
0.288,0.208,-2.1917,46.784,-2.2684e+05,-6.9249e+05,1.5282e+05,1.5282e+05
0.288,0.192,-2.0537,47.371,-31947,-8.9749e+05,1.1042e+05,1.1042e+05
0.288,0.176,-0.31789,47.245,99953,-9.5848e+05,74120,74120
0.288,0.16,-0.20875,47.996,1.134e+05,-7.893e+05,71764,71764
0.288,0.144,-1.6741,48.503,-11353,-4.0053e+05,77511,77511
0.288,0.128,-1.8321,50.295,-2.0448e+05,1.7986e+05,92839,92839
0.288,0.112,-3.0887,53.022,-4.2382e+05,8.2322e+05,98632,98632
0.288,0.096,-3.3792,55.571,-6.8458e+05,1.4035e+06,82671,82671
0.288,0.08,-3.5109,54.731,-8.3581e+05,1.6781e+06,53747,53747
0.288,0.064,-2.8405,54.617,-8.7961e+05,1.791e+06,32787,32787
0.288,0.048,-3.5288,54.228,-5.5666e+05,1.1793e+06,22414,22414
0.288,0.032,-2.7289,53.984,-2.6571e+05,6.1264e+05,11585,11585
0.288,0.016,-0.38032,52.128,0,0,3022.4,3022.4
0.304,0.496,0.78704,50.991,0,0,0,0
0.304,0.48,1.8379,46.109,0,0,0,0
0.304,0.464,2.5628,45.295,NaN,NaN,0,0
0.304,0.448,1.918,45.705,NaN,NaN,NaN,NaN
0.304,0.432,0.55396,47.136,NaN,NaN,NaN,NaN
0.304,0.416,0.092992,49.688,NaN,NaN,NaN,NaN
0.304,0.4,-0.11842,52.017,NaN,NaN,NaN,NaN
0.304,0.384,-0.03018,52.985,NaN,NaN,NaN,NaN
0.304,0.368,0.37215,53.453,NaN,NaN,NaN,NaN
0.304,0.352,-0.32208,55.264,NaN,NaN,NaN,NaN
0.304,0.336,-0.10273,55.813,NaN,NaN,NaN,NaN
0.304,0.32,0.56826,54.539,NaN,NaN,NaN,NaN
0.304,0.304,0.21885,53.813,NaN,NaN,42456,42456
0.304,0.288,0.012379,51.438,NaN,NaN,70907,70907
0.304,0.272,-0.81733,50.684,-2.5688e+05,-5.6144e+05,1.2708e+05,1.2708e+05
0.304,0.256,-1.5152,50.614,-5.019e+05,-2.8799e+05,1.683e+05,1.683e+05
0.304,0.24,-2.7375,49.937,-6.7386e+05,-21696,1.9261e+05,1.9261e+05
0.304,0.224,-3.8709,50.483,-7.2447e+05,20959,1.9166e+05,1.9166e+05
0.304,0.208,-4.1474,49.239,-6.5924e+05,-1.2023e+05,1.3325e+05,1.3325e+05
0.304,0.192,-4.0637,47.071,-4.1737e+05,-4.8227e+05,1.0066e+05,1.0066e+05
0.304,0.176,-1.4783,45.141,-1.9783e+05,-8.1423e+05,85659,85659
0.304,0.16,-0.5369,43.866,-80502,-9.9301e+05,1.1072e+05,1.1072e+05
0.304,0.144,0.24315,43.695,-51871,-9.0081e+05,1.0915e+05,1.0915e+05
0.304,0.128,0.80562,46.009,-82718,-4.8193e+05,89541,89541
0.304,0.112,0.67512,50.395,-84933,55711,73794,73794
0.304,0.096,0.37057,53.584,-1.6064e+05,5.2354e+05,54984,54984
0.304,0.08,-0.015724,57.977,-2.0117e+05,8.3318e+05,35967,35967
0.304,0.064,-0.34892,58.257,-2.7978e+05,1.1499e+06,21509,21509
0.304,0.048,-0.87459,61.582,-1.9264e+05,8.7034e+05,14936,14936
0.304,0.032,-0.34928,59.541,-1.1753e+05,5.0307e+05,8423.7,8423.7
0.304,0.016,0.62894,65.58,0,0,2382.2,2382.2
0.32,0.496,0.60637,48.135,0,0,0,0
0.32,0.48,1.8762,44.318,0,0,0,0
0.32,0.464,2.3891,43.095,NaN,NaN,0,0
0.32,0.448,2.3314,42.563,NaN,NaN,NaN,NaN
0.32,0.432,1.7936,43.22,NaN,NaN,NaN,NaN
0.32,0.416,1.9477,45.581,NaN,NaN,NaN,NaN
0.32,0.4,1.4343,47.456,NaN,NaN,NaN,NaN
0.32,0.384,1.2167,49.595,NaN,NaN,NaN,NaN
0.32,0.368,1.039,51.188,NaN,NaN,NaN,NaN
0.32,0.352,0.026554,53.127,NaN,NaN,NaN,NaN
0.32,0.336,-0.35195,55.877,NaN,NaN,NaN,NaN
0.32,0.32,-0.11753,56.909,NaN,NaN,NaN,NaN
0.32,0.304,-0.73561,57.369,NaN,NaN,1.16e+05,1.16e+05
0.32,0.288,-0.74835,56.474,NaN,NaN,87728,87728
0.32,0.272,-1.7092,55.544,NaN,NaN,1.2369e+05,1.2369e+05
0.32,0.256,-2.9771,53.753,-1.0582e+06,4.7314e+05,1.4504e+05,1.4504e+05
0.32,0.24,-4.4172,52.855,-1.0898e+06,5.7054e+05,1.6784e+05,1.6784e+05
0.32,0.224,-4.0417,50.769,-1.0215e+06,4.7259e+05,1.7297e+05,1.7297e+05
0.32,0.208,-3.5637,49.208,-9.2364e+05,2.422e+05,1.2916e+05,1.2916e+05
0.32,0.192,-4.2919,49.558,-7.2798e+05,-1.0392e+05,1.107e+05,1.107e+05
0.32,0.176,-1.8891,48.873,-5.5255e+05,-3.9847e+05,1.0026e+05,1.0026e+05
0.32,0.16,-0.34325,47.67,-4.0011e+05,-5.6267e+05,1.2104e+05,1.2104e+05
0.32,0.144,-0.29967,47.65,-2.5509e+05,-5.5542e+05,1.1302e+05,1.1302e+05
0.32,0.128,1.2016,49.159,-1.0418e+05,-3.0966e+05,86910,86910
0.32,0.112,1.9295,50.897,69308,19044,68589,68589
0.32,0.096,1.8022,51.441,1.8403e+05,2.6606e+05,42389,42389
0.32,0.08,1.1716,51.624,2.7228e+05,4.6234e+05,25540,25540
0.32,0.064,1.6334,54.885,2.7732e+05,7.8514e+05,11308,11308
0.32,0.048,0.62261,57.729,1.922e+05,6.6517e+05,11107,11107
0.32,0.032,1.0646,59.018,80148,4.1458e+05,6161.9,6161.9
0.32,0.016,2.006,62.33,0,0,2381.9,2381.9
0.336,0.496,0.33808,45.257,0,0,0,0
0.336,0.48,1.389,42.864,0,0,0,0
0.336,0.464,2.4464,41.53,NaN,NaN,0,0
0.336,0.448,3.7952,40.003,NaN,NaN,NaN,NaN
0.336,0.432,4.2029,39.534,NaN,NaN,NaN,NaN
0.336,0.416,4.272,42.022,NaN,NaN,NaN,NaN
0.336,0.4,3.4647,44.363,NaN,NaN,NaN,NaN
0.336,0.384,2.8942,46.197,NaN,NaN,NaN,NaN
0.336,0.368,1.6253,48.009,NaN,NaN,35828,35828
0.336,0.352,0.061779,49.169,NaN,NaN,44523,44523
0.336,0.336,-0.85091,50.874,NaN,NaN,51571,51571
0.336,0.32,-0.8263,52.587,NaN,NaN,72926,72926
0.336,0.304,-0.84022,53.589,NaN,NaN,86458,86458
0.336,0.288,-0.58222,54.165,-6.3342e+05,3.8148e+05,1.1039e+05,1.1039e+05
0.336,0.272,-1.7313,53.286,-8.4532e+05,5.1858e+05,1.0621e+05,1.0621e+05
0.336,0.256,-2.985,50.917,-1.1325e+06,6.4787e+05,1.192e+05,1.192e+05
0.336,0.24,-4.7159,48.975,-1.2693e+06,5.7536e+05,1.2793e+05,1.2793e+05
0.336,0.224,-4.2726,46.588,-1.1868e+06,4.1647e+05,1.5016e+05,1.5016e+05
0.336,0.208,-3.4583,45.559,-1.0399e+06,2.3248e+05,1.4372e+05,1.4372e+05
0.336,0.192,-2.8123,45.453,-8.4592e+05,1.3611e+05,1.4971e+05,1.4971e+05
0.336,0.176,-3.6038,47.224,-6.6916e+05,1.7481e+05,1.5063e+05,1.5063e+05
0.336,0.16,-2.2696,48.319,-4.7384e+05,2.8855e+05,1.5686e+05,1.5686e+05
0.336,0.144,-1.1892,48.713,-2.7783e+05,4.9859e+05,1.3348e+05,1.3348e+05
0.336,0.128,-0.32961,49.686,-78272,7.7959e+05,1.0547e+05,1.0547e+05
0.336,0.112,0.59156,50.813,1.3537e+05,9.6082e+05,83818,83818
0.336,0.096,1.062,49.354,2.8891e+05,8.9166e+05,44049,44049
0.336,0.08,1.4772,48.023,4.3025e+05,8.7932e+05,22230,22230
0.336,0.064,2.1343,48.833,5.0739e+05,1.0665e+06,4835.5,4835.5
0.336,0.048,2.0638,51.325,3.7709e+05,8.84e+05,13192,13192
0.336,0.032,3.2983,53.507,1.8568e+05,5.1714e+05,7493.1,7493.1
0.336,0.016,2.8773,57.557,0,0,3380.6,3380.6
0.352,0.496,1.1678,45.247,0,0,0,0
0.352,0.48,3.0823,41.936,0,0,0,0
0.352,0.464,4.7606,40.592,NaN,NaN,0,0
0.352,0.448,4.6946,38.911,NaN,NaN,NaN,NaN
0.352,0.432,4.1185,38.841,NaN,NaN,NaN,NaN
0.352,0.416,5.0209,39.88,NaN,NaN,NaN,NaN
0.352,0.4,3.8261,40.956,NaN,NaN,1.1506e+05,1.1506e+05
0.352,0.384,2.0924,42.025,NaN,NaN,1.1199e+05,1.1199e+05
0.352,0.368,1.1073,42.284,NaN,NaN,62934,62934
0.352,0.352,-0.57047,41.919,-1.7067e+05,-1.5982e+06,39219,39219
0.352,0.336,-0.5777,41.538,-1.2599e+05,-1.2487e+06,20114,20114
0.352,0.32,0.14539,42.759,-1.7206e+05,-9.8008e+05,29239,29239
0.352,0.304,-1.0696,44.901,-4.4024e+05,-4.7317e+05,49622,49622
0.352,0.288,-1.8776,45.333,-8.2495e+05,-27554,81891,81891
0.352,0.272,-1.7518,45.24,-1.177e+06,36984,74819,74819
0.352,0.256,-2.6985,44.366,-1.3441e+06,-1.6786e+05,74282,74282
0.352,0.24,-3.7635,43.498,-1.3583e+06,-6.4195e+05,76962,76962
0.352,0.224,-3.857,40.745,-1.1792e+06,-8.012e+05,1.1817e+05,1.1817e+05
0.352,0.208,-2.5874,40.305,-9.4679e+05,-6.4155e+05,1.5253e+05,1.5253e+05
0.352,0.192,-2.1696,42.205,-7.628e+05,-38033,1.7893e+05,1.7893e+05
0.352,0.176,-1.222,42.208,-6.4097e+05,5.9439e+05,1.839e+05,1.839e+05
0.352,0.16,-0.41783,44.683,-4.7752e+05,1.1838e+06,1.7355e+05,1.7355e+05
0.352,0.144,0.47401,46.246,-3.123e+05,1.6517e+06,1.5149e+05,1.5149e+05
0.352,0.128,0.98435,46.562,-1.2252e+05,1.9468e+06,1.354e+05,1.354e+05
0.352,0.112,1.0831,47.933,45460,1.884e+06,1.129e+05,1.129e+05
0.352,0.096,1.1926,47.725,2.2801e+05,1.704e+06,58424,58424
0.352,0.08,1.7592,46.315,4.4666e+05,1.8084e+06,25437,25437
0.352,0.064,2.9171,47.673,6.7872e+05,2.2977e+06,5025.9,5025.9
0.352,0.048,3.1788,49.445,5.3779e+05,1.8008e+06,19717,19717
0.352,0.032,3.9391,50.678,2.9594e+05,1.0159e+06,11416,11416
0.352,0.016,4.9438,51.224,0,0,5165.2,5165.2
0.368,0.496,1.7682,42.274,0,0,0,0
0.368,0.48,3.9313,38.93,0,0,0,0
0.368,0.464,4.9106,38.493,NaN,NaN,0,0
0.368,0.448,5.1912,37.158,NaN,NaN,1.0742e+05,1.0742e+05
0.368,0.432,5.0985,36.974,NaN,NaN,1.16e+05,1.16e+05
0.368,0.416,5.3988,36.061,NaN,NaN,1.2455e+05,1.2455e+05
0.368,0.4,4.1189,36.129,NaN,NaN,98384,98384
0.368,0.384,2.6925,35.913,6.5578e+05,-5.534e+05,74237,74237
0.368,0.368,2.2012,32.787,5.8914e+05,-1.4498e+05,34913,34913
0.368,0.352,1.7361,29.479,3.8559e+05,-2.98e+05,19932,19932
0.368,0.336,1.9806,29.556,2.031e+05,-1.3744e+05,11982,11982
0.368,0.32,1.6471,34.542,-19589,-1.2316e+05,16924,16924
0.368,0.304,0.87513,38.523,-3.6281e+05,-18183,29437,29437
0.368,0.288,-0.42523,38.524,-7.1403e+05,-80880,45750,45750
0.368,0.272,-2.1244,38.897,-9.7669e+05,-4.5847e+05,32453,32453
0.368,0.256,-5.2012,35.609,-1.1186e+06,-1.1946e+06,27720,27720
0.368,0.24,-6.2911,31.296,-1.1532e+06,-2.2666e+06,40085,40085
0.368,0.224,-5.1546,26.635,-1.0556e+06,-2.8397e+06,91801,91801
0.368,0.208,-3.2962,30.02,-8.684e+05,-2.1481e+06,1.4518e+05,1.4518e+05
0.368,0.192,-1.5531,34.377,-6.5396e+05,-6.5588e+05,1.8157e+05,1.8157e+05
0.368,0.176,0.19217,37.876,-4.5949e+05,9.3977e+05,2.0293e+05,2.0293e+05
0.368,0.16,0.30512,39.997,-2.2237e+05,2.0672e+06,1.9945e+05,1.9945e+05
0.368,0.144,1.6004,40.629,-51604,2.8028e+06,1.8864e+05,1.8864e+05
0.368,0.128,2.6805,41.546,89575,3.0011e+06,1.7861e+05,1.7861e+05
0.368,0.112,1.7508,42.859,1.9431e+05,2.8907e+06,1.4803e+05,1.4803e+05
0.368,0.096,0.61276,43.296,3.7566e+05,2.855e+06,85849,85849
0.368,0.08,1.862,42.973,7.0019e+05,3.3472e+06,41828,41828
0.368,0.064,3.9483,45.737,1.0751e+06,4.08e+06,22002,22002
0.368,0.048,4.7375,47.876,8.4227e+05,3.0161e+06,31778,31778
0.368,0.032,7.0756,49.193,4.6517e+05,1.6242e+06,19457,19457
0.368,0.016,7.5081,47.386,0,0,7478,7478
0.384,0.496,0.37063,34.074,0,0,0,0
0.384,0.48,1.6563,33.599,0,0,1058.9,1058.9
0.384,0.464,3.7501,33.285,NaN,NaN,6249.4,6249.4
0.384,0.448,4.7966,31.43,NaN,NaN,41500,41500
0.384,0.432,4.3439,30.275,4.3327e+05,-1.2757e+06,62175,62175
0.384,0.416,3.9344,27.505,2.0819e+05,-1.0996e+06,76232,76232
0.384,0.4,3.1941,25.833,86160,-1.0946e+06,66723,66723
0.384,0.384,3.7566,24.078,1.4991e+05,-5.2831e+05,52240,52240
0.384,0.368,3.0287,23.052,2.2515e+05,92121,23563,23563
0.384,0.352,3.5012,21.32,2.4346e+05,3.6951e+05,6888.5,6888.5
0.384,0.336,3.3953,21.977,1.3337e+05,5.1629e+05,-6759,6759
0.384,0.32,2.579,27.318,-17411,5.5552e+05,-7008.9,7008.9
0.384,0.304,1.5371,29.236,-3.0253e+05,4.4054e+05,3241.3,3241.3
0.384,0.288,-0.12806,27.212,-6.1336e+05,19841,11423,11423
0.384,0.272,-0.4598,19.872,-8.3186e+05,-9.9749e+05,9158.3,9158.3
0.384,0.256,-0.99241,14.699,-9.0682e+05,-2.1612e+06,11734,11734
0.384,0.24,-4.0725,13.925,-8.4157e+05,-3.2478e+06,37737,37737
0.384,0.224,-6.3312,13.053,-7.3419e+05,-3.4659e+06,85295,85295
0.384,0.208,-6.774,15.402,-5.4252e+05,-2.3781e+06,1.3509e+05,1.3509e+05
0.384,0.192,-1.7436,23.852,-3.0147e+05,-5.3716e+05,1.7122e+05,1.7122e+05
0.384,0.176,0.91285,27.599,-10159,1.2867e+06,1.974e+05,1.974e+05
0.384,0.16,2.0646,33.864,2.8193e+05,2.5298e+06,1.9966e+05,1.9966e+05
0.384,0.144,3.0923,36.481,3.7839e+05,3.2986e+06,1.9758e+05,1.9758e+05
0.384,0.128,3.0738,37.323,4.6157e+05,3.5313e+06,1.9984e+05,1.9984e+05
0.384,0.112,1.3807,37.514,4.4899e+05,3.2992e+06,1.7195e+05,1.7195e+05
0.384,0.096,1.3856,36.063,5.8532e+05,3.019e+06,1.183e+05,1.183e+05
0.384,0.08,3.8809,36.985,6.9409e+05,3.0722e+06,64033,64033
0.384,0.064,6.1625,39.957,1.0089e+06,3.9545e+06,43711,43711
0.384,0.048,7.8627,41.075,7.6537e+05,2.9723e+06,39220,39220
0.384,0.032,9.5522,38.502,4.7261e+05,1.8181e+06,23940,23940
0.384,0.016,6.4885,33.61,0,0,7902.4,7902.4
0.4,0.496,2.109,23.839,0,0,634.96,634.96
0.4,0.48,-0.82654,24.835,0,0,1949.6,1949.6
0.4,0.464,0.28684,21.83,71011,-7.6099e+05,6406.7,6406.7
0.4,0.448,0.21971,19.12,-86152,-7.2867e+05,26329,26329
0.4,0.432,0.95058,13.799,62313,-7.5138e+05,42210,42210
0.4,0.416,1.7434,10.652,19581,-6.6663e+05,55705,55705
0.4,0.4,1.5659,7.9502,-14591,-5.1943e+05,43243,43243
0.4,0.384,0.17045,10.372,-5953.6,-1.9606e+05,25035,25035
0.4,0.368,1.7553,15.635,78941,1.3768e+05,554.59,554.59
0.4,0.352,1.9631,16.88,2.8615e+05,5.9275e+05,-6696.5,6696.5
0.4,0.336,1.839,17.209,4.5229e+05,1.0587e+06,-8790.3,8790.3
0.4,0.32,1.2527,14.877,4.3041e+05,1.4577e+06,-10430,10430
0.4,0.304,0.8823,19.28,1.0787e+05,1.1986e+06,-4549.3,4549.3
0.4,0.288,-0.37222,18.268,-3.4254e+05,3.3927e+05,-9559.8,9559.8
0.4,0.272,-0.97264,11.888,-5.6536e+05,-1.1372e+06,-11972,11972
0.4,0.256,-1.7413,8.4427,-5.9668e+05,-2.3122e+06,1122.6,1122.6
0.4,0.24,-3.0895,6.3945,-5.0975e+05,-2.9124e+06,44288,44288
0.4,0.224,-3.912,6.3534,-4.2679e+05,-2.7371e+06,86575,86575
0.4,0.208,-3.3809,7.8131,-2.4217e+05,-1.77e+06,1.0981e+05,1.0981e+05
0.4,0.192,-0.61509,16.443,71594,-4.0561e+05,1.2707e+05,1.2707e+05
0.4,0.176,0.93699,19.244,4.379e+05,1.0906e+06,1.5817e+05,1.5817e+05
0.4,0.16,3.793,20.555,7.8891e+05,2.107e+06,1.862e+05,1.862e+05
0.4,0.144,5.0245,24.999,1.017e+06,2.7568e+06,2.0509e+05,2.0509e+05
0.4,0.128,1.8906,32.084,1.0606e+06,3.0481e+06,2.1566e+05,2.1566e+05
0.4,0.112,3.3375,29.721,1.0049e+06,3.0943e+06,1.9089e+05,1.9089e+05
0.4,0.096,2.4319,21.597,6.1391e+05,2.6109e+06,1.3807e+05,1.3807e+05
0.4,0.08,3.3795,18.444,5.6678e+05,2.7108e+06,78555,78555
0.4,0.064,0.44956,21.89,6.1013e+05,3.1561e+06,52667,52667
0.4,0.048,-0.095841,33.431,6.047e+05,2.5972e+06,39822,39822
0.4,0.032,-0.84019,35.917,3.3775e+05,1.4579e+06,22488,22488
0.4,0.016,0.19357,34.178,0,0,6484.7,6484.7
0.416,0.496,1.0079,16.278,0,0,1269.9,1269.9
0.416,0.48,0.76926,14.908,0,0,2292.5,2292.5
0.416,0.464,-0.030119,11.435,3.7129e+05,-94575,5677.5,5677.5
0.416,0.448,1.8266,9.3964,27687,-3.3434e+05,8641.5,8641.5
0.416,0.432,2.8851,5.7375,58337,-4.3283e+05,12320,12320
0.416,0.416,2.1346,3.9213,-25682,-4.9826e+05,14961,14961
0.416,0.4,0.62525,1.5359,-4850,-2.8693e+05,12888,12888
0.416,0.384,0.66247,6.6214,-40807,32831,8279.2,8279.2
0.416,0.368,-0.82875,6.0582,32034,3.8949e+05,-163.15,163.15
0.416,0.352,0.95814,5.3327,4.9854e+05,9.1274e+05,-6280.3,6280.3
0.416,0.336,3.7423,9.5096,8.6411e+05,1.3249e+06,-14465,14465
0.416,0.32,6.304,12.55,9.2304e+05,1.7299e+06,-16964,16964
0.416,0.304,4.2077,14.499,3.3567e+05,1.4248e+06,-20413,20413
0.416,0.288,-0.2665,14.809,-3.3902e+05,5.1116e+05,-20264,20264
0.416,0.272,-2.6431,10.956,-6.5438e+05,-8.8282e+05,-18884,18884
0.416,0.256,-4.0728,7.9842,-5.8697e+05,-1.6705e+06,8251.3,8251.3
0.416,0.24,-4.3206,7.1539,-3.573e+05,-1.6218e+06,57338,57338
0.416,0.224,-3.523,6.0404,-1.6835e+05,-1.0071e+06,97212,97212
0.416,0.208,-2.3681,6.4584,31984,-4.5422e+05,93556,93556
0.416,0.192,-1.2183,9.1746,3.0562e+05,-13195,81006,81006
0.416,0.176,1.7627,12.398,6.5876e+05,6.2302e+05,94677,94677
0.416,0.16,2.7525,14.639,9.9977e+05,1.2736e+06,1.119e+05,1.119e+05
0.416,0.144,4.5304,16.001,1.3371e+06,2.0422e+06,1.5713e+05,1.5713e+05
0.416,0.128,6.7346,17.909,-2.1384e+06,6.6393e+06,1.8841e+05,1.8841e+05
0.416,0.112,6.3666,16.079,-1.845e+06,6.0375e+06,1.9613e+05,1.9613e+05
0.416,0.096,4.985,17.032,-2.1302e+06,5.08e+06,1.4183e+05,1.4183e+05
0.416,0.08,1.992,8.1226,1.5915e+05,1.4062e+06,79439,79439
0.416,0.064,0.98655,29.566,-2.8677e+05,1.2875e+06,51821,51821
0.416,0.048,-3.4671,30.939,-1.3907e+05,9.9808e+05,36371,36371
0.416,0.032,-5.684,33.045,-98121,6.0485e+05,17466,17466
0.416,0.016,-5.7401,30.097,0,0,4066.6,4066.6
0.432,0.496,1.2346,9.4605,0,0,1904.9,1904.9
0.432,0.48,3.593,9.9812,0,0,2076.2,2076.2
0.432,0.464,5.2388,9.8213,3.8831e+05,1.5715e+05,2720,2720
0.432,0.448,4.3129,8.5152,1.6013e+05,-54675,2308.9,2308.9
0.432,0.432,2.7478,5.0759,1.4513e+05,-1.1662e+05,4507.7,4507.7
0.432,0.416,2.4506,2.2363,2.1276e+05,-2.1335e+05,6906.8,6906.8
0.432,0.4,0.45579,-0.16901,1.8791e+05,42970,5466.8,5466.8
0.432,0.384,0.081725,4.2451,1.6565e+05,2.3612e+05,1891.4,1891.4
0.432,0.368,0.065889,4.5393,2.1744e+05,4.3801e+05,-3992.4,3992.4
0.432,0.352,1.6597,6.7666,7.9139e+05,6.3459e+05,-9852.4,9852.4
0.432,0.336,5.7192,10.147,1.3071e+06,1.0223e+06,-17909,17909
0.432,0.32,6.532,10.184,1.3895e+06,1.4661e+06,-25052,25052
0.432,0.304,3.4095,11.494,6.4597e+05,1.3194e+06,-30264,30264
0.432,0.288,-0.62118,11.264,-1.9112e+05,5.1144e+05,-30636,30636
0.432,0.272,-2.498,8.193,-6.4276e+05,-5.8363e+05,-24901,24901
0.432,0.256,-2.8387,6.8437,-5.0999e+05,-1.1193e+06,-2231.7,2231.7
0.432,0.24,-2.7528,7.5188,-2.3336e+05,-8.5389e+05,39060,39060
0.432,0.224,-3.8852,8.9906,-34155,-4.0223e+05,75069,75069
0.432,0.208,-3.3057,8.0511,1.9016e+05,-1.7826e+05,71431,71431
0.432,0.192,-2.3724,5.0839,4.305e+05,-2.6424e+05,59679,59679
0.432,0.176,-1.502,3.7489,5.8678e+05,35261,54626,54626
0.432,0.16,1.7452,12.304,3.2075e+06,1.0005e+06,71005,71005
0.432,0.144,16.345,-1.4148,3.7953e+06,1.7719e+06,1.3375e+05,1.3375e+05
0.432,0.128,18.434,-2.0918,3.3981e+05,7.0828e+06,1.8076e+05,1.8076e+05
0.432,0.112,9.6635,5.951,-2.8885e+06,6.5901e+06,1.8949e+05,1.8949e+05
0.432,0.096,4.0128,15.924,-3.6519e+06,6.3568e+06,1.2156e+05,1.2156e+05
0.432,0.08,-2.3803,25.499,-3.992e+05,2.1338e+06,63920,63920
0.432,0.064,-3.8492,21.94,-7.6602e+05,2.2276e+06,40712,40712
0.432,0.048,-10.204,31.646,-4.8442e+05,1.7747e+06,29137,29137
0.432,0.032,-10.715,28.439,-1.1829e+05,7.5176e+05,13049,13049
0.432,0.016,-13.254,28.091,0,0,3138.5,3138.5
0.448,0.496,0.75832,5.7866,0,0,1479.6,1479.6
0.448,0.48,2.0759,7.496,-87867,15966,1198.3,1198.3
0.448,0.464,4.0301,7.6168,1.7712e+05,3.1605e+05,993.55,993.55
0.448,0.448,4.4289,6.6681,1.2381e+05,1.8025e+05,-340.2,340.2
0.448,0.432,4.1887,4.1354,1.4076e+05,1.195e+05,1121.1,1121.1
0.448,0.416,3.5014,1.1611,1.2136e+05,7596.1,3085.6,3085.6
0.448,0.4,2.4465,-0.01855,-10578,84835,2258.1,2258.1
0.448,0.384,-1.7836,1.9088,2.8691e+05,2.4579e+05,-2471.6,2471.6
0.448,0.368,-0.82786,3.4663,4.6997e+05,4.0066e+05,-10076,10076
0.448,0.352,1.944,5.441,9.1699e+05,5.3588e+05,-14711,14711
0.448,0.336,6.3342,3.3079,9.1406e+05,4.7019e+05,-20037,20037
0.448,0.32,5.621,4.5486,1.0503e+06,8.5387e+05,-24285,24285
0.448,0.304,3.9119,4.8607,5.5724e+05,6.7922e+05,-32391,32391
0.448,0.288,0.27024,4.8639,52875,3.2196e+05,-30306,30306
0.448,0.272,-2.0497,4.3813,-7.4081e+05,-7.1863e+05,-22882,22882
0.448,0.256,-1.3795,4.179,-1.0485e+06,-1.7895e+06,870.29,870.29
0.448,0.24,-3.1978,6.3343,-1.3019e+06,-2.3792e+06,34227,34227
0.448,0.224,-2.3235,7.8781,-8.8528e+05,-1.9466e+06,64652,64652
0.448,0.208,-1.6648,6.7794,-3.395e+05,-1.0838e+06,46347,46347
0.448,0.192,0.053719,4.5729,2.8084e+06,-4.5968e+06,19276,19276
0.448,0.176,1.2661,2.4773,3.7506e+06,-7.2719e+06,12301,12301
0.448,0.16,0.030753,6.0948,7.6124e+06,-8.3811e+06,39678,39678
0.448,0.144,8.2206,9.3996,2.3753e+06,-1.8544e+06,1.1024e+05,1.1024e+05
0.448,0.128,-1.5579,16.236,-3.5144e+06,8.5272e+06,1.4312e+05,1.4312e+05
0.448,0.112,14.636,-4.3863,-6.1157e+06,6.4246e+06,1.5208e+05,1.5208e+05
0.448,0.096,17.192,21.117,-4.753e+06,6.5655e+06,1.0142e+05,1.0142e+05
0.448,0.08,12.442,27.468,-1.5832e+06,2.5072e+06,62370,62370
0.448,0.064,-12.81,68.515,-2.1406e+06,2.3838e+06,44147,44147
0.448,0.048,3.0576,32.72,-1.0422e+06,9.6302e+05,28403,28403
0.448,0.032,-5.201,24.274,-4.8643e+05,3.1103e+05,13794,13794
0.448,0.016,-54.625,7.0664,0,0,3660.1,3660.1
0.464,0.496,2.4639,6.5203,0,0,991.18,991.18
0.464,0.48,0.71495,3.7153,-1.339e+05,13203,794.09,794.09
0.464,0.464,1.5424,3.6136,-8660.7,1.003e+05,373.98,373.98
0.464,0.448,1.7174,2.6124,67039,1.4991e+05,-543.62,543.62
0.464,0.432,1.8061,2.3534,-2081.9,1.3696e+05,987.88,987.88
0.464,0.416,0.28532,3.8829,-1.3589e+05,1.6351e+05,4053.7,4053.7
0.464,0.4,-3.4271,3.2506,-4.5887e+05,95315,3385.6,3385.6
0.464,0.384,-4.6351,2.0594,1.8701e+05,2.7555e+05,-2020.1,2020.1
0.464,0.368,1.0498,3.7926,5.2908e+05,2.5158e+05,-11382,11382
0.464,0.352,0.45573,1.612,9.0047e+05,3.1339e+05,-14997,14997
0.464,0.336,-0.88895,-0.55123,4.3807e+05,-4370.2,-16278,16278
0.464,0.32,-1.3556,-4.2469,4.4536e+05,1.3347e+05,-17463,17463
0.464,0.304,2.1233,0.74851,2.5985e+05,1.8232e+05,-22548,22548
0.464,0.288,1.1733,0.96821,-2.6244e+05,-84279,-26008,26008
0.464,0.272,-1.731,0.39003,-1.4006e+06,-1.4292e+06,-23524,23524
0.464,0.256,-12.596,13.828,-2.0088e+06,-2.8142e+06,-13846,13846
0.464,0.24,-20.815,12.487,-3.574e+06,-4.1714e+06,6871.4,6871.4
0.464,0.224,-21.132,14.457,-2.964e+06,-3.3421e+06,35704,35704
0.464,0.208,-4.7343,6.6448,-2.2917e+06,-2.2658e+06,24093,24093
0.464,0.192,-3.0694,6.0198,4.1512e+06,-6.6523e+06,13150,13150
0.464,0.176,10.714,-8.3437,5.4544e+06,-1.0809e+07,27258,27258
0.464,0.16,3.3448,-5.9511,1.0474e+07,-1.1714e+07,69091,69091
0.464,0.144,182.58,-185.31,2.6784e+06,-2.397e+06,1.1742e+05,1.1742e+05
0.464,0.128,-75.25,72.978,1.2631e+06,2.5106e+06,1.0752e+05,1.0752e+05
0.464,0.112,0.81781,0.57155,-2.1743e+06,7.5985e+05,91710,91710
0.464,0.096,0.69861,0.80692,1.2004e+06,-3.3143e+05,60723,60723
0.464,0.08,-32.828,59.353,6.3221e+05,8.6582e+05,43638,43638
0.464,0.064,-116.65,129.88,-1.3795e+06,3.4401e+06,37051,37051
0.464,0.048,-12.818,10.239,-1.9574e+06,2.7217e+06,22239,22239
0.464,0.032,23.109,7.0067,-1.1744e+06,1.5069e+06,11698,11698
0.464,0.016,-8.8324,13.195,0,0,3492.7,3492.7
0.48,0.496,11.277,14.57,0,0,401.25,401.25
0.48,0.48,7.1534,2.2249,-95643,9430.7,235.07,235.07
0.48,0.464,2.8672,3.2543,-66519,-22725,-80.288,80.288
0.48,0.448,2.1193,1.8054,-34857,21104,-700.8,700.8
0.48,0.432,0.68185,2.6222,-1.4998e+05,58684,-90.399,90.399
0.48,0.416,-3.4742,3.4185,-4.1775e+05,1.7831e+05,2394.7,2394.7
0.48,0.4,-3.9656,2.8445,-6.8035e+05,1.3028e+05,1777.5,1777.5
0.48,0.384,-7.1491,2.8009,-13207,2.4558e+05,-2235.5,2235.5
0.48,0.368,-0.88554,4.9222,3.4951e+05,1.1966e+05,-10130,10130
0.48,0.352,2.0999,1.4687,5.8964e+05,1.717e+05,-13157,13157
0.48,0.336,0.079846,-0.63658,-10600,-2.3711e+05,-13807,13807
0.48,0.32,-1.9404,-1.3662,-16725,-2.4038e+05,-11657,11657
0.48,0.304,-5.2164,-4.7566,10203,-1.6502e+05,-13467,13467
0.48,0.288,-1.9269,3.474,-2.8196e+05,-2.0969e+05,-14233,14233
0.48,0.272,-16.51,17.841,-1.2607e+06,-1.2537e+06,-21893,21893
0.48,0.256,-23.848,13.163,-1.9377e+06,-2.5575e+06,-18676,18676
0.48,0.24,-113.19,134.79,-3.5805e+06,-4.0614e+06,-3156.5,3156.5
0.48,0.224,-71.172,-8.8181,-2.9916e+06,-3.2975e+06,26762,26762
0.48,0.208,-98.657,-73.813,-2.4288e+06,-2.2005e+06,9790.5,9790.5
0.48,0.192,-67.532,97.981,3.8715e+06,-6.3516e+06,-12727,12727
0.48,0.176,-46.788,176.59,5.2004e+06,-1.0549e+07,6083.4,6083.4
0.48,0.16,-242.13,199.19,6.2454e+06,-1.2572e+07,44229,44229
0.48,0.144,147.19,-215.02,-1.4522e+06,-3.7747e+06,75265,75265
0.48,0.128,36.024,-32.795,-2.3705e+06,9.6394e+05,46114,46114
0.48,0.112,2.1135,-0.55359,-1.6693e+06,3.7927e+05,34550,34550
0.48,0.096,2.4478,-0.70471,8.0025e+05,-2.2095e+05,28853,28853
0.48,0.08,2.622,31.277,8.9902e+05,-1.6579e+05,29504,29504
0.48,0.064,316.16,327.97,-8.1884e+05,1.3683e+06,28526,28526
0.48,0.048,-5.6081,23.429,-1.5938e+06,1.1413e+06,17457,17457
0.48,0.032,-10.17,14.271,-1.2396e+06,8.8769e+05,8463.7,8463.7
0.48,0.016,1.9051,-0.69706,0,0,2287.5,2287.5
0.496,0.496,-55.887,-61.639,0,0,202.65,202.65
0.496,0.48,-4.4415,0.90051,-39754,269.15,227.66,227.66
0.496,0.464,-2.446,2.0186,-10027,-23855,145.7,145.7
0.496,0.448,-1.6911,3.9669,-5257.1,6389.2,-115.85,115.85
0.496,0.432,-3.748,3.2588,-1.2517e+05,14769,282.81,282.81
0.496,0.416,-19.436,18.028,-2.9095e+05,83361,1304.6,1304.6
0.496,0.4,-29.102,-8.2256,-4.4341e+05,69836,840.43,840.43
0.496,0.384,-4.1184,0.95086,-63205,1.536e+05,-1405.1,1405.1
0.496,0.368,-10.504,1.225,1.5189e+05,85815,-5095.3,5095.3
0.496,0.352,0.41357,-0.61449,3.8621e+05,1.4263e+05,-6670.3,6670.3
0.496,0.336,2.6048,9.2267,76665,-7274.3,-5917.4,5917.4
0.496,0.32,-19.605,-37.646,-68021,-2.0357e+05,-4224.7,4224.7
0.496,0.304,-4.6713,-0.94268,-1.6471e+05,-1.2514e+05,-3753.6,3753.6
0.496,0.288,-13.594,7.4165,-5.005e+05,-2.85e+05,-5084.4,5084.4
0.496,0.272,-23.045,22.194,-9.6311e+05,-8.8434e+05,-13078,13078
0.496,0.256,-92.115,99.713,-1.0709e+06,-1.1629e+06,-16176,16176
0.496,0.24,-13.549,16.521,-2.2008e+06,-1.7637e+06,-9716.3,9716.3
0.496,0.224,-51.78,-57.704,-1.8318e+06,-9.6613e+05,10159,10159
0.496,0.208,-37.301,13.857,-1.8318e+06,-9.6613e+05,9751.9,9751.9
0.496,0.192,-40.867,4.459,0,0,5230,5230
0.496,0.176,-99.991,69.557,0,0,19622,19622
0.496,0.16,-33.036,260.64,0,0,27459,27459
0.496,0.144,282.51,-648.62,0,0,34428,34428
0.496,0.128,0.30083,0.66647,49021,-6337.3,10986,10986
0.496,0.112,-0.4345,0.46057,1.4906e+05,-3.3311e+05,4916.3,4916.3
0.496,0.096,-0.61543,-1.3397,1.466e+06,-7.8195e+05,1581.7,1581.7
0.496,0.08,-8.4288,45.985,1.6063e+06,-8.7415e+05,4455.5,4455.5
0.496,0.064,-18.218,323.84,5.1966e+05,6.678e+05,10120,10120
0.496,0.048,2.0691,63.029,-9.8052e+05,1.2144e+06,7596.3,7596.3
0.496,0.032,-155.44,-59.453,-8.7157e+05,1.0795e+06,2944.7,2944.7
0.496,0.016,-52.806,91.931,0,0,651.77,651.77
