0.016,0.496,-0.75362,2.8469,-8350.2,-38421,398.55,398.55
0.016,0.48,-1.5004,3.1539,2486.4,-66015,467.47,467.47
0.016,0.464,-1.6324,2.6478,-18012,-50841,1784.7,1784.7
0.016,0.448,0.96676,0.84338,-7693,-18572,-1391.3,1391.3
0.016,0.432,0.72394,3.3269,-34252,4709.4,-7234.4,7234.4
0.016,0.416,4.2131,0.47188,-23435,-10455,-13257,13257
0.016,0.4,2.7509,-0.031515,-30027,-3256.2,-16371,16371
0.016,0.384,4.428,-0.4456,-16103,1290.5,-14894,14894
0.016,0.368,6.1501,-1.1823,-6581.9,294.97,-14625,14625
0.016,0.352,4.111,0.049144,-4932.3,-623.8,-15441,15441
0.016,0.336,6.0495,-0.07074,-3536.4,-497.63,-12556,12556
0.016,0.32,3.4754,0.46244,-2114.4,-1004.2,-8093.2,8093.2
0.016,0.304,0.090493,0.70648,-1896.3,-1449.4,-505.14,505.14
0.016,0.288,0.49659,-0.20405,-4042.9,-940.8,1350,1350
0.016,0.272,1.4451,-1.1958,-5462.6,2136.5,1359.8,1359.8
0.016,0.256,0.39957,0.44282,-5981.7,3405.9,1230.1,1230.1
0.016,0.24,2.7611,1.6038,-20302,1970.9,1774.3,1774.3
0.016,0.224,7.355,0.54067,-21347,883.75,2275.9,2275.9
0.016,0.208,6.2768,-0.036225,-15143,778.18,1679,1679
0.016,0.192,0.7054,0.23678,5816.4,742.98,318.11,318.11
0.016,0.176,-0.89626,-0.70277,7534.4,1709,-855.73,855.73
0.016,0.16,-0.60259,-1.0817,5581.8,6107.4,-1131.7,1131.7
0.016,0.144,-0.96191,0.73025,1650,6891.4,-558.59,558.59
0.016,0.128,2.1044,-1.7685,718.14,5769.5,218.93,218.93
0.016,0.112,5.7808,-0.013758,-9827.4,-14235,787.24,787.24
0.016,0.096,1.4597,4.6405,-16408,-14396,680.23,680.23
0.016,0.08,5.9618,-0.86015,-16716,-15374,668.9,668.9
0.016,0.064,7.2768,0.091791,27819,-59941,660.59,660.59
0.016,0.048,1.7683,0.021205,34241,-59962,624.6,624.6
0.016,0.032,2.3898,0.38982,34966,-59327,400.9,400.9
0.016,0.016,0.88467,0.08387,0,0,149.77,149.77
0.032,0.496,0.64494,5.1628,-9394,-43223,396.78,396.78
0.032,0.48,0.19711,2.9628,-5543.4,-94026,451.38,451.38
0.032,0.464,0.97579,0.93289,-47461,-52281,684.95,684.95
0.032,0.448,-0.24135,2.1638,-11049,-31818,315.67,315.67
0.032,0.432,0.18641,1.5676,-35592,12537,139.5,139.5
0.032,0.416,-0.46778,-0.50848,-20065,-20952,-488.57,488.57
0.032,0.4,-0.41342,-0.062883,-61857,-1950.1,-722.75,722.75
0.032,0.384,-0.22126,0.31679,-38656,-2121.5,-639.77,639.77
0.032,0.368,-0.058544,0.081263,-16631,-10470,-272.92,272.92
0.032,0.352,0.080847,-0.049877,-1078.6,-2423.2,-28.949,28.949
0.032,0.336,-0.082597,0.26428,-8432.4,4166.6,-12.448,12.448
0.032,0.32,0.006705,-0.16025,-12394,7494.4,-25.047,25.047
0.032,0.304,-0.055581,-0.38375,-10106,5372.3,122.56,122.56
0.032,0.288,-0.41926,-0.21614,-4503,3730.2,228.55,228.55
0.032,0.272,-0.22078,-0.35573,-4230.4,10220,80.274,80.274
0.032,0.256,-0.077811,0.15729,-12370,703.23,-340.5,340.5
0.032,0.24,-0.47646,0.61477,-35851,-1757.5,-693.69,693.69
0.032,0.224,-0.30975,-0.14459,-36244,-5358.6,-714.51,714.51
0.032,0.208,0.22748,-0.48454,-19895,-7707,-406.82,406.82
0.032,0.192,0.6285,-0.23842,1791.4,4202.7,-72.238,72.238
0.032,0.176,0.44849,-0.15604,-3000.8,6224.5,94.757,94.757
0.032,0.16,-0.074155,0.16357,-15939,16616,-32.166,32.166
0.032,0.144,-0.4975,0.46654,-22633,6843.9,-269.77,269.77
0.032,0.128,-0.0081787,-0.22802,-22050,3752.4,-521.79,521.79
0.032,0.112,-0.02907,0.026577,-41051,-21286,-701.86,701.86
0.032,0.096,-0.56949,0.060215,-52783,-31565,-747.24,747.24
0.032,0.08,-0.1695,0.022743,-34599,-34026,-457.57,457.57
0.032,0.064,0.16343,-0.060794,30323,-61495,39.54,39.54
0.032,0.048,2.2881,-0.69407,50214,-54867,381.52,381.52
0.032,0.032,1.5918,2.6111,40029,-52822,349.03,349.03
0.032,0.016,0.46201,-3.641,0,0,161.49,161.49
0.048,0.496,0.75963,4.648,-10736,-49398,529.02,529.02
0.048,0.48,0.53062,3.4068,-34260,-1.0966e+05,1008.7,1008.7
0.048,0.464,0.038847,2.2937,-66857,-1.04e+05,1774.2,1774.2
0.048,0.448,-0.63719,3.3405,-27111,-61005,1976.9,1976.9
0.048,0.432,0.67585,1.8928,-32651,-16726,1959.5,1959.5
0.048,0.416,-0.38008,1.4309,-26786,-18341,1238.3,1238.3
0.048,0.4,-1.5088,0.13324,-63480,-6762.6,620.29,620.29
0.048,0.384,-1.4313,-0.22222,-35397,-4118.9,930.07,930.07
0.048,0.368,-0.2286,0.54068,-13575,-14990,1286.3,1286.3
0.048,0.352,0.099714,0.01738,4006.8,-4852.5,1605.7,1605.7
0.048,0.336,-0.36776,-0.2085,-3576.4,890.64,1088.4,1088.4
0.048,0.32,-0.79408,0.15067,-7158.1,8349.2,1088.9,1088.9
0.048,0.304,-0.76329,-0.47494,7944.7,-7814.9,1264.3,1264.3
0.048,0.288,-0.19112,-0.27282,47744,-38761,1393.2,1393.2
0.048,0.272,-0.066267,0.0023407,54807,-32075,729.83,729.83
0.048,0.256,-0.88917,0.51806,35112,-27682,-263.68,263.68
0.048,0.24,-1.0472,-0.60711,-23928,-1113.3,-912.5,912.5
0.048,0.224,-0.69194,-0.63874,-33891,-7635.2,-860.33,860.33
0.048,0.208,0.033696,-1.099,-19297,-9221,-391.19,391.19
0.048,0.192,0.35672,-1.0324,1466.6,4282.5,-135.67,135.67
0.048,0.176,-0.31882,0.96071,-1812.5,8526.1,26.822,26.822
0.048,0.16,-1.1899,0.11583,-13156,17219,-66.904,66.904
0.048,0.144,-1.3387,-0.17451,-14995,5167.5,-301.25,301.25
0.048,0.128,-1.19,0.16219,-15135,1777.3,-677.73,677.73
0.048,0.112,-1.1001,-0.27343,-34495,-16340,-951.14,951.14
0.048,0.096,-1.2947,-0.96432,-49672,-29509,-769.74,769.74
0.048,0.08,-0.36189,-0.71372,-23903,-38513,-417.99,417.99
0.048,0.064,1.2387,0.41951,-36533,-9602.8,52.52,52.52
0.048,0.048,0.6352,1.599,-17702,698.78,185.97,185.97
0.048,0.032,-0.50199,4.6781,-35905,9310.5,206.39,206.39
0.048,0.016,-0.72726,-5.8314,0,0,122.96,122.96
0.064,0.496,1.3707,4.9583,0,0,328.31,328.31
0.064,0.48,1.2998,3.4288,-44536,-68521,748.42,748.42
0.064,0.464,0.26785,3.5808,-54611,-1.0445e+05,1862.7,1862.7
0.064,0.448,1.3211,2.254,-48712,-97088,2868.5,2868.5
0.064,0.432,0.65355,2.1955,-23401,-54165,3895.7,3895.7
0.064,0.416,-0.35865,0.79919,-28127,-24527,3922.7,3922.7
0.064,0.4,-0.79837,-0.0085901,-42594,-8904.1,3516.6,3516.6
0.064,0.384,-0.25106,-0.30004,-32371,-28767,2941.3,2941.3
0.064,0.368,0.31561,0.51318,-11378,-62983,2893.3,2893.3
0.064,0.352,-0.054265,0.0075927,6305.7,3529.6,2974.5,2974.5
0.064,0.336,-0.36604,-0.2577,-4133.2,35033,3094.6,3094.6
0.064,0.32,-0.43998,0.00091428,-41578,40331,3256.6,3256.6
0.064,0.304,-0.29401,0.090459,20598,-52054,3633.1,3633.1
0.064,0.288,0.23716,-0.2805,-99991,1.0975e+05,3590,3590
0.064,0.272,0.76658,-0.26441,-1.1442e+05,1.2522e+05,2632.1,2632.1
0.064,0.256,0.42808,0.019728,-1.6461e+05,1.6034e+05,1208.8,1208.8
0.064,0.24,-0.10288,-0.19682,-44585,-9592.1,62.813,62.813
0.064,0.224,0.13298,0.10809,-4910.1,-1235.1,-307.28,307.28
0.064,0.208,0.3405,-0.16239,-9132.1,-17647,-293.85,293.85
0.064,0.192,-0.081681,-0.12683,-12852,-5940.7,-266.46,266.46
0.064,0.176,-0.054489,0.32812,-18585,-9533.7,-236.41,236.41
0.064,0.16,0.038677,-0.24866,-24099,-1695.9,-198.78,198.78
0.064,0.144,-0.10605,-0.31112,-27263,-12015,-201.24,201.24
0.064,0.128,0.35783,-0.0056655,-17686,-3652.1,-305.06,305.06
0.064,0.112,0.10763,0.10557,-34125,239.01,-448.78,448.78
0.064,0.096,-0.79404,-0.024938,-27485,-22722,-8.2442,8.2442
0.064,0.08,0.67867,-0.22498,-24436,12927,487.78,487.78
0.064,0.064,0.77116,0.67017,-88133,1.0006e+05,830.71,830.71
0.064,0.048,-2.4656,3.315,-82728,1.2087e+05,593.89,593.89
0.064,0.032,-1.5892,2.8092,-86967,79861,263.43,263.43
0.064,0.016,-1.0445,-2.9288,0,0,12.521,12.521
0.08,0.496,1.7416,7.2279,0,0,398.98,398.98
0.08,0.48,2.2808,3.9923,-50658,-98590,689.32,689.32
0.08,0.464,2.0999,3.8483,-62970,-1.7875e+05,1661.7,1661.7
0.08,0.448,1.7258,3.5973,-78136,-1.7464e+05,2757.6,2757.6
0.08,0.432,0.43253,2.6212,-59939,-1.4692e+05,4434.8,4434.8
0.08,0.416,-0.018814,1.0791,-63435,-1.1758e+05,5663.4,5663.4
0.08,0.4,-1.1417,0.46804,-44260,-81334,5765.9,5765.9
0.08,0.384,-0.52426,-0.8464,-47317,-42071,5566.4,5566.4
0.08,0.368,0.55036,-0.57672,-33915,-44433,4650.8,4650.8
0.08,0.352,0.91346,-0.76193,-20737,6383,4747.7,4747.7
0.08,0.336,0.19989,2.5082,-1718.6,-2228,4747.8,4747.8
0.08,0.32,-0.76851,0.57117,-20268,6593.7,5523.3,5523.3
0.08,0.304,-0.5279,-1.5139,36105,-56131,5555,5555
0.08,0.288,2.0796,0.018896,-93802,1.1785e+05,4780.5,4780.5
0.08,0.272,-7.7327,8.6548,-1.1383e+05,1.1137e+05,2978.2,2978.2
0.08,0.256,-2.2737,-0.45368,-1.6585e+05,1.5567e+05,1261.1,1261.1
0.08,0.24,-0.29874,0.87319,-52474,-5846.1,177.74,177.74
0.08,0.224,0.055982,0.72409,-18210,20332,-335.5,335.5
0.08,0.208,0.34431,0.8625,-10139,54282,-584.77,584.77
0.08,0.192,0.32211,0.82533,461.62,27127,-960.86,960.86
0.08,0.176,0.24871,0.60749,-6975.8,19699,-781.67,781.67
0.08,0.16,-0.49302,-0.684,-16660,-34772,-401.37,401.37
0.08,0.144,-0.80318,-0.41837,-12593,-14916,-16.345,16.345
0.08,0.128,-1.0244,0.082227,4377.1,-3207.3,385.05,385.05
0.08,0.112,0.023285,0.95472,9547.3,-11641,750.37,750.37
0.08,0.096,-0.32545,-0.9833,23370,-45688,1557.7,1557.7
0.08,0.08,1.0804,-0.77991,3807.7,-1583.9,1876.4,1876.4
0.08,0.064,-0.021166,2.4116,-1.0215e+05,1.2107e+05,1787.1,1787.1
0.08,0.048,-0.83592,2.5342,-1.1449e+05,1.5731e+05,1253.3,1253.3
0.08,0.032,-2.3317,3.6631,-1.0184e+05,1.0687e+05,608.55,608.55
0.08,0.016,-1.577,-0.32196,0,0,192.72,192.72
0.096,0.496,2.2798,6.9563,0,0,438.89,438.89
0.096,0.48,2.6908,4.3128,-28261,-1.0328e+05,420.76,420.76
0.096,0.464,1.6673,4.2807,-88948,-1.3383e+05,1101.8,1101.8
0.096,0.448,1.3826,4.3194,-67839,-2.0204e+05,1713.5,1713.5
0.096,0.432,2.8559,2.3558,-52630,-2.0512e+05,3699.1,3699.1
0.096,0.416,2.3104,2.0271,-7683.3,-2.7003e+05,4336.8,4336.8
0.096,0.4,1.6449,0.14463,-8576.6,-2.5196e+05,4233.3,4233.3
0.096,0.384,1.8064,0.69731,-25693,-2.0443e+05,3131,3131
0.096,0.368,0.72798,2.2499,-5292,-1.5254e+05,2588,2588
0.096,0.352,0.27928,2.4765,-24991,-19844,2972.6,2972.6
0.096,0.336,0.29495,0.93641,-2599.3,-3344.5,3880.9,3880.9
0.096,0.32,-0.16287,0.48723,-52555,26878,4788.9,4788.9
0.096,0.304,-0.054087,1.4832,27543,-32843,4424.6,4424.6
0.096,0.288,-0.38602,1.6624,-1.2948e+05,1.6425e+05,2987.1,2987.1
0.096,0.272,-0.23055,1.4107,-1.5248e+05,1.5276e+05,1288,1288
0.096,0.256,0.31584,0.43589,-2.1942e+05,1.9426e+05,380.16,380.16
0.096,0.24,-0.46447,1.2886,-1.1302e+05,10889,-284.26,284.26
0.096,0.224,-1.5199,1.5162,-98304,10492,-858.07,858.07
0.096,0.208,-0.45364,0.98954,-1.1952e+05,76310,-1635.5,1635.5
0.096,0.192,1.2055,3.5523,-80054,35624,-2139.2,2139.2
0.096,0.176,0.59432,0.79605,-59856,18944,-1914.3,1914.3
0.096,0.16,0.31958,-0.4458,19778,-71328,-1181.2,1181.2
0.096,0.144,-0.14062,0.070374,38406,-66401,-372.74,372.74
0.096,0.128,-0.12958,-0.0097675,49088,-35386,512.78,512.78
0.096,0.112,0.57359,-0.046008,41018,-1.0584e+05,1465.9,1465.9
0.096,0.096,1.0716,-1.8581,27145,-1.0791e+05,2793.6,2793.6
0.096,0.08,0.92227,-1.2809,6774.6,-54416,3449.6,3449.6
0.096,0.064,0.15538,0.72523,-56919,1.4983e+05,3497.2,3497.2
0.096,0.048,-0.27551,2.6378,-52170,1.8185e+05,2734.5,2734.5
0.096,0.032,-0.41666,5.0713,-29316,1.2906e+05,1557.3,1557.3
0.096,0.016,-0.17618,-0.16693,0,0,541.34,541.34
0.112,0.496,3.3221,5.2554,0,0,753.14,753.14
0.112,0.48,2.4893,5.8825,12314,-2.6486e+05,722.7,722.7
0.112,0.464,2.5103,5.1324,-82463,-2.7394e+05,1563.4,1563.4
0.112,0.448,2.7858,4.5367,-78342,-2.7168e+05,1660.4,1660.4
0.112,0.432,4.1945,3.9917,-1.1384e+05,-1.974e+05,2332,2332
0.112,0.416,2.5472,4.3508,-49582,-2.9833e+05,1451.3,1451.3
0.112,0.4,3.2417,3.6434,-20349,-3.6844e+05,383.79,383.79
0.112,0.384,2.6857,2.0664,-14459,-3.3001e+05,396.16,396.16
0.112,0.368,1.9436,2.3273,28907,-2.9577e+05,1183.8,1183.8
0.112,0.352,2.2122,2.0089,-954.9,-1.0389e+05,2068.8,2068.8
0.112,0.336,0.0092207,2.8764,5250.8,3590.1,1850,1850
0.112,0.32,-0.17334,2.8285,-58871,1.0402e+05,2513.4,2513.4
0.112,0.304,-0.77152,2.9451,-19053,78322,1859,1859
0.112,0.288,-0.27481,1.5742,-1366.2,34386,880.25,880.25
0.112,0.272,0.27025,0.37579,81163,-88767,-626.55,626.55
0.112,0.256,0.43707,1.6134,1.0061e+05,-2.0734e+05,196.82,196.82
0.112,0.24,1.7097,2.0638,44445,-2.4063e+05,1343.3,1343.3
0.112,0.224,2.1905,1.9614,-40408,-1.6654e+05,788.74,788.74
0.112,0.208,1.8721,1.6388,-1.4411e+05,27883,-1117.4,1117.4
0.112,0.192,0.10988,3.2711,-1.0931e+05,26103,-2991.5,2991.5
0.112,0.176,-0.061334,1.9699,-1.1128e+05,8970.8,-2949.7,2949.7
0.112,0.16,1.2424,-1.4751,-1134.6,-81841,-1992.3,1992.3
0.112,0.144,3.0557,0.64144,18489,-52960,-845.05,845.05
0.112,0.128,2.6843,0.51004,-2125.1,-53240,267.01,267.01
0.112,0.112,1.417,-0.14787,-2556.6,-1.7353e+05,1515.5,1515.5
0.112,0.096,1.772,-2.6175,-23262,-1.8656e+05,3424.8,3424.8
0.112,0.08,-0.83748,-0.19678,11103,-1.397e+05,4398.6,4398.6
0.112,0.064,-0.095843,0.51854,-49340,1.6804e+05,4568,4568
0.112,0.048,-0.19905,4.2215,-29385,1.8757e+05,3440,3440
0.112,0.032,0.82739,6.4107,-19156,1.7951e+05,1962.7,1962.7
0.112,0.016,1.2976,-0.60159,0,0,656.71,656.71
0.128,0.496,2.7467,4.4728,0,0,675.5,675.5
0.128,0.48,3.4067,6.2275,35468,-2.5013e+05,874.62,874.62
0.128,0.464,4.7239,3.1352,-85619,-3.6168e+05,2271.7,2271.7
0.128,0.448,2.3553,6.1227,-63102,-4.0444e+05,996.96,996.96
0.128,0.432,1.5991,6.4333,-79018,-3.5753e+05,188.13,188.13
0.128,0.416,2.2339,6.3866,-9558.7,-4.1144e+05,-2624.2,2624.2
0.128,0.4,2.7816,6.8112,21624,-4.9354e+05,-3146.1,3146.1
0.128,0.384,2.3435,4.9897,869.79,-5.2053e+05,-2412.4,2412.4
0.128,0.368,1.8963,3.6264,-16742,-4.7534e+05,476.58,476.58
0.128,0.352,1.2615,0.74239,-1.1388e+05,-1.5468e+05,542.02,542.02
0.128,0.336,0.27623,3.1491,-1.1991e+05,1.2117e+05,-1662.9,1662.9
0.128,0.32,-0.53441,4.8617,-1.5141e+05,2.6132e+05,-3511.5,3511.5
0.128,0.304,-1.4806,4.1094,-77481,2.0307e+05,-2510.8,2510.8
0.128,0.288,-1.2737,3.5121,-58239,1.9863e+05,-1078.5,1078.5
0.128,0.272,-1.6169,2.6803,90091,74059,45.16,45.16
0.128,0.256,1.6383,2.0369,2.1908e+05,-2.3659e+05,3447.9,3447.9
0.128,0.24,4.1777,1.2715,2.46e+05,-4.9505e+05,7302.4,7302.4
0.128,0.224,3.8308,1.814,1.7025e+05,-5.2233e+05,7583.1,7583.1
0.128,0.208,4.0821,2.6025,-48531,-2.0751e+05,3863.4,3863.4
0.128,0.192,1.6115,2.1099,-74120,-98155,-552.61,552.61
0.128,0.176,0.1571,1.1807,-83802,-67881,-2470.5,2470.5
0.128,0.16,-0.39453,-0.77556,47876,-1.1783e+05,-2277,2277
0.128,0.144,1.094,0.61115,1.0413e+05,-1.1898e+05,-1226.7,1226.7
0.128,0.128,1.6436,2.0312,1.1458e+05,-1.0676e+05,-4.279,4.279
0.128,0.112,2.523,0.70538,1.3424e+05,-2.0775e+05,1079.3,1079.3
0.128,0.096,2.9652,-0.83698,48302,-1.8135e+05,3249.2,3249.2
0.128,0.08,0.66104,0.5745,-22220,-1.1464e+05,4404.2,4404.2
0.128,0.064,0.087037,1.3846,-1.0022e+05,1.8433e+05,4714,4714
0.128,0.048,-0.20119,4.1478,-61091,2.0078e+05,3184.1,3184.1
0.128,0.032,-0.45727,4.4869,-16994,1.7395e+05,1695,1695
0.128,0.016,-0.54188,-1.2082,0,0,480.01,480.01
0.144,0.496,4.2957,5.5333,0,0,513.78,513.78
0.144,0.48,4.2033,5.6742,59610,-3.0177e+05,1901.6,1901.6
0.144,0.464,3.1443,8.1459,-61303,-5.8939e+05,5114.1,5114.1
0.144,0.448,3.4052,8.7973,-2.0678e+05,-5.5279e+05,6767.4,6767.4
0.144,0.432,3.3338,8.2091,-2.6967e+05,-4.6505e+05,7610.8,7610.8
0.144,0.416,2.6684,8.5381,-1.9053e+05,-4.7954e+05,7093.1,7093.1
0.144,0.4,2.0242,8.9696,-25879,-5.9074e+05,7591.9,7591.9
0.144,0.384,2.3049,6.597,-2410.2,-5.758e+05,7918.3,7918.3
0.144,0.368,0.87295,5.9903,-1.4167e+05,-4.0662e+05,11261,11261
0.144,0.352,-1.1281,6.4473,-4.0009e+05,1.3626e+05,9625.8,9625.8
0.144,0.336,-1.411,6.6309,-5.5479e+05,5.87e+05,2987.7,2987.7
0.144,0.32,-1.2081,6.3506,-6.3444e+05,8.1468e+05,-6569.7,6569.7
0.144,0.304,-1.6714,6.284,-5.1026e+05,7.6321e+05,-9896.4,9896.4
0.144,0.288,-1.8453,6.1005,-2.6417e+05,6.1121e+05,-8730.7,8730.7
0.144,0.272,-1.9661,9.9216,2.518e+05,92821,-5703.3,5703.3
0.144,0.256,-0.79461,7.8888,5.9438e+05,-5.4222e+05,-405.14,405.14
0.144,0.24,3.7792,3.4952,6.713e+05,-9.4737e+05,4646.7,4646.7
0.144,0.224,3.7222,2.8563,4.4591e+05,-8.3783e+05,4805.9,4805.9
0.144,0.208,3.8505,1.6649,1.5413e+05,-4.2622e+05,607.53,607.53
0.144,0.192,2.1609,2.5171,44970,-2.3169e+05,-3429.9,3429.9
0.144,0.176,2.1809,1.3068,-22749,-1.3423e+05,-4368.2,4368.2
0.144,0.16,2.8,1.7695,26284,-1.7137e+05,-4258.5,4258.5
0.144,0.144,2.0898,1.6337,54785,-1.45e+05,-3043.7,3043.7
0.144,0.128,3.5675,0.22802,97785,-1.1789e+05,-1715.6,1715.6
0.144,0.112,4.4781,2.2673,1.2591e+05,-1.1955e+05,-431.36,431.36
0.144,0.096,3.3256,2.5266,67064,-1.131e+05,1206.2,1206.2
0.144,0.08,2.247,1.8407,-47741,-49561,1034.9,1034.9
0.144,0.064,0.36105,3.2054,-1.3778e+05,1.1363e+05,707.03,707.03
0.144,0.048,0.73287,4.2355,-1.1469e+05,1.5673e+05,-353.59,353.59
0.144,0.032,2.0748,3.253,-49084,1.0911e+05,-238.73,238.73
0.144,0.016,1.559,-1.6953,0,0,-108.71,108.71
0.16,0.496,4.7255,9.5562,0,0,105.97,105.97
0.16,0.48,3.7277,13.693,0,0,1637.4,1637.4
0.16,0.464,2.755,13.663,-2.0105e+05,-5.7124e+05,6958.4,6958.4
0.16,0.448,2.8188,12.52,-2.9416e+05,-7.3271e+05,11696,11696
0.16,0.432,1.3254,12.214,-2.7628e+05,-6.9907e+05,15450,15450
0.16,0.416,1.0736,12.605,-1.8579e+05,-6.519e+05,15272,15272
0.16,0.4,2.4642,12.964,-1.2878e+05,-6.8566e+05,16516,16516
0.16,0.384,2.2539,10.185,-1.8502e+05,-4.9177e+05,15774,15774
0.16,0.368,0.33184,10.351,-4.4605e+05,4922.6,19509,19509
0.16,0.352,-1.8212,13.518,-7.8282e+05,9.1613e+05,16640,16640
0.16,0.336,-4.8793,15.373,-1.1299e+06,1.7309e+06,5746,5746
0.16,0.32,-5.6409,14.025,-1.3097e+06,2.1486e+06,-11105,11105
0.16,0.304,-6.5271,13.244,-1.2022e+06,2.1024e+06,-23073,23073
0.16,0.288,-4.2257,13.586,-7.3895e+05,1.5833e+06,-27928,27928
0.16,0.272,-1.7714,13.006,-13919,7.1121e+05,-21189,21189
0.16,0.256,0.65123,11.049,5.1946e+05,-1.913e+05,-8569.6,8569.6
0.16,0.24,0.9705,8.4526,6.7926e+05,-7.7461e+05,5654.2,5654.2
0.16,0.224,1.7726,5.886,4.8713e+05,-8.7477e+05,8046,8046
0.16,0.208,1.7191,1.969,2.3055e+05,-5.9448e+05,4030.6,4030.6
0.16,0.192,1.5675,4.4025,94013,-3.5664e+05,-1901.4,1901.4
0.16,0.176,1.7545,2.5425,20203,-2.0302e+05,-3520.1,3520.1
0.16,0.16,1.0026,2.4295,22716,-2.1422e+05,-3917.5,3917.5
0.16,0.144,1.962,2.7764,38516,-2.3427e+05,-6301.9,6301.9
0.16,0.128,1.4761,1.3007,1.2501e+05,-1.9282e+05,-8478.7,8478.7
0.16,0.112,1.5945,3.1957,1.7613e+05,-1.9037e+05,-10621,10621
0.16,0.096,2.0983,3.8025,1.0585e+05,-1.4399e+05,-9049.7,9049.7
0.16,0.08,2.4592,2.3146,-48753,-61702,-8110,8110
0.16,0.064,1.3648,3.5798,-1.6971e+05,62479,-6397.5,6397.5
0.16,0.048,0.35719,4.1636,-1.3495e+05,1.3401e+05,-4373.7,4373.7
0.16,0.032,0.90707,2.9518,-71797,78749,-2084.5,2084.5
0.16,0.016,3.2039,1.1872,0,0,-584.91,584.91
0.176,0.496,7.137,22.41,0,0,0,0
0.176,0.48,7.0887,21.688,0,0,1556.2,1556.2
0.176,0.464,2.2715,18.057,NaN,NaN,7972.3,7972.3
0.176,0.448,0.13371,17.909,-7.8772e+05,-5.9053e+05,19581,19581
0.176,0.432,0.10942,19.168,-6.7696e+05,-6.4491e+05,25224,25224
0.176,0.416,0.2879,18.782,-3.9583e+05,-6.5383e+05,26102,26102
0.176,0.4,0.98975,19.495,-2.4443e+05,-7.5839e+05,26823,26823
0.176,0.384,1.3214,20.064,-2.5613e+05,-4.138e+05,24626,24626
0.176,0.368,0.36807,20.348,-5.5172e+05,2.6506e+05,25217,25217
0.176,0.352,-2.0895,23.347,-9.7007e+05,1.4488e+06,16956,16956
0.176,0.336,-5.1726,26.272,-1.6827e+06,2.9792e+06,-2193.1,2193.1
0.176,0.32,-8.3599,28.399,-2.067e+06,3.7156e+06,-29710,29710
0.176,0.304,-9.2866,28.309,-2.0494e+06,3.7711e+06,-55191,55191
0.176,0.288,-6.29,25.975,-1.4882e+06,2.892e+06,-70123,70123
0.176,0.272,-4.5712,17.817,-5.3717e+05,1.4568e+06,-65454,65454
0.176,0.256,-4.1877,14.837,3.7194e+05,-21157,-44649,44649
0.176,0.24,-3.7248,12.399,8.7548e+05,-1.1576e+06,-11940,11940
0.176,0.224,-1.3765,9.0451,7.7469e+05,-1.5282e+06,4695.4,4695.4
0.176,0.208,-0.70448,5.4772,4.7838e+05,-1.4059e+06,9026.1,9026.1
0.176,0.192,-0.32018,5.0383,2.2064e+05,-1.0038e+06,1411.2,1411.2
0.176,0.176,1.5748,4.1198,21498,-6.5242e+05,-866.07,866.07
0.176,0.16,1.2584,3.6946,-99725,-4.7412e+05,-2540.4,2540.4
0.176,0.144,1.121,4.6113,-2.117e+05,-3.5019e+05,-8813.8,8813.8
0.176,0.128,0.5932,3.2032,-1.2249e+05,-3.1287e+05,-17558,17558
0.176,0.112,1.6632,2.9244,-27508,-4.1258e+05,-25240,25240
0.176,0.096,2.5999,3.2847,6134,-5.2044e+05,-25036,25036
0.176,0.08,1.9087,2.4706,-10273,-6.3954e+05,-21273,21273
0.176,0.064,2.617,2.7852,-1.0632e+05,-5.4633e+05,-15312,15312
0.176,0.048,1.6562,3.7654,-76269,-3.2973e+05,-9400.4,9400.4
0.176,0.032,1.3451,2.3038,-64612,-1.1114e+05,-4110.6,4110.6
0.176,0.016,-0.94995,2.879,0,0,-1212.9,1212.9
0.192,0.496,4.426,25.307,0,0,0,0
0.192,0.48,4.371,25.029,0,0,0,0
0.192,0.464,2.422,21.009,NaN,NaN,4660.9,4660.9
0.192,0.448,1.6634,23.095,NaN,NaN,21071,21071
0.192,0.432,1.7662,25.34,NaN,NaN,25343,25343
0.192,0.416,1.4445,26.266,NaN,NaN,23261,23261
0.192,0.4,0.83428,26.552,-8.5675e+05,-5.7989e+05,24152,24152
0.192,0.384,-1.0078,27.777,-7.3753e+05,-46207,22882,22882
0.192,0.368,-4.5191,29.96,-8.237e+05,6.6187e+05,22478,22478
0.192,0.352,-9.3424,33.171,-1.084e+06,2.1107e+06,-108.49,108.49
0.192,0.336,-10.565,31.946,-1.9753e+06,4.1754e+06,-33510,33510
0.192,0.32,-11.164,34.892,-2.3891e+06,4.9109e+06,-69149,69149
0.192,0.304,-10.5,34.558,-2.5325e+06,5.0496e+06,-1.0473e+05,1.0473e+05
0.192,0.288,-9.7751,31.224,-2.0959e+06,4.1864e+06,-1.2822e+05,1.2822e+05
0.192,0.272,-7.3194,27.795,-1.4143e+06,2.927e+06,-1.2611e+05,1.2611e+05
0.192,0.256,-2.934,24.033,-2.7477e+05,9.7833e+05,-99635,99635
0.192,0.24,-2.0887,19.09,7.3878e+05,-8.9753e+05,-50432,50432
0.192,0.224,0.15534,12.278,1.1928e+06,-2.1531e+06,-7562.3,7562.3
0.192,0.208,1.0404,8.3157,1.1119e+06,-2.6804e+06,17358,17358
0.192,0.192,2.5703,5.1183,8.1919e+05,-2.8041e+06,18903,18903
0.192,0.176,3.1901,5.4378,5.4641e+05,-2.6086e+06,12349,12349
0.192,0.16,2.8606,3.6553,2.7918e+05,-2.2877e+06,6968.5,6968.5
0.192,0.144,2.0803,4.2396,-39711,-1.5101e+06,-6281.5,6281.5
0.192,0.128,2.098,5.9517,-1.7392e+05,-9.5154e+05,-20194,20194
0.192,0.112,2.7725,5.094,-1.5845e+05,-8.0908e+05,-34326,34326
0.192,0.096,2.9702,3.7529,-1.5034e+05,-8.7918e+05,-34833,34833
0.192,0.08,2.3468,2.1971,-1.1054e+05,-9.9145e+05,-31147,31147
0.192,0.064,2.9961,1.8006,-1.6362e+05,-7.7225e+05,-22306,22306
0.192,0.048,2.1504,2.3394,-95143,-4.8022e+05,-13585,13585
0.192,0.032,0.19578,4.6732,-70708,-1.7573e+05,-6109.4,6109.4
0.192,0.016,0.80866,3.0802,0,0,-1873.7,1873.7
0.208,0.496,5.8988,29.47,0,0,0,0
0.208,0.48,5.5277,29.243,0,0,0,0
0.208,0.464,2.765,31.856,NaN,NaN,0,0
0.208,0.448,1.2487,33.169,NaN,NaN,NaN,NaN
0.208,0.432,0.15226,34.419,NaN,NaN,NaN,NaN
0.208,0.416,-1.7041,36.12,NaN,NaN,22942,22942
0.208,0.4,-1.196,34.823,NaN,NaN,25722,25722
0.208,0.384,-3.8869,33.522,NaN,NaN,25044,25044
0.208,0.368,-8.0346,34.42,NaN,NaN,19914,19914
0.208,0.352,-11.556,34.882,NaN,NaN,-16979,16979
0.208,0.336,-13.067,37.153,-2.7592e+06,6.0419e+06,-58519,58519
0.208,0.32,-14.582,39.822,-2.7413e+06,5.7879e+06,-93853,93853
0.208,0.304,-14.125,40.61,-2.7945e+06,5.6764e+06,-1.2623e+05,1.2623e+05
0.208,0.288,-11.444,40.828,-2.4563e+06,4.9166e+06,-1.4366e+05,1.4366e+05
0.208,0.272,-8.4834,37.291,-1.8863e+06,3.771e+06,-1.5037e+05,1.5037e+05
0.208,0.256,-5.5773,31.857,-8.6877e+05,1.8906e+06,-1.3741e+05,1.3741e+05
0.208,0.24,-3.4239,27.367,1.1236e+05,1.1284e+05,-1.0351e+05,1.0351e+05
0.208,0.224,-2.1307,21.968,1.0882e+06,-1.8226e+06,-54074,54074
0.208,0.208,-0.15649,15.742,1.5779e+06,-3.228e+06,-2990.8,2990.8
0.208,0.192,2.8337,9.2711,1.703e+06,-4.2272e+06,26699,26699
0.208,0.176,5.9141,7.4338,1.463e+06,-4.5212e+06,31769,31769
0.208,0.16,5.113,7.5616,1.134e+06,-4.3229e+06,22795,22795
0.208,0.144,4.6012,7.0333,7.7256e+05,-3.3836e+06,7072.9,7072.9
0.208,0.128,2.7976,10.699,5.7572e+05,-2.4227e+06,-7321.5,7321.5
0.208,0.112,2.1576,11.657,4.7642e+05,-1.6552e+06,-20381,20381
0.208,0.096,2.5302,10.389,1.9592e+05,-9.9897e+05,-23676,23676
0.208,0.08,2.371,13.334,-69854,-5.7675e+05,-25460,25460
0.208,0.064,1.8186,15.222,-2.3597e+05,-7.1666e+05,-22080,22080
0.208,0.048,0.23029,11.389,-1.7454e+05,-6.2515e+05,-15547,15547
0.208,0.032,1.0128,10.003,-42612,-5.9532e+05,-7517.1,7517.1
0.208,0.016,3.064,4.9114,0,0,-2686.8,2686.8
0.224,0.496,4.123,37.763,0,0,0,0
0.224,0.48,2.9381,38.611,0,0,0,0
0.224,0.464,1.7409,38.648,NaN,NaN,0,0
0.224,0.448,-0.49049,39.801,NaN,NaN,NaN,NaN
0.224,0.432,-2.8636,39.39,NaN,NaN,NaN,NaN
0.224,0.416,-3.8047,36.995,NaN,NaN,NaN,NaN
0.224,0.4,-3.4834,33.877,NaN,NaN,NaN,NaN
0.224,0.384,-4.3478,32.772,NaN,NaN,NaN,NaN
0.224,0.368,-6.685,32.956,NaN,NaN,NaN,NaN
0.224,0.352,-9.0203,33.841,NaN,NaN,-73117,73117
0.224,0.336,-9.4369,39.035,NaN,NaN,-1.0227e+05,1.0227e+05
0.224,0.32,-10.674,44.163,NaN,NaN,-1.14e+05,1.14e+05
0.224,0.304,-12.969,47.777,-3.093e+06,6.5399e+06,-1.4003e+05,1.4003e+05
0.224,0.288,-13.278,48.006,-2.5387e+06,5.6057e+06,-1.1267e+05,1.1267e+05
0.224,0.272,-11.573,45.207,-2.1479e+06,4.5683e+06,-1.0984e+05,1.0984e+05
0.224,0.256,-9.68,42.718,-1.5219e+06,3.001e+06,-97392,97392
0.224,0.24,-7.4599,38.873,-7.9878e+05,1.6868e+06,-98816,98816
0.224,0.224,-6.226,33.47,1.2308e+05,1.1736e+05,-59515,59515
0.224,0.208,-4.1495,27.784,1.0708e+06,-1.5046e+06,-3030.6,3030.6
0.224,0.192,-0.47419,22.845,1.6343e+06,-2.8819e+06,43378,43378
0.224,0.176,1.9921,19.913,1.7216e+06,-3.4626e+06,65994,65994
0.224,0.16,2.4171,18.384,1.6234e+06,-3.4633e+06,65446,65446
0.224,0.144,3.2321,19.583,1.4019e+06,-2.6388e+06,55506,55506
0.224,0.128,3.2999,24.204,1.2016e+06,-1.719e+06,44503,44503
0.224,0.112,0.45698,27.808,1.0434e+06,-9.9124e+05,30505,30505
0.224,0.096,-1.2006,32.3,7.8076e+05,-4.1555e+05,19017,19017
0.224,0.08,-2.9178,31.229,5.6573e+05,-99370,281.85,281.85
0.224,0.064,-2.084,26.804,5.3175e+05,-5.3453e+05,-12053,12053
0.224,0.048,2.8192,24.848,3.6827e+05,-5.752e+05,-13394,13394
0.224,0.032,4.8321,22.095,2.5372e+05,-6.3311e+05,-7631.1,7631.1
0.224,0.016,2.1971,23.63,0,0,-2222.6,2222.6
0.24,0.496,3.3792,44.042,0,0,0,0
0.24,0.48,3.9311,39.487,0,0,0,0
0.24,0.464,3.1608,37.807,NaN,NaN,0,0
0.24,0.448,-0.79676,37.127,NaN,NaN,NaN,NaN
0.24,0.432,-4.5481,35.746,NaN,NaN,NaN,NaN
0.24,0.416,-5.9521,32.889,NaN,NaN,NaN,NaN
0.24,0.4,-4.8533,30.551,NaN,NaN,NaN,NaN
0.24,0.384,-4.9338,31.631,NaN,NaN,NaN,NaN
0.24,0.368,-4.7203,33.136,NaN,NaN,NaN,NaN
0.24,0.352,-5.4145,34.693,NaN,NaN,NaN,NaN
0.24,0.336,-5.1695,40.239,NaN,NaN,NaN,NaN
0.24,0.32,-6.6783,45.292,NaN,NaN,-76788,76788
0.24,0.304,-10.614,50.505,NaN,NaN,-93859,93859
0.24,0.288,-12.71,51.924,NaN,NaN,-47746,47746
0.24,0.272,-13.37,52.172,-2.3366e+06,4.8805e+06,21778,21778
0.24,0.256,-10.959,51.649,-2.2113e+06,3.8897e+06,58686,58686
0.24,0.24,-8.2215,50.074,-1.71e+06,3.0135e+06,78019,78019
0.24,0.224,-6.8657,48.471,-7.3943e+05,1.6048e+06,52121,52121
0.24,0.208,-5.2311,45.765,2.8044e+05,5.6407e+05,52773,52773
0.24,0.192,-2.3897,43.561,9.6514e+05,75604,57532,57532
0.24,0.176,0.50611,40.726,1.0883e+06,1.3632e+05,96075,96075
0.24,0.16,2.64,41.534,1.3184e+06,1.6446e+05,1.1346e+05,1.1346e+05
0.24,0.144,3.8223,44.274,1.4249e+06,4.1625e+05,1.1971e+05,1.1971e+05
0.24,0.128,2.7388,45.377,1.4691e+06,9.0015e+05,1.1655e+05,1.1655e+05
0.24,0.112,2.981,45.917,1.4271e+06,1.4241e+06,1.0173e+05,1.0173e+05
0.24,0.096,2.3006,47.345,1.1933e+06,2.0158e+06,81615,81615
0.24,0.08,2.325,47.377,9.4788e+05,2.2001e+06,45287,45287
0.24,0.064,1.9888,47.1,9.2732e+05,1.4624e+06,14829,14829
0.24,0.048,1.9668,47.554,6.2769e+05,6.1281e+05,-3795.7,3795.7
0.24,0.032,2.3052,45.777,4.0107e+05,-62422,-4154.4,4154.4
0.24,0.016,2.6861,42.956,0,0,-2237.4,2237.4
0.256,0.496,1.5815,45.699,0,0,0,0
0.256,0.48,1.6511,37.69,0,0,0,0
0.256,0.464,0.52273,33.597,NaN,NaN,0,0
0.256,0.448,-1.9279,33.537,NaN,NaN,NaN,NaN
0.256,0.432,-3.1299,31.813,NaN,NaN,NaN,NaN
0.256,0.416,-3.7875,30.296,NaN,NaN,NaN,NaN
0.256,0.4,-4.067,30.707,NaN,NaN,NaN,NaN
0.256,0.384,-4.0942,32.081,NaN,NaN,NaN,NaN
0.256,0.368,-3.6977,32.605,NaN,NaN,NaN,NaN
0.256,0.352,-3.8263,35.403,NaN,NaN,NaN,NaN
0.256,0.336,-4.5558,40.262,NaN,NaN,NaN,NaN
0.256,0.32,-5.7985,43.929,NaN,NaN,NaN,NaN
0.256,0.304,-6.5653,48.918,NaN,NaN,NaN,NaN
0.256,0.288,-8.9273,53.144,NaN,NaN,1.204e+05,1.204e+05
0.256,0.272,-10.912,56.866,NaN,NaN,1.6311e+05,1.6311e+05
0.256,0.256,-10.577,58.431,-2.5113e+06,4.0825e+06,1.7466e+05,1.7466e+05
0.256,0.24,-9.7618,58.294,-2.0162e+06,3.3708e+06,1.9166e+05,1.9166e+05
0.256,0.224,-8.2884,59.391,-1.4852e+06,2.8381e+06,2.0669e+05,2.0669e+05
0.256,0.208,-5.2086,58.715,-6.6324e+05,2.7239e+06,2.2684e+05,2.2684e+05
0.256,0.192,-3.4079,57.616,-66971,2.9416e+06,2.4266e+05,2.4266e+05
0.256,0.176,-1.5687,56.639,2.8419e+05,3.2161e+06,2.8972e+05,2.8972e+05
0.256,0.16,-1.2513,56.54,7.4009e+05,3.3986e+06,2.8707e+05,2.8707e+05
0.256,0.144,-0.2434,58.537,9.0086e+05,4.1246e+06,2.6389e+05,2.6389e+05
0.256,0.128,1.5332,57.974,9.2247e+05,4.7446e+06,2.047e+05,2.047e+05
0.256,0.112,0.65712,59.86,9.7786e+05,5.1765e+06,1.7748e+05,1.7748e+05
0.256,0.096,1.4921,60.945,1.0921e+06,5.2964e+06,1.3918e+05,1.3918e+05
0.256,0.08,2.0558,61.465,1.221e+06,5.1226e+06,84502,84502
0.256,0.064,-0.37289,60.179,1.3385e+06,4.8096e+06,33590,33590
0.256,0.048,1.3131,60.881,9.2844e+05,3.0283e+06,10678,10678
0.256,0.032,2.1494,62.836,5.0059e+05,1.4859e+06,3492.5,3492.5
0.256,0.016,1.9208,62.773,0,0,728.53,728.53
0.272,0.496,0.54317,41.941,0,0,0,0
0.272,0.48,-1.4541,33.896,0,0,0,0
0.272,0.464,-1.6673,29.624,NaN,NaN,0,0
0.272,0.448,-3.2352,27.026,NaN,NaN,NaN,NaN
0.272,0.432,-2.7685,24.443,NaN,NaN,NaN,NaN
0.272,0.416,-2.0615,26.636,NaN,NaN,-54745,54745
0.272,0.4,-2.2238,27.441,NaN,NaN,-57880,57880
0.272,0.384,-2.0489,27.783,NaN,NaN,-53047,53047
0.272,0.368,-2.3538,30.134,NaN,NaN,-26894,26894
0.272,0.352,-2.7955,32.683,NaN,NaN,-9832.6,9832.6
0.272,0.336,-2.9218,37.628,NaN,NaN,23715,23715
0.272,0.32,-3.1699,41.77,NaN,NaN,NaN,NaN
0.272,0.304,-3.4186,45.029,NaN,NaN,NaN,NaN
0.272,0.288,-5.1757,49.409,NaN,NaN,NaN,NaN
0.272,0.272,-6.3666,54.294,NaN,NaN,4.0196e+05,4.0196e+05
0.272,0.256,-7.344,59.029,NaN,NaN,4.043e+05,4.043e+05
0.272,0.24,-8.3917,64.05,NaN,NaN,4.0476e+05,4.0476e+05
0.272,0.224,-7.3265,67.554,NaN,NaN,3.6705e+05,3.6705e+05
0.272,0.208,-5.6622,68.001,-1.1277e+06,4.2355e+06,3.46e+05,3.46e+05
0.272,0.192,-4.202,68.911,-6.2832e+05,4.607e+06,3.3153e+05,3.3153e+05
0.272,0.176,-3.522,69.89,-2.9696e+05,4.7338e+06,3.7942e+05,3.7942e+05
0.272,0.16,-1.8814,70.959,2.7439e+05,5.174e+06,4.1732e+05,4.1732e+05
0.272,0.144,-0.82167,71.248,5.5237e+05,5.9583e+06,3.7597e+05,3.7597e+05
0.272,0.128,0.4354,72.068,5.8614e+05,6.64e+06,3.1425e+05,3.1425e+05
0.272,0.112,-0.037444,74.46,6.8359e+05,7.5015e+06,2.2081e+05,2.2081e+05
0.272,0.096,1.4736,74.456,7.8764e+05,8.2318e+06,1.6412e+05,1.6412e+05
0.272,0.08,1.1582,75.06,9.0845e+05,8.5781e+06,93576,93576
0.272,0.064,1.442,74.963,1.0311e+06,8.6983e+06,50308,50308
0.272,0.048,1.9615,75.6,7.2295e+05,5.7389e+06,26969,26969
0.272,0.032,3.4823,77.405,3.9385e+05,2.8831e+06,12642,12642
0.272,0.016,2.7933,74.165,0,0,3447.2,3447.2
0.288,0.496,-1.0304,36.36,0,0,0,0
0.288,0.48,-3.4342,30.15,0,0,0,0
0.288,0.464,-3.9634,28.929,NaN,NaN,0,0
0.288,0.448,-4.7343,24.037,NaN,NaN,NaN,NaN
0.288,0.432,-3.1541,21.314,NaN,NaN,NaN,NaN
0.288,0.416,-2.8635,22.257,NaN,NaN,-70510,70510
0.288,0.4,-0.96969,23.155,6.5938e+05,-1.7322e+06,-72822,72822
0.288,0.384,-0.26665,24.002,5.6904e+05,-1.5471e+06,-68857,68857
0.288,0.368,-1.1379,27.777,5.6904e+05,-1.5471e+06,-36172,36172
0.288,0.352,-0.5121,31.353,4.787e+05,-1.362e+06,6143.7,6143.7
0.288,0.336,-0.49071,36.139,NaN,NaN,60817,60817
0.288,0.32,-0.33672,40.937,NaN,NaN,75882,75882
0.288,0.304,-1.4773,44.21,NaN,NaN,27980,27980
0.288,0.288,-2.7949,47.187,NaN,NaN,-3378.3,3378.3
0.288,0.272,-3.5905,51.467,NaN,NaN,-46223,46223
0.288,0.256,-3.3958,56.317,NaN,NaN,NaN,NaN
0.288,0.24,-4.0807,61.766,NaN,NaN,NaN,NaN
0.288,0.224,-4.9139,65.707,NaN,NaN,6.0566e+05,6.0566e+05
0.288,0.208,-4.2078,69.644,NaN,NaN,5.9589e+05,5.9589e+05
0.288,0.192,-3.6036,71.741,NaN,NaN,5.8042e+05,5.8042e+05
0.288,0.176,-3.0228,74.731,NaN,NaN,6.3805e+05,6.3805e+05
0.288,0.16,-1.5508,75.301,NaN,NaN,6.0701e+05,6.0701e+05
0.288,0.144,-0.10633,75.331,3.7162e+05,7.4896e+06,5.1097e+05,5.1097e+05
0.288,0.128,0.20899,77.658,3.3627e+05,7.8914e+06,3.6957e+05,3.6957e+05
0.288,0.112,-0.28785,79.337,5.9338e+05,8.8252e+06,2.5177e+05,2.5177e+05
0.288,0.096,0.45415,79.201,7.9689e+05,9.5817e+06,1.4252e+05,1.4252e+05
0.288,0.08,0.81757,80.48,9.9314e+05,9.9447e+06,88460,88460
0.288,0.064,1.8822,81.39,1.1698e+06,1.0333e+07,56888,56888
0.288,0.048,3.1206,83.63,8.3837e+05,6.9509e+06,42012,42012
0.288,0.032,3.4463,83.616,4.316e+05,3.5372e+06,21711,21711
0.288,0.016,2.7062,76.728,0,0,7797.7,7797.7
0.304,0.496,-2.0658,30.22,0,0,0,0
0.304,0.48,-3.8913,28.811,0,0,0,0
0.304,0.464,-4.97,30.389,NaN,NaN,0,0
0.304,0.448,-5.5165,27.498,NaN,NaN,NaN,NaN
0.304,0.432,-4.2495,24.146,NaN,NaN,NaN,NaN
0.304,0.416,-2.7254,22.711,NaN,NaN,-58142,58142
0.304,0.4,-1.8508,20.312,6.7439e+05,-2.1232e+06,-61027,61027
0.304,0.384,0.21963,20.715,6.5261e+05,-2.0017e+06,-37338,37338
0.304,0.368,-0.77907,23.076,7.0491e+05,-2.0541e+06,10208,10208
0.304,0.352,0.85089,27.408,8.0406e+05,-1.9801e+06,75995,75995
0.304,0.336,1.1071,33.244,9.7018e+05,-1.7679e+06,1.222e+05,1.222e+05
0.304,0.32,-0.087513,38.21,8.9275e+05,-1.0031e+06,1.1975e+05,1.1975e+05
0.304,0.304,-0.28381,42.691,8.1889e+05,-5.5655e+05,62197,62197
0.304,0.288,-1.3036,46.31,6.8183e+05,30793,1.4235e+05,1.4235e+05
0.304,0.272,-1.4821,49.813,NaN,NaN,3.0415e+05,3.0415e+05
0.304,0.256,-2.14,54.38,NaN,NaN,6.204e+05,6.204e+05
0.304,0.24,-1.0865,59.47,NaN,NaN,6.2001e+05,6.2001e+05
0.304,0.224,-1.3662,64.032,NaN,NaN,6.0775e+05,6.0775e+05
0.304,0.208,-1.6413,68.937,NaN,NaN,5.8182e+05,5.8182e+05
0.304,0.192,-1.1975,73.018,NaN,NaN,5.4719e+05,5.4719e+05
0.304,0.176,-1.2933,75.504,NaN,NaN,5.1154e+05,5.1154e+05
0.304,0.16,-1.6337,74.843,NaN,NaN,6.252e+05,6.252e+05
0.304,0.144,-0.47765,75.379,NaN,NaN,5.4458e+05,5.4458e+05
0.304,0.128,0.54653,77.739,6.3203e+05,8.2967e+06,4.4158e+05,4.4158e+05
0.304,0.112,-0.29979,77.242,7.4009e+05,8.96e+06,2.5465e+05,2.5465e+05
0.304,0.096,0.62605,78.997,8.6695e+05,9.3236e+06,1.4048e+05,1.4048e+05
0.304,0.08,1.2844,80.837,1.0006e+06,9.6368e+06,83934,83934
0.304,0.064,2.2799,80.451,1.1592e+06,1.0029e+07,71631,71631
0.304,0.048,2.1389,81.419,8.1379e+05,6.7593e+06,53571,53571
0.304,0.032,1.9529,79.277,4.1729e+05,3.4524e+06,27574,27574
0.304,0.016,1.2315,73.404,0,0,9740.8,9740.8
0.32,0.496,-1.3565,32.679,0,0,0,0
0.32,0.48,-2.995,32.736,0,0,0,0
0.32,0.464,-3.9273,32.206,NaN,NaN,0,0
0.32,0.448,-3.8484,29.998,NaN,NaN,NaN,NaN
0.32,0.432,-3.2629,27.297,NaN,NaN,NaN,NaN
0.32,0.416,-2.7313,25.011,NaN,NaN,-47432,47432
0.32,0.4,-1.8414,20.871,6.7439e+05,-2.1232e+06,-23074,23074
0.32,0.384,-0.16331,19.522,5.1039e+05,-2.0032e+06,10287,10287
0.32,0.368,-0.3541,19.507,5.2349e+05,-2.0555e+06,72543,72543
0.32,0.352,0.59382,19.81,5.4947e+05,-2.0041e+06,1.297e+05,1.297e+05
0.32,0.336,1.5479,22.78,6.8699e+05,-1.8365e+06,1.4704e+05,1.4704e+05
0.32,0.32,0.98799,26.828,6.9876e+05,-1.2756e+06,1.1793e+05,1.1793e+05
0.32,0.304,0.69386,33.033,6.3005e+05,-8.326e+05,59872,59872
0.32,0.288,-0.2677,39.362,5.4403e+05,-2.6046e+05,98803,98803
0.32,0.272,0.49384,44.479,5.9721e+05,5.5163e+05,1.8621e+05,1.8621e+05
0.32,0.256,1.4604,49.803,6.5457e+05,1.4841e+06,3.3645e+05,3.3645e+05
0.32,0.24,1.7135,52.987,6.4595e+05,2.2539e+06,3.5473e+05,3.5473e+05
0.32,0.224,0.76256,57.307,5.0186e+05,2.8131e+06,3.6951e+05,3.6951e+05
0.32,0.208,-0.090315,62.936,4.2462e+05,3.3106e+06,3.7577e+05,3.7577e+05
0.32,0.192,1.2954,67.286,3.7796e+05,4.0075e+06,3.7439e+05,3.7439e+05
0.32,0.176,0.20443,70.14,3.1109e+05,4.6894e+06,4.1058e+05,4.1058e+05
0.32,0.16,-0.25204,70.784,2.6993e+05,5.377e+06,4.9545e+05,4.9545e+05
0.32,0.144,0.37968,73.593,3.0748e+05,5.9602e+06,4.9649e+05,4.9649e+05
0.32,0.128,1.1246,75.485,4.8565e+05,6.9721e+06,3.981e+05,3.981e+05
0.32,0.112,1.4062,75.158,6.6229e+05,7.9157e+06,2.6369e+05,2.6369e+05
0.32,0.096,1.2235,74.439,8.0357e+05,8.4495e+06,1.5794e+05,1.5794e+05
0.32,0.08,1.4963,75.051,8.9065e+05,8.7926e+06,1.1242e+05,1.1242e+05
0.32,0.064,1.1056,72.849,8.7518e+05,9.0033e+06,83547,83547
0.32,0.048,1.7841,71.363,5.5225e+05,6.0463e+06,61340,61340
0.32,0.032,0.48484,69.312,2.4412e+05,3.051e+06,30833,30833
0.32,0.016,1.0317,67.107,0,0,10124,10124
0.336,0.496,1.0109,37.114,0,0,0,0
0.336,0.48,-0.34837,36.402,0,0,0,0
0.336,0.464,-2.4623,35.669,NaN,NaN,0,0
0.336,0.448,-2.2413,33.046,NaN,NaN,NaN,NaN
0.336,0.432,-2.0715,31.546,NaN,NaN,4.0983e+05,4.0983e+05
0.336,0.416,-2.2305,29.357,NaN,NaN,1.2175e+05,1.2175e+05
0.336,0.4,-2.8564,26.173,6.894e+05,-2.5142e+06,1.0263e+05,1.0263e+05
0.336,0.384,-2.8709,25.663,4.7129e+05,-2.3074e+06,84668,84668
0.336,0.368,-1.5294,24.218,3.4767e+05,-2.1483e+06,1.357e+05,1.357e+05
0.336,0.352,0.33401,24.549,3.5031e+05,-1.9854e+06,1.6903e+05,1.6903e+05
0.336,0.336,0.46746,23.052,4.1044e+05,-1.8038e+06,1.579e+05,1.579e+05
0.336,0.32,0.76411,22.873,4.9974e+05,-1.421e+06,1.1537e+05,1.1537e+05
0.336,0.304,0.25737,25.928,5.0017e+05,-8.6944e+05,62048,62048
0.336,0.288,0.76822,30.403,4.9314e+05,62228,95598,95598
0.336,0.272,2.0047,34.505,6.3652e+05,1.3682e+06,1.5723e+05,1.5723e+05
0.336,0.256,3.9922,36.968,7.4511e+05,2.3717e+06,2.3737e+05,2.3737e+05
0.336,0.24,3.8442,44.316,7.395e+05,2.9019e+06,2.5748e+05,2.5748e+05
0.336,0.224,2.5119,47.44,5.6851e+05,3.1351e+06,2.7686e+05,2.7686e+05
0.336,0.208,1.2239,51.514,4.4465e+05,3.3266e+06,2.9397e+05,2.9397e+05
0.336,0.192,0.43447,54.323,3.864e+05,3.755e+06,3.2482e+05,3.2482e+05
0.336,0.176,-0.75084,57.986,3.3173e+05,4.2402e+06,3.8103e+05,3.8103e+05
0.336,0.16,-0.5154,62.101,3.1416e+05,4.8401e+06,4.6407e+05,4.6407e+05
0.336,0.144,-0.63237,64.361,3.4452e+05,5.2925e+06,4.3475e+05,4.3475e+05
0.336,0.128,0.31887,67.107,4.1602e+05,6.0306e+06,3.7145e+05,3.7145e+05
0.336,0.112,1.21,68.761,5.2003e+05,6.5232e+06,2.4835e+05,2.4835e+05
0.336,0.096,1.4128,67.138,6.1656e+05,7.0545e+06,1.9712e+05,1.9712e+05
0.336,0.08,2.1072,66.531,6.5676e+05,7.4917e+06,1.3907e+05,1.3907e+05
0.336,0.064,1.1392,64.257,5.0238e+05,7.542e+06,98232,98232
0.336,0.048,1.1114,61.627,2.5188e+05,5.0528e+06,63839,63839
0.336,0.032,1.3687,59.918,63437,2.3911e+06,30892,30892
0.336,0.016,1.4778,58.215,0,0,8829.8,8829.8
0.352,0.496,2.459,39.733,0,0,0,0
0.352,0.48,1.7967,36.151,0,0,0,0
0.352,0.464,0.91867,35.006,NaN,NaN,52348,52348
0.352,0.448,0.55209,33.138,NaN,NaN,2.2376e+05,2.2376e+05
0.352,0.432,-0.37161,31.546,NaN,NaN,2.5107e+05,2.5107e+05
0.352,0.416,-1.4244,29.281,71264,-1.9611e+06,1.7218e+05,1.7218e+05
0.352,0.4,-2.0681,29.85,98586,-1.6397e+06,1.4818e+05,1.4818e+05
0.352,0.384,-1.7248,30.215,-9756.7,-1.5858e+06,1.1435e+05,1.1435e+05
0.352,0.368,-1.2402,28.776,-85231,-1.4682e+06,1.3209e+05,1.3209e+05
0.352,0.352,-1.0926,28.303,-63992,-1.4422e+06,1.3089e+05,1.3089e+05
0.352,0.336,-1.0612,24.554,27580,-1.3595e+06,1.1289e+05,1.1289e+05
0.352,0.32,-0.99542,18.712,1.838e+05,-1.1461e+06,82262,82262
0.352,0.304,0.0011667,19.83,3.2505e+05,-5.4359e+05,43608,43608
0.352,0.288,1.6841,23.84,4.547e+05,3.436e+05,23218,23218
0.352,0.272,2.888,27.876,6.1425e+05,1.3562e+06,22306,22306
0.352,0.256,4.1843,31.213,6.7306e+05,1.9891e+06,40741,40741
0.352,0.24,3.9719,34.047,6.533e+05,2.3411e+06,68774,68774
0.352,0.224,2.2207,36.782,5.3379e+05,2.6146e+06,1.0206e+05,1.0206e+05
0.352,0.208,1.5044,40.364,4.5983e+05,2.95e+06,1.412e+05,1.412e+05
0.352,0.192,0.90356,43.29,4.0564e+05,3.4147e+06,2.0159e+05,2.0159e+05
0.352,0.176,0.32807,45.616,3.1626e+05,3.8479e+06,2.9142e+05,2.9142e+05
0.352,0.16,0.21185,47.805,2.304e+05,4.3635e+06,3.6703e+05,3.6703e+05
0.352,0.144,1.1795,48.937,1.6021e+05,4.6947e+06,3.553e+05,3.553e+05
0.352,0.128,0.96429,49.428,1.2817e+05,4.9609e+06,2.9796e+05,2.9796e+05
0.352,0.112,-0.40962,49.972,1.2258e+05,5.1213e+06,2.3211e+05,2.3211e+05
0.352,0.096,0.66758,52.774,1.172e+05,5.2128e+06,1.9761e+05,1.9761e+05
0.352,0.08,1.3438,52.519,1.2976e+05,5.4236e+06,1.5294e+05,1.5294e+05
0.352,0.064,2.3163,50.748,-4815,5.2455e+06,1.0234e+05,1.0234e+05
0.352,0.048,1.2503,48.311,-43154,3.5368e+06,61015,61015
0.352,0.032,0.63657,47.413,-85998,1.619e+06,27238,27238
0.352,0.016,0.55248,47,0,0,6963.5,6963.5
0.368,0.496,3.4514,37.065,0,0,0,0
0.368,0.48,2.3886,30.661,0,0,0,0
0.368,0.464,0.43934,26.316,NaN,NaN,38716,38716
0.368,0.448,-0.54887,22.761,-6.9784e+05,-3.371e+06,1.3193e+05,1.3193e+05
0.368,0.432,0.28224,20.414,-5.8594e+05,-2.9921e+06,1.755e+05,1.755e+05
0.368,0.416,0.37269,17.32,-3.3658e+05,-2.4107e+06,1.7644e+05,1.7644e+05
0.368,0.4,0.78807,15.212,-8666.2,-1.5865e+06,1.5876e+05,1.5876e+05
0.368,0.384,0.42914,16.726,1.4522e+05,-9.9197e+05,1.1004e+05,1.1004e+05
0.368,0.368,-0.62781,20.448,1.5088e+05,-5.0563e+05,94916,94916
0.368,0.352,-1.2384,21.536,73170,-3.2614e+05,85239,85239
0.368,0.336,-1.3116,19.799,25062,-4.4983e+05,79907,79907
0.368,0.32,-0.41377,15.445,1.2048e+05,-5.219e+05,68912,68912
0.368,0.304,1.6941,13.71,2.7661e+05,-2.1624e+05,43849,43849
0.368,0.288,3.0867,15.46,4.5708e+05,5.0227e+05,26493,26493
0.368,0.272,3.7136,18.113,5.9786e+05,1.3404e+06,24086,24086
0.368,0.256,3.5479,19.262,5.9729e+05,1.6706e+06,42142,42142
0.368,0.24,2.1755,18.963,5.4091e+05,1.7679e+06,66917,66917
0.368,0.224,3.1956,21.499,4.1915e+05,1.8368e+06,95833,95833
0.368,0.208,3.4396,26.232,3.6179e+05,2.0118e+06,1.1962e+05,1.1962e+05
0.368,0.192,2.4779,28.831,3.0536e+05,2.16e+06,1.7075e+05,1.7075e+05
0.368,0.176,2.2575,28.449,1.8242e+05,2.2431e+06,2.3008e+05,2.3008e+05
0.368,0.16,1.8611,28.631,-301.74,2.3799e+06,2.9476e+05,2.9476e+05
0.368,0.144,0.89428,31.032,-1.5883e+05,2.5651e+06,2.8269e+05,2.8269e+05
0.368,0.128,0.53516,32.327,-2.2311e+05,3.0083e+06,2.4725e+05,2.4725e+05
0.368,0.112,1.1952,33.72,-1.8682e+05,3.4575e+06,1.9489e+05,1.9489e+05
0.368,0.096,1.1537,35.148,-1.921e+05,3.6562e+06,1.7403e+05,1.7403e+05
0.368,0.08,-0.61732,34.759,-1.7924e+05,3.7533e+06,1.4088e+05,1.4088e+05
0.368,0.064,-0.096784,35.739,-2.7981e+05,3.6796e+06,1.0099e+05,1.0099e+05
0.368,0.048,-0.078859,37.472,-1.9264e+05,2.5619e+06,57685,57685
0.368,0.032,-1.9032,37.038,-1.3388e+05,1.2421e+06,24711,24711
0.368,0.016,-1.9496,37.526,0,0,6127.6,6127.6
0.384,0.496,3.1418,30.671,0,0,0,0
0.384,0.48,-0.66376,24.576,0,0,5950.4,5950.4
0.384,0.464,-3.2814,15.724,NaN,NaN,46987,46987
0.384,0.448,-1.9738,13.016,-1.3676e+05,-2.8685e+06,1.1279e+05,1.1279e+05
0.384,0.432,-2.6184,10.161,-38098,-2.2495e+06,1.3224e+05,1.3224e+05
0.384,0.416,-3.2834,7.916,-17295,-1.8791e+06,1.4553e+05,1.4553e+05
0.384,0.4,-2.0805,6.1849,1.0588e+05,-1.1649e+06,1.2194e+05,1.2194e+05
0.384,0.384,-0.38898,7.034,1.3955e+05,-7.4692e+05,88396,88396
0.384,0.368,0.55323,10.066,1.9232e+05,-2.1237e+05,59978,59978
0.384,0.352,0.46634,13.412,1.0773e+05,1.1214e+05,64101,64101
0.384,0.336,0.52004,13.262,5951.7,1.0206e+05,80367,80367
0.384,0.32,0.79482,9.9421,26118,-52418,84452,84452
0.384,0.304,1.6712,8.6872,2.0439e+05,7860,62150,62150
0.384,0.288,2.4587,10.765,4.1229e+05,3.861e+05,46770,46770
0.384,0.272,2.0551,12.28,4.4113e+05,7.4302e+05,51206,51206
0.384,0.256,2.7243,10.862,3.0601e+05,6.47e+05,73445,73445
0.384,0.24,2.8984,10.066,1.7507e+05,5.4427e+05,96151,96151
0.384,0.224,2.6913,11.492,1.0974e+05,5.0615e+05,1.1287e+05,1.1287e+05
0.384,0.208,2.2221,11.48,1.1404e+05,6.525e+05,1.1771e+05,1.1771e+05
0.384,0.192,2.1572,8.7061,1.1907e+05,7.5342e+05,1.2958e+05,1.2958e+05
0.384,0.176,1.352,7.5716,38143,8.2206e+05,1.5626e+05,1.5626e+05
0.384,0.16,0.1824,9.3904,-1.0794e+05,9.2104e+05,2.0131e+05,2.0131e+05
0.384,0.144,-1.3385,12.349,-2.7498e+05,1.018e+06,2.0978e+05,2.0978e+05
0.384,0.128,-0.7183,15.798,-3.0953e+05,1.5831e+06,1.9576e+05,1.9576e+05
0.384,0.112,0.67292,23.721,-2.4319e+05,2.2329e+06,1.618e+05,1.618e+05
0.384,0.096,1.069,25.097,-2.0866e+05,2.4673e+06,1.4415e+05,1.4415e+05
0.384,0.08,-0.023459,20.832,-1.3601e+05,2.3986e+06,1.2173e+05,1.2173e+05
0.384,0.064,-0.28978,21.326,-1.3761e+05,2.6384e+06,90198,90198
0.384,0.048,0.21585,27.924,-44196,2.0144e+06,54297,54297
0.384,0.032,0.063155,31.518,-41307,1.2123e+06,22014,22014
0.384,0.016,-0.27238,30.615,0,0,5964.5,5964.5
0.4,0.496,2.4117,26.416,0,0,1809.3,1809.3
0.4,0.48,-3.2952,23.834,0,0,14262,14262
0.4,0.464,-6.2666,14.403,-1.0071e+06,-3.1292e+06,34866,34866
0.4,0.448,-3.1855,10.294,-2.0152e+05,-2.7253e+06,76897,76897
0.4,0.432,-1.1973,10.032,17319,-2.0498e+06,1.0631e+05,1.0631e+05
0.4,0.416,-0.77244,8.0139,1.5479e+05,-1.5529e+06,1.2193e+05,1.2193e+05
0.4,0.4,-0.54474,7.2936,2.2204e+05,-7.6215e+05,95408,95408
0.4,0.384,-0.70857,7.0776,1.8998e+05,-3.1847e+05,55119,55119
0.4,0.368,-0.34825,7.2158,2.0346e+05,1.5166e+05,38225,38225
0.4,0.352,-0.34489,8.6066,98404,3.5176e+05,63493,63493
0.4,0.336,-1.9299,8.2977,-25277,1.707e+05,93253,93253
0.4,0.32,-1.5325,6.915,24801,-90616,1.0169e+05,1.0169e+05
0.4,0.304,-0.58193,6.8169,2.2181e+05,-1.3549e+05,86506,86506
0.4,0.288,0.68528,8.3941,4.3636e+05,1.6959e+05,80026,80026
0.4,0.272,1.6662,8.2534,4.2208e+05,3.9861e+05,93651,93651
0.4,0.256,2.2066,7.2742,2.2008e+05,3.1644e+05,1.1557e+05,1.1557e+05
0.4,0.24,0.29296,5.6038,28658,1.3202e+05,1.2791e+05,1.2791e+05
0.4,0.224,-0.45434,4.5538,-90812,-27204,1.2905e+05,1.2905e+05
0.4,0.208,-0.83274,2.2697,-96337,-37548,1.1124e+05,1.1124e+05
0.4,0.192,-1.1582,1.6268,-42451,-45296,99034,99034
0.4,0.176,-0.38045,0.28967,-36930,-1.1559e+05,1.0244e+05,1.0244e+05
0.4,0.16,-0.21755,0.86377,-69313,-2.0836e+05,1.3159e+05,1.3159e+05
0.4,0.144,0.14162,2.4486,-1.7369e+05,-2.2253e+05,1.4924e+05,1.4924e+05
0.4,0.128,-0.10175,0.91026,-1.8498e+05,3.7667e+05,1.5339e+05,1.5339e+05
0.4,0.112,0.27143,8.2901,-677.7,1.247e+06,1.3863e+05,1.3863e+05
0.4,0.096,1.0974,13.003,2.338e+05,2.0562e+06,1.2784e+05,1.2784e+05
0.4,0.08,1.988,9.7719,5.0848e+05,2.4607e+06,1.1323e+05,1.1323e+05
0.4,0.064,4.1867,15.766,5.3056e+05,3.0942e+06,89593,89593
0.4,0.048,1.8983,25.932,3.7616e+05,2.3067e+06,56830,56830
0.4,0.032,5.0845,28.269,1.4801e+05,1.401e+06,23645,23645
0.4,0.016,2.4086,29.911,0,0,6052.8,6052.8
0.416,0.496,1.6604,21.965,0,0,5059.8,5059.8
0.416,0.48,-4.6352,19.547,-4.1029e+05,-1.0177e+06,23015,23015
0.416,0.464,-8.4247,13.446,-1.2796e+06,-3.0844e+06,53934,53934
0.416,0.448,-6.9175,6.5272,-6.4473e+05,-2.5167e+06,91067,91067
0.416,0.432,-2.3717,9.7187,-40514,-1.509e+06,1.1225e+05,1.1225e+05
0.416,0.416,-1.181,6.9688,3.4496e+05,-8.7492e+05,1.02e+05,1.02e+05
0.416,0.4,-0.38963,6.5452,4.0857e+05,-2.4311e+05,60650,60650
0.416,0.384,-0.10769,7.1328,1.4281e+05,-97578,27560,27560
0.416,0.368,-0.97198,7.6828,-78698,43615,26412,26412
0.416,0.352,-1.7031,7.7033,-2.2899e+05,-4240.5,69497,69497
0.416,0.336,-2.1482,6.2972,-2.3093e+05,-1.9243e+05,1.0658e+05,1.0658e+05
0.416,0.32,-2.1025,5.2535,-59288,-2.853e+05,1.2003e+05,1.2003e+05
0.416,0.304,0.087534,4.5584,1.3605e+05,-1.757e+05,1.1678e+05,1.1678e+05
0.416,0.288,3.2386,3.5841,2.0008e+05,1.3566e+05,1.2231e+05,1.2231e+05
0.416,0.272,4.2199,4.4285,1.2723e+05,2.1392e+05,1.4157e+05,1.4157e+05
0.416,0.256,2.0742,4.6613,-54103,1.5694e+05,1.5131e+05,1.5131e+05
0.416,0.24,0.87112,4.0449,-1.3676e+05,1375.6,1.4643e+05,1.4643e+05
0.416,0.224,0.2197,3.0488,-2.3929e+05,-41863,1.2806e+05,1.2806e+05
0.416,0.208,-0.8511,3.789,-2.0376e+05,-14534,1.0603e+05,1.0603e+05
0.416,0.192,-1.068,6.2014,-72603,75733,89049,89049
0.416,0.176,-0.067916,6.3937,55613,87038,85376,85376
0.416,0.16,-0.069681,4.446,1.3224e+05,14296,96567,96567
0.416,0.144,0.66998,4.2849,73558,-1.6142e+05,1.1173e+05,1.1173e+05
0.416,0.128,0.21628,2.4107,27232,57387,1.2486e+05,1.2486e+05
0.416,0.112,-0.54959,4.6847,57906,6.3329e+05,1.2543e+05,1.2543e+05
0.416,0.096,4.8416,16.485,3.367e+05,1.7213e+06,1.2228e+05,1.2228e+05
0.416,0.08,6.5882,23.731,1.571e+05,2.4697e+06,1.1413e+05,1.1413e+05
0.416,0.064,7.4661,24.967,3.6316e+05,3.8227e+06,93838,93838
0.416,0.048,4.2033,29.142,86742,2.8229e+06,61395,61395
0.416,0.032,5.2203,38.517,2.7291e+05,1.8704e+06,25630,25630
0.416,0.016,4.4021,37.672,0,0,6954.5,6954.5
0.432,0.496,0.057905,11.206,-1.5378e+05,-5.1906e+05,5831.2,5831.2
0.432,0.48,-5.5421,7.3216,-4.9337e+05,-1.7901e+06,16244,16244
0.432,0.464,-7.3895,6.2183,-1.1992e+06,-3.1802e+06,36296,36296
0.432,0.448,-9.1552,1.9365,-1.1706e+06,-2.8196e+06,58996,58996
0.432,0.432,-7.1384,2.9522,-9.1942e+05,-2.117e+06,80815,80815
0.432,0.416,-2.7086,5.0195,-1.0879e+05,-1.0013e+06,63852,63852
0.432,0.4,-0.48728,5.1277,5.2399e+05,77175,31958,31958
0.432,0.384,-0.68708,6.2046,5.3632e+05,5.0279e+05,3201,3201
0.432,0.368,-3.0923,7.0827,1.1204e+05,2.885e+05,18505,18505
0.432,0.352,-2.9645,6.538,-2.0803e+05,-78836,65506,65506
0.432,0.336,-2.2604,5.3401,-2.0027e+05,-2.7079e+05,1.0518e+05,1.0518e+05
0.432,0.32,-1.7235,4.3817,-52980,-2.6632e+05,1.3233e+05,1.3233e+05
0.432,0.304,0.43485,2.6398,58438,-1.8031e+05,1.4767e+05,1.4767e+05
0.432,0.288,0.98739,0.44837,1.0533e+05,1.1147e+05,1.6316e+05,1.6316e+05
0.432,0.272,-2.5653,4.7087,30223,1.6223e+05,1.7036e+05,1.7036e+05
0.432,0.256,-0.75849,2.2574,-96376,2.229e+05,1.5978e+05,1.5978e+05
0.432,0.24,-0.83656,3.5695,-1.1893e+05,2.2447e+05,1.3999e+05,1.3999e+05
0.432,0.224,-1.042,5.8102,-1.6598e+05,3.2307e+05,1.1815e+05,1.1815e+05
0.432,0.208,-1.6858,6.8599,-1.2386e+05,3.9255e+05,98510,98510
0.432,0.192,-0.48722,7.9451,-24786,4.1689e+05,86053,86053
0.432,0.176,0.15863,9.2758,83239,3.1581e+05,81351,81351
0.432,0.16,0.0030366,8.1731,1.3927e+05,57613,85536,85536
0.432,0.144,0.1092,5.7082,87028,-2.0525e+05,95362,95362
0.432,0.128,0.043713,3.5767,5205.8,-1.8232e+05,1.0964e+05,1.0964e+05
0.432,0.112,-0.041519,4.7178,-84628,2.2082e+05,1.1891e+05,1.1891e+05
0.432,0.096,-3.2554,6.2549,3.8083e+05,1.4647e+06,1.2297e+05,1.2297e+05
0.432,0.08,4.5828,26.091,1.5536e+05,2.3764e+06,1.1866e+05,1.1866e+05
0.432,0.064,-15.889,42.754,5.2773e+05,4.1278e+06,97717,97717
0.432,0.048,2.355,44.11,-74707,2.6725e+06,63948,63948
0.432,0.032,-2.6768,43.088,2.4472e+05,1.5531e+06,26660,26660
0.432,0.016,6.767,43.226,0,0,7619.3,7619.3
0.448,0.496,-0.1049,4.8659,-1.186e+05,-4.8613e+05,7169.1,7169.1
0.448,0.48,-5.8677,2.512,-2.183e+05,-1.4704e+06,10050,10050
0.448,0.464,-6.6636,2.6598,-8.0377e+05,-2.5839e+06,12775,12775
0.448,0.448,-12.028,-9.2991,-1.2375e+06,-2.8116e+06,9113.8,9113.8
0.448,0.432,-14.195,-7.119,-1.562e+06,-2.7095e+06,15438,15438
0.448,0.416,-10.692,-8.0382,-9.0493e+05,-1.8202e+06,7923,7923
0.448,0.4,-0.93071,4.4185,90356,-4.2904e+05,-1726,1726
0.448,0.384,0.66219,5.28,4.3741e+05,3.3054e+05,-16714,16714
0.448,0.368,-0.30529,4.871,2.3019e+05,3.6448e+05,-6695.9,6695.9
0.448,0.352,-0.26197,3.6222,-4.6467e+05,-5.166e+05,27642,27642
0.448,0.336,-0.93428,4.9406,-1.0915e+06,-1.4409e+06,64782,64782
0.448,0.32,-3.8768,0.17887,-7.4006e+05,-1.2198e+06,1.0326e+05,1.0326e+05
0.448,0.304,0.42445,0.50227,-3.8425e+05,-7.9016e+05,1.3096e+05,1.3096e+05
0.448,0.288,1.8938,0.40776,2.2397e+05,1.927e+05,1.5061e+05,1.5061e+05
0.448,0.272,1.915,1.8578,-63866,1.3509e+05,1.4784e+05,1.4784e+05
0.448,0.256,0.005809,4.1454,-2.7063e+05,3.0909e+05,1.284e+05,1.284e+05
0.448,0.24,-0.18412,4.8267,-3.3403e+05,5.3546e+05,1.0636e+05,1.0636e+05
0.448,0.224,0.20518,7.1295,-2.6053e+05,5.0858e+05,88100,88100
0.448,0.208,-0.021186,7.5344,41347,4.0087e+05,74678,74678
0.448,0.192,-0.55244,7.3637,1.9546e+05,2.3134e+05,65877,65877
0.448,0.176,-0.080578,8.4591,1.5254e+05,2.2894e+05,61500,61500
0.448,0.16,0.36419,8.402,36786,71918,62469,62469
0.448,0.144,0.47702,6.2342,35325,-1.2532e+05,69192,69192
0.448,0.128,0.77613,3.6502,14517,-1.1152e+05,80008,80008
0.448,0.112,0.14354,3.918,-1.6884e+05,71129,93172,93172
0.448,0.096,-4.0304,4.3347,1.5207e+05,9.4276e+05,1.0378e+05,1.0378e+05
0.448,0.08,5.8759,19.505,-1.9875e+05,2.0941e+06,1.0549e+05,1.0549e+05
0.448,0.064,54.049,100.88,1.3877e+05,3.998e+06,86032,86032
0.448,0.048,47.845,69.631,-3.494e+05,2.833e+06,53037,53037
0.448,0.032,0.47593,58.351,1.1955e+05,1.1425e+06,20356,20356
0.448,0.016,-9.0708,22.434,0,0,6350.4,6350.4
0.464,0.496,1.51,2.5469,-1.2273e+05,-4.1435e+05,4165.5,4165.5
0.464,0.48,0.96255,1.5129,-32631,-9.4156e+05,-6184.8,6184.8
0.464,0.464,-3.0214,0.11967,1.2115e+06,3.8029e+06,-24198,24198
0.464,0.448,-9.2984,-8.8568,8.6696e+05,3.868e+06,-54044,54044
0.464,0.432,-10.322,-9.7226,1.4352e+05,3.4476e+06,-56080,56080
0.464,0.416,-11.191,-9.8743,-1.3856e+06,-2.5571e+06,-46167,46167
0.464,0.4,-9.1058,-8.3193,-1.8458e+05,-8.1933e+05,-25766,25766
0.464,0.384,-0.65552,2.3713,2.8492e+05,-30485,-22812,22812
0.464,0.368,-0.21771,1.6732,1.2687e+05,1.1819e+05,-22608,22608
0.464,0.352,-1.705,2.2055,-1.1022e+06,-1.3283e+06,-10413,10413
0.464,0.336,-11.972,-9.9613,-2.575e+06,-3.2712e+06,13335,13335
0.464,0.32,-26.751,-6.9614,-2.6926e+06,-3.3432e+06,55396,55396
0.464,0.304,-0.17673,0.50342,-1.9091e+06,-2.3728e+06,88157,88157
0.464,0.288,2.7355,1.0539,-2.7526e+05,-3.5835e+05,1.0721e+05,1.0721e+05
0.464,0.272,1.1097,-0.27679,93295,-32575,96123,96123
0.464,0.256,1.0279,2.3956,-1.738e+05,1.4255e+05,79365,79365
0.464,0.24,-5.4158,7.1325,-6.1609e+05,3.5441e+05,65849,65849
0.464,0.224,-4.9298,8.9903,-6.8173e+05,4.048e+05,57322,57322
0.464,0.208,0.17872,4.225,-2.7941e+05,2.6094e+05,48195,48195
0.464,0.192,1.0052,4.8973,1.917e+05,52624,39477,39477
0.464,0.176,-0.13739,5.0077,3.444e+05,96923,34796,34796
0.464,0.16,0.80997,5.0309,3.0086e+05,36036,34398,34398
0.464,0.144,0.9555,4.3673,1.461e+05,-61055,39660,39660
0.464,0.128,0.66182,1.919,36015,52357,46590,46590
0.464,0.112,1.3911,3.8163,-1.0582e+05,66407,59392,59392
0.464,0.096,0.25829,1.4385,1.1541e+05,4.7052e+05,73141,73141
0.464,0.08,0.41312,2.0629,1.5224e+05,1.4871e+06,77836,77836
0.464,0.064,8.3681,60.499,4.3699e+05,2.4104e+06,61902,61902
0.464,0.048,-179.7,88.801,11438,1.8159e+06,33789,33789
0.464,0.032,34.444,96.692,0,0,10993,10993
0.464,0.016,51.131,142.63,0,0,3329.8,3329.8
0.48,0.496,0.35806,-0.20938,-3123.6,-10642,3508.8,3508.8
0.48,0.48,-0.68245,2.0847,1.3225e+05,-1.0785e+05,-3873.4,3873.4
0.48,0.464,-0.72041,8.1302,1.631e+06,5.0314e+06,-20133,20133
0.48,0.448,-0.50367,-5.6594,1.5916e+06,5.2712e+06,-52477,52477
0.48,0.432,-40.398,56.34,1.1337e+06,4.8754e+06,-73052,73052
0.48,0.416,-64.184,-244.85,-9.7722e+05,-1.893e+06,-69966,69966
0.48,0.4,-7.8759,-10.178,-4.2573e+05,-1.0063e+06,-51934,51934
0.48,0.384,-1.3025,0.80247,-1.5132e+05,-5.4524e+05,-37546,37546
0.48,0.368,-1.6568,0.75865,-89911,-1.3034e+05,-42246,42246
0.48,0.352,-10.075,-8.0227,-1.1031e+06,-1.2984e+06,-45604,45604
0.48,0.336,-21.042,-11.898,-2.539e+06,-3.1653e+06,-33513,33513
0.48,0.32,-33.258,-9.4219,-2.6384e+06,-3.2611e+06,-3210.2,3210.2
0.48,0.304,-23.851,-14.289,-1.8538e+06,-2.282e+06,26991,26991
0.48,0.288,-2.9819,0.28933,-2.7748e+05,-3.8216e+05,40485,40485
0.48,0.272,3.1877,0.19393,1.2175e+05,-1.1176e+05,34443,34443
0.48,0.256,-2.6279,-1.7856,-1.188e+05,13784,28042,28042
0.48,0.24,-8.2847,4.1259,-5.4576e+05,1.7173e+05,24207,24207
0.48,0.224,-8.7088,5.0176,-6.5735e+05,2.1814e+05,22311,22311
0.48,0.208,-8.1535,5.6527,-2.6645e+05,98986,16017,16017
0.48,0.192,-4.6421,8.7943,1.9856e+05,-49508,8711,8711
0.48,0.176,2.0873,2.7569,3.4359e+05,25489,4336,4336
0.48,0.16,2.9376,2.9947,2.82e+05,17206,3919.7,3919.7
0.48,0.144,2.0828,2.4509,1.2159e+05,-11753,8837.7,8837.7
0.48,0.128,0.6233,-0.8553,36727,1.2551e+05,14268,14268
0.48,0.112,-0.33299,3.2779,-8061.5,96046,23485,23485
0.48,0.096,-0.31442,-0.84692,-15877,1.5608e+05,33927,33927
0.48,0.08,-0.17153,0.66272,-9729.8,1.0129e+06,38489,38489
0.48,0.064,-5.2911,21.423,10664,1.3352e+06,30531,30531
0.48,0.048,987.22,1141.5,8169.9,1.2971e+06,14297,14297
0.48,0.032,-15.212,18.2,0,0,3378.7,3378.7
0.48,0.016,-51.692,138.22,0,0,810.49,810.49
0.496,0.496,-0.19591,-1.311,-17311,17765,351.27,351.27
0.496,0.48,0.94655,2.695,-19475,19986,-5833.7,5833.7
0.496,0.464,-4.6453,1.8327,1.6612e+06,5.6213e+06,-14453,14453
0.496,0.448,-1.3738,-0.53664,1.9208e+06,6.4015e+06,-33139,33139
0.496,0.432,-1.6394,-0.26847,1.9208e+06,6.4015e+06,-47931,47931
0.496,0.416,-0.5992,0.50534,-1.8009e+05,-4.4244e+05,-47554,47554
0.496,0.4,-0.20523,0.38259,-1.0645e+05,-3.3438e+05,-35419,35419
0.496,0.384,-1.379,2.0151,-1.05e+05,-3.1988e+05,-22693,22693
0.496,0.368,1.9945,9.7685,-1.9577e+05,-2.2636e+05,-26051,26051
0.496,0.352,-18.708,184.11,-7.7303e+05,-8.5438e+05,-33158,33158
0.496,0.336,-148.72,-62.351,-1.5571e+06,-1.9188e+06,-29025,29025
0.496,0.32,-299.97,-320.43,-1.9316e+06,-2.2099e+06,-12831,12831
0.496,0.304,-45.556,-55.15,-1.491e+06,-1.6343e+06,5621.9,5621.9
0.496,0.288,-6.3632,-10.751,-5.671e+05,-5.4549e+05,12296,12296
0.496,0.272,-1.839,2.3536,44991,-1.8432e+05,9095.1,9095.1
0.496,0.256,-8.8645,2.5758,-34932,-1.4983e+05,7058.8,7058.8
0.496,0.24,-9.6632,5.8495,-3.4456e+05,-1.3353e+05,8038.8,8038.8
0.496,0.224,-81.595,13.317,-5.1704e+05,41426,8311.6,8311.6
0.496,0.208,-18.692,-3.8454,-3.8468e+05,48467,5115.5,5115.5
0.496,0.192,-8.8709,5.0629,-8202.6,23377,279.58,279.58
0.496,0.176,-2.2864,3.7139,2.5426e+05,28942,-2825.2,2825.2
0.496,0.16,-1.3759,2.7354,3.2489e+05,-4455.4,-3109.9,3109.9
0.496,0.144,0.036066,1.2343,1.4148e+05,-17573,-1177.1,1177.1
0.496,0.128,-1.1389,0.57148,28048,68853,1517.4,1517.4
0.496,0.112,-0.77803,1.3799,-8810.7,59352,5918.3,5918.3
0.496,0.096,-0.4072,-0.76928,-23887,88057,11334,11334
0.496,0.08,-1.0024,1.5243,-1.1976e+05,3.0175e+05,13474,13474
0.496,0.064,-0.79354,3.5232,-1.2916e+05,3.4724e+05,10403,10403
0.496,0.048,253.37,414.61,-1.2673e+05,3.3757e+05,4323.2,4323.2
0.496,0.032,-94.067,168.08,0,0,869.08,869.08
0.496,0.016,2.5291,32.067,0,0,27.269,27.269
