0.016,0.496,0.87741,-0.60323,-9353.2,9177,-438.6,438.6
0.016,0.48,2.8743,2.4987,-13294,5787.3,-872.16,872.16
0.016,0.464,3.1856,0.77701,-19264,5476.3,-861.92,861.92
0.016,0.448,-0.84272,0.3986,-10454,-4096.5,-598.73,598.73
0.016,0.432,1.1829,0.77824,-25079,-7002.6,825.61,825.61
0.016,0.416,5.4572,1.1893,-62268,-30044,3678.8,3678.8
0.016,0.4,3.9877,-0.52812,-88411,22802,7902.4,7902.4
0.016,0.384,5.1885,-0.9987,-3.1051e+05,-1.553e+05,8117.1,8117.1
0.016,0.368,5.5238,-1.8195,-2.7958e+05,-1.7535e+05,3594.8,3594.8
0.016,0.352,2.9736,-0.21518,-2.3908e+05,-2.611e+05,-445.93,445.93
0.016,0.336,5.1253,0.63312,16193,-49017,252.92,252.92
0.016,0.32,2.9431,0.17492,3916.1,-32863,4365.9,4365.9
0.016,0.304,-0.242,0.63868,-12581,23968,4707.1,4707.1
0.016,0.288,0.64031,-0.35092,-69369,77262,-2382.3,2382.3
0.016,0.272,0.52576,-1.5545,-1.0239e+05,2.0855e+05,-7209.2,7209.2
0.016,0.256,-1.6255,1.8229,-1.0564e+05,2.0241e+05,-4357.3,4357.3
0.016,0.24,-1.956,3.3451,-55598,1.0258e+05,5622.6,5622.6
0.016,0.224,-1.6444,2.9006,-6440.8,-11188,9044.2,9044.2
0.016,0.208,-1.3705,2.0878,41872,13917,6559.8,6559.8
0.016,0.192,-0.94678,1.3547,23057,29171,2574.7,2574.7
0.016,0.176,-2.8968,-1.0395,39854,46518,2400.8,2400.8
0.016,0.16,-1.4434,-1.0832,-1117.6,8120.8,1911.9,1911.9
0.016,0.144,-0.96037,0.51863,7734,13211,1274.9,1274.9
0.016,0.128,2.3946,-2.0571,-1634.3,6265.1,409.25,409.25
0.016,0.112,5.0267,-0.70632,336.77,7958,34.682,34.682
0.016,0.096,1.0699,-2.8158,3433.6,15885,3063,3063
0.016,0.08,1.491,1.2004,9969.1,17222,7871.5,7871.5
0.016,0.064,0.025919,0.62885,9073.9,10205,11880,11880
0.016,0.048,0.064093,-0.22766,8072.3,780.99,7946.9,7946.9
0.016,0.032,1.2175,-0.52705,2474.1,-1228.7,3305.8,3305.8
0.016,0.016,4.0025,-6.8154,0,0,-908.44,908.44
0.032,0.496,1.9701,0.69686,-24014,9407.7,-295.56,295.56
0.032,0.48,0.11011,1.0707,-35515,-4019.4,-309.27,309.27
0.032,0.464,-0.15965,-0.49352,-45501,-10234,138.58,138.58
0.032,0.448,-0.2354,0.25568,-24218,-27639,831.16,831.16
0.032,0.432,-0.31339,0.20836,-33395,-42568,-393.16,393.16
0.032,0.416,-0.46569,-0.43753,-8.0646e+05,1.409e+05,-624,624
0.032,0.4,-0.60696,-0.25335,-6.1416e+05,-85439,1541.2,1541.2
0.032,0.384,7.1512,6.8995,-6.7853e+05,-5.3353e+05,4068.8,4068.8
0.032,0.368,1.0123,0.92562,-62297,-7.8996e+05,6191,6191
0.032,0.352,0.80623,-0.15512,-3.2115e+05,-6.343e+05,6632.5,6632.5
0.032,0.336,1.6864,1.3488,-3.0801e+05,-1.2359e+05,10148,10148
0.032,0.32,1.7748,4.1099,-2.296e+05,54181,13224,13224
0.032,0.304,-0.59066,1.1867,-2.372e+05,2.7486e+05,15150,15150
0.032,0.288,-0.88594,2.7897,-3.0602e+05,4.5364e+05,16488,16488
0.032,0.272,-2.2691,4.8588,-3.4747e+05,5.6588e+05,14439,14439
0.032,0.256,-2.6431,5.1655,-3.1561e+05,4.7477e+05,10563,10563
0.032,0.24,-2.1713,3.8177,-1.1073e+05,2.1297e+05,4799,4799
0.032,0.224,-1.3988,2.2443,13192,-25890,2297.9,2297.9
0.032,0.208,-0.39258,0.30158,92111,-42626,1233.4,1233.4
0.032,0.192,1.7749,2.6505,-9828.6,192.57,978.78,978.78
0.032,0.176,-1.014,1.4079,4468.3,35676,132.16,132.16
0.032,0.16,-0.66053,0.82837,-27997,5599.3,-84.253,84.253
0.032,0.144,-0.41473,0.37141,-11942,5668.5,-436.12,436.12
0.032,0.128,-0.1081,-0.24852,-37075,-1912.5,-476.59,476.59
0.032,0.112,-0.018952,-0.041897,-34823,-16760,-258.1,258.1
0.032,0.096,0.34354,0.057642,-31637,-4592.4,184.29,184.29
0.032,0.08,0.13525,1.0894,-5111.2,6708.8,465.53,465.53
0.032,0.064,0.43504,1.0942,1310.1,15830,441.27,441.27
0.032,0.048,0.78299,0.28484,19856,9534.8,241.69,241.69
0.032,0.032,0.69235,1.7472,10100,-1643.2,99.189,99.189
0.032,0.016,0.12975,-5.6275,0,0,-102.49,102.49
0.048,0.496,1.2698,1.1351,24909,-45577,-121.88,121.88
0.048,0.48,0.79648,0.93622,8143.4,-52798,366.68,366.68
0.048,0.464,-0.89853,-1.2812,-8257.2,-65012,1160.7,1160.7
0.048,0.448,-0.68421,-0.67609,-95974,-45241,2274.2,2274.2
0.048,0.432,-0.42243,-0.3569,-1.7473e+05,-40527,-16.849,16.849
0.048,0.416,0.45182,0.56339,-1.0591e+06,1.6756e+05,870.78,870.78
0.048,0.4,0.31688,1.1611,-4.4452e+05,-3.2992e+05,4453.5,4453.5
0.048,0.384,13.122,0.19744,-1.9023e+05,-1.0082e+06,5748,5748
0.048,0.368,12.305,2.0346,-2.129e+06,-2.77e+05,9605.8,9605.8
0.048,0.352,3.7642,5.0495,-3.3315e+06,4.2355e+05,11579,11579
0.048,0.336,2.0827,4.4808,-3.8563e+06,1.2591e+06,18940,18940
0.048,0.32,0.56731,6.4942,-1.4525e+06,7.7078e+05,18271,18271
0.048,0.304,-1.6013,8.4609,-9.5625e+05,9.0343e+05,13054,13054
0.048,0.288,-2.4404,8.5995,-8.7389e+05,1.0315e+06,15671,15671
0.048,0.272,-3.8967,7.9792,-7.7338e+05,1.07e+06,16100,16100
0.048,0.256,-4.0969,7.3859,-6.2948e+05,7.9276e+05,16891,16891
0.048,0.24,-3.8995,5.6333,-2.1813e+05,3.6524e+05,8173.3,8173.3
0.048,0.224,-0.81933,3.4955,-14791,11886,3811.7,3811.7
0.048,0.208,-0.49477,0.85493,57299,-5933.8,1279.5,1279.5
0.048,0.192,-0.62072,0.23244,-32730,32298,437.23,437.23
0.048,0.176,-1.2314,1.6412,-6824,53368,-623.46,623.46
0.048,0.16,-0.89015,1.4575,4072.5,-16222,-522.84,522.84
0.048,0.144,-0.57743,0.88749,-20666,2098,-909.18,909.18
0.048,0.128,-1.6883,-0.80785,-25639,-11001,-1040.4,1040.4
0.048,0.112,-1.4045,-0.51738,-23518,-27384,-709.99,709.99
0.048,0.096,-0.77561,-1.1293,-12772,-7782.8,142.34,142.34
0.048,0.08,-1.5937,0.41662,11367,13025,752.3,752.3
0.048,0.064,-0.43431,1.3059,16864,27656,848.69,848.69
0.048,0.048,0.52064,0.40481,21525,20870,513.89,513.89
0.048,0.032,1.1624,4.6993,11789,-1162.7,218.75,218.75
0.048,0.016,0.44676,-5.8248,0,0,-20.212,20.212
0.064,0.496,0.83663,0.48455,38544,-61599,494.86,494.86
0.064,0.48,4.3772,2.1627,-1880.3,-1.1946e+05,1872,1872
0.064,0.464,-1.0006,-0.11455,-43369,-1.7861e+05,4109.2,4109.2
0.064,0.448,-0.17198,0.091754,2.0438e+05,-6.4686e+05,8224,8224
0.064,0.432,0.56394,0.64623,5.5748e+05,-9.6841e+05,8878.7,8878.7
0.064,0.416,0.59587,2.8827,1.9478e+05,-1.2713e+06,17804,17804
0.064,0.4,187.76,-56.283,7.3534e+05,-1.5704e+06,24517,24517
0.064,0.384,13.762,3.6406,9.4611e+05,-1.6682e+06,19897,19897
0.064,0.368,11.129,5.2505,-1.5554e+06,-71258,13257,13257
0.064,0.352,1.4918,8.8598,-3.1606e+06,1.4406e+06,10306,10306
0.064,0.336,-0.67482,11.233,-4.1843e+06,2.5021e+06,18013,18013
0.064,0.32,-3.0236,12.63,-4.0599e+06,2.6992e+06,11624,11624
0.064,0.304,-3.977,12.967,-3.6721e+06,2.7129e+06,-6073.4,6073.4
0.064,0.288,-4.7451,12.963,-3.7531e+06,2.7343e+06,-2150.6,2150.6
0.064,0.272,-6.506,10.476,-1.3349e+06,1.7452e+06,3669,3669
0.064,0.256,-6.1287,9.5409,-9.6111e+05,1.136e+06,15172,15172
0.064,0.24,-4.3497,8.6248,-2.3455e+05,4.7817e+05,6457.7,6457.7
0.064,0.224,-2.7837,6.3502,3923.6,73803,1757,1757
0.064,0.208,-3.546,5.0703,-23166,37734,-1757.9,1757.9
0.064,0.192,-2.8363,3.7864,-1.42e+05,78631,-3050.6,3050.6
0.064,0.176,0.17833,2.3831,-1.7977e+05,89221,-3080.7,3080.7
0.064,0.16,-1.1542,2.4316,-24057,41037,-2038.2,2038.2
0.064,0.144,-0.70594,2.016,-45500,4908.7,-1477.7,1477.7
0.064,0.128,0.66979,-0.16322,17314,1294.8,-1063.5,1063.5
0.064,0.112,-0.32636,0.062576,-26106,-24924,-323.36,323.36
0.064,0.096,-0.090874,-0.044808,-19283,10735,402.91,402.91
0.064,0.08,0.73745,0.85757,-6949.4,24416,1026.9,1026.9
0.064,0.064,-0.68867,1.3019,-6877.2,42656,938.78,938.78
0.064,0.048,-0.55358,0.58581,196.14,36922,649.66,649.66
0.064,0.032,-0.75241,3.0832,-726.69,15357,239.75,239.75
0.064,0.016,0.075347,-7.6979,0,0,182.82,182.82
0.08,0.496,2.0348,2.8403,62901,-70695,562.84,562.84
0.08,0.48,5.5908,3.6308,30825,-1.4457e+05,3259.8,3259.8
0.08,0.464,1.8687,3.2001,-22163,-2.575e+05,10425,10425
0.08,0.448,-0.18953,1.5015,8.2238e+05,-1.3091e+06,21314,21314
0.08,0.432,15.507,1.4114,1.6107e+06,-1.8506e+06,32120,32120
0.08,0.416,17.082,2.6638,2.3991e+06,-2.6062e+06,50140,50140
0.08,0.4,15.344,3.6878,2.5025e+06,-2.5018e+06,59528,59528
0.08,0.384,13.053,6.4938,1.9374e+06,-1.6201e+06,50605,50605
0.08,0.368,9.752,11.043,-1.7685e+06,9.3981e+05,30012,30012
0.08,0.352,-3.435,16.929,-3.4515e+06,3.0397e+06,15194,15194
0.08,0.336,-5.0611,20.04,-4.2752e+06,4.0281e+06,12168,12168
0.08,0.32,-4.4379,20.44,-4.4353e+06,4.0553e+06,513.56,513.56
0.08,0.304,-4.1594,19.546,-4.1664e+06,3.8533e+06,-23717,23717
0.08,0.288,-4.9038,20.921,-5.9194e+06,4.2111e+06,-22670,22670
0.08,0.272,-5.2237,20.133,-3.4297e+06,3.1298e+06,-15406,15406
0.08,0.256,-4.68,16.414,-2.8993e+06,2.2284e+06,1140.4,1140.4
0.08,0.24,-4.363,13.092,-5.1842e+05,7.3486e+05,-2737.1,2737.1
0.08,0.224,-4.0905,10.331,-35395,72826,-6636.2,6636.2
0.08,0.208,-4.4288,7.7351,-17452,-1.1044e+05,-7914.9,7914.9
0.08,0.192,-4.6828,6.5659,12522,-1.4742e+05,-10477,10477
0.08,0.176,-3.3786,5.7117,-22987,-1.5878e+05,-9198.5,9198.5
0.08,0.16,-2.7467,2.541,1.184e+05,-1.6383e+05,-7269.2,7269.2
0.08,0.144,-0.44316,3.9006,18766,-1.2373e+05,-4035.8,4035.8
0.08,0.128,-0.56971,2.3803,1.6899e+05,-97976,-1977,1977
0.08,0.112,-0.063186,0.32712,1.204e+05,-1.0417e+05,-465.67,465.67
0.08,0.096,-0.54499,1.6485,1.035e+05,-28455,388.76,388.76
0.08,0.08,-0.64338,1.6985,-6185.8,23341,813.31,813.31
0.08,0.064,-0.55322,0.92711,-56040,1.0711e+05,594.94,594.94
0.08,0.048,-1.3697,2.0237,-35109,59946,294.06,294.06
0.08,0.032,-0.29765,2.3401,-29988,48473,64.013,64.013
0.08,0.016,-0.26312,0.63194,0,0,113.61,113.61
0.096,0.496,2.0392,6.1606,0,0,301.19,301.19
0.096,0.48,2.0885,5.8502,-51995,-1.071e+05,3259.4,3259.4
0.096,0.464,6.4719,7.5092,-94440,-1.0624e+06,16312,16312
0.096,0.448,70.389,23.689,1.4309e+06,-2.482e+06,37279,37279
0.096,0.432,16.012,4.8703,2.1545e+06,-3.0323e+06,54199,54199
0.096,0.416,16.829,4.9266,2.5695e+06,-3.1483e+06,72913,72913
0.096,0.4,14.561,6.4549,2.0003e+06,-2.4203e+06,77869,77869
0.096,0.384,11.746,12.113,1.0578e+06,-9.5782e+05,71991,71991
0.096,0.368,-0.3055,20.554,27976,9.0353e+05,46340,46340
0.096,0.352,-2.2103,24.382,-9.7459e+05,2.7422e+06,15185,15185
0.096,0.336,-2.7502,27.092,-1.5091e+06,3.5252e+06,-14870,14870
0.096,0.32,-2.7805,26.376,-4.0202e+06,3.8538e+06,-41026,41026
0.096,0.304,-3.4597,23.321,-3.9987e+06,3.3577e+06,-57789,57789
0.096,0.288,-5.3044,25.488,-5.8722e+06,3.6329e+06,-48232,48232
0.096,0.272,-5.0758,26.586,-3.5876e+06,2.8022e+06,-36136,36136
0.096,0.256,-5.1448,23.427,-3.1265e+06,2.1681e+06,-19360,19360
0.096,0.24,-5.1287,19.753,-7.1777e+05,6.8737e+05,-14879,14879
0.096,0.224,-5.0199,15.059,-65025,-1.3774e+05,-10124,10124
0.096,0.208,-4.5281,12.721,62658,-5.4428e+05,-8912.2,8912.2
0.096,0.192,-2.8304,10.272,1.7629e+05,-7.056e+05,-9852.5,9852.5
0.096,0.176,-1.6979,8.5983,1.4347e+05,-6.3981e+05,-7999.1,7999.1
0.096,0.16,-1.1662,4.8318,1.5778e+05,-4.6267e+05,-5249.2,5249.2
0.096,0.144,0.12899,3.9588,-31032,-2.6931e+05,-2325.9,2325.9
0.096,0.128,-0.45083,3.7804,24549,-1.601e+05,-871.83,871.83
0.096,0.112,2.1138,2.6511,12865,-1.0035e+05,2039.2,2039.2
0.096,0.096,1.5527,0.78849,85808,-58907,2380.9,2380.9
0.096,0.08,-0.86139,3.0009,16518,-10783,2166.4,2166.4
0.096,0.064,-1.2008,1.623,-52268,57026,346.69,346.69
0.096,0.048,-1.9826,2.7085,-46296,31925,-4.1248,4.1248
0.096,0.032,-0.80207,2.607,-42200,34106,-19.411,19.411
0.096,0.016,-0.18878,0.81337,0,0,69.768,69.768
0.112,0.496,1.3673,6.6293,0,0,-207.16,207.16
0.112,0.48,1.3956,8.3486,0,0,4042,4042
0.112,0.464,6.7101,11.746,1.6269e+05,-2.3927e+06,25100,25100
0.112,0.448,3.8171,6.5067,1.9922e+06,-3.1469e+06,54769,54769
0.112,0.432,9.45,8.2401,1.7864e+06,-2.7661e+06,77196,77196
0.112,0.416,6.1528,8.3999,1.5957e+06,-2.2437e+06,83621,83621
0.112,0.4,1.4481,8.8835,8.8551e+05,-1.5408e+06,76452,76452
0.112,0.384,0.69486,14.73,1.8846e+05,-3.4143e+05,61766,61766
0.112,0.368,1.014,20.399,-4.6223e+05,8.5346e+05,31714,31714
0.112,0.352,-1.3791,22.087,-1.228e+06,1.8644e+06,-10803,10803
0.112,0.336,-2.5929,20.727,-1.5639e+06,1.9468e+06,-50686,50686
0.112,0.32,-2.4675,19.255,-1.6603e+06,1.3757e+06,-80519,80519
0.112,0.304,-3.6337,15.444,-1.2732e+06,1.0348e+06,-90406,90406
0.112,0.288,-5.9996,14.46,-2.8479e+06,1.5185e+06,-78310,78310
0.112,0.272,-5.9123,19.517,-2.8971e+06,1.5754e+06,-58436,58436
0.112,0.256,-5.6502,22.079,-2.742e+06,1.3215e+06,-35975,35975
0.112,0.24,-5.3654,21.954,-6.9803e+05,4.0892e+05,-22038,22038
0.112,0.224,-5.4665,20.723,-33270,47459,-10326,10326
0.112,0.208,-4.1025,16.508,2.0999e+05,-5.2928e+05,-5845.9,5845.9
0.112,0.192,-2.2145,11.746,4.1112e+05,-9.8558e+05,-8249.3,8249.3
0.112,0.176,-1.9018,11.669,4.0982e+05,-1.1796e+06,-6861.6,6861.6
0.112,0.16,-1.94,8.9097,3.0261e+05,-8.6475e+05,-4517.1,4517.1
0.112,0.144,-2.4943,5.5643,73388,-5.0859e+05,-168.41,168.41
0.112,0.128,-3.3954,4.506,33751,-3.1181e+05,-427.7,427.7
0.112,0.112,-2.5549,4.1357,90801,-2.9663e+05,3195.8,3195.8
0.112,0.096,-1.3306,4.3527,1.8617e+05,-3.464e+05,4613.9,4613.9
0.112,0.08,0.24404,3.8932,1.3137e+05,-2.8475e+05,4745.7,4745.7
0.112,0.064,0.22626,4.2157,62068,-2.8079e+05,2465.5,2465.5
0.112,0.048,-0.38274,3.0976,31686,-1.8859e+05,1111.6,1111.6
0.112,0.032,-0.81859,3.6837,13326,-1.5612e+05,666.49,666.49
0.112,0.016,0.82407,-4.877,0,0,149.01,149.01
0.128,0.496,2.7248,12.453,0,0,-226.54,226.54
0.128,0.48,4.6514,16.512,0,0,2896.9,2896.9
0.128,0.464,4.5972,18.242,1.6269e+05,-2.3927e+06,23552,23552
0.128,0.448,1.2029,14.734,1.0916e+06,-2.9435e+06,43032,43032
0.128,0.432,0.76673,14.61,7.3127e+05,-2.5469e+06,55135,55135
0.128,0.416,1.0632,14.217,2.7989e+05,-1.6141e+06,49342,49342
0.128,0.4,-0.80166,13.76,-3.1086e+05,-9.5848e+05,44346,44346
0.128,0.384,-0.60666,13.907,-6.1962e+05,-2.602e+05,21948,21948
0.128,0.368,-0.16011,14.21,-8.8152e+05,2.4817e+05,-7679.3,7679.3
0.128,0.352,-1.5698,12.681,-1.3459e+06,3.0998e+05,-51846,51846
0.128,0.336,-3.8425,9.8752,-1.5167e+06,-78588,-86865,86865
0.128,0.32,-4.4212,8.5277,-1.2371e+06,-6.275e+05,-1.1143e+05,1.1143e+05
0.128,0.304,-2.4205,8.3768,-4.8672e+05,-6.1301e+05,-1.1982e+05,1.1982e+05
0.128,0.288,-1.4321,7.8282,-2.8667e+05,-3.1414e+05,-1.064e+05,1.064e+05
0.128,0.272,-2.9566,8.5944,-3.8821e+05,-38224,-89495,89495
0.128,0.256,-5.2306,11.004,-4.6373e+05,2.0409e+05,-55585,55585
0.128,0.24,-3.7579,15.951,-2.5506e+05,4.2292e+05,-30710,30710
0.128,0.224,-2.63,18.701,40041,5.1071e+05,-5680.1,5680.1
0.128,0.208,-2.5489,16.372,1.534e+05,3573.9,2310.3,2310.3
0.128,0.192,-2.8543,12.369,2.8383e+05,-5.6975e+05,1438,1438
0.128,0.176,-2.0062,12.139,2.9301e+05,-8.7461e+05,193.28,193.28
0.128,0.16,-0.42219,10.735,2.017e+05,-6.3425e+05,1757.5,1757.5
0.128,0.144,-1.2636,9.2043,30388,-3.3105e+05,5282.7,5282.7
0.128,0.128,-1.3689,9.9597,-1.0569e+05,-1.6604e+05,4064.2,4064.2
0.128,0.112,-0.54412,9.0341,-56734,-1.9159e+05,9180.2,9180.2
0.128,0.096,0.44511,6.6409,44187,-2.684e+05,12212,12212
0.128,0.08,0.73626,5.3514,1.0977e+05,-2.8817e+05,13806,13806
0.128,0.064,0.2336,7.7868,1.2397e+05,-3.7505e+05,8560.7,8560.7
0.128,0.048,1.6472,3.8565,86904,-2.7117e+05,3917.4,3917.4
0.128,0.032,2.0439,4.334,57301,-2.2475e+05,966.47,966.47
0.128,0.016,0.84508,7.2349,0,0,263.27,263.27
0.144,0.496,1.9402,22.421,0,0,-113.27,113.27
0.144,0.48,1.3984,21.859,0,0,2508.5,2508.5
0.144,0.464,2.1013,24.717,NaN,NaN,20588,20588
0.144,0.448,0.7586,27.214,NaN,NaN,15104,15104
0.144,0.432,1.7935,24.082,-1.5331e+05,-7.5241e+05,16956,16956
0.144,0.416,2.5232,22.205,-3.6964e+05,-9.4259e+05,11901,11901
0.144,0.4,0.35359,18.739,-5.5105e+05,-1.1341e+06,16707,16707
0.144,0.384,-1.7967,15.416,-7.5349e+05,-1.0094e+06,-4250.1,4250.1
0.144,0.368,-4.0805,12.295,-1e+06,-7.7939e+05,-35170,35170
0.144,0.352,-5.206,8.9876,-1.2461e+06,-7.7245e+05,-77860,77860
0.144,0.336,-6.1631,7.1531,-1.1355e+06,-1.0896e+06,-96143,96143
0.144,0.32,-5.714,4.1115,-6.3279e+05,-1.197e+06,-1.0432e+05,1.0432e+05
0.144,0.304,-2.8613,4.5115,1.0605e+05,-8.9887e+05,-1.062e+05,1.062e+05
0.144,0.288,-1.2032,6.3729,4.5228e+05,-7.1027e+05,-1.058e+05,1.058e+05
0.144,0.272,-0.54998,5.7712,4.2434e+05,-8.5769e+05,-1.0362e+05,1.0362e+05
0.144,0.256,0.71196,8.6187,2.2907e+05,-6.7634e+05,-74080,74080
0.144,0.24,-0.046842,11.654,97041,-1.2582e+05,-46946,46946
0.144,0.224,-0.5318,12.699,50126,4.1858e+05,-15466,15466
0.144,0.208,-0.054564,12.749,28686,2.0775e+05,-892.54,892.54
0.144,0.192,-0.042571,11.487,96968,-2.0494e+05,529.09,529.09
0.144,0.176,0.7387,10.968,1.0839e+05,-5.0546e+05,-1013.8,1013.8
0.144,0.16,1.3721,12.221,96217,-3.2898e+05,-1849.9,1849.9
0.144,0.144,0.0060055,12.675,27059,-51888,4416.4,4416.4
0.144,0.128,-1.1486,13.661,-59430,2.0307e+05,6293.7,6293.7
0.144,0.112,-1.131,12.785,-86801,2.4353e+05,16728,16728
0.144,0.096,0.1863,12.285,-1.2516e+05,3.6465e+05,28070,28070
0.144,0.08,-0.8296,14.279,-1.2039e+05,5.2944e+05,35414,35414
0.144,0.064,-0.64118,13.983,-98918,6.4389e+05,28439,28439
0.144,0.048,-0.55006,12.879,-42614,4.4743e+05,15713,15713
0.144,0.032,0.013941,13.037,-6355,1.4381e+05,5272.9,5272.9
0.144,0.016,-0.55432,9.5804,0,0,1454.1,1454.1
0.16,0.496,3.0331,28.944,0,0,0,0
0.16,0.48,0.3235,27.286,0,0,0,0
0.16,0.464,-1.3111,25.864,NaN,NaN,0,0
0.16,0.448,-1.2396,23.38,NaN,NaN,-78551,78551
0.16,0.432,-1.1287,18.876,-7.9003e+05,-2.4562e+06,-58929,58929
0.16,0.416,-1.7609,19.154,-3.9415e+05,-1.6855e+06,-50420,50420
0.16,0.4,-1.7346,17.096,-4.1595e+05,-1.6972e+06,-30723,30723
0.16,0.384,-3.2981,14.551,-5.1785e+05,-1.3685e+06,-40761,40761
0.16,0.368,-4.1878,13.631,-6.8259e+05,-1.0733e+06,-50613,50613
0.16,0.352,-5.1263,15.081,-8.5477e+05,-7.9333e+05,-80019,80019
0.16,0.336,-5.2237,16.455,-6.7067e+05,-5.8704e+05,-84495,84495
0.16,0.32,-5.3712,15.176,-2.745e+05,-2.1294e+05,-85796,85796
0.16,0.304,-2.8505,12.106,2.6743e+05,29084,-84951,84951
0.16,0.288,-0.94741,10.082,5.7062e+05,-1.6972e+05,-89224,89224
0.16,0.272,1.1207,10.887,6.419e+05,-9.069e+05,-1.0225e+05,1.0225e+05
0.16,0.256,2.0985,11.761,4.7795e+05,-1.2844e+06,-86792,86792
0.16,0.24,1.7193,11.375,2.0968e+05,-1.2504e+06,-66426,66426
0.16,0.224,1.1234,10.819,-40366,-1.0057e+06,-33560,33560
0.16,0.208,2.0243,11.211,-1.3278e+05,-8.319e+05,-13333,13333
0.16,0.192,2.7785,10.93,-75288,-7.1068e+05,-5788,5788
0.16,0.176,2.919,9.4167,-61448,-4.964e+05,-4820.1,4820.1
0.16,0.16,2.0497,10.626,-55451,-2.7311e+05,-5616,5616
0.16,0.144,1.9744,12.69,-94289,47575,2508.2,2508.2
0.16,0.128,1.5244,15.791,-1.5174e+05,4.9424e+05,10898,10898
0.16,0.112,-0.11394,18.197,-2.6285e+05,1.0073e+06,28658,28658
0.16,0.096,-1.2493,19.194,-3.7487e+05,1.5514e+06,49081,49081
0.16,0.08,-2.0102,24.425,-4.428e+05,1.8941e+06,61802,61802
0.16,0.064,-1.6129,27.458,-4.6019e+05,2.101e+06,53724,53724
0.16,0.048,-2.2165,27.326,-3.0373e+05,1.395e+06,32368,32368
0.16,0.032,-2.4467,23.161,-1.5746e+05,6.9062e+05,12733,12733
0.16,0.016,-1.2882,14.874,0,0,3212.6,3212.6
0.176,0.496,-0.21492,25.983,0,0,0,0
0.176,0.48,-1.1817,23.439,0,0,0,0
0.176,0.464,-3.2748,21.718,NaN,NaN,0,0
0.176,0.448,-3.6119,19.831,NaN,NaN,-83430,83430
0.176,0.432,-3.3291,15.34,-7.9003e+05,-2.4562e+06,-97312,97312
0.176,0.416,-3.0716,14.996,-2.9947e+05,-1.8954e+06,-96025,96025
0.176,0.4,-2.0143,15.929,-2.1767e+05,-1.766e+06,-87683,87683
0.176,0.384,-0.74753,15.525,-1.6358e+05,-1.4688e+06,-78505,78505
0.176,0.368,-1.5763,16.732,-2.3052e+05,-9.9308e+05,-66902,66902
0.176,0.352,-1.4609,21.319,-3.8127e+05,-5.436e+05,-67599,67599
0.176,0.336,-2.1388,24.715,-3.2636e+05,2.3637e+05,-57500,57500
0.176,0.32,-1.0805,27.81,-6193.3,8.2146e+05,-63255,63255
0.176,0.304,0.40942,26.044,4.2254e+05,6.7401e+05,-74384,74384
0.176,0.288,2.8401,22.038,7.6546e+05,-81130,-88107,88107
0.176,0.272,3.8802,21.293,8.4236e+05,-1.3123e+06,-1.019e+05,1.019e+05
0.176,0.256,3.7847,17.596,6.863e+05,-2.2487e+06,-96665,96665
0.176,0.24,3.2785,13.231,3.8155e+05,-2.7446e+06,-88376,88376
0.176,0.224,3.0909,12.455,1.5602e+05,-2.8577e+06,-61760,61760
0.176,0.208,4.3093,12.451,52046,-2.5087e+06,-39598,39598
0.176,0.192,4.1054,11.715,47339,-2.0304e+06,-24599,24599
0.176,0.176,3.2586,10.529,32895,-1.5057e+06,-14723,14723
0.176,0.16,3.2176,10.101,1.0544e+05,-1.1448e+06,-10580,10580
0.176,0.144,3.8792,12.03,2.2659e+05,-7.7014e+05,4105.3,4105.3
0.176,0.128,3.3356,16.239,2.4661e+05,-1.3367e+05,18230,18230
0.176,0.112,2.4251,21.589,-1252,7.8575e+05,37303,37303
0.176,0.096,0.55884,26.975,-3.3468e+05,1.89e+06,64548,64548
0.176,0.08,-0.32957,29.12,-6.268e+05,2.7725e+06,80882,80882
0.176,0.064,-0.67377,28.309,-7.8558e+05,3.3591e+06,78113,78113
0.176,0.048,-1.4993,28.102,-5.735e+05,2.3279e+06,50099,50099
0.176,0.032,-3.0279,27.253,-3.1067e+05,1.2021e+06,22247,22247
0.176,0.016,-3.026,23.924,0,0,5693.8,5693.8
0.192,0.496,0.033587,27.257,0,0,0,0
0.192,0.48,-0.054421,23.036,0,0,0,0
0.192,0.464,-0.72683,22.218,NaN,NaN,0,0
0.192,0.448,-0.33384,24.793,NaN,NaN,-90773,90773
0.192,0.432,0.82085,20.054,-7.9003e+05,-2.4562e+06,-96874,96874
0.192,0.416,0.59626,18.012,-2.5288e+05,-2.0278e+06,-96868,96868
0.192,0.4,0.45497,17.733,-21445,-1.6906e+06,-86600,86600
0.192,0.384,-0.092981,20.709,1.8776e+05,-1.2586e+06,-88578,88578
0.192,0.368,-0.10188,20.905,2.3738e+05,-6.633e+05,-88254,88254
0.192,0.352,-0.32961,28.115,1.7038e+05,-2.9e+05,-92988,92988
0.192,0.336,-1.4016,31.844,1.9948e+05,6.1442e+05,-71895,71895
0.192,0.32,-0.26361,33.905,3.5629e+05,1.4121e+06,-63997,63997
0.192,0.304,1.9991,35.53,5.5994e+05,1.3048e+06,-73852,73852
0.192,0.288,4.4063,33.448,7.5409e+05,6.6527e+05,-91219,91219
0.192,0.272,5.331,30.863,7.9659e+05,-3.9874e+05,-1.0649e+05,1.0649e+05
0.192,0.256,4.4165,25.738,7.1021e+05,-1.6912e+06,-96930,96930
0.192,0.24,3.8215,20.616,5.1608e+05,-2.7913e+06,-90223,90223
0.192,0.224,3.7132,17.761,4.0151e+05,-3.4997e+06,-71201,71201
0.192,0.208,3.8331,16.568,3.6754e+05,-3.4847e+06,-54805,54805
0.192,0.192,3.5964,14.931,3.5469e+05,-3.1018e+06,-41396,41396
0.192,0.176,3.1951,13.545,3.6817e+05,-2.522e+06,-21925,21925
0.192,0.16,3.9212,17.622,5.1291e+05,-2.0462e+06,-7002.5,7002.5
0.192,0.144,5.6996,23.23,6.7128e+05,-1.5492e+06,17252,17252
0.192,0.128,6.7576,26.964,6.53e+05,-7.8223e+05,28933,28933
0.192,0.112,5.2012,31.008,2.5924e+05,2.9504e+05,40804,40804
0.192,0.096,2.6162,32.294,-2.6346e+05,1.5716e+06,66129,66129
0.192,0.08,0.10983,30.863,-7.6729e+05,2.6923e+06,91627,91627
0.192,0.064,-1.4173,30.533,-1.077e+06,3.5798e+06,96449,96449
0.192,0.048,-2.1397,33.148,-8.0596e+05,2.6173e+06,66309,66309
0.192,0.032,-4.0635,33.54,-4.3273e+05,1.4114e+06,29972,29972
0.192,0.016,-4.5351,32.53,0,0,7658,7658
0.208,0.496,-0.18585,30.565,0,0,0,0
0.208,0.48,-0.9286,28.361,0,0,0,0
0.208,0.464,-1.9949,30.019,NaN,NaN,0,0
0.208,0.448,-1.5632,31.105,NaN,NaN,-80045,80045
0.208,0.432,-2.706,29.08,NaN,NaN,-94992,94992
0.208,0.416,-1.361,24.34,2.2907e+05,-1.7152e+06,-89382,89382
0.208,0.4,-0.28063,23.086,1.6851e+05,-1.354e+06,-84975,84975
0.208,0.384,0.84528,26.72,1.7802e+05,-1.0635e+06,-85817,85817
0.208,0.368,-0.92564,29.572,1.1091e+05,-3.8594e+05,-96605,96605
0.208,0.352,-1.0807,35.166,1.1238e+05,-82507,-1.0216e+05,1.0216e+05
0.208,0.336,-1.3287,38.94,57091,1.004e+06,-79614,79614
0.208,0.32,-0.75914,39.465,3.7407e+05,1.7235e+06,-60731,60731
0.208,0.304,0.13903,40.549,6.2334e+05,1.2969e+06,-66841,66841
0.208,0.288,1.1281,40.018,7.6816e+05,7.4017e+05,-79474,79474
0.208,0.272,1.2626,36.9,6.9478e+05,97370,-93687,93687
0.208,0.256,1.9509,33.469,5.9767e+05,-7.2048e+05,-78516,78516
0.208,0.24,2.4527,30.576,5.1071e+05,-1.7215e+06,-67129,67129
0.208,0.224,2.8567,27.315,4.9269e+05,-2.6027e+06,-50058,50058
0.208,0.208,2.7133,23.884,5.0715e+05,-2.972e+06,-43598,43598
0.208,0.192,3.018,23.988,5.222e+05,-2.92e+06,-37050,37050
0.208,0.176,3.5105,24.269,6.0272e+05,-2.515e+06,-16231,16231
0.208,0.16,4.4285,31.839,7.9224e+05,-2.077e+06,6405.3,6405.3
0.208,0.144,5.4243,36.662,1.0382e+06,-1.6566e+06,32877,32877
0.208,0.128,3.9191,38.131,1.092e+06,-1.1226e+06,38082,38082
0.208,0.112,2.0925,40.141,7.4492e+05,-4.0903e+05,49799,49799
0.208,0.096,0.34655,40.054,74838,7.8331e+05,78588,78588
0.208,0.08,-0.89754,39.749,-7.1638e+05,2.3393e+06,1.1074e+05,1.1074e+05
0.208,0.064,-3.2235,38.744,-1.3338e+06,3.9662e+06,1.1127e+05,1.1127e+05
0.208,0.048,-4.8608,40.075,-1.0825e+06,3.1975e+06,75322,75322
0.208,0.032,-6.5064,41.625,-5.8652e+05,1.7955e+06,33626,33626
0.208,0.016,-7.5864,41.136,0,0,8884.9,8884.9
0.224,0.496,0.46663,37.564,0,0,0,0
0.224,0.48,-0.91768,35.268,0,0,0,0
0.224,0.464,-2.5358,37.046,NaN,NaN,0,0
0.224,0.448,-2.5912,37.569,NaN,NaN,NaN,NaN
0.224,0.432,-1.9489,37.97,NaN,NaN,-18800,18800
0.224,0.416,-1.2853,37.765,NaN,NaN,-13523,13523
0.224,0.4,-0.57094,37.876,NaN,NaN,-14464,14464
0.224,0.384,-0.017999,38.411,NaN,NaN,-37309,37309
0.224,0.368,0.48589,40.3,NaN,NaN,-82846,82846
0.224,0.352,-0.052189,42.602,NaN,NaN,-1.3299e+05,1.3299e+05
0.224,0.336,-0.52967,44.384,NaN,NaN,-1.1869e+05,1.1869e+05
0.224,0.32,-0.79512,43.717,NaN,NaN,-68916,68916
0.224,0.304,-0.78952,42.816,4.8982e+05,1.6924e+06,-48322,48322
0.224,0.288,-0.70725,43.118,4.7689e+05,1.1528e+06,-43121,43121
0.224,0.272,-0.60312,40.331,3.4435e+05,7.3435e+05,-49212,49212
0.224,0.256,-0.096677,37.052,2.6364e+05,2.3745e+05,-31178,31178
0.224,0.24,-0.074443,36.814,1.9499e+05,-4.1069e+05,-21111,21111
0.224,0.224,-0.11718,35.978,2.5889e+05,-1.2068e+06,-9973.9,9973.9
0.224,0.208,2.0732,34.641,4.3802e+05,-1.7761e+06,-11395,11395
0.224,0.192,4.0215,36.871,6.294e+05,-1.9252e+06,-14828,14828
0.224,0.176,4.0576,39.155,8.0028e+05,-1.653e+06,1657.2,1657.2
0.224,0.16,4.209,41.396,9.0335e+05,-1.2715e+06,22861,22861
0.224,0.144,5.1262,43.47,9.9006e+05,-8.7949e+05,45924,45924
0.224,0.128,6.0817,44.013,9.6451e+05,-4.8231e+05,56718,56718
0.224,0.112,4.4953,44.663,7.6301e+05,-75621,73950,73950
0.224,0.096,3.0865,45.106,2.7079e+05,6.2427e+05,1.0522e+05,1.0522e+05
0.224,0.08,-2.0828,46.574,-4.831e+05,1.9591e+06,1.3012e+05,1.3012e+05
0.224,0.064,-8.0174,45.616,-1.2414e+06,3.6216e+06,1.2088e+05,1.2088e+05
0.224,0.048,-10.495,45.51,-1.0924e+06,3.1043e+06,80326,80326
0.224,0.032,-9.609,47.752,-6.1839e+05,1.7908e+06,35055,35055
0.224,0.016,-10.039,45.978,0,0,9354.6,9354.6
0.24,0.496,0.95608,43.944,0,0,0,0
0.24,0.48,0.26983,41.906,0,0,0,0
0.24,0.464,-0.37653,42.691,NaN,NaN,0,0
0.24,0.448,-0.22995,44.089,NaN,NaN,NaN,NaN
0.24,0.432,0.098624,45.188,NaN,NaN,NaN,NaN
0.24,0.416,0.91046,45.295,NaN,NaN,NaN,NaN
0.24,0.4,1.1009,44.367,NaN,NaN,NaN,NaN
0.24,0.384,1.8847,44.246,NaN,NaN,NaN,NaN
0.24,0.368,1.3643,44.502,NaN,NaN,NaN,NaN
0.24,0.352,-0.31819,45.642,NaN,NaN,NaN,NaN
0.24,0.336,-1.2345,46.804,NaN,NaN,NaN,NaN
0.24,0.32,-1.1638,46.912,NaN,NaN,-26748,26748
0.24,0.304,-1.3894,46.997,NaN,NaN,-38343,38343
0.24,0.288,-1.7888,47.067,3.2278e+05,9.7467e+05,-27620,27620
0.24,0.272,-1.9025,46.09,1.3961e+05,6.5695e+05,-18491,18491
0.24,0.256,-1.7394,45.188,1.0574e+05,4.9733e+05,2603.8,2603.8
0.24,0.24,-1.6387,44.939,-27934,2.6387e+05,18399,18399
0.24,0.224,-0.7753,43.278,4918.8,-34388,24852,24852
0.24,0.208,1.6091,44.14,1.4063e+05,-2.0472e+05,21021,21021
0.24,0.192,3.6486,47.033,3.653e+05,-3.1457e+05,12783,12783
0.24,0.176,3.8272,48.052,5.5937e+05,-2.4297e+05,17132,17132
0.24,0.16,4.2619,48.319,6.4452e+05,-1.2677e+05,30219,30219
0.24,0.144,3.7908,48.521,7.3431e+05,-16779,49887,49887
0.24,0.128,3.9866,49.114,7.4548e+05,1.1461e+05,73697,73697
0.24,0.112,3.715,49.164,6.6949e+05,3.1083e+05,1.0127e+05,1.0127e+05
0.24,0.096,2.5762,49.395,3.174e+05,8.0147e+05,1.3167e+05,1.3167e+05
0.24,0.08,-0.3273,50.058,-3.1974e+05,1.9407e+06,1.3955e+05,1.3955e+05
0.24,0.064,-4.9372,52.841,-1.03e+06,3.4208e+06,1.1711e+05,1.1711e+05
0.24,0.048,-7.8003,54.38,-9.4776e+05,2.8927e+06,73794,73794
0.24,0.032,-11.915,55.259,-5.5263e+05,1.6756e+06,32295,32295
0.24,0.016,-10.012,54.488,0,0,8674.5,8674.5
0.256,0.496,1.3185,47.381,0,0,0,0
0.256,0.48,0.42884,46.906,0,0,0,0
0.256,0.464,-0.024768,47.811,NaN,NaN,0,0
0.256,0.448,-0.63098,48.904,NaN,NaN,NaN,NaN
0.256,0.432,-0.77081,49.439,NaN,NaN,NaN,NaN
0.256,0.416,-0.52523,49.336,NaN,NaN,NaN,NaN
0.256,0.4,-0.63776,48.485,NaN,NaN,NaN,NaN
0.256,0.384,0.31338,48.351,NaN,NaN,NaN,NaN
0.256,0.368,0.50265,48.365,NaN,NaN,NaN,NaN
0.256,0.352,-0.59496,47.531,NaN,NaN,NaN,NaN
0.256,0.336,-0.84348,47.333,NaN,NaN,NaN,NaN
0.256,0.32,-0.2386,48.253,NaN,NaN,NaN,NaN
0.256,0.304,-0.21654,49.152,NaN,NaN,-39661,39661
0.256,0.288,-1.008,49.334,NaN,NaN,-34151,34151
0.256,0.272,-1.9357,49.561,-1.6742e+05,1.1332e+06,-23123,23123
0.256,0.256,-2.1181,50.91,-1.1181e+05,9.6581e+05,1876.2,1876.2
0.256,0.24,-1.9629,52.061,-1.9177e+05,7.5464e+05,29778,29778
0.256,0.224,-1.6098,51.872,-1.1653e+05,6.4529e+05,47992,47992
0.256,0.208,-0.94316,53.419,-27333,6.5784e+05,44152,44152
0.256,0.192,-0.36345,54.244,1.6978e+05,6.4865e+05,28256,28256
0.256,0.176,0.41749,53.842,3.4308e+05,6.006e+05,20440,20440
0.256,0.16,1.5694,52.699,4.0512e+05,5.3242e+05,28163,28163
0.256,0.144,1.3317,52.074,4.0035e+05,5.5983e+05,50435,50435
0.256,0.128,1.1189,52.643,3.2084e+05,6.6385e+05,84404,84404
0.256,0.112,1.1451,53.008,2.2192e+05,8.8823e+05,1.1016e+05,1.1016e+05
0.256,0.096,0.047171,53.742,-32849,1.27e+06,1.3584e+05,1.3584e+05
0.256,0.08,-2.0166,54.98,-4.3556e+05,2.0024e+06,1.3257e+05,1.3257e+05
0.256,0.064,-4.4469,57.359,-9.2834e+05,3.0145e+06,1.0893e+05,1.0893e+05
0.256,0.048,-6.0221,60.157,-7.8422e+05,2.4099e+06,67635,67635
0.256,0.032,-10.62,61.52,-4.7261e+05,1.4129e+06,29348,29348
0.256,0.016,-9.8916,66.874,0,0,7896.7,7896.7
0.272,0.496,0.57038,50.254,0,0,0,0
0.272,0.48,-0.45739,49.142,0,0,0,0
0.272,0.464,-0.50356,50.069,NaN,NaN,0,0
0.272,0.448,-0.90314,50.876,NaN,NaN,NaN,NaN
0.272,0.432,-1.0489,51.034,NaN,NaN,NaN,NaN
0.272,0.416,-0.8324,50.882,NaN,NaN,NaN,NaN
0.272,0.4,-1.292,51.134,NaN,NaN,NaN,NaN
0.272,0.384,-0.78624,50.99,NaN,NaN,NaN,NaN
0.272,0.368,-0.64625,50.832,NaN,NaN,NaN,NaN
0.272,0.352,-0.96885,50.223,NaN,NaN,NaN,NaN
0.272,0.336,-0.62003,50.012,NaN,NaN,NaN,NaN
0.272,0.32,-0.11426,48.671,NaN,NaN,NaN,NaN
0.272,0.304,0.064713,48.071,NaN,NaN,NaN,NaN
0.272,0.288,0.060802,48.611,NaN,NaN,-61843,61843
0.272,0.272,-0.41232,48.785,4.89e+05,-1.7833e+05,-36754,36754
0.272,0.256,-0.7057,51.206,6.0957e+05,-1.4497e+05,-6676.9,6676.9
0.272,0.24,-1.0839,53.36,2.3398e+05,2.9329e+05,41357,41357
0.272,0.224,-1.0333,54.1,86528,5.9298e+05,74165,74165
0.272,0.208,-1.2104,55.554,-44939,7.7952e+05,70132,70132
0.272,0.192,-1.7437,56.457,-29578,8.165e+05,46871,46871
0.272,0.176,-0.69302,55.609,20944,7.6833e+05,28293,28293
0.272,0.16,-0.24902,55.409,53558,7.1133e+05,34377,34377
0.272,0.144,-1.0012,54.906,60601,7.806e+05,54006,54006
0.272,0.128,-1.0826,55.304,9630.9,9.0654e+05,74075,74075
0.272,0.112,-1.2527,55.302,-89038,1.1648e+06,92475,92475
0.272,0.096,-2.2019,57.499,-3.0847e+05,1.5758e+06,1.1181e+05,1.1181e+05
0.272,0.08,-3.9702,59.414,-5.8094e+05,2.1883e+06,1.1504e+05,1.1504e+05
0.272,0.064,-4.5721,61.403,-9.1831e+05,3.0345e+06,95334,95334
0.272,0.048,-6.9299,64.588,-7.1581e+05,2.322e+06,59074,59074
0.272,0.032,-7.8195,69.412,-4.3453e+05,1.3533e+06,25433,25433
0.272,0.016,-8.4341,72.231,0,0,6865.6,6865.6
0.288,0.496,-0.58931,49.255,0,0,0,0
0.288,0.48,-1.4844,48.396,0,0,0,0
0.288,0.464,-1.2545,48.905,NaN,NaN,0,0
0.288,0.448,-1.4873,49.081,NaN,NaN,NaN,NaN
0.288,0.432,-1.9828,48.731,NaN,NaN,NaN,NaN
0.288,0.416,-1.6595,48.366,NaN,NaN,NaN,NaN
0.288,0.4,-1.3649,49.366,NaN,NaN,NaN,NaN
0.288,0.384,-0.53616,50.15,NaN,NaN,NaN,NaN
0.288,0.368,0.061808,50.492,NaN,NaN,NaN,NaN
0.288,0.352,-0.56484,51.489,NaN,NaN,NaN,NaN
0.288,0.336,-0.33502,51.999,NaN,NaN,NaN,NaN
0.288,0.32,-0.012934,50.577,NaN,NaN,NaN,NaN
0.288,0.304,-0.32982,49.436,NaN,NaN,NaN,NaN
0.288,0.288,0.33867,49.472,NaN,NaN,-36774,36774
0.288,0.272,0.93154,49.332,6.5658e+05,1.8937e+05,-21963,21963
0.288,0.256,0.74136,48.17,7.5285e+05,1.0023e+05,2842.2,2842.2
0.288,0.24,1.2098,47.131,5.7461e+05,1.2716e+05,42045,42045
0.288,0.224,0.92459,46.946,4.1706e+05,1.7732e+05,73605,73605
0.288,0.208,-0.012788,48.435,1.8704e+05,2.7782e+05,70579,70579
0.288,0.192,-1.2626,49.599,48712,2.7703e+05,52110,52110
0.288,0.176,-1.7833,49.885,-63737,2.8452e+05,38597,38597
0.288,0.16,-1.9461,51.911,-1.4051e+05,3.3851e+05,45009,45009
0.288,0.144,-2.4433,53.311,-1.5838e+05,5.0858e+05,56456,56456
0.288,0.128,-1.6684,54.086,-1.7148e+05,7.0346e+05,60131,60131
0.288,0.112,-1.6266,55.771,-2.0957e+05,9.621e+05,66399,66399
0.288,0.096,-2.6343,58.066,-3.3017e+05,1.3177e+06,79370,79370
0.288,0.08,-2.3714,59.669,-4.932e+05,1.7695e+06,86326,86326
0.288,0.064,-3.2845,63.209,-7.4626e+05,2.4298e+06,73649,73649
0.288,0.048,-5.6752,66.847,-5.8177e+05,1.8505e+06,46132,46132
0.288,0.032,-5.8143,70.217,-3.6291e+05,1.0956e+06,19837,19837
0.288,0.016,-7.4644,70.496,0,0,5375.1,5375.1
0.304,0.496,-2.4588,46.741,0,0,0,0
0.304,0.48,-3.6072,45.615,0,0,0,0
0.304,0.464,-4.2764,45.84,NaN,NaN,0,0
0.304,0.448,-3.7326,45.454,NaN,NaN,NaN,NaN
0.304,0.432,-3.2064,45.32,NaN,NaN,NaN,NaN
0.304,0.416,-2.0982,44.754,NaN,NaN,NaN,NaN
0.304,0.4,-1.2546,46.019,NaN,NaN,NaN,NaN
0.304,0.384,-0.52134,47.588,NaN,NaN,NaN,NaN
0.304,0.368,-0.010343,48.507,NaN,NaN,NaN,NaN
0.304,0.352,-0.29139,49.889,NaN,NaN,NaN,NaN
0.304,0.336,-0.37238,51.587,NaN,NaN,NaN,NaN
0.304,0.32,-0.35774,52.288,NaN,NaN,NaN,NaN
0.304,0.304,-0.66632,51.817,NaN,NaN,NaN,NaN
0.304,0.288,-0.075042,52.176,NaN,NaN,-44266,44266
0.304,0.272,0.80666,51.215,7.1414e+05,4.8404e+05,-29191,29191
0.304,0.256,0.8736,48.62,7.5396e+05,3.7941e+05,-6974.3,6974.3
0.304,0.24,1.2098,45.514,6.5886e+05,1.9965e+05,24735,24735
0.304,0.224,0.44702,44.578,4.8717e+05,-54927,53544,53544
0.304,0.208,0.2873,43.715,2.7913e+05,-2.6929e+05,56362,56362
0.304,0.192,0.10719,43.462,87067,-4.2331e+05,55655,55655
0.304,0.176,-1.5934,44.5,-44047,-5.0921e+05,52214,52214
0.304,0.16,-2.4735,46.597,-1.6677e+05,-4.9329e+05,56858,56858
0.304,0.144,-1.7457,48.73,-1.6967e+05,-2.7317e+05,58246,58246
0.304,0.128,-1.2509,49.972,-1.3714e+05,55053,45848,45848
0.304,0.112,-1.0871,51.858,-1.3288e+05,3.449e+05,38013,38013
0.304,0.096,-1.0772,53.259,-1.5219e+05,5.8562e+05,37194,37194
0.304,0.08,-0.94396,54.755,-2.1708e+05,8.0057e+05,43593,43593
0.304,0.064,-1.8866,56.565,-3.492e+05,1.1921e+06,39730,39730
0.304,0.048,-3.0012,59.84,-2.9116e+05,9.3859e+05,26056,26056
0.304,0.032,-4.5986,60.803,-1.9402e+05,5.7455e+05,11393,11393
0.304,0.016,-5.1218,62.128,0,0,3143.4,3143.4
0.32,0.496,-3.2774,43.59,0,0,0,0
0.32,0.48,-3.5714,42.055,0,0,0,0
0.32,0.464,-3.1412,42.354,NaN,NaN,0,0
0.32,0.448,-1.8534,42.681,NaN,NaN,NaN,NaN
0.32,0.432,-0.78995,44.129,NaN,NaN,NaN,NaN
0.32,0.416,0.49081,43.953,NaN,NaN,NaN,NaN
0.32,0.4,1.0894,44.761,NaN,NaN,NaN,NaN
0.32,0.384,1.1169,46.153,NaN,NaN,NaN,NaN
0.32,0.368,0.84583,45.827,NaN,NaN,NaN,NaN
0.32,0.352,0.16062,46.775,NaN,NaN,NaN,NaN
0.32,0.336,0.33406,49.053,NaN,NaN,NaN,NaN
0.32,0.32,0.98547,50.119,NaN,NaN,NaN,NaN
0.32,0.304,0.96036,50.88,NaN,NaN,65002,65002
0.32,0.288,0.29867,50.998,NaN,NaN,-27802,27802
0.32,0.272,0.31509,49.35,7.533e+05,9.3243e+05,-32520,32520
0.32,0.256,0.57491,48.148,7.2892e+05,6.8239e+05,-29360,29360
0.32,0.24,0.67446,46.44,6.004e+05,3.7669e+05,-2592.8,2592.8
0.32,0.224,-0.73893,44.005,3.8e+05,-1.7608e+05,27072,27072
0.32,0.208,-0.20497,42.206,1.8205e+05,-6.7638e+05,38541,38541
0.32,0.192,1.0911,40.54,25887,-1.1177e+06,45736,45736
0.32,0.176,0.54745,39.735,-85385,-1.4318e+06,42483,42483
0.32,0.16,0.054099,39.403,-1.901e+05,-1.6192e+06,39253,39253
0.32,0.144,-0.019363,40.252,-1.9066e+05,-1.5278e+06,40144,40144
0.32,0.128,0.21083,43.502,-1.5262e+05,-1.2308e+06,25873,25873
0.32,0.112,0.91773,46.039,-1.2099e+05,-8.8655e+05,15969,15969
0.32,0.096,0.26805,46.762,-92342,-5.5576e+05,2100.5,2100.5
0.32,0.08,0.024781,48.024,-88398,-3.1156e+05,6026.6,6026.6
0.32,0.064,-0.54331,48.433,-1.0588e+05,-14258,6759.7,6759.7
0.32,0.048,-1.269,48.801,-92267,83216,6341.7,6341.7
0.32,0.032,-0.9864,50.845,-53673,97990,3210.4,3210.4
0.32,0.016,-0.84183,52.648,0,0,987.54,987.54
0.336,0.496,-2.07,39.972,0,0,0,0
0.336,0.48,-2.9084,39.2,0,0,0,0
0.336,0.464,-2.0846,40.398,NaN,NaN,0,0
0.336,0.448,-2.113,41.247,NaN,NaN,NaN,NaN
0.336,0.432,-3.3876,41.298,NaN,NaN,NaN,NaN
0.336,0.416,-3.2169,40.254,NaN,NaN,NaN,NaN
0.336,0.4,-1.2827,39.692,NaN,NaN,NaN,NaN
0.336,0.384,-2.0669,42.119,NaN,NaN,NaN,NaN
0.336,0.368,-0.27406,41.736,NaN,NaN,NaN,NaN
0.336,0.352,0.40264,43.018,NaN,NaN,NaN,NaN
0.336,0.336,1.6342,44.388,NaN,NaN,NaN,NaN
0.336,0.32,2.7122,45.242,NaN,NaN,NaN,NaN
0.336,0.304,2.6511,47.204,NaN,NaN,50050,50050
0.336,0.288,1.8934,47.679,9.8313e+05,3.2661e+06,-36733,36733
0.336,0.272,0.88752,46.35,6.5776e+05,1.9862e+06,-52346,52346
0.336,0.256,-0.018927,45.9,5.5416e+05,1.5336e+06,-55855,55855
0.336,0.24,-0.27354,43.725,3.5544e+05,8.183e+05,-14587,14587
0.336,0.224,-1.1089,39.4,82995,-1.1723e+05,26310,26310
0.336,0.208,-0.91355,35.967,-1.611e+05,-1.1044e+06,34002,34002
0.336,0.192,-0.18404,32.743,-3.3143e+05,-1.9901e+06,26757,26757
0.336,0.176,1.6373,30.341,-3.9315e+05,-2.5111e+06,11954,11954
0.336,0.16,0.50596,30.5,-3.8744e+05,-2.7319e+06,3235.9,3235.9
0.336,0.144,-0.020295,30.246,-2.7924e+05,-2.6128e+06,13663,13663
0.336,0.128,0.42693,30.421,-1.3241e+05,-2.2883e+06,3054.3,3054.3
0.336,0.112,-0.37668,33.787,-26735,-1.8787e+06,-2502,2502
0.336,0.096,0.033129,36.18,6166,-1.4404e+06,-25138,25138
0.336,0.08,0.76633,38.197,27844,-1.0381e+06,-20293,20293
0.336,0.064,0.23496,40.922,91168,-6.6682e+05,-17642,17642
0.336,0.048,0.12033,41.45,86740,-3.2695e+05,-8310.2,8310.2
0.336,0.032,0.53851,41.539,69300,-1.1705e+05,-2519.3,2519.3
0.336,0.016,0.21424,42.781,0,0,-383.96,383.96
0.352,0.496,-2.8801,35.346,0,0,0,0
0.352,0.48,-1.9408,33.806,0,0,0,0
0.352,0.464,0.6942,33.065,NaN,NaN,0,0
0.352,0.448,0.88247,31.069,NaN,NaN,NaN,NaN
0.352,0.432,-0.011474,29.446,NaN,NaN,NaN,NaN
0.352,0.416,-0.78499,26.501,NaN,NaN,NaN,NaN
0.352,0.4,-1.345,26.249,NaN,NaN,NaN,NaN
0.352,0.384,-1.7424,30.749,NaN,NaN,NaN,NaN
0.352,0.368,-1.901,37.011,NaN,NaN,NaN,NaN
0.352,0.352,0.39219,40.921,NaN,NaN,NaN,NaN
0.352,0.336,1.5008,43.266,NaN,NaN,NaN,NaN
0.352,0.32,3.2527,44.28,NaN,NaN,NaN,NaN
0.352,0.304,2.8381,45.513,NaN,NaN,57346,57346
0.352,0.288,2.9193,45.342,9.6263e+05,4.0686e+06,-8247.7,8247.7
0.352,0.272,2.6543,43.839,5.4275e+05,2.9528e+06,-22768,22768
0.352,0.256,1.0745,43.065,4.0414e+05,2.383e+06,-37166,37166
0.352,0.24,-0.42194,40.146,1.4599e+05,1.3747e+06,-1304.4,1304.4
0.352,0.224,-1.38,36.05,-53965,2.0198e+05,22147,22147
0.352,0.208,-2.6642,32.304,-3.4883e+05,-1.1208e+06,16301,16301
0.352,0.192,-3.1701,27.861,-5.8997e+05,-2.3463e+06,-4712.8,4712.8
0.352,0.176,-3.0401,25.642,-7.0087e+05,-3.0532e+06,-22388,22388
0.352,0.16,-3.3369,26.673,-5.8603e+05,-3.3217e+06,-29599,29599
0.352,0.144,-0.7939,28.112,-3.3659e+05,-3.2242e+06,-7655.4,7655.4
0.352,0.128,0.058038,26.173,-71704,-2.9612e+06,-12598,12598
0.352,0.112,-0.72088,24.532,51334,-2.5177e+06,-9867.7,9867.7
0.352,0.096,-1.0479,25.523,-20865,-2.2204e+06,-38432,38432
0.352,0.08,-1.7,24.933,-1.0181e+05,-1.812e+06,-32057,32057
0.352,0.064,-1.0143,26.633,-22670,-1.3751e+06,-30804,30804
0.352,0.048,0.57627,26.295,40556,-7.0506e+05,-15411,15411
0.352,0.032,-0.33539,28.391,79866,-2.3328e+05,-5349.2,5349.2
0.352,0.016,-0.080125,29.737,0,0,-993.62,993.62
0.368,0.496,-2.8934,24.796,0,0,0,0
0.368,0.48,-1.9888,23.719,0,0,0,0
0.368,0.464,-0.4882,25.195,NaN,NaN,0,0
0.368,0.448,0.24201,26.052,NaN,NaN,NaN,NaN
0.368,0.432,-1.1413,24.539,NaN,NaN,NaN,NaN
0.368,0.416,-1.6881,23.221,NaN,NaN,NaN,NaN
0.368,0.4,-0.62154,24.895,NaN,NaN,NaN,NaN
0.368,0.384,1.3294,29.181,NaN,NaN,NaN,NaN
0.368,0.368,1.1955,35.929,NaN,NaN,NaN,NaN
0.368,0.352,0.7688,40.417,NaN,NaN,NaN,NaN
0.368,0.336,1.5269,44.621,NaN,NaN,-1.3768e+05,1.3768e+05
0.368,0.32,2.8686,46.186,NaN,NaN,-86193,86193
0.368,0.304,3.1433,46.57,NaN,NaN,-3307.6,3307.6
0.368,0.288,3.1127,46.084,8.3386e+05,4.3431e+06,5592.1,5592.1
0.368,0.272,2.2008,45.41,4.4189e+05,3.4133e+06,-2841.3,2841.3
0.368,0.256,-0.014491,41.699,2.427e+05,2.497e+06,-16947,16947
0.368,0.24,-1.3602,37.793,-1.6851e+05,7.2566e+05,-9038,9038
0.368,0.224,-1.8422,35.536,-4.3158e+05,-9.3999e+05,-9006.6,9006.6
0.368,0.208,-3.4708,33.51,-6.8245e+05,-2.2789e+06,-25753,25753
0.368,0.192,-4.2377,31.42,-8.0083e+05,-3.0584e+06,-47353,47353
0.368,0.176,-2.9108,30.34,-7.1652e+05,-3.325e+06,-52051,52051
0.368,0.16,-1.4226,27.882,-4.1672e+05,-3.0196e+06,-45803,45803
0.368,0.144,-0.14614,25.24,-94073,-2.6375e+06,-10985,10985
0.368,0.128,-0.32071,22.45,1.1371e+05,-2.4359e+06,-10629,10629
0.368,0.112,-0.43153,19.985,76924,-2.3635e+06,-9889.9,9889.9
0.368,0.096,-2.2341,17.268,-1.5657e+05,-2.4869e+06,-39271,39271
0.368,0.08,-3.4714,12.944,-2.8716e+05,-2.1935e+06,-36216,36216
0.368,0.064,-2.2129,12.274,-1.7151e+05,-1.6989e+06,-34694,34694
0.368,0.048,0.50138,14.489,-9027.6,-8.5436e+05,-18560,18560
0.368,0.032,1.4619,16.982,75901,-2.4495e+05,-6256.2,6256.2
0.368,0.016,0.71807,17.515,0,0,-1230.5,1230.5
0.384,0.496,-2.0295,18.665,0,0,0,0
0.384,0.48,-2.9452,17.898,0,0,0,0
0.384,0.464,-2.639,19.567,NaN,NaN,-40863,40863
0.384,0.448,-1.2453,23.38,NaN,NaN,-1.521e+05,1.521e+05
0.384,0.432,0.21747,25.556,NaN,NaN,-1.1884e+05,1.1884e+05
0.384,0.416,0.56567,26.442,NaN,NaN,-88057,88057
0.384,0.4,-0.00072422,27.882,NaN,NaN,-73080,73080
0.384,0.384,0.70256,31.275,NaN,NaN,-1.0383e+05,1.0383e+05
0.384,0.368,1.5523,35.571,NaN,NaN,-1.2867e+05,1.2867e+05
0.384,0.352,2.5374,40.506,NaN,NaN,-1.6265e+05,1.6265e+05
0.384,0.336,3.1936,43.959,NaN,NaN,-1.1665e+05,1.1665e+05
0.384,0.32,3.8327,45.172,1.0748e+05,3.8569e+06,-54373,54373
0.384,0.304,3.0949,45.024,-1.6942e+05,2.5245e+06,22550,22550
0.384,0.288,1.4219,44.423,1.0933e+05,2.8501e+06,33294,33294
0.384,0.272,1.1018,42.77,-74981,1.8253e+06,13065,13065
0.384,0.256,0.50903,37.178,-1.9328e+05,7.8335e+05,-20043,20043
0.384,0.24,-1.0105,28.228,-4.9507e+05,-1.2257e+06,-35933,35933
0.384,0.224,-3.1525,21.616,-6.2081e+05,-2.6146e+06,-48079,48079
0.384,0.208,-3.9074,20.034,-5.8514e+05,-3.0899e+06,-60417,60417
0.384,0.192,-1.9483,21.867,-3.9367e+05,-2.6187e+06,-69756,69756
0.384,0.176,0.31136,26.913,-36270,-1.931e+06,-62106,62106
0.384,0.16,0.56294,25.878,2.4254e+05,-1.3126e+06,-44849,44849
0.384,0.144,1.231,20.402,2.6083e+05,-1.478e+06,-4864,4864
0.384,0.128,0.33109,14.306,1.195e+05,-1.8905e+06,3713.3,3713.3
0.384,0.112,-0.43308,11.97,-1.8731e+05,-2.2968e+06,2503.9,2503.9
0.384,0.096,-1.7668,11.405,-3.51e+05,-2.3967e+06,-23595,23595
0.384,0.08,-3.6604,7.6632,-4.428e+05,-2.1721e+06,-26481,26481
0.384,0.064,-2.9619,7.0226,-2.6056e+05,-1.6743e+06,-27110,27110
0.384,0.048,-0.93464,9.2543,-1.0322e+05,-8.9354e+05,-15103,15103
0.384,0.032,-0.44218,10.674,5365.4,-2.6936e+05,-5226.9,5226.9
0.384,0.016,-1.5584,8.4626,0,0,-972.93,972.93
0.4,0.496,0.67956,15.065,0,0,0,0
0.4,0.48,-0.27705,14.322,0,0,0,0
0.4,0.464,-0.28331,14.645,NaN,NaN,-42890,42890
0.4,0.448,1.1331,16.857,-4.4619e+05,-7.7701e+05,-1.0562e+05,1.0562e+05
0.4,0.432,1.0584,18.412,-4.4904e+05,-8.9445e+05,-93062,93062
0.4,0.416,1.4324,18.499,-4.463e+05,-7.0492e+05,-72887,72887
0.4,0.4,0.32309,19.036,-4.4991e+05,-4.0229e+05,-51677,51677
0.4,0.384,0.54435,24.981,-1.8967e+05,2.6908e+05,-58190,58190
0.4,0.368,2.4248,28.478,2.6442e+05,1.0951e+06,-73533,73533
0.4,0.352,4.1604,33.426,7.4048e+05,1.8383e+06,-96678,96678
0.4,0.336,3.9104,34.066,1.1226e+06,2.0581e+06,-77052,77052
0.4,0.32,2.9723,35.014,6.2353e+05,1.9545e+06,-32047,32047
0.4,0.304,1.2373,34.823,201.2,6.6092e+05,18526,18526
0.4,0.288,-1.9728,31.509,-3.5571e+05,76376,30279,30279
0.4,0.272,-3.2304,27.324,-5.3105e+05,-1.1919e+06,960.47,960.47
0.4,0.256,-2.6286,24.746,-5.9636e+05,-2.0471e+06,-38595,38595
0.4,0.24,-2.9903,20.81,-6.8038e+05,-3.4318e+06,-59154,59154
0.4,0.224,-2.8801,14.436,-6.1977e+05,-3.8916e+06,-67131,67131
0.4,0.208,-3.1951,9.969,-2.8656e+05,-3.4146e+06,-68474,68474
0.4,0.192,-1.0555,11.727,1.8429e+05,-2.0611e+06,-75297,75297
0.4,0.176,1.7453,19.264,5.8868e+05,-9.7651e+05,-67297,67297
0.4,0.16,3.0969,19.4,6.7392e+05,-2.9749e+05,-50877,50877
0.4,0.144,0.33555,15.364,3.1438e+05,-6.7996e+05,-6458.4,6458.4
0.4,0.128,-1.7456,8.8797,-1.2165e+05,-1.2942e+06,7712.6,7712.6
0.4,0.112,-1.564,8.0469,-6.217e+05,-1.978e+06,9664.8,9664.8
0.4,0.096,-5.068,5.5702,-8.3506e+05,-2.089e+06,-6348.7,6348.7
0.4,0.08,-1.649,4.7033,-7.7784e+05,-1.7936e+06,-6738.3,6738.3
0.4,0.064,-2.698,3.6997,-3.9154e+05,-1.1722e+06,-8581.1,8581.1
0.4,0.048,-3.2173,5.2355,-92613,-5.2429e+05,-7089.1,7089.1
0.4,0.032,-1.2403,4.6861,11270,-1.3319e+05,-2410.8,2410.8
0.4,0.016,-1.6591,2.8223,0,0,-649.99,649.99
0.416,0.496,1.86,12.382,0,0,-305.62,305.62
0.416,0.48,1.655,12.991,0,0,-958.32,958.32
0.416,0.464,1.4783,13.19,NaN,NaN,-29520,29520
0.416,0.448,0.19731,13.419,-6.6161e+05,-8.7494e+05,-53968,53968
0.416,0.432,-0.40811,10.417,-8.0739e+05,-9.4615e+05,-50498,50498
0.416,0.416,-0.17179,9.8285,-8.5536e+05,-8.1533e+05,-29866,29866
0.416,0.4,-0.13654,13.274,-1.0077e+06,-8.517e+05,-8892.8,8892.8
0.416,0.384,-0.18714,15.554,-8.466e+05,-5.5966e+05,-16257,16257
0.416,0.368,2.3819,15.838,2.6529e+05,-9520.8,-25190,25190
0.416,0.352,4.4407,18.805,1.3465e+06,7.8716e+05,-45167,45167
0.416,0.336,4.4045,20.051,1.9442e+06,1.268e+06,-24522,24522
0.416,0.32,2.5428,20.988,9.8725e+05,1.3183e+06,-2720.8,2720.8
0.416,0.304,0.1719,17.806,93452,3.9015e+05,40404,40404
0.416,0.288,-1.3509,13.069,-4.1644e+05,-7.2855e+05,31811,31811
0.416,0.272,-3.283,9.4128,-6.0343e+05,-2.2029e+06,4007.8,4007.8
0.416,0.256,-4.544,8.4469,-6.8927e+05,-3.1784e+06,-36867,36867
0.416,0.24,-3.7358,15.52,-6.1885e+05,-3.3238e+06,-49756,49756
0.416,0.224,-3.6212,13.256,-3.5294e+05,-2.8266e+06,-49900,49900
0.416,0.208,-1.9478,11.72,2.4252e+05,-1.4794e+06,-41739,41739
0.416,0.192,-0.79968,11.289,9.8881e+05,-1.7047e+05,-52349,52349
0.416,0.176,2.2908,12.925,1.1466e+06,4.6682e+05,-55877,55877
0.416,0.16,2.7667,10.267,7.9013e+05,3.2651e+05,-53075,53075
0.416,0.144,0.05141,8.1209,-5985.8,-5.9276e+05,-12169,12169
0.416,0.128,-0.70504,5.5966,-4.152e+05,-9.4122e+05,5271.3,5271.3
0.416,0.112,-3.0139,8.7881,-8.8444e+05,-1.6296e+06,12357,12357
0.416,0.096,-8.8971,4.6893,-1.3364e+06,-1.9421e+06,12692,12692
0.416,0.08,-10.23,5.3001,-1.3807e+06,-2.0723e+06,22702,22702
0.416,0.064,-5.3126,1.6531,-8.9885e+05,-1.3825e+06,33616,33616
0.416,0.048,-0.22872,0.52456,-80058,-2.8378e+05,25052,25052
0.416,0.032,2.2469,-1.3631,-519.12,-63289,17853,17853
0.416,0.016,-1.6967,3.7377,0,0,4839.9,4839.9
0.432,0.496,1.4914,8.4852,0,0,-623.83,623.83
0.432,0.48,3.0832,9.6516,-39413,-2424.3,-1826.2,1826.2
0.432,0.464,2.872,10.071,-2.8886e+05,-3.3818e+05,-6312.2,6312.2
0.432,0.448,-0.012972,9.5228,-3.6836e+05,-5.3257e+05,-7547.3,7547.3
0.432,0.432,-1.4881,7.4011,-1.0424e+06,-1.2947e+06,-4427.3,4427.3
0.432,0.416,-8.1993,11.946,-1.2458e+06,-1.2839e+06,14296,14296
0.432,0.4,-7.8248,13.618,-7.155e+05,-1.4613e+06,38058,38058
0.432,0.384,-10.023,13.42,-4.9317e+05,-1.229e+06,47238,47238
0.432,0.368,-5.4364,11.2,6.2122e+05,-7.5954e+05,54072,54072
0.432,0.352,3.1437,11.441,8.0269e+05,-1.1083e+05,42389,42389
0.432,0.336,3.606,13.144,1.7369e+06,6.801e+05,29545,29545
0.432,0.32,3.2674,13.175,1.0084e+06,4.3358e+05,1413.8,1413.8
0.432,0.304,2.6829,8.6529,89551,-4.7417e+05,6441.3,6441.3
0.432,0.288,0.37475,6.7122,-8.3576e+05,-2.2238e+06,10730,10730
0.432,0.272,-1.2382,6.2853,-1.3367e+06,-3.7887e+06,14126,14126
0.432,0.256,-3.0705,5.3425,-1.5143e+06,-4.7189e+06,-7839.2,7839.2
0.432,0.24,-5.4663,9.9314,-1.6524e+06,-4.4672e+06,-18432,18432
0.432,0.224,-3.6531,15.457,-1.293e+06,-3.5777e+06,-23562,23562
0.432,0.208,-0.77438,8.095,-5.8628e+05,-1.9144e+06,-15051,15051
0.432,0.192,0.63465,13.54,6.6417e+05,-5.9915e+05,-27702,27702
0.432,0.176,1.6665,10.309,2.2892e+06,-9.2023e+05,-35202,35202
0.432,0.16,0.32934,5.8774,2.1767e+06,-1.477e+06,-44620,44620
0.432,0.144,-2.444,4.9544,1.3035e+06,-1.848e+06,-12365,12365
0.432,0.128,-3.0095,3.0369,-2.4858e+05,-7.4057e+05,375.42,375.42
0.432,0.112,-1.3736,10.973,-9.5263e+05,-8.9393e+05,2598.4,2598.4
0.432,0.096,-11.755,-8.7933,-2.9816e+06,-5.0007e+05,6296.3,6296.3
0.432,0.08,-20.624,0.18828,-3.969e+06,-1.6048e+06,32977,32977
0.432,0.064,-25.304,-13.039,-4.6821e+06,-2.8484e+06,64698,64698
0.432,0.048,-3.0557,-10.686,-1.8764e+06,-3.0429e+06,58180,58180
0.432,0.032,-38.704,-25.197,-8.4224e+05,-1.601e+06,34685,34685
0.432,0.016,-35.362,-8.8591,0,0,7968.1,7968.1
0.448,0.496,1.5289,6.3437,38575,34425,-1336,1336
0.448,0.48,0.68135,5.5396,1387.8,98071,-3189.8,3189.8
0.448,0.464,-0.013192,5.7945,-1.0611e+05,-14656,-1541.8,1541.8
0.448,0.448,-0.94712,4.1347,-2.5182e+05,-2.1947e+05,6683.2,6683.2
0.448,0.432,-0.20843,4.0873,-9.5168e+05,-1.0402e+06,27079,27079
0.448,0.416,-19.152,10.749,-1.4311e+06,-1.3504e+06,53987,53987
0.448,0.4,-10.218,9.3436,1.4694e+06,-2.2043e+06,82284,82284
0.448,0.384,0.91913,6.585,2.3621e+06,-2.0897e+06,90832,90832
0.448,0.368,-13.256,8.3743,2.3929e+06,-2.9084e+06,91649,91649
0.448,0.352,-2.1097,5.5875,3.0952e+05,-3.0461e+06,67750,67750
0.448,0.336,3.2018,7.0483,8.1779e+05,-2.1129e+06,34565,34565
0.448,0.32,1.4899,5.4471,8.7003e+05,-8.9035e+05,-14546,14546
0.448,0.304,-1.713,4.0297,5.8856e+05,-2.6691e+05,-17657,17657
0.448,0.288,-5.1394,8.9136,-1.2818e+06,-2.3297e+06,-5237.2,5237.2
0.448,0.272,-13.977,-5.4465,-1.918e+06,-3.6601e+06,27320,27320
0.448,0.256,-23.123,-6.3919,-2.4432e+06,-5.2208e+06,26852,26852
0.448,0.24,-15.32,5.8184,-3.3242e+06,-4.3583e+06,22616,22616
0.448,0.224,-19.921,-9.1132,-3.0458e+06,-3.8876e+06,9103.2,9103.2
0.448,0.208,-18.766,-4.7382,-2.4342e+06,-2.573e+06,9613.3,9613.3
0.448,0.192,-5.8687,7.1245,-90269,-1.2629e+06,-4713.9,4713.9
0.448,0.176,0.56009,2.9853,1.4183e+06,-1.4901e+06,-11541,11541
0.448,0.16,4.3448,3.0656,1.3268e+06,-1.3436e+06,-25265,25265
0.448,0.144,2.3204,3.6768,7.8311e+05,-1.4668e+06,-4735.8,4735.8
0.448,0.128,-1.4169,4.2444,-5.0285e+05,-2.9058e+05,1088.1,1088.1
0.448,0.112,-4.1709,3.7696,1.6258e+06,-6.032e+05,-7044,7044
0.448,0.096,-11.774,6.2627,-2.5002e+05,-58508,-2244.8,2244.8
0.448,0.08,-70.529,70.127,-1.1872e+06,-1.5475e+06,34893,34893
0.448,0.064,-28.548,0.61648,-7.5985e+06,-4.2666e+06,80013,80013
0.448,0.048,-37.212,-0.54346,-2.5292e+06,-4.1168e+06,77783,77783
0.448,0.032,-46.596,-24.501,-9.7023e+05,-1.8198e+06,42724,42724
0.448,0.016,-40.249,-10.049,0,0,10478,10478
0.464,0.496,2.5071,3.4931,1.0703e+05,-26530,-1472,1472
0.464,0.48,2.4445,2.4998,92463,38542,-3383.7,3383.7
0.464,0.464,1.8381,3.3906,1.7811e+05,-1.6873e+05,-3546.9,3546.9
0.464,0.448,0.99922,3.1075,60443,-1.7334e+05,859,859
0.464,0.432,0.066682,2.7319,-5.1771e+05,-1.047e+06,18752,18752
0.464,0.416,-61.341,27.039,-4.3165e+06,-2.5486e+06,47147,47147
0.464,0.4,-63.652,23.283,-2.9192e+06,-2.3127e+06,77923,77923
0.464,0.384,2.6539,5.8009,-1.7999e+06,-2.8348e+06,85704,85704
0.464,0.368,1.229,9.9422,-6.7245e+05,-3.8868e+06,72272,72272
0.464,0.352,-30.619,-4.0654,-1.94e+06,-5.8766e+06,41314,41314
0.464,0.336,-15.384,1.6586,-9.3131e+05,-4.3771e+06,4965.5,4965.5
0.464,0.32,1.1053,4.1476,73991,-2.2537e+06,-31276,31276
0.464,0.304,0.12377,1.3103,6.803e+05,-2.8077e+05,-37514,37514
0.464,0.288,-1.0853,1.4153,-1.9318e+06,-3.171e+06,-33328,33328
0.464,0.272,-30.787,1.3564,-3.6433e+06,-6.1128e+06,-222.82,222.82
0.464,0.256,-56.45,-90.45,-6.3149e+06,-7.4314e+06,20316,20316
0.464,0.24,-89.348,-267.58,-7.7751e+06,-5.5202e+06,35704,35704
0.464,0.224,-52.339,24.705,-7.5937e+06,-3.9434e+06,20994,20994
0.464,0.208,-36.119,-98.039,-5.3295e+06,-4.1283e+06,10847,10847
0.464,0.192,-14.992,10.388,-1.1476e+06,-2.8985e+06,726.76,726.76
0.464,0.176,-9.5213,10.668,1.4146e+06,-2.7084e+06,4675.5,4675.5
0.464,0.16,-9.2203,14.957,1.1994e+06,-1.4472e+06,-2465.2,2465.2
0.464,0.144,-19.672,19.676,9.131e+05,-1.0896e+06,6033.1,6033.1
0.464,0.128,-1.9172,-0.57268,-4.4661e+05,-33639,891.37,891.37
0.464,0.112,0.63631,-0.22409,2.0228e+06,-3.2513e+05,-17193,17193
0.464,0.096,2.9834,-5.9308,6.3292e+05,8.4739e+05,-20286,20286
0.464,0.08,159.87,286.63,-3.5951e+06,8.1017e+05,20966,20966
0.464,0.064,-149.12,-365.29,-1.0687e+07,-2.4691e+06,58828,58828
0.464,0.048,-280.33,-14.775,-5.6522e+06,-2.9399e+06,62899,62899
0.464,0.032,7.9214,-59.949,-1.6465e+06,-2.4339e+06,26330,26330
0.464,0.016,-83.537,7.7145,0,0,5901.8,5901.8
0.48,0.496,-0.26065,0.75102,95139,-23582,-1345.4,1345.4
0.48,0.48,2.1008,0.73924,99706,35337,-2989.5,2989.5
0.48,0.464,1.3214,1.65,2.2251e+05,-74829,-3270,3270
0.48,0.448,0.78892,2.2335,1.2526e+05,-59216,-1096.5,1096.5
0.48,0.432,-53.189,43.105,1.6017e+05,-1.6733e+05,14472,14472
0.48,0.416,-72.302,32.264,-3.1005e+06,-1.2159e+06,37536,37536
0.48,0.4,-79.57,-13.935,-2.8536e+06,-9.7235e+05,63920,63920
0.48,0.384,-81.983,20.458,-1.88e+06,-1.872e+06,62943,62943
0.48,0.368,-25.072,0.34316,-1.1168e+06,-3.1336e+06,35442,35442
0.48,0.352,-19.662,-0.78761,-1.8451e+06,-5.241e+06,851.24,851.24
0.48,0.336,-21.373,-6.35,-1.3721e+06,-4.2118e+06,-20932,20932
0.48,0.32,-0.11616,0.99117,-1.7848e+05,-2.0904e+06,-30343,30343
0.48,0.304,0.6709,1.5914,7.1146e+05,-20794,-32384,32384
0.48,0.288,-2.6464,2.0973,-1.4044e+06,-2.1744e+06,-44619,44619
0.48,0.272,-31.541,-5.7983,-2.5708e+06,-4.079e+06,-28790,28790
0.48,0.256,-38.943,-11.113,-4.879e+06,-4.2949e+06,-1960.3,1960.3
0.48,0.24,-70.183,18.45,-6.0715e+06,-2.1877e+06,31584,31584
0.48,0.224,-53.979,44.565,-5.8245e+06,-3.4173e+05,28679,28679
0.48,0.208,44.544,-7.3973,-3.9735e+06,-1.4684e+06,15319,15319
0.48,0.192,18.886,-2.0697,-7.8892e+05,-1.0576e+06,4028.5,4028.5
0.48,0.176,-94.29,59.831,-8.2844e+05,-8.2344e+05,9022.5,9022.5
0.48,0.16,-59.515,195.42,-1.075e+06,2.9385e+05,6532.1,6532.1
0.48,0.144,-13.205,18.974,-7.5629e+05,3.0427e+05,8033.6,8033.6
0.48,0.128,2.9097,-0.81757,-5.5872e+05,2.3465e+05,-1757.2,1757.2
0.48,0.112,-0.32887,0.36418,2.3409e+06,-2.5665e+05,-15627,15627
0.48,0.096,0.35689,-0.35111,2.9641e+06,-2.426e+05,-12841,12841
0.48,0.08,-53.254,111.4,35591,8.3576e+05,20150,20150
0.48,0.064,-104.75,36.926,-5.3839e+06,994.07,43247,43247
0.48,0.048,-31.715,-0.82772,-3.8457e+06,710.05,40268,40268
0.48,0.032,-28.696,-7.2373,-7.9753e+05,-8.416e+05,13727,13727
0.48,0.016,0.13079,0.94754,0,0,2043,2043
0.496,0.496,-0.16938,0.1377,65137,-50357,-658.57,658.57
0.496,0.48,-1.9567,4.2457,81264,-31121,-1474.6,1474.6
0.496,0.464,-1.6063,0.56935,2.1727e+05,-1.4184e+05,-1700.2,1700.2
0.496,0.448,-30.691,29.494,1.7115e+05,-1.0291e+05,-1313.1,1313.1
0.496,0.432,-67.727,50.274,1.7487e+05,-1.4235e+05,5613.4,5613.4
0.496,0.416,-595.29,542.84,-2.1941e+06,-8.6673e+05,17332,17332
0.496,0.4,4.5516,5.9753,-4.0621e+06,-2.9367e+05,30267,30267
0.496,0.384,-319.57,-164.43,-4.2007e+06,-1.1251e+06,24305,24305
0.496,0.368,-112.38,-52.264,-2.9766e+06,-1.3498e+06,5481.5,5481.5
0.496,0.352,-150.93,10.277,-1.5987e+06,-2.9185e+06,-12136,12136
0.496,0.336,-23.842,-136.5,-8.2717e+05,-2.1049e+06,-15514,15514
0.496,0.32,-3.4434,14.535,-3.053e+05,-1.2066e+06,-13633,13633
0.496,0.304,-12.23,2.913,1.7469e+05,-34240,-14684,14684
0.496,0.288,-38.732,30.118,-7.2574e+05,-1.0857e+06,-29538,29538
0.496,0.272,-145.38,166.46,-1.6045e+06,-2.5589e+06,-29321,29321
0.496,0.256,-120.46,181.53,-3.102e+06,-2.3022e+06,-14932,14932
0.496,0.24,-30.76,-31.022,-3.5766e+06,-1.3263e+06,11313,11313
0.496,0.224,-17.243,-24.382,-3.0794e+06,1.6582e+05,15223,15223
0.496,0.208,-0.54359,1.1239,-1.5344e+06,-1.6208e+05,8608.2,8608.2
0.496,0.192,-0.56286,1.9912,0,0,2633.3,2633.3
0.496,0.176,-5.9726,-31.102,0,0,7265.3,7265.3
0.496,0.16,-6.0376,-2.3691,-2.5277e+05,1.9814e+05,7326.5,7326.5
0.496,0.144,-14.34,19.742,-1.5271e+05,1.5633e+05,5801.4,5801.4
0.496,0.128,-0.024493,0.37908,-1.3091e+05,1.4266e+05,-1300.7,1300.7
0.496,0.112,-0.72758,-0.077499,1.0437e+05,-61329,-8703.4,8703.4
0.496,0.096,-0.82528,-0.57234,48960,-51958,-6230.8,6230.8
0.496,0.08,-55.754,9.8884,-2.5239e+06,7.861e+05,11530,11530
0.496,0.064,-268.68,-263.77,-3.3649e+06,621.29,22266,22266
0.496,0.048,-68.006,-27.12,-2.9911e+06,552.26,18975,18975
0.496,0.032,-226.98,-168.92,-7.0891e+05,-7.4809e+05,5205.6,5205.6
0.496,0.016,14.527,-11.582,0,0,-355.55,355.55
