0.016,0.496,-1.7134,-3.4454,0,0,-61.737,61.737
0.016,0.48,0.17786,0.51919,-236.72,-3827.2,-139.37,139.37
0.016,0.464,3.6393,0.64018,460.31,-1501,22.533,22.533
0.016,0.448,0.39384,0.97322,-1091.9,-3118.1,-2009.8,2009.8
0.016,0.432,1.7243,2.1902,-19075,-4112.9,-7835,7835
0.016,0.416,4.6707,0.4022,-29771,-5182.7,-19095,19095
0.016,0.4,2.532,-0.40884,-59178,4662.7,-31793,31793
0.016,0.384,4.4535,-0.85101,-43684,10748,-36225,36225
0.016,0.368,6.1797,-0.57042,-36594,8458.4,-24229,24229
0.016,0.352,3.4478,0.69504,-14551,-1504.2,-7704.8,7704.8
0.016,0.336,4.7383,1.5267,-26385,-11712,968.84,968.84
0.016,0.32,3.4226,0.52286,-22095,-11325,-932.94,932.94
0.016,0.304,0.28541,0.60476,-16286,-8060,1084,1084
0.016,0.288,1.0879,-0.59651,-4259,741.24,7464.3,7464.3
0.016,0.272,1.8646,-3.4774,-8235.4,4276.2,12763,12763
0.016,0.256,0.37861,-0.65154,-17097,40206,7930.4,7930.4
0.016,0.24,2.0338,1.1549,-9119,33542,3142,3142
0.016,0.224,3.0071,1.7171,3197.9,20316,-1225.7,1225.7
0.016,0.208,1.8228,1.4273,-11346,-4950.9,-1418.4,1418.4
0.016,0.192,-0.025645,1.3167,-25593,3414,-3180.5,3180.5
0.016,0.176,-1.5193,-0.60111,-28832,31408,-1370.3,1370.3
0.016,0.16,-1.6539,-0.543,3309.6,26951,719.32,719.32
0.016,0.144,-1.5181,0.48284,10488,24567,3318.9,3318.9
0.016,0.128,1.9968,-2.0085,-5220.3,8165.5,1790.3,1790.3
0.016,0.112,5.3106,-0.074532,-9037.9,3389,2018.4,2018.4
0.016,0.096,0.083469,0.58763,-8673.6,2395,1956.4,1956.4
0.016,0.08,0.83736,0.80551,9817.4,20464,3404.1,3404.1
0.016,0.064,-1.1632,0.43861,4229,16815,1889.3,1889.3
0.016,0.048,-0.36954,0.45145,5461.7,18210,678.2,678.2
0.016,0.032,2.1184,0.29698,-3726.6,-855.4,-941.28,941.28
0.016,0.016,3.9149,-4.2742,0,0,-542.7,542.7
0.032,0.496,0.54533,0.96381,0,0,-108.95,108.95
0.032,0.48,0.39619,3.0453,-6139,-22261,-78.507,78.507
0.032,0.464,-0.010428,-0.42819,-12261,-11675,64.667,64.667
0.032,0.448,0.043951,0.4364,-18277,-6299,128.27,128.27
0.032,0.432,-0.26426,0.36457,-31094,7474.3,42.62,42.62
0.032,0.416,-0.50525,-0.44835,-43233,-3629.5,7.5934,7.5934
0.032,0.4,-0.47037,-0.075742,-97460,-26762,184.79,184.79
0.032,0.384,-0.72962,-0.23413,-78773,-33218,353.18,353.18
0.032,0.368,-0.040072,-0.16227,-60016,-34838,427.14,427.14
0.032,0.352,0.38829,0.35118,14873,-32364,717.66,717.66
0.032,0.336,0.35312,0.61128,39547,-89565,1457.2,1457.2
0.032,0.32,0.35536,-0.16675,8102.2,-38837,2735.2,2735.2
0.032,0.304,0.075963,-0.34681,-18165,-41970,3164.9,3164.9
0.032,0.288,-0.30429,-0.21944,-57200,65284,1229,1229
0.032,0.272,-0.21107,-0.55309,-48094,81867,-2136.3,2136.3
0.032,0.256,-0.27597,0.17257,-62751,2.0448e+05,-3634,3634
0.032,0.24,-0.83032,2.2244,-42418,1.3144e+05,-2940.3,2940.3
0.032,0.224,-0.33495,2.2072,-45347,59778,-1482.9,1482.9
0.032,0.208,0.088791,0.92937,-60758,18272,-1433.1,1433.1
0.032,0.192,-1.2937,2.2316,-80216,55240,-1655.5,1655.5
0.032,0.176,-1.4027,1.8754,-47140,76912,-1210,1210
0.032,0.16,-1.2226,1.4851,5951.7,22280,-434.57,434.57
0.032,0.144,-0.70517,1.033,31776,57999,-101.23,101.23
0.032,0.128,-0.1418,-0.41985,-8675.3,47734,-503.58,503.58
0.032,0.112,-0.27354,0.060945,-60828,10059,-811.82,811.82
0.032,0.096,0.045853,0.64403,-81572,-60539,-11.972,11.972
0.032,0.08,0.10165,0.40564,-39874,10249,654.52,654.52
0.032,0.064,0.60109,2.0426,-2285,34806,813.48,813.48
0.032,0.048,-0.031938,0.023413,5023.5,65694,229.1,229.1
0.032,0.032,0.30771,0.71847,-5888.1,-7655.6,6.189,6.189
0.032,0.016,0.20904,-5.0271,0,0,-102.15,102.15
0.048,0.496,1.243,1.5583,-18086,45994,-262.3,262.3
0.048,0.48,-0.033746,3.084,-15456,4593.2,-296.05,296.05
0.048,0.464,-0.79014,-1.0035,-12007,16369,-135.6,135.6
0.048,0.448,-0.83894,0.62727,-2943.7,-21467,21.731,21.731
0.048,0.432,-0.89607,0.95367,-23592,7629.3,-207.24,207.24
0.048,0.416,-0.10427,0.21694,-1.365e+05,32072,-397.95,397.95
0.048,0.4,-1.2803,-0.80995,-1.5923e+05,-47818,-547.57,547.57
0.048,0.384,-1.5999,-1.4477,-1.6747e+05,-34815,-176.9,176.9
0.048,0.368,0.69939,0.08599,-71909,-31587,233.02,233.02
0.048,0.352,0.62918,1.1801,-46691,26794,1990.3,1990.3
0.048,0.336,1.0027,1.0888,32960,-57419,4711.2,4711.2
0.048,0.32,1.9997,0.82481,33333,9180.8,8515.6,8515.6
0.048,0.304,0.44449,3.3097,-25195,1.4316e+05,10421,10421
0.048,0.288,-0.51455,2.0934,-1.8474e+05,4.2981e+05,6395,6395
0.048,0.272,-0.86588,3.9697,-2.6668e+05,5.1677e+05,-4917.6,4917.6
0.048,0.256,-1.4738,4.8723,-2.9734e+05,6.3742e+05,-10556,10556
0.048,0.24,-1.6047,5.0178,-2.29e+05,4.573e+05,-10884,10884
0.048,0.224,-1.4472,2.9658,-1.3799e+05,2.4952e+05,-5195.2,5195.2
0.048,0.208,-2.4992,2.0814,-1.3996e+05,1.2278e+05,-4666.8,4666.8
0.048,0.192,-1.9741,3.4051,-1.6266e+05,96943,-4352.6,4352.6
0.048,0.176,-1.834,2.7444,-1.6342e+05,1.0323e+05,-3195,3195
0.048,0.16,-1.3143,1.8117,-45024,36172,-1249.3,1249.3
0.048,0.144,-0.79932,1.4886,27923,66033,-482.37,482.37
0.048,0.128,-0.061571,3.335,8119.5,79766,-871.46,871.46
0.048,0.112,-1.9066,0.11795,-51130,13546,-1208.1,1208.1
0.048,0.096,-2.2095,-1.2547,-64582,-60304,85.159,85.159
0.048,0.08,-0.74633,-0.89341,-28750,83171,1264.2,1264.2
0.048,0.064,-0.53773,2.6288,3549.5,86357,1417.8,1417.8
0.048,0.048,-0.20063,0.67042,5153.6,1.2397e+05,444.4,444.4
0.048,0.032,0.32752,1.1356,-4891.8,-22142,21.348,21.348
0.048,0.016,0.26873,-6.3962,0,0,-207.39,207.39
0.064,0.496,1.1294,0.091157,-7318.5,3889.2,-251.72,251.72
0.064,0.48,0.87137,2.2207,-44435,-26724,-551.34,551.34
0.064,0.464,1.0175,0.19884,-62577,-23260,-738.03,738.03
0.064,0.448,0.30543,0.27778,-86741,-19429,-1045.7,1045.7
0.064,0.432,-0.46081,0.089249,-25992,61096,-1567.4,1567.4
0.064,0.416,-0.669,0.32597,-1.1747e+05,1.0341e+05,-1898.6,1898.6
0.064,0.4,-4.0196,1.1215,-55602,-8804.6,-2161.1,2161.1
0.064,0.384,3.1344,-0.028197,-1.4526e+05,-50557,-1485.1,1485.1
0.064,0.368,0.18831,1.8493,-1.0254e+05,-3983.8,134.95,134.95
0.064,0.352,-0.61624,3.1511,-1.444e+05,1.376e+05,4675.6,4675.6
0.064,0.336,-1.0722,2.6596,-28498,1.2658e+05,11496,11496
0.064,0.32,0.054646,3.2926,-29926,3.3326e+05,19004,19004
0.064,0.304,-0.34477,5.8536,-1.4479e+05,6.6264e+05,22907,22907
0.064,0.288,-1.9376,8.3039,-3.885e+05,1.1278e+06,18373,18373
0.064,0.272,-2.4881,9.3069,-5.6169e+05,1.2749e+06,658.66,658.66
0.064,0.256,-3.2427,9.471,-6.3031e+05,1.257e+06,-12397,12397
0.064,0.24,-3.6358,8.897,-5.9483e+05,9.3723e+05,-18450,18450
0.064,0.224,-3.4402,7.6826,-4.5493e+05,5.8459e+05,-12587,12587
0.064,0.208,-1.7981,6.2628,-3.6129e+05,3.6746e+05,-9971.4,9971.4
0.064,0.192,-4.2975,3.904,-2.6748e+05,2.1917e+05,-8381.9,8381.9
0.064,0.176,-4.1457,3.163,-1.2582e+05,59700,-6400.7,6400.7
0.064,0.16,-2.1947,0.3176,3556,-69256,-3915.3,3915.3
0.064,0.144,-0.86253,2.6982,65851,-20727,-2706,2706
0.064,0.128,-0.63778,2.0039,14596,22643,-2218.8,2218.8
0.064,0.112,-0.43981,-0.021647,-63788,11677,-1830.5,1830.5
0.064,0.096,-0.85918,0.31928,-64797,-86355,171.24,171.24
0.064,0.08,0.63721,0.36933,-49342,1.1559e+05,1489.2,1489.2
0.064,0.064,0.34396,3.86,22498,83184,1535,1535
0.064,0.048,0.14456,0.91662,21634,1.35e+05,468.32,468.32
0.064,0.032,-0.16834,2.0221,15381,-43941,14.581,14.581
0.064,0.016,-0.048957,-4.2567,0,0,-269.32,269.32
0.08,0.496,2.7411,-0.45907,-7318.5,3889.2,118.6,118.6
0.08,0.48,3.5991,1.9809,-1.1471e+05,-7350.2,6.5836,6.5836
0.08,0.464,1.9895,3.0124,-2.3703e+05,13692,-615.42,615.42
0.08,0.448,0.55166,2.9118,-3.3279e+05,55579,-1634.7,1634.7
0.08,0.432,-2.3203,0.071059,-1.6576e+05,1.0664e+05,-3073.7,3073.7
0.08,0.416,-0.23963,2.6298,-1.3778e+05,1.0534e+05,-2887.6,2887.6
0.08,0.4,-0.24879,3.1696,35754,-953.73,-2466,2466
0.08,0.384,1.5237,2.6091,-92752,-32884,208.7,208.7
0.08,0.368,-0.10386,2.9546,-1.4098e+05,1.0324e+05,4096,4096
0.08,0.352,-1.108,4.5693,-3.0776e+05,3.6052e+05,13064,13064
0.08,0.336,-1.0994,5.3905,-3.2487e+05,7.0086e+05,24671,24671
0.08,0.32,-1.2127,6.8542,-3.3704e+05,1.1361e+06,35993,35993
0.08,0.304,-2.4161,11.202,-4.5926e+05,1.7404e+06,41068,41068
0.08,0.288,-3.399,13.784,-7.2852e+05,2.2451e+06,37047,37047
0.08,0.272,-4.3957,14.013,-9.4281e+05,2.483e+06,18104,18104
0.08,0.256,-5.5061,13.587,-1.012e+06,2.4153e+06,-4823.3,4823.3
0.08,0.24,-5.7058,11.804,-9.738e+05,2.0877e+06,-21368,21368
0.08,0.224,-6.1757,9.9495,-7.5021e+05,1.4464e+06,-23285,23285
0.08,0.208,-5.7501,10.793,-5.1584e+05,7.8444e+05,-18572,18572
0.08,0.192,-4.6955,8.6147,-1.9345e+05,1.8929e+05,-15905,15905
0.08,0.176,-3.1257,6.4179,63325,-1.5727e+05,-13619,13619
0.08,0.16,-0.75533,4.4901,1.7006e+05,-2.6676e+05,-10960,10960
0.08,0.144,-0.37286,2.2585,1.4869e+05,-2.0798e+05,-8323.6,8323.6
0.08,0.128,-0.86408,3.3012,31777,-98885,-6022.8,6022.8
0.08,0.112,0.30422,1.5977,27861,-72489,-4030.5,4030.5
0.08,0.096,-0.73645,2.134,23512,-82577,-932.73,932.73
0.08,0.08,-0.066401,0.72842,26348,88234,793.03,793.03
0.08,0.064,0.19301,3.6771,12995,58298,1007.8,1007.8
0.08,0.048,0.9288,1.3267,21456,78187,315.03,315.03
0.08,0.032,0.081469,3.0159,10607,-40561,26.767,26.767
0.08,0.016,0.012137,-2.3545,0,0,-63.829,63.829
0.096,0.496,2.7477,3.0202,96981,-1.6044e+05,870.85,870.85
0.096,0.48,4.0485,3.6127,-20666,-1.7707e+05,1186.4,1186.4
0.096,0.464,2.1814,3.3396,-2.1303e+05,-32834,-415.09,415.09
0.096,0.448,-2.1009,3.9388,-5.2724e+05,2.4694e+05,-3652.6,3652.6
0.096,0.432,-3.3083,5.1203,-3.1346e+05,1.9855e+05,-6463.3,6463.3
0.096,0.416,-0.22065,4.513,-1.6031e+05,26433,-4876,4876
0.096,0.4,0.55636,3.8365,75326,-99341,-984.23,984.23
0.096,0.384,-0.04979,5.1159,-27456,-1.0573e+05,5963.9,5963.9
0.096,0.368,0.98201,3.8636,-1.8682e+05,1.3027e+05,14650,14650
0.096,0.352,-1.8117,6.1607,-3.6604e+05,5.4594e+05,28022,28022
0.096,0.336,-2.8006,9.6538,-4.2915e+05,1.2624e+06,43089,43089
0.096,0.32,-3.9909,15.245,-4.7594e+05,2.139e+06,55253,55253
0.096,0.304,-4.0661,17.054,-6.036e+05,3.0364e+06,59808,59808
0.096,0.288,-4.5156,20.316,-8.4211e+05,3.6937e+06,55805,55805
0.096,0.272,-5.8571,20.427,-1.0474e+06,3.948e+06,40252,40252
0.096,0.256,-5.8767,21.894,-1.1794e+06,3.8272e+06,19109,19109
0.096,0.24,-6.2079,23.409,-1.234e+06,3.419e+06,-9195.6,9195.6
0.096,0.224,-7.0174,20.041,-1.0012e+06,2.5731e+06,-24025,24025
0.096,0.208,-5.8056,15.092,-6.3736e+05,1.5302e+06,-32755,32755
0.096,0.192,-4.5168,11.84,-1.4744e+05,4.5443e+05,-32774,32774
0.096,0.176,-2.5714,9.0826,2.3932e+05,-3.0933e+05,-31368,31368
0.096,0.16,-0.42266,7.354,3.4059e+05,-5.8091e+05,-26656,26656
0.096,0.144,-1.3774,5.3095,2.0068e+05,-4.6837e+05,-19282,19282
0.096,0.128,-0.43299,5.6664,-77367,-2.3597e+05,-14470,14470
0.096,0.112,-0.36338,3.6904,-1.7236e+05,-1.1394e+05,-9614.2,9614.2
0.096,0.096,0.85936,1.2532,-1.3557e+05,-1.0617e+05,-4493,4493
0.096,0.08,-0.72909,1.9809,-29810,-11126,-1586.3,1586.3
0.096,0.064,-0.078142,1.5688,40219,-4606.1,-192.24,192.24
0.096,0.048,-0.54407,2.0247,59467,7650.2,72.546,72.546
0.096,0.032,-0.49006,3.0827,20035,-17084,135.18,135.18
0.096,0.016,0.52094,-1.6125,0,0,312.99,312.99
0.112,0.496,3.1697,1.2963,1.0111e+05,-1.4181e+05,1331.3,1331.3
0.112,0.48,5.5674,3.0556,20905,-1.9258e+05,2321.5,2321.5
0.112,0.464,2.1062,7.1628,-2.6958e+05,20708,-870.6,870.6
0.112,0.448,1.0984,8.3526,-6.0462e+05,4.4023e+05,-5676.6,5676.6
0.112,0.432,0.24355,8.0448,-4.0843e+05,1.3385e+05,-9540.1,9540.1
0.112,0.416,0.1856,6.6502,-2.469e+05,-1.7075e+05,-5025.9,5025.9
0.112,0.4,-0.74417,5.6329,-25732,-4.0388e+05,4180.6,4180.6
0.112,0.384,0.19592,5.2553,2235.7,-2.8521e+05,19125,19125
0.112,0.368,-0.67601,4.2399,-92213,63719,35568,35568
0.112,0.352,-1.3551,7.2111,-2.6478e+05,5.9288e+05,53541,53541
0.112,0.336,-2.353,13.215,-3.7331e+05,1.5079e+06,67178,67178
0.112,0.32,-2.4581,21.234,-4.9353e+05,2.561e+06,75280,75280
0.112,0.304,-3.4977,27.495,-6.8561e+05,3.7217e+06,75397,75397
0.112,0.288,-4.7971,31.637,-9.4885e+05,4.6201e+06,67824,67824
0.112,0.272,-5.9627,30.974,-1.1156e+06,5.0732e+06,50562,50562
0.112,0.256,-5.3671,30.425,-1.2176e+06,4.9765e+06,32421,32421
0.112,0.24,-6.2602,28.611,-1.274e+06,4.4998e+06,280.14,280.14
0.112,0.224,-7.4882,26.327,-1.0348e+06,3.58e+06,-25336,25336
0.112,0.208,-4.3494,24.423,-6.2538e+05,2.278e+06,-52297,52297
0.112,0.192,-4.9792,21.746,-76321,7.1268e+05,-62639,62639
0.112,0.176,-4.6602,16.962,3.2041e+05,-5.3892e+05,-59244,59244
0.112,0.16,-3.0725,12.553,4.5812e+05,-1.1705e+06,-48952,48952
0.112,0.144,-2.533,9.0832,3.2656e+05,-1.1509e+06,-34868,34868
0.112,0.128,-3.0991,6.2149,28209,-7.9317e+05,-27590,27590
0.112,0.112,-3.4016,4.0941,-90614,-4.551e+05,-18658,18658
0.112,0.096,-3.1725,3.0685,-70180,-2.4054e+05,-9582.8,9582.8
0.112,0.08,-1.3435,2.383,21845,-1.8258e+05,-3957.1,3957.1
0.112,0.064,0.97889,1.5424,26042,-99380,-1148.3,1148.3
0.112,0.048,1.2633,2.7394,15306,-52476,97.048,97.048
0.112,0.032,0.8373,3.0034,-17559,21715,263.42,263.42
0.112,0.016,0.52757,-3.4691,0,0,603.47,603.47
0.128,0.496,2.937,0.94188,1.0111e+05,-1.4181e+05,1061.8,1061.8
0.128,0.48,1.2565,9.3634,1.7695e+05,-2.4818e+05,2120.7,2120.7
0.128,0.464,0.44896,13.694,2.0343e+05,-71534,5429.2,5429.2
0.128,0.448,1.2123,13.473,-4.1952e+05,6.6498e+05,336.26,336.26
0.128,0.432,0.86447,11.115,-3.314e+05,-2.8005e+05,-2751.7,2751.7
0.128,0.416,-1.1422,7.7597,-2.6136e+05,-7.5488e+05,-3447.5,3447.5
0.128,0.4,-0.67417,6.1889,-1.2637e+05,-1.0429e+06,10802,10802
0.128,0.384,-0.017685,5.5235,-1.0649e+05,-7.2869e+05,32868,32868
0.128,0.368,0.098779,5.566,-1.7463e+05,-1.2336e+05,66297,66297
0.128,0.352,-0.74674,8.9231,-2.989e+05,5.8247e+05,96510,96510
0.128,0.336,-1.0773,12.574,-2.9835e+05,1.3605e+06,1.1636e+05,1.1636e+05
0.128,0.32,-1.0094,18.919,-3.3586e+05,2.2302e+06,1.1769e+05,1.1769e+05
0.128,0.304,-2.9933,25.592,-4.7296e+05,3.3272e+06,1.0887e+05,1.0887e+05
0.128,0.288,-5.0775,32.839,-7.0312e+05,4.4367e+06,92126,92126
0.128,0.272,-6.1706,34.932,-9.6544e+05,5.0959e+06,64836,64836
0.128,0.256,-5.9507,33.317,-1.1247e+06,4.9664e+06,44997,44997
0.128,0.24,-6.2896,27.987,-1.2119e+06,4.2633e+06,9508,9508
0.128,0.224,-7.8442,26.965,-9.626e+05,3.1133e+06,-22375,22375
0.128,0.208,-5.7497,28.256,-5.7661e+05,1.7587e+06,-62826,62826
0.128,0.192,-3.776,27.092,-93434,2.5142e+05,-81340,81340
0.128,0.176,-2.5518,24.709,3.2088e+05,-8.6447e+05,-80320,80320
0.128,0.16,-1.942,19.701,4.8466e+05,-1.5714e+06,-66492,66492
0.128,0.144,-1.7675,13.144,3.5834e+05,-1.6498e+06,-50723,50723
0.128,0.128,-0.94568,8.9191,53532,-1.3634e+06,-38758,38758
0.128,0.112,-1.3771,7.2646,-90702,-7.8786e+05,-27478,27478
0.128,0.096,-0.91022,6.4104,-13226,-3.6594e+05,-13163,13163
0.128,0.08,0.89496,4.5342,60639,-2.4698e+05,-4184.9,4184.9
0.128,0.064,1.0695,2.3709,75461,-2.0243e+05,-360.42,360.42
0.128,0.048,0.16831,3.8084,19141,-1.2884e+05,695.94,695.94
0.128,0.032,0.86531,2.9278,-713.15,-12684,475.63,475.63
0.128,0.016,2.7227,-0.73978,0,0,514.98,514.98
0.144,0.496,2.406,7.2752,0,0,459.67,459.67
0.144,0.48,1.0649,16.661,0,0,1145.9,1145.9
0.144,0.464,0.62035,21.228,NaN,NaN,7168.9,7168.9
0.144,0.448,0.93349,17.18,-1.7376e+05,6.5615e+05,-8879,8879
0.144,0.432,2.8634,15.163,-2.422e+05,-8.3628e+05,-15246,15246
0.144,0.416,2.1678,11.947,-2.0974e+05,-1.13e+06,-14802,14802
0.144,0.4,0.49681,11.073,-2.2608e+05,-1.398e+06,5845,5845
0.144,0.384,0.66868,9.908,-2.2149e+05,-1.0299e+06,32225,32225
0.144,0.368,-0.75202,12.37,-3.2673e+05,-4.3063e+05,62403,62403
0.144,0.352,-3.0036,14.201,-4.1865e+05,3.3264e+05,87445,87445
0.144,0.336,-3.0398,13.866,-4.6169e+05,9.0048e+05,99966,99966
0.144,0.32,-1.6665,13.813,-3.9966e+05,1.2942e+06,94649,94649
0.144,0.304,-1.1617,18.887,-3.9973e+05,1.8722e+06,80567,80567
0.144,0.288,-2.4162,24.591,-4.8488e+05,2.6897e+06,60468,60468
0.144,0.272,-4.176,27.568,-7.3608e+05,3.3289e+06,30863,30863
0.144,0.256,-6.5709,27.772,-8.9763e+05,3.3718e+06,12149,12149
0.144,0.24,-6.3373,24.952,-1.0244e+06,2.9687e+06,-10563,10563
0.144,0.224,-7.2858,23.741,-8.5376e+05,2.3161e+06,-31356,31356
0.144,0.208,-5.904,22.243,-4.9893e+05,1.395e+06,-64177,64177
0.144,0.192,-2.6008,21.043,21974,2.8713e+05,-88571,88571
0.144,0.176,-1.9471,20.563,4.7067e+05,-7.4343e+05,-95978,95978
0.144,0.16,-1.5173,16.85,5.2691e+05,-1.5757e+06,-86877,86877
0.144,0.144,-1.9986,12.423,3.5682e+05,-1.9087e+06,-74423,74423
0.144,0.128,-2.0102,9.294,1.2926e+05,-1.6749e+06,-59337,59337
0.144,0.112,-1.5725,8.3723,1.1992e+05,-1.0165e+06,-40785,40785
0.144,0.096,0.071276,7.2379,1.7454e+05,-4.4922e+05,-17947,17947
0.144,0.08,0.76012,5.9027,1.2472e+05,-2.5581e+05,-2228.1,2228.1
0.144,0.064,0.49263,3.9652,20760,-1.8433e+05,819.09,819.09
0.144,0.048,1.7602,4.6877,-47239,-1.131e+05,1134.5,1134.5
0.144,0.032,1.0948,7.0163,-34379,-25836,455.97,455.97
0.144,0.016,-0.73086,6.1949,0,0,280.98,280.98
0.16,0.496,2.692,25.483,0,0,0,0
0.16,0.48,3.5148,25.577,0,0,0,0
0.16,0.464,3.6135,26.458,NaN,NaN,12947,12947
0.16,0.448,2.4017,21.145,NaN,NaN,-8941.2,8941.2
0.16,0.432,3.6711,17.251,-87042,-2.2369e+06,-16758,16758
0.16,0.416,2.3578,16.35,-86371,-2.2355e+06,-19848,19848
0.16,0.4,1.3922,18.866,-2.6906e+05,-1.9862e+06,2913.8,2913.8
0.16,0.384,0.5761,18.761,-4.1064e+05,-1.4924e+06,21744,21744
0.16,0.368,-0.277,15.842,-5.7417e+05,-8.5934e+05,44335,44335
0.16,0.352,-2.2623,15.244,-7.6523e+05,63171,56266,56266
0.16,0.336,-4.3187,15.882,-8.8695e+05,6.5105e+05,60879,60879
0.16,0.32,-3.0951,13.165,-7.798e+05,8.2749e+05,48605,48605
0.16,0.304,-0.80715,12.966,-5.9347e+05,9.2741e+05,29999,29999
0.16,0.288,-1.261,15.404,-4.9653e+05,1.288e+06,5692.1,5692.1
0.16,0.272,-3.7909,16.602,-5.6314e+05,1.6734e+06,-21172,21172
0.16,0.256,-4.7964,15.816,-6.0973e+05,1.8874e+06,-29637,29637
0.16,0.24,-5.5995,20.482,-6.4265e+05,1.8487e+06,-33863,33863
0.16,0.224,-6.345,23.415,-4.8436e+05,1.5993e+06,-32522,32522
0.16,0.208,-3.3983,22.468,-1.3078e+05,1.0278e+06,-48985,48985
0.16,0.192,-0.45122,20.935,3.9033e+05,1.9193e+05,-71315,71315
0.16,0.176,0.17776,18.491,6.8695e+05,-4.7414e+05,-95461,95461
0.16,0.16,-1.2299,13.847,5.3779e+05,-1.3367e+06,-1.0461e+05,1.0461e+05
0.16,0.144,-1.8155,10.794,2.1921e+05,-1.9228e+06,-1.0719e+05,1.0719e+05
0.16,0.128,-2.0068,8.6797,12621,-2.0917e+06,-91168,91168
0.16,0.112,-0.51098,5.9977,32172,-1.6029e+06,-60960,60960
0.16,0.096,0.74535,4.9316,1.0328e+05,-1.1092e+06,-23964,23964
0.16,0.08,1.2178,6.5862,59353,-8.8462e+05,765.85,765.85
0.16,0.064,1.5817,6.3257,-26267,-7.7017e+05,2287.4,2287.4
0.16,0.048,1.098,6.6034,-62626,-4.4569e+05,1124.7,1124.7
0.16,0.032,1.8098,9.2296,-43245,-2.0098e+05,98.368,98.368
0.16,0.016,2.5262,7.7213,0,0,-167.74,167.74
0.176,0.496,1.7668,36.74,0,0,0,0
0.176,0.48,2.7985,32.469,0,0,0,0
0.176,0.464,3.6534,28.087,NaN,NaN,0,0
0.176,0.448,2.2918,24.017,NaN,NaN,-74493,74493
0.176,0.432,3.8069,18.666,NaN,NaN,-64670,64670
0.176,0.416,3.3297,18.526,NaN,NaN,-32138,32138
0.176,0.4,1.5882,22.398,-2.4575e+05,-2.1438e+06,-11510,11510
0.176,0.384,1.3343,21.174,-3.3193e+05,-1.7482e+06,3923.7,3923.7
0.176,0.368,-0.13172,19.374,-5.2195e+05,-1.3455e+06,9498.1,9498.1
0.176,0.352,-3.1676,20.056,-7.9789e+05,-5.1088e+05,7301.8,7301.8
0.176,0.336,-5.5353,20.428,-1.0676e+06,2.1503e+05,-10350,10350
0.176,0.32,-6.1609,21.853,-9.9085e+05,5.7443e+05,-28290,28290
0.176,0.304,-4.7128,20.05,-8.7452e+05,6.8886e+05,-48605,48605
0.176,0.288,-3.7963,20.36,-7.7691e+05,9.1291e+05,-66709,66709
0.176,0.272,-5.8869,18.636,-7.1817e+05,1.2344e+06,-86733,86733
0.176,0.256,-3.7392,18.323,-5.7663e+05,1.5821e+06,-75782,75782
0.176,0.24,-3.0864,22.687,-4.7945e+05,1.9227e+06,-56365,56365
0.176,0.224,-3.2144,28.055,-2.9424e+05,2.174e+06,-28294,28294
0.176,0.208,-1.093,30.284,75906,1.9266e+06,-30630,30630
0.176,0.192,0.29362,29.542,5.8784e+05,1.1792e+06,-51849,51849
0.176,0.176,1.1401,26.001,8.6713e+05,-13837,-86215,86215
0.176,0.16,-0.33935,19.706,7.1848e+05,-1.4258e+06,-1.1518e+05,1.1518e+05
0.176,0.144,0.38444,15.451,4.4966e+05,-2.577e+06,-1.2899e+05,1.2899e+05
0.176,0.128,1.4716,12.932,2.1844e+05,-3.0197e+06,-1.2141e+05,1.2141e+05
0.176,0.112,1.7933,9.5357,2.1142e+05,-2.8737e+06,-78104,78104
0.176,0.096,2.3633,8.1184,2.0273e+05,-2.5453e+06,-31151,31151
0.176,0.08,3.7758,8.9211,1.5418e+05,-2.2084e+06,5131.8,5131.8
0.176,0.064,3.2818,9.0944,19454,-1.7953e+06,1167.1,1167.1
0.176,0.048,2.4083,8.8485,-41278,-1.0118e+06,-2223.6,2223.6
0.176,0.032,1.3846,14.686,-67523,-4.2284e+05,-3921.2,3921.2
0.176,0.016,0.3638,16.696,0,0,-1026,1026
0.192,0.496,-0.27794,35.807,0,0,0,0
0.192,0.48,1.7735,34.054,0,0,0,0
0.192,0.464,2.439,30.211,NaN,NaN,0,0
0.192,0.448,2.2838,23.794,NaN,NaN,NaN,NaN
0.192,0.432,2.8189,20.008,NaN,NaN,NaN,NaN
0.192,0.416,2.6699,20.235,NaN,NaN,-17986,17986
0.192,0.4,1.9411,22.687,-46112,-2.478e+06,-14818,14818
0.192,0.384,1.5543,21.45,-2.4186e+05,-2.0345e+06,-11130,11130
0.192,0.368,0.55527,24.518,-4.6818e+05,-1.6028e+06,-14056,14056
0.192,0.352,-2.048,28.377,-8.4534e+05,-8.0795e+05,-24275,24275
0.192,0.336,-3.6089,33.091,-1.2513e+06,75600,-38996,38996
0.192,0.32,-4.8537,38.578,-1.4493e+06,8.0435e+05,-45615,45615
0.192,0.304,-6.0529,40.674,-1.3546e+06,1.1466e+06,-40872,40872
0.192,0.288,-5.368,39.657,-1.2019e+06,1.3414e+06,-43552,43552
0.192,0.272,-3.1698,37.96,-9.2976e+05,1.7985e+06,-56244,56244
0.192,0.256,-1.3999,37.501,-6.4452e+05,2.2585e+06,-49301,49301
0.192,0.24,-0.23521,38.164,-4.3701e+05,2.728e+06,-35108,35108
0.192,0.224,0.45032,38.089,-1.8797e+05,3.0563e+06,-10614,10614
0.192,0.208,1.348,38.57,1.5436e+05,2.7824e+06,-12970,12970
0.192,0.192,1.9486,38.254,5.87e+05,1.8255e+06,-30097,30097
0.192,0.176,1.9379,35.876,8.517e+05,3.2606e+05,-64148,64148
0.192,0.16,2.1719,29.136,8.6843e+05,-1.38e+06,-98634,98634
0.192,0.144,2.153,24.218,7.8413e+05,-2.7182e+06,-1.2481e+05,1.2481e+05
0.192,0.128,3.6963,22.008,6.5764e+05,-3.4084e+06,-1.2645e+05,1.2645e+05
0.192,0.112,3.174,19.292,6.4594e+05,-3.4464e+06,-82516,82516
0.192,0.096,4.1879,18.371,6.0792e+05,-3.2739e+06,-29278,29278
0.192,0.08,4.0434,20.91,5.5698e+05,-2.9285e+06,7957.5,7957.5
0.192,0.064,3.8346,23.124,3.8433e+05,-2.4006e+06,146.72,146.72
0.192,0.048,1.8115,25.427,1.8751e+05,-1.3629e+06,-6109.8,6109.8
0.192,0.032,0.72099,29.27,38234,-5.7074e+05,-4650.6,4650.6
0.192,0.016,0.25198,29.935,0,0,-986.72,986.72
0.208,0.496,0.26822,34.165,0,0,0,0
0.208,0.48,1.1012,33.364,0,0,0,0
0.208,0.464,1.0898,27.98,NaN,NaN,0,0
0.208,0.448,0.58371,21.339,NaN,NaN,NaN,NaN
0.208,0.432,1.027,19.98,NaN,NaN,NaN,NaN
0.208,0.416,1.5883,23.311,NaN,NaN,-17752,17752
0.208,0.4,0.55507,27.119,1.7996e+05,-2.4632e+06,-23678,23678
0.208,0.384,-0.44926,31.295,30581,-2.1353e+06,-19528,19528
0.208,0.368,-1.2208,30.75,-2.7618e+05,-1.828e+06,-26038,26038
0.208,0.352,-2.3928,33.451,-5.0425e+05,-1.5103e+06,-32998,32998
0.208,0.336,-3.9269,37.854,-8.8969e+05,-1.2133e+06,-49018,49018
0.208,0.32,-4.8514,41.689,NaN,NaN,-47014,47014
0.208,0.304,-6.0151,43.604,-1.7136e+06,2.3189e+06,-26647,26647
0.208,0.288,-6.1093,44.772,-1.5358e+06,2.3483e+06,12268,12268
0.208,0.272,-5.5125,45.917,-1.1389e+06,2.6517e+06,21890,21890
0.208,0.256,-3.4191,46.881,-8.9142e+05,3.0481e+06,37692,37692
0.208,0.24,-1.4162,46.9,-7.224e+05,3.4398e+06,30738,30738
0.208,0.224,-0.71217,46.828,-5.0242e+05,3.8462e+06,31974,31974
0.208,0.208,0.40531,46.793,-2.3788e+05,3.6098e+06,12999,12999
0.208,0.192,1.2392,44.757,1.2405e+05,2.647e+06,-7153.7,7153.7
0.208,0.176,1.9844,41.555,5.1276e+05,9.5123e+05,-30402,30402
0.208,0.16,2.1386,34.627,7.8128e+05,-7.041e+05,-53981,53981
0.208,0.144,2.7399,31.389,9.2339e+05,-1.936e+06,-81905,81905
0.208,0.128,3.4662,32.988,8.8417e+05,-2.5594e+06,-97245,97245
0.208,0.112,2.6364,33.233,9.3178e+05,-2.8084e+06,-73216,73216
0.208,0.096,3.9865,33.012,9.2038e+05,-2.7831e+06,-30356,30356
0.208,0.08,3.0204,35.861,9.2294e+05,-2.5329e+06,4554,4554
0.208,0.064,2.199,38.375,7.7217e+05,-2.0582e+06,2997.2,2997.2
0.208,0.048,1.3455,40.155,4.5949e+05,-1.2221e+06,-1624.6,1624.6
0.208,0.032,1.3674,41.19,1.7888e+05,-5.1084e+05,-1925.6,1925.6
0.208,0.016,0.51402,40.236,0,0,-174.85,174.85
0.224,0.496,2.2552,33.543,0,0,0,0
0.224,0.48,3.324,31.146,0,0,0,0
0.224,0.464,3.8357,25.524,NaN,NaN,0,0
0.224,0.448,2.2708,22.363,NaN,NaN,NaN,NaN
0.224,0.432,1.5674,24.391,NaN,NaN,NaN,NaN
0.224,0.416,1.5696,30.227,NaN,NaN,-16312,16312
0.224,0.4,0.67894,35.152,NaN,NaN,-22836,22836
0.224,0.384,0.1203,37.431,NaN,NaN,-31400,31400
0.224,0.368,-1.3416,35.598,NaN,NaN,-51347,51347
0.224,0.352,-2.2216,36.319,NaN,NaN,-73375,73375
0.224,0.336,-2.1191,39.016,NaN,NaN,-85799,85799
0.224,0.32,-2.2251,40.295,NaN,NaN,-46184,46184
0.224,0.304,-2.6516,42.089,NaN,NaN,44956,44956
0.224,0.288,-3.8109,44.089,NaN,NaN,1.2765e+05,1.2765e+05
0.224,0.272,-4.9378,45.742,-1.0004e+06,2.6151e+06,1.5116e+05,1.5116e+05
0.224,0.256,-3.8425,47.544,-9.9255e+05,2.9921e+06,1.4445e+05,1.4445e+05
0.224,0.24,-2.9263,47.879,-9.5022e+05,3.4582e+06,1.0215e+05,1.0215e+05
0.224,0.224,-3.1655,47.396,-8.1963e+05,4.1438e+06,65134,65134
0.224,0.208,-2.8056,47.843,-6.4334e+05,4.094e+06,34777,34777
0.224,0.192,-1.9768,46.288,-3.5205e+05,3.1248e+06,20551,20551
0.224,0.176,-0.93363,43.8,-44094,1.7014e+06,12530,12530
0.224,0.16,-0.23156,41.051,2.8924e+05,4.8206e+05,4491.7,4491.7
0.224,0.144,1.5644,39.997,5.1957e+05,-2.1178e+05,-19422,19422
0.224,0.128,2.1148,39.562,6.948e+05,-6.9823e+05,-40722,40722
0.224,0.112,2.4217,38.595,8.5157e+05,-9.9252e+05,-36329,36329
0.224,0.096,3.0834,38.641,9.5007e+05,-1.1142e+06,-10358,10358
0.224,0.08,3.358,40.383,9.5212e+05,-9.9883e+05,12770,12770
0.224,0.064,2.9544,40.535,8.5197e+05,-6.9782e+05,14033,14033
0.224,0.048,2.1267,42.242,5.2037e+05,-3.7652e+05,9066.7,9066.7
0.224,0.032,2.84,43.193,2.38e+05,-1.3938e+05,5283.3,5283.3
0.224,0.016,2.6014,43.043,0,0,1485.9,1485.9
0.24,0.496,0.8847,39.555,0,0,0,0
0.24,0.48,1.7881,38.218,0,0,0,0
0.24,0.464,2.9174,37.293,NaN,NaN,0,0
0.24,0.448,3.67,36.171,NaN,NaN,NaN,NaN
0.24,0.432,3.5423,36.57,NaN,NaN,NaN,NaN
0.24,0.416,3.4076,37.108,NaN,NaN,NaN,NaN
0.24,0.4,2.5859,38.389,NaN,NaN,NaN,NaN
0.24,0.384,1.027,38.521,NaN,NaN,NaN,NaN
0.24,0.368,-0.18649,38.709,NaN,NaN,NaN,NaN
0.24,0.352,-0.63035,39.902,NaN,NaN,NaN,NaN
0.24,0.336,-0.43615,41.677,NaN,NaN,NaN,NaN
0.24,0.32,-1.2842,42.394,NaN,NaN,NaN,NaN
0.24,0.304,-1.2737,42.505,NaN,NaN,NaN,NaN
0.24,0.288,-1.8436,43.438,NaN,NaN,3.2413e+05,3.2413e+05
0.24,0.272,-2.9878,44.9,-1.0562e+06,2.5848e+06,2.7957e+05,2.7957e+05
0.24,0.256,-2.5489,46.121,-1.1046e+06,2.8371e+06,2.3327e+05,2.3327e+05
0.24,0.24,-2.6024,47.105,-1.1345e+06,3.2096e+06,1.4811e+05,1.4811e+05
0.24,0.224,-2.819,47.472,-1.1203e+06,3.5994e+06,83099,83099
0.24,0.208,-2.9051,47.137,-1.0537e+06,3.6174e+06,61695,61695
0.24,0.192,-2.9563,46.65,-8.6666e+05,2.889e+06,54218,54218
0.24,0.176,-2.2555,45.69,-5.9494e+05,1.9689e+06,58833,58833
0.24,0.16,-2.184,45.587,-2.609e+05,1.1865e+06,46676,46676
0.24,0.144,-1.4305,45.31,16758,7.9562e+05,26050,26050
0.24,0.128,-0.3186,46.203,2.1003e+05,4.5467e+05,5841.7,5841.7
0.24,0.112,1.3547,45.664,3.5747e+05,2.4458e+05,-1090.3,1090.3
0.24,0.096,2.0604,46.093,4.1981e+05,2.937e+05,14048,14048
0.24,0.08,1.7232,47.326,4.3064e+05,4.9259e+05,27718,27718
0.24,0.064,0.60584,48.001,4.1138e+05,7.2445e+05,28425,28425
0.24,0.048,0.67898,49.902,2.7913e+05,5.1777e+05,21073,21073
0.24,0.032,1.4764,49.123,1.4989e+05,2.5921e+05,9672.4,9672.4
0.24,0.016,1.618,46.765,0,0,2572,2572
0.256,0.496,0.026753,45.766,0,0,0,0
0.256,0.48,1.3396,44.506,0,0,0,0
0.256,0.464,2.7478,43.302,NaN,NaN,0,0
0.256,0.448,4.1612,42.215,NaN,NaN,NaN,NaN
0.256,0.432,5.1409,40.786,NaN,NaN,NaN,NaN
0.256,0.416,5.9741,41.181,NaN,NaN,NaN,NaN
0.256,0.4,3.8808,41.671,NaN,NaN,NaN,NaN
0.256,0.384,1.5321,43.023,NaN,NaN,NaN,NaN
0.256,0.368,0.5173,45.018,NaN,NaN,NaN,NaN
0.256,0.352,-0.62405,46.068,NaN,NaN,NaN,NaN
0.256,0.336,-1.1659,46.22,NaN,NaN,NaN,NaN
0.256,0.32,-2.0339,47.003,NaN,NaN,NaN,NaN
0.256,0.304,-1.8951,47.051,NaN,NaN,NaN,NaN
0.256,0.288,-1.6418,47.509,NaN,NaN,3.8234e+05,3.8234e+05
0.256,0.272,-2.419,48.255,-1.139e+06,2.4112e+06,3.5068e+05,3.5068e+05
0.256,0.256,-2.2726,48.96,-1.1786e+06,2.6647e+06,2.6693e+05,2.6693e+05
0.256,0.24,-3.1784,49.581,-1.2983e+06,3.0033e+06,1.6947e+05,1.6947e+05
0.256,0.224,-3.6305,50.028,-1.3429e+06,3.2107e+06,75460,75460
0.256,0.208,-3.0815,50.163,-1.3646e+06,3.1477e+06,75504,75504
0.256,0.192,-2.4662,49.543,-1.2758e+06,2.6525e+06,84204,84204
0.256,0.176,-1.6139,48.632,-1.0729e+06,1.9926e+06,89815,89815
0.256,0.16,-0.85265,48.451,-7.5881e+05,1.4374e+06,63127,63127
0.256,0.144,-0.92268,48.181,-3.8016e+05,1.127e+06,42407,42407
0.256,0.128,-0.90857,48.825,-93100,9.3545e+05,29482,29482
0.256,0.112,-1.3089,49.881,1.1242e+05,8.8746e+05,30118,30118
0.256,0.096,-1.3725,51.487,1.6698e+05,1.0731e+06,41646,41646
0.256,0.08,-3.3356,53.663,1.3262e+05,1.4228e+06,47510,47510
0.256,0.064,-2.4795,56.524,69665,1.7412e+06,39539,39539
0.256,0.048,-1.3962,56.911,20300,1.2472e+06,26069,26069
0.256,0.032,-0.26309,55.772,19422,6.2936e+05,11668,11668
0.256,0.016,0.26335,53.055,0,0,3194.5,3194.5
0.272,0.496,0.43257,51.587,0,0,0,0
0.272,0.48,3.0818,47.882,0,0,0,0
0.272,0.464,5.1453,45.83,NaN,NaN,0,0
0.272,0.448,5.8249,44.022,NaN,NaN,NaN,NaN
0.272,0.432,6.4338,42.734,NaN,NaN,NaN,NaN
0.272,0.416,6.2939,45.017,NaN,NaN,NaN,NaN
0.272,0.4,4.7222,45.996,NaN,NaN,NaN,NaN
0.272,0.384,1.6737,46.872,NaN,NaN,NaN,NaN
0.272,0.368,-0.27104,48.506,NaN,NaN,NaN,NaN
0.272,0.352,-0.94938,50.398,NaN,NaN,NaN,NaN
0.272,0.336,-1.1312,51.496,NaN,NaN,NaN,NaN
0.272,0.32,-1.8538,51.84,NaN,NaN,NaN,NaN
0.272,0.304,-2.6558,53.098,NaN,NaN,NaN,NaN
0.272,0.288,-3.0345,53.9,NaN,NaN,4.7334e+05,4.7334e+05
0.272,0.272,-3.4843,53.894,NaN,NaN,3.9871e+05,3.9871e+05
0.272,0.256,-4.2056,54.72,-1.1088e+06,2.3134e+06,2.5508e+05,2.5508e+05
0.272,0.24,-5.21,55.128,-1.3522e+06,2.6939e+06,1.6339e+05,1.6339e+05
0.272,0.224,-5.986,54.895,-1.4309e+06,2.7849e+06,93258,93258
0.272,0.208,-5.6898,54.815,-1.499e+06,2.6958e+06,1.0662e+05,1.0662e+05
0.272,0.192,-4.3405,53.656,-1.4981e+06,2.4009e+06,1.1844e+05,1.1844e+05
0.272,0.176,-3.0119,51.615,-1.3525e+06,2.0521e+06,1.0704e+05,1.0704e+05
0.272,0.16,-1.3371,51.548,-1.0576e+06,1.6641e+06,71193,71193
0.272,0.144,-0.34241,51.624,-5.3915e+05,1.34e+06,30035,30035
0.272,0.128,0.69385,51.575,-1.552e+05,1.2001e+06,20544,20544
0.272,0.112,0.066282,53.069,1.1549e+05,1.2614e+06,25166,25166
0.272,0.096,0.49267,55.573,1.4706e+05,1.4622e+06,44701,44701
0.272,0.08,0.64055,57.576,91280,1.623e+06,51245,51245
0.272,0.064,-0.93564,59.646,-24181,1.774e+06,40308,40308
0.272,0.048,-1.9933,61.059,-80968,1.2191e+06,25424,25424
0.272,0.032,-2.6409,61.927,-44010,6.3099e+05,11438,11438
0.272,0.016,-0.55025,56.236,0,0,3089,3089
0.288,0.496,2.3978,51.293,0,0,0,0
0.288,0.48,3.9994,48.412,0,0,0,0
0.288,0.464,5.4382,47.426,NaN,NaN,0,0
0.288,0.448,5.7049,46.451,NaN,NaN,NaN,NaN
0.288,0.432,4.8694,46.383,NaN,NaN,NaN,NaN
0.288,0.416,3.6724,47.946,NaN,NaN,NaN,NaN
0.288,0.4,1.8786,48.2,NaN,NaN,NaN,NaN
0.288,0.384,-0.7973,47.683,NaN,NaN,NaN,NaN
0.288,0.368,-3.3884,47.985,NaN,NaN,NaN,NaN
0.288,0.352,-3.4758,49.16,NaN,NaN,NaN,NaN
0.288,0.336,-3.087,50.036,NaN,NaN,NaN,NaN
0.288,0.32,-2.9018,49.896,NaN,NaN,NaN,NaN
0.288,0.304,-2.3038,51.731,NaN,NaN,2.3735e+05,2.3735e+05
0.288,0.288,-1.9692,53.886,NaN,NaN,2.5376e+05,2.5376e+05
0.288,0.272,-1.7391,54.999,NaN,NaN,3.037e+05,3.037e+05
0.288,0.256,-2.5422,56.299,NaN,NaN,2.2237e+05,2.2237e+05
0.288,0.24,-3.4324,57.789,-1.5811e+06,3.0182e+06,1.7546e+05,1.7546e+05
0.288,0.224,-3.9976,58.191,-1.6461e+06,3.1053e+06,1.1734e+05,1.1734e+05
0.288,0.208,-4.8318,59.379,-1.4846e+06,2.7056e+06,1.2719e+05,1.2719e+05
0.288,0.192,-3.5943,59.912,-1.4123e+06,2.4498e+06,1.2951e+05,1.2951e+05
0.288,0.176,-1.8902,57.239,-1.2791e+06,2.2168e+06,1.1284e+05,1.1284e+05
0.288,0.16,-1.8309,57.061,-9.8838e+05,1.9147e+06,76470,76470
0.288,0.144,-0.97728,56.006,-3.8158e+05,1.6137e+06,29250,29250
0.288,0.128,1.1915,55.243,1.5808e+05,1.3897e+06,3771.3,3771.3
0.288,0.112,0.39134,55.991,5.0296e+05,1.2858e+06,9664.2,9664.2
0.288,0.096,0.060684,55.625,5.2882e+05,1.1665e+06,30998,30998
0.288,0.08,0.51607,54.184,3.8535e+05,9.6424e+05,43675,43675
0.288,0.064,-1.5183,54.231,1.7403e+05,8.8004e+05,31659,31659
0.288,0.048,-2.2262,57.258,-9247.7,5.6277e+05,20039,20039
0.288,0.032,-3.6807,59.835,-34716,3.2294e+05,9546.6,9546.6
0.288,0.016,-4.409,58.116,0,0,2552.2,2552.2
0.304,0.496,4.2896,47.477,0,0,0,0
0.304,0.48,4.1665,47.238,0,0,0,0
0.304,0.464,4.518,48.08,NaN,NaN,0,0
0.304,0.448,4.4244,48.274,NaN,NaN,NaN,NaN
0.304,0.432,3.4665,48.782,NaN,NaN,NaN,NaN
0.304,0.416,1.1633,48.861,NaN,NaN,NaN,NaN
0.304,0.4,-0.79303,48.316,NaN,NaN,NaN,NaN
0.304,0.384,-3.2516,47.259,NaN,NaN,NaN,NaN
0.304,0.368,-5.0469,46.156,NaN,NaN,NaN,NaN
0.304,0.352,-5.6201,44.781,NaN,NaN,NaN,NaN
0.304,0.336,-5.9618,44.425,NaN,NaN,NaN,NaN
0.304,0.32,-5.3069,44.374,NaN,NaN,1.8838e+05,1.8838e+05
0.304,0.304,-4.3056,44.983,NaN,NaN,2.23e+05,2.23e+05
0.304,0.288,-3.0142,47.175,-1.0472e+06,-7.7839e+05,2.3993e+05,2.3993e+05
0.304,0.272,-1.2575,49.549,-8.3502e+05,-4.3034e+05,2.6192e+05,2.6192e+05
0.304,0.256,0.20865,51.9,-6.3285e+05,-91433,2.1212e+05,2.1212e+05
0.304,0.24,0.49791,53.621,-2.446e+05,5.9657e+05,1.7228e+05,1.7228e+05
0.304,0.224,0.01006,55.476,96824,1.3422e+06,1.4144e+05,1.4144e+05
0.304,0.208,-0.014196,57.781,-3.0132e+05,2.0935e+06,1.4295e+05,1.4295e+05
0.304,0.192,0.31271,59.713,-5.3157e+05,2.3183e+06,1.4282e+05,1.4282e+05
0.304,0.176,0.58589,59.071,-6.7754e+05,2.366e+06,1.2098e+05,1.2098e+05
0.304,0.16,0.36379,59.004,-4.5202e+05,2.2733e+06,93467,93467
0.304,0.144,0.57644,57.082,50529,2.023e+06,35499,35499
0.304,0.128,1.6842,54.247,5.6245e+05,1.6896e+06,755.35,755.35
0.304,0.112,0.57771,51.894,8.2014e+05,1.3592e+06,-62.423,62.423
0.304,0.096,-0.32973,49.906,7.331e+05,9.7194e+05,16007,16007
0.304,0.08,-0.59216,48.648,4.5129e+05,4.1488e+05,26600,26600
0.304,0.064,-1.0779,47.195,1.2774e+05,-22168,13294,13294
0.304,0.048,-1.7049,48.619,-54785,-1.6757e+05,9727.6,9727.6
0.304,0.032,-2.7973,51.113,-65403,-79403,5162.5,5162.5
0.304,0.016,-2.8804,51.389,0,0,1512.5,1512.5
0.32,0.496,3.8843,46.876,0,0,0,0
0.32,0.48,3.5733,45.954,0,0,0,0
0.32,0.464,3.3783,47.569,NaN,NaN,0,0
0.32,0.448,3.6219,47.642,NaN,NaN,NaN,NaN
0.32,0.432,2.8491,47.335,NaN,NaN,NaN,NaN
0.32,0.416,0.44162,46.139,NaN,NaN,NaN,NaN
0.32,0.4,-1.4704,45.818,NaN,NaN,NaN,NaN
0.32,0.384,-3.7379,45.255,NaN,NaN,NaN,NaN
0.32,0.368,-5.6451,44.281,NaN,NaN,NaN,NaN
0.32,0.352,-5.6339,43.133,NaN,NaN,NaN,NaN
0.32,0.336,-6.2168,42.236,NaN,NaN,1.9184e+05,1.9184e+05
0.32,0.32,-5.6803,41.105,NaN,NaN,1.9659e+05,1.9659e+05
0.32,0.304,-4.9033,40.813,-1.0716e+06,-1.145e+06,2.1177e+05,2.1177e+05
0.32,0.288,-2.4749,41.641,-9.1978e+05,-8.3501e+05,2.4417e+05,2.4417e+05
0.32,0.272,-0.57347,43.775,-6.5078e+05,-3.2095e+05,2.7251e+05,2.7251e+05
0.32,0.256,0.70493,46.299,-2.9198e+05,4.6082e+05,2.5361e+05,2.5361e+05
0.32,0.24,1.8877,48.612,1.5388e+05,1.492e+06,2.0827e+05,2.0827e+05
0.32,0.224,2.9656,51.124,4.6831e+05,2.4133e+06,1.56e+05,1.56e+05
0.32,0.208,3.8322,53.769,3.8969e+05,2.8068e+06,1.4423e+05,1.4423e+05
0.32,0.192,3.5119,55.663,2.6896e+05,2.8468e+06,1.4024e+05,1.4024e+05
0.32,0.176,2.8486,56.592,1.1011e+05,2.6872e+06,1.3611e+05,1.3611e+05
0.32,0.16,2.2258,56.45,2.4453e+05,2.5651e+06,1.1109e+05,1.1109e+05
0.32,0.144,2.7109,54.024,4.8027e+05,2.2122e+06,63670,63670
0.32,0.128,1.8972,50.849,7.6439e+05,1.7415e+06,10822,10822
0.32,0.112,0.704,48.055,8.1373e+05,1.1651e+06,-2867.5,2867.5
0.32,0.096,0.28597,46.084,6.0173e+05,6.1792e+05,-9359,9359
0.32,0.08,-0.81628,44.217,2.0272e+05,-1.312e+05,-2334.3,2334.3
0.32,0.064,-1.3601,43.096,-1.8775e+05,-8.1224e+05,-8513.8,8513.8
0.32,0.048,-1.9624,43.925,-2.5716e+05,-7.9595e+05,-1932,1932
0.32,0.032,-3.1982,44.39,-1.6799e+05,-4.4701e+05,606.48,606.48
0.32,0.016,-2.9237,44.734,0,0,517.58,517.58
0.336,0.496,2.8348,45.417,0,0,0,0
0.336,0.48,2.169,43.756,0,0,0,0
0.336,0.464,1.3931,44.945,NaN,NaN,0,0
0.336,0.448,1.1677,44.303,NaN,NaN,NaN,NaN
0.336,0.432,1.1305,43.008,NaN,NaN,NaN,NaN
0.336,0.416,0.044409,41.399,NaN,NaN,NaN,NaN
0.336,0.4,-1.2781,40.522,NaN,NaN,3.5802e+05,3.5802e+05
0.336,0.384,-1.4956,41.172,NaN,NaN,3.3771e+05,3.3771e+05
0.336,0.368,-1.6591,41.06,NaN,NaN,3.1873e+05,3.1873e+05
0.336,0.352,-1.8501,40.624,NaN,NaN,2.9123e+05,2.9123e+05
0.336,0.336,-2.4964,40.543,NaN,NaN,2.0272e+05,2.0272e+05
0.336,0.32,-2.787,40.209,-4.8491e+05,-8.8739e+05,1.8386e+05,1.8386e+05
0.336,0.304,-2.2657,40.76,-7.0914e+05,-8.2224e+05,2.03e+05,2.03e+05
0.336,0.288,-1.7611,41.049,-6.6011e+05,-4.349e+05,2.7157e+05,2.7157e+05
0.336,0.272,-0.69088,42.091,-4.2525e+05,4.3773e+05,3.2753e+05,3.2753e+05
0.336,0.256,1.702,45.04,-31615,1.5122e+06,3.1243e+05,3.1243e+05
0.336,0.24,3.4934,47.241,4.1285e+05,2.6654e+06,2.5281e+05,2.5281e+05
0.336,0.224,4.4753,48.897,7.0213e+05,3.4553e+06,1.7912e+05,1.7912e+05
0.336,0.208,4.9957,51.55,8.4321e+05,3.8329e+06,1.4808e+05,1.4808e+05
0.336,0.192,4.3351,52.918,8.3564e+05,3.8687e+06,1.5331e+05,1.5331e+05
0.336,0.176,3.6614,52.392,7.6638e+05,3.5928e+06,1.5872e+05,1.5872e+05
0.336,0.16,2.642,51.395,7.045e+05,3.2259e+06,1.505e+05,1.505e+05
0.336,0.144,2.7483,49.825,6.973e+05,2.5707e+06,1.0092e+05,1.0092e+05
0.336,0.128,1.1501,46.832,6.7426e+05,1.8532e+06,43486,43486
0.336,0.112,0.79247,45.097,4.9679e+05,9.0158e+05,3980.3,3980.3
0.336,0.096,0.19997,43.248,70837,-83376,-29435,29435
0.336,0.08,-1.2756,40.55,-4.2883e+05,-1.339e+06,-33989,33989
0.336,0.064,-1.404,38.702,-8.2072e+05,-2.2701e+06,-32796,32796
0.336,0.048,-1.6813,38.694,-6.2076e+05,-1.8029e+06,-16029,16029
0.336,0.032,-2.7826,37.981,-3.2627e+05,-9.242e+05,-5389.8,5389.8
0.336,0.016,-2.8063,36.392,0,0,-1204.5,1204.5
0.352,0.496,1.7558,39.489,0,0,0,0
0.352,0.48,0.80277,37.19,0,0,0,0
0.352,0.464,0.20657,38.797,NaN,NaN,0,0
0.352,0.448,-0.79584,38.682,NaN,NaN,NaN,NaN
0.352,0.432,-1.3442,37.994,NaN,NaN,3.5806e+05,3.5806e+05
0.352,0.416,-2.1234,36.924,NaN,NaN,3.7929e+05,3.7929e+05
0.352,0.4,-2.4192,34.4,NaN,NaN,3.3019e+05,3.3019e+05
0.352,0.384,-1.3517,33.896,-6.2817e+05,-1.5246e+06,2.9089e+05,2.9089e+05
0.352,0.368,-0.97222,35.008,-3.4211e+05,-7.8373e+05,2.397e+05,2.397e+05
0.352,0.352,-1.1514,35.756,-3.1511e+05,-7.8187e+05,2.0471e+05,2.0471e+05
0.352,0.336,-1.4849,36.832,-42538,-3.6609e+05,1.5083e+05,1.5083e+05
0.352,0.32,-1.6982,35.18,-98574,-5.0249e+05,1.4187e+05,1.4187e+05
0.352,0.304,-1.3873,35.671,-3.2074e+05,-5.0775e+05,1.6877e+05,1.6877e+05
0.352,0.288,-1.784,38.107,-3.2473e+05,-56791,2.7162e+05,2.7162e+05
0.352,0.272,-0.21913,41.706,-1.1815e+05,1.095e+06,3.5003e+05,3.5003e+05
0.352,0.256,3.1687,44.479,3.6291e+05,2.7629e+06,3.6244e+05,3.6244e+05
0.352,0.24,5.0936,46.516,7.7817e+05,4.1817e+06,2.9377e+05,2.9377e+05
0.352,0.224,5.4023,47.084,1.0549e+06,5.0422e+06,2.0697e+05,2.0697e+05
0.352,0.208,5.364,48.938,1.2075e+06,5.4128e+06,1.5848e+05,1.5848e+05
0.352,0.192,5.2097,49.762,1.1571e+06,5.2777e+06,1.4703e+05,1.4703e+05
0.352,0.176,4.4124,47.509,1.0311e+06,4.79e+06,1.735e+05,1.735e+05
0.352,0.16,3.5528,45.705,8.3359e+05,4.2655e+06,1.7708e+05,1.7708e+05
0.352,0.144,2.6313,44.361,7.0387e+05,3.5979e+06,1.4406e+05,1.4406e+05
0.352,0.128,0.98712,43.001,5.1028e+05,2.7955e+06,56250,56250
0.352,0.112,0.36096,41.917,1.6892e+05,1.2153e+06,4663.1,4663.1
0.352,0.096,-1.7121,37.305,-4.5262e+05,-5.5783e+05,-41758,41758
0.352,0.08,-5.6672,32.967,-1.0416e+06,-2.5937e+06,-41863,41863
0.352,0.064,-4.3277,28.047,-1.4118e+06,-3.7045e+06,-49003,49003
0.352,0.048,-3.6508,27.959,-9.7159e+05,-2.8047e+06,-31146,31146
0.352,0.032,-3.7545,27.834,-4.744e+05,-1.3787e+06,-12797,12797
0.352,0.016,-2.6821,22.571,0,0,-3374.8,3374.8
0.368,0.496,1.9136,25.901,0,0,0,0
0.368,0.48,0.95872,24.571,0,0,0,0
0.368,0.464,0.31298,25.175,NaN,NaN,55307,55307
0.368,0.448,-1.3247,26.46,NaN,NaN,2.3192e+05,2.3192e+05
0.368,0.432,-0.33766,26.256,NaN,NaN,2.385e+05,2.385e+05
0.368,0.416,0.23305,24.699,-1.9378e+05,-31897,2.6067e+05,2.6067e+05
0.368,0.4,-1.4387,24.116,-37464,40292,2.5821e+05,2.5821e+05
0.368,0.384,-2.5249,24.58,-58359,-3.5698e+05,2.4686e+05,2.4686e+05
0.368,0.368,-2.0602,25.333,51159,-3.5747e+05,2.1407e+05,2.1407e+05
0.368,0.352,-0.2779,25.317,-24258,-5.8862e+05,1.8167e+05,1.8167e+05
0.368,0.336,-1.2535,26.61,-7009.2,-5.7494e+05,1.2973e+05,1.2973e+05
0.368,0.32,-0.020472,24.69,-1.2657e+05,-6.1739e+05,1.1611e+05,1.1611e+05
0.368,0.304,0.45074,23.093,-1.5323e+05,-2.8977e+05,1.5807e+05,1.5807e+05
0.368,0.288,-0.96051,25.653,-41367,6.2017e+05,2.8487e+05,2.8487e+05
0.368,0.272,0.36126,30.222,2.2771e+05,2.2658e+06,3.7922e+05,3.7922e+05
0.368,0.256,1.979,39.397,6.387e+05,4.1233e+06,3.8746e+05,3.8746e+05
0.368,0.24,4.2648,43.063,9.6416e+05,5.4765e+06,3.0565e+05,3.0565e+05
0.368,0.224,5.6526,45.03,1.2093e+06,6.2032e+06,2.1006e+05,2.1006e+05
0.368,0.208,6.1038,46.478,1.3076e+06,6.4086e+06,1.5787e+05,1.5787e+05
0.368,0.192,5.7577,46.143,1.1608e+06,6.1038e+06,1.4937e+05,1.4937e+05
0.368,0.176,5.0902,45.281,9.6149e+05,5.5288e+06,1.7312e+05,1.7312e+05
0.368,0.16,4.1156,44.731,7.3362e+05,4.9086e+06,1.8372e+05,1.8372e+05
0.368,0.144,3.5557,43.716,6.5392e+05,4.2455e+06,1.4378e+05,1.4378e+05
0.368,0.128,2.5429,43.196,4.3602e+05,3.3652e+06,59981,59981
0.368,0.112,0.9132,41.234,-82002,1.2912e+06,7256.8,7256.8
0.368,0.096,-0.2419,35.163,-8.9554e+05,-1.1871e+06,-26732,26732
0.368,0.08,-3.9366,30.512,-1.5343e+06,-3.8029e+06,-31094,31094
0.368,0.064,-7.3099,24.406,-1.7405e+06,-4.8983e+06,-51015,51015
0.368,0.048,-7.0177,22.665,-1.1147e+06,-3.5246e+06,-40542,40542
0.368,0.032,-4.9146,19.416,-5.1198e+05,-1.6853e+06,-19313,19313
0.368,0.016,-3.4734,16.876,0,0,-5836.4,5836.4
0.384,0.496,1.5943,21.109,0,0,0,0
0.384,0.48,0.30092,19.085,0,0,1038.7,1038.7
0.384,0.464,0.23595,19.257,NaN,NaN,42504,42504
0.384,0.448,-0.70042,18.151,-5.874e+05,-1.5005e+06,1.0843e+05,1.0843e+05
0.384,0.432,-1.803,15.917,-5.4083e+05,-1.5682e+06,1.5515e+05,1.5515e+05
0.384,0.416,-1.2807,15.979,-4.0886e+05,-9.6946e+05,1.8386e+05,1.8386e+05
0.384,0.4,0.44983,18.592,-1.5598e+05,-4.1464e+05,1.8124e+05,1.8124e+05
0.384,0.384,1.3277,17.962,6912.9,-1.3114e+05,1.6533e+05,1.6533e+05
0.384,0.368,0.80038,15.633,1.6087e+05,-43204,1.3604e+05,1.3604e+05
0.384,0.352,0.33118,13.988,85513,-2.8068e+05,1.2119e+05,1.2119e+05
0.384,0.336,-0.26214,14.275,-7120.3,-4.3692e+05,1.046e+05,1.046e+05
0.384,0.32,-1.3471,14.904,-1.4646e+05,-4.3977e+05,1.081e+05,1.081e+05
0.384,0.304,-0.72043,17.552,-1.0764e+05,1.027e+05,1.5097e+05,1.5097e+05
0.384,0.288,-0.019762,21.63,1.231e+05,1.3617e+06,2.4477e+05,2.4477e+05
0.384,0.272,1.4047,29.033,4.2152e+05,3.0046e+06,3.1375e+05,3.1375e+05
0.384,0.256,3.7029,36.486,7.8375e+05,4.6409e+06,3.1564e+05,3.1564e+05
0.384,0.24,5.9008,39.637,1.0375e+06,5.7729e+06,2.4456e+05,2.4456e+05
0.384,0.224,6.039,42.273,1.152e+06,6.2084e+06,1.714e+05,1.714e+05
0.384,0.208,5.3959,42.743,1.1251e+06,5.992e+06,1.4454e+05,1.4454e+05
0.384,0.192,4.8,41.084,9.3661e+05,5.2288e+06,1.3374e+05,1.3374e+05
0.384,0.176,3.5126,38.63,6.7518e+05,4.2298e+06,1.465e+05,1.465e+05
0.384,0.16,2.7456,38.132,4.8186e+05,3.4658e+06,1.2995e+05,1.2995e+05
0.384,0.144,2.067,36.449,5.2569e+05,3.1232e+06,84428,84428
0.384,0.128,2.175,36.574,6.0962e+05,2.8662e+06,558.07,558.07
0.384,0.112,1.1047,37.341,-28506,9.2462e+05,-22984,22984
0.384,0.096,-3.1712,32.451,-1.161e+06,-1.5692e+06,-37993,37993
0.384,0.08,-5.2431,23.645,-2.1994e+06,-4.0431e+06,-33629,33629
0.384,0.064,-8.0662,16.284,-2.1126e+06,-4.6552e+06,-63735,63735
0.384,0.048,-7.5469,14.369,-1.2645e+06,-3.2369e+06,-50766,50766
0.384,0.032,-5.0385,14.176,-3.9826e+05,-1.5638e+06,-24323,24323
0.384,0.016,-3.1544,14.744,0,0,-6895.2,6895.2
0.4,0.496,3.1561,16.834,0,0,-136.52,136.52
0.4,0.48,3.1553,15.813,0,0,923.75,923.75
0.4,0.464,2.8101,16.167,-3.7275e+05,-5.8891e+05,32652,32652
0.4,0.448,0.34136,14.113,-4.5179e+05,-1.0691e+06,72373,72373
0.4,0.432,-1.5159,9.451,-3.7819e+05,-1.1248e+06,88445,88445
0.4,0.416,-2.1101,9.455,-3.0114e+05,-8.2e+05,87406,87406
0.4,0.4,-0.70986,12.05,-79817,-2.7047e+05,83065,83065
0.4,0.384,0.34725,12.452,1.3279e+05,2.0128e+05,85756,85756
0.4,0.368,1.0506,12.578,3.4161e+05,3.4431e+05,94822,94822
0.4,0.352,0.33445,11.73,3.0119e+05,1.8247e+05,1.0396e+05,1.0396e+05
0.4,0.336,0.33095,10.732,68932,-55906,1.1061e+05,1.1061e+05
0.4,0.32,-1.4253,12.391,-1.744e+05,41255,1.2029e+05,1.2029e+05
0.4,0.304,-2.0356,16.228,-1.4356e+05,7.359e+05,1.5087e+05,1.5087e+05
0.4,0.288,-0.41316,21.805,1.4071e+05,2.0591e+06,2.0313e+05,2.0313e+05
0.4,0.272,1.7594,26.714,4.0354e+05,3.3731e+06,2.4038e+05,2.4038e+05
0.4,0.256,2.7932,31.079,6.1997e+05,4.1594e+06,2.2203e+05,2.2203e+05
0.4,0.24,4.1661,33.454,6.4176e+05,4.2062e+06,1.7148e+05,1.7148e+05
0.4,0.224,4.4839,36.803,5.8107e+05,3.8219e+06,1.2431e+05,1.2431e+05
0.4,0.208,2.7586,31.449,3.3954e+05,3.1318e+06,1.1825e+05,1.1825e+05
0.4,0.192,2.5628,27.651,1.4141e+05,2.3359e+06,1.1424e+05,1.1424e+05
0.4,0.176,3.119,26.61,1.5908e+05,1.7394e+06,1.0294e+05,1.0294e+05
0.4,0.16,1.1918,21.422,4.1441e+05,1.4969e+06,70795,70795
0.4,0.144,1.6502,18.614,8.6602e+05,1.6525e+06,19355,19355
0.4,0.128,3.4241,19.354,8.8669e+05,1.3914e+06,-22296,22296
0.4,0.112,3.4461,20.859,-2.5863e+05,-8.4271e+05,-26916,26916
0.4,0.096,-5.2267,24.295,-2.1384e+06,-2.3884e+06,-12115,12115
0.4,0.08,-20.996,36.369,-3.8441e+06,-3.3099e+06,-8592.2,8592.2
0.4,0.064,-25.415,35.311,-3.9653e+06,-2.9043e+06,-24892,24892
0.4,0.048,-6.6033,8.2684,-2.5571e+06,-2.023e+06,-24267,24267
0.4,0.032,-3.9407,7.2955,-9.9173e+05,-1.3357e+06,-10815,10815
0.4,0.016,-0.82608,7.8511,0,0,-3896.4,3896.4
0.416,0.496,1.871,11.52,0,0,-303.31,303.31
0.416,0.48,2.8216,12.147,-73006,-1.837e+05,331.1,331.1
0.416,0.464,2.0001,10.241,-3.087e+05,-5.6735e+05,4110.7,4110.7
0.416,0.448,1.0853,7.9349,-3.6951e+05,-7.744e+05,13094,13094
0.416,0.432,-0.76419,4.8607,-3.0544e+05,-8.2908e+05,23402,23402
0.416,0.416,-1.3033,3.1379,-3.5474e+05,-8.9481e+05,32213,32213
0.416,0.4,-0.97771,7.3277,-1.9699e+05,-5.566e+05,31241,31241
0.416,0.384,-0.13522,7.707,93317,-53559,32846,32846
0.416,0.368,0.18426,8.0514,4.3441e+05,3.8522e+05,49634,49634
0.416,0.352,1.038,9.2033,4.4579e+05,5.2094e+05,80721,80721
0.416,0.336,0.39104,9.8574,1.6051e+05,5.7396e+05,1.0672e+05,1.0672e+05
0.416,0.32,-0.59782,13.411,-1.6447e+05,8.0085e+05,1.2035e+05,1.2035e+05
0.416,0.304,-0.97641,16.281,-2.1286e+05,1.3124e+06,1.3424e+05,1.3424e+05
0.416,0.288,0.32643,18.404,-52534,1.9514e+06,1.5044e+05,1.5044e+05
0.416,0.272,1.8182,21.109,97376,2.3683e+06,1.5802e+05,1.5802e+05
0.416,0.256,1.2004,19.884,-99204,1.93e+06,1.2442e+05,1.2442e+05
0.416,0.24,-1.4197,16.044,-4.9514e+05,7.8279e+05,89264,89264
0.416,0.224,-2.7401,14.246,-9.6496e+05,-6.5878e+05,68503,68503
0.416,0.208,-2.5232,16.264,-1.2057e+06,-1.6589e+06,95168,95168
0.416,0.192,-3.9928,17.893,-1.3549e+06,-1.9665e+06,1.1191e+05,1.1191e+05
0.416,0.176,-2.1186,16.222,-1.1929e+06,-1.5638e+06,1.0549e+05,1.0549e+05
0.416,0.16,0.8443,15.567,2869.9,-7.1237e+05,71694,71694
0.416,0.144,1.5996,15.549,1.451e+06,85706,12583,12583
0.416,0.128,2.905,13.915,5.11e+06,4.6118e+05,-25647,25647
0.416,0.112,-1.0666,16.553,3.0755e+06,-1.2917e+06,-27702,27702
0.416,0.096,-22.066,15.081,9.8361e+05,-2.099e+06,24645,24645
0.416,0.08,-36.771,47.496,-4.9528e+06,-2.681e+06,69501,69501
0.416,0.064,-45.193,44.574,-6.5602e+06,-6.5319e+05,70086,70086
0.416,0.048,-37.046,28.732,-4.401e+06,-1.9109e+05,43700,43700
0.416,0.032,-20.025,1.7319,-2.5491e+06,-1.0427e+05,13662,13662
0.416,0.016,-0.29187,3.2879,0,0,3181.1,3181.1
0.432,0.496,2.3519,11.405,0,0,-388.42,388.42
0.432,0.48,3.1212,8.6797,-17025,-1.4769e+05,-982.2,982.2
0.432,0.464,2.141,5.5388,-1.7e+05,-3.462e+05,-334.93,334.93
0.432,0.448,1.1343,4.0761,-2.2605e+05,-3.8821e+05,2686.9,2686.9
0.432,0.432,-0.5762,3.9728,-2.0549e+05,-4.0449e+05,9868.7,9868.7
0.432,0.416,-0.73812,0.082986,-4.3922e+05,-7.8066e+05,9912.5,9912.5
0.432,0.4,-6.4771,1.584,-4.7325e+05,-7.7346e+05,8061.9,8061.9
0.432,0.384,-2.2398,1.5625,3.4828e+05,-3.6059e+05,20119,20119
0.432,0.368,2.904,2.7922,1.8875e+06,5.973e+05,58288,58288
0.432,0.352,3.0134,5.0147,3.0693e+06,1.4499e+06,1.0465e+05,1.0465e+05
0.432,0.336,1.891,7.1593,2.6105e+06,1.7301e+06,1.3091e+05,1.3091e+05
0.432,0.32,0.82328,10.867,1.3086e+06,1.744e+06,1.3819e+05,1.3819e+05
0.432,0.304,-0.21232,12.098,1.4618e+05,1.3751e+06,1.4251e+05,1.4251e+05
0.432,0.288,0.035552,11.301,-3.3292e+05,1.2622e+06,1.535e+05,1.535e+05
0.432,0.272,0.75141,10.251,-1.2754e+06,3.7656e+05,1.6022e+05,1.6022e+05
0.432,0.256,-2.9267,11.851,-1.7764e+06,-8.9161e+05,1.1724e+05,1.1724e+05
0.432,0.24,-17.122,15.483,-1.837e+06,-2.4286e+06,59289,59289
0.432,0.224,-11.893,6.3244,-1.4857e+06,-3.6833e+06,26135,26135
0.432,0.208,-13.078,5.229,-1.7693e+06,-4.7365e+06,56508,56508
0.432,0.192,-10.921,5.9063,-2.649e+06,-5.1263e+06,1.2104e+05,1.2104e+05
0.432,0.176,-17.376,20.137,-3.5003e+06,-2.9773e+06,1.3984e+05,1.3984e+05
0.432,0.16,-16.156,28.033,-2.4572e+06,-1.2592e+06,1.2772e+05,1.2772e+05
0.432,0.144,3.585,12.992,1.9454e+05,-2.2075e+05,62181,62181
0.432,0.128,3.3552,11.329,4.8407e+06,-8.1287e+05,31712,31712
0.432,0.112,5.1901,15.167,2.9653e+06,-2.2219e+06,21091,21091
0.432,0.096,-29.255,42.706,7.9154e+05,-2.1271e+06,88601,88601
0.432,0.08,-82.696,77.708,-6.1704e+06,-2.1779e+06,1.5571e+05,1.5571e+05
0.432,0.064,-125.83,282.27,-1.0712e+07,2.1756e+06,1.7427e+05,1.7427e+05
0.432,0.048,-78.638,32.539,-6.6631e+06,1.4024e+06,1.2098e+05,1.2098e+05
0.432,0.032,-83.622,10.169,-4.2611e+06,7.4448e+05,45852,45852
0.432,0.016,-74.232,-6.3439,0,0,11120,11120
0.448,0.496,4.05,9.5133,0,0,-558.45,558.45
0.448,0.48,3.5751,5.5568,54958,-49143,-1966.6,1966.6
0.448,0.464,3.4441,3.4765,1.0357e+05,-93166,-2249.1,2249.1
0.448,0.448,2.6974,2.9545,2.4392e+05,-6518.9,-1006.7,1006.7
0.448,0.432,1.2462,2.7315,1.0357e+06,3.434e+05,8780.1,8780.1
0.448,0.416,1.6646,0.16382,-5.1855e+05,-1.5169e+06,16327,16327
0.448,0.4,-9.3556,-1.5866,-1.6043e+06,-2.9592e+06,18234,18234
0.448,0.384,-6.5552,0.43922,-2.6137e+06,-4.5152e+06,41376,41376
0.448,0.368,2.3178,2.4057,-1.0282e+06,-3.7939e+06,88821,88821
0.448,0.352,4.4783,3.8247,4.3855e+05,-2.7631e+06,1.4952e+05,1.4952e+05
0.448,0.336,3.8522,3.2165,7.6475e+05,-1.5884e+06,1.8115e+05,1.8115e+05
0.448,0.32,2.341,4.7067,1.0276e+06,3.0789e+05,1.8976e+05,1.8976e+05
0.448,0.304,0.69071,6.2412,5.0254e+05,7.2556e+05,1.9044e+05,1.9044e+05
0.448,0.288,-2.3146,6.7394,-6.6697e+05,4.5019e+05,1.8922e+05,1.8922e+05
0.448,0.272,-7.2342,11.59,-2.2525e+06,-1.1054e+06,1.8105e+05,1.8105e+05
0.448,0.256,-46.723,10.826,-3.3886e+06,-2.5886e+06,1.0754e+05,1.0754e+05
0.448,0.24,-8.8402,7.3427,-2.5875e+06,-3.8655e+06,17294,17294
0.448,0.224,-0.70006,3.6602,-1.9496e+06,-4.9967e+06,-47738,47738
0.448,0.208,-6.1513,4.1555,-2.1746e+06,-6.1413e+06,-4644.7,4644.7
0.448,0.192,-12.029,5.6328,-3.4458e+06,-6.6204e+06,1.0908e+05,1.0908e+05
0.448,0.176,-22.512,15.296,-6.6936e+06,-1.1937e+06,1.7843e+05,1.7843e+05
0.448,0.16,-57.404,45.98,-6.6094e+06,1.5813e+06,1.8553e+05,1.8553e+05
0.448,0.144,-23.602,24.752,-4.0785e+06,1.5802e+06,1.1436e+05,1.1436e+05
0.448,0.128,-2.0907,8.3083,2.2966e+06,-5.7951e+05,66079,66079
0.448,0.112,-1.7948,5.0277,1.9968e+06,-1.5285e+06,47740,47740
0.448,0.096,-34.926,31.451,1.7424e+06,-7.2048e+05,1.0156e+05,1.0156e+05
0.448,0.08,-132.82,262.41,-5.1634e+06,-1.0408e+06,1.7235e+05,1.7235e+05
0.448,0.064,-143.81,-0.21527,-1.3202e+07,4.1175e+06,1.8435e+05,1.8435e+05
0.448,0.048,-79.098,20.665,-6.6012e+06,2.0587e+06,1.2838e+05,1.2838e+05
0.448,0.032,-84.858,0.49334,-4.4008e+06,1.3725e+06,46487,46487
0.448,0.016,-100.68,-8.8597,0,0,11995,11995
0.464,0.496,0.95556,4.6776,39887,9011.1,-642.06,642.06
0.464,0.48,2.5862,3.5665,1.3778e+05,65256,-2234.8,2234.8
0.464,0.464,3.5739,2.8807,2.1409e+05,77030,-2615,2615
0.464,0.448,3.6079,0.97065,42065,-1.7706e+05,944.1,944.1
0.464,0.432,2.8638,1.1688,-4.3994e+05,-1.4969e+06,12619,12619
0.464,0.416,3.5718,0.85049,-3.499e+06,-4.3189e+06,19813,19813
0.464,0.4,-60.101,-21.618,-5.5483e+06,-6.9745e+06,24850,24850
0.464,0.384,-38.501,-6.8596,-6.497e+06,-8.1712e+06,54323,54323
0.464,0.368,-44.704,-17.194,-4.8138e+06,-8.1666e+06,1.1333e+05,1.1333e+05
0.464,0.352,-52.024,-22.85,-2.9948e+06,-7.665e+06,1.8326e+05,1.8326e+05
0.464,0.336,-19.702,-13.728,-2.304e+06,-7.4189e+06,2.1921e+05,2.1921e+05
0.464,0.32,-8.4002,-11.262,-1.1083e+06,-5.1942e+06,2.1847e+05,2.1847e+05
0.464,0.304,0.99598,3.6752,-1.3575e+06,-3.7789e+06,1.9879e+05,1.9879e+05
0.464,0.288,0.94237,1.7915,-3.5961e+06,-1.5133e+06,1.797e+05,1.797e+05
0.464,0.272,-33.917,28.999,-5.6847e+06,-1.994e+06,1.6713e+05,1.6713e+05
0.464,0.256,-107.37,30.856,-7.3869e+06,-1.9284e+06,1.0294e+05,1.0294e+05
0.464,0.24,-138.88,50.157,-2.8746e+06,-3.7328e+06,15230,15230
0.464,0.224,-167.3,55.73,-5.642e+05,-3.5188e+06,-55843,55843
0.464,0.208,-174.95,17.28,-9.5922e+05,-4.7169e+06,-33165,33165
0.464,0.192,-125.08,77.153,-3.3752e+06,-6.5162e+06,66711,66711
0.464,0.176,-120.35,84.481,-8.7677e+06,61898,1.3804e+05,1.3804e+05
0.464,0.16,-82.353,72.674,-9.0289e+06,4.4434e+05,1.5502e+05,1.5502e+05
0.464,0.144,-58.05,63.754,-6.1726e+06,-83997,1.0878e+05,1.0878e+05
0.464,0.128,-16.683,22.714,-2.5714e+06,-2.0744e+06,72098,72098
0.464,0.112,-10.541,6.3813,-1.4638e+05,-1.1572e+06,59799,59799
0.464,0.096,-19.092,43.559,-2.9523e+06,-1.4169e+05,76205,76205
0.464,0.08,-13.841,177.69,-4.4453e+06,5.0282e+05,1.0737e+05,1.0737e+05
0.464,0.064,-88.95,-66.076,-9.0138e+06,1.3167e+06,1.0862e+05,1.0862e+05
0.464,0.048,-43.443,29.957,-3.216e+06,1.0524e+06,77326,77326
0.464,0.032,-483.3,-173.5,-2.144e+06,7.0158e+05,30190,30190
0.464,0.016,-145.15,-58.581,0,0,7358.4,7358.4
0.48,0.496,-0.1475,1.5132,34901,7884.7,-610.55,610.55
0.48,0.48,1.6775,1.2309,94698,57554,-1911.8,1911.8
0.48,0.464,1.0573,0.48807,1.7782e+05,71019,-2032,2032
0.48,0.448,-0.0099999,0.14637,61924,-1.8152e+05,420.44,420.44
0.48,0.432,-14.86,-6.0546,-3.8576e+05,-1.4809e+06,3383.2,3383.2
0.48,0.416,-60.277,-28.399,-3.2543e+06,-4.0057e+06,4097.3,4097.3
0.48,0.4,-74.711,-26.132,-5.1937e+06,-6.5184e+06,-4360.9,4360.9
0.48,0.384,-60.519,-25.358,-6.7833e+06,-7.9208e+06,9352.8,9352.8
0.48,0.368,-50.489,-12.417,-6.3815e+06,-8.5389e+06,51711,51711
0.48,0.352,-55.41,-39.042,-5.72e+06,-8.7057e+06,1.1437e+05,1.1437e+05
0.48,0.336,-40.466,-31.996,-4.7515e+06,-8.5214e+06,1.5159e+05,1.5159e+05
0.48,0.32,-35.435,-33.203,-2.4795e+06,-6.0792e+06,1.4957e+05,1.4957e+05
0.48,0.304,-19.01,-15.719,-1.6278e+06,-4.055e+06,1.3208e+05,1.3208e+05
0.48,0.288,-30.035,1.8674,-3.3467e+06,-1.554e+06,1.1247e+05,1.1247e+05
0.48,0.272,-84.043,19.931,-4.1477e+06,-1.1126e+06,1.0116e+05,1.0116e+05
0.48,0.256,-170.6,156.15,-4.9225e+06,49731,53536,53536
0.48,0.24,-226.68,-151.43,0,0,3124.9,3124.9
0.48,0.224,-593.54,124,0,0,-45178,45178
0.48,0.208,-768.17,324.53,0,0,-32707,32707
0.48,0.192,-645.46,341.51,0,0,17581,17581
0.48,0.176,-213.62,281.45,-4.7702e+06,1.933e+06,67748,67748
0.48,0.16,-31.047,19.432,-5.9162e+06,1.2576e+06,87053,87053
0.48,0.144,-29.937,8.4858,-5.0408e+06,3.5776e+05,70929,70929
0.48,0.128,-10.129,10.898,-2.6366e+06,-9.5026e+05,48319,48319
0.48,0.112,1.3104,-0.80198,-1.2077e+05,-19122,40797,40797
0.48,0.096,1.8521,-1.6163,-1.7366e+06,5.4542e+05,41020,41020
0.48,0.08,-83.815,-2.4831,-1.9465e+06,1.0784e+06,47878,47878
0.48,0.064,-72.605,-121.93,-3.38e+06,2.3035e+05,37581,37581
0.48,0.048,1.2427,-0.27556,-5.0291e+05,3.471e+05,21804,21804
0.48,0.032,-20.218,-4.0394,-3.9115e+05,2.6997e+05,6184.9,6184.9
0.48,0.016,-1.5222,0.081811,0,0,1061.8,1061.8
0.496,0.496,3.378,4.0085,31023,7008.6,-300.8,300.8
0.496,0.48,0.57196,0.80082,38079,1872.5,-909.01,909.01
0.496,0.464,0.0027566,0.77634,35986,-1659.9,-758.66,758.66
0.496,0.448,-7.8213,-4.9701,-2.976e+05,-3.3043e+05,88.266,88.266
0.496,0.432,-29.494,-13.135,-1.5371e+06,-1.9524e+06,-3016.8,3016.8
0.496,0.416,-57.196,-57.996,-3.1225e+06,-3.0625e+06,-10505,10505
0.496,0.4,-152.33,-45.857,-4.0784e+06,-4.3226e+06,-23271,23271
0.496,0.384,-649.41,-338.91,-3.8789e+06,-3.9e+06,-18886,18886
0.496,0.368,-197.84,40.672,-3.5884e+06,-4.3562e+06,8812,8812
0.496,0.352,-58.61,-26.349,-3.1999e+06,-4.6952e+06,47300,47300
0.496,0.336,-59.498,-185.23,-2.9677e+06,-5.4619e+06,68103,68103
0.496,0.32,-170.6,-397.54,-2.1806e+06,-4.9993e+06,61333,61333
0.496,0.304,-71.802,-3.1227,-1.9708e+06,-3.9743e+06,47981,47981
0.496,0.288,-101.74,24.871,-3.0654e+06,-1.5924e+06,41476,41476
0.496,0.272,-103.23,19.479,-2.8749e+06,-5.4565e+05,43357,43357
0.496,0.256,-305.46,211.91,-2.4369e+06,5.2807e+05,29435,29435
0.496,0.24,-220.18,-29.015,0,0,14470,14470
0.496,0.224,-323.01,13.342,0,0,-930.94,930.94
0.496,0.208,2.2525,-0.7876,0,0,-1027.2,1027.2
0.496,0.192,2.3168,-0.2103,0,0,6249,6249
0.496,0.176,-442.64,445.98,-1.0077e+06,-6.5238e+05,15997,15997
0.496,0.16,-31.822,111.49,-1.5491e+06,-1.8154e+06,26433,26433
0.496,0.144,-99.069,97.622,-1.3258e+06,-1.764e+06,25563,25563
0.496,0.128,0.079853,0.85613,-5.2355e+05,-1.258e+06,20498,20498
0.496,0.112,-0.66308,0.28129,1.0755e+06,3.1292e+05,16671,16671
0.496,0.096,-0.56143,-1.6419,-8.3786e+05,3.4681e+05,14211,14211
0.496,0.08,-87.581,-27.351,-9.6341e+05,3.9177e+05,13901,13901
0.496,0.064,-483.71,-338.09,-1.4867e+06,-1.3129e+05,8448.2,8448.2
0.496,0.048,-423.96,-105.02,6.0821e+05,-341.28,3743.4,3743.4
0.496,0.032,-381.61,-342.82,5.4063e+05,-303.36,-648.3,648.3
0.496,0.016,-172.74,33.321,0,0,-805.7,805.7
