0.016,0.496,-1.3816,2.169,3151.3,-16866,-46.54,46.54
0.016,0.48,0.4777,1.0363,-2994.3,-17032,-138.94,138.94
0.016,0.464,2.6009,1.3391,3238.1,-8216.6,-357.26,357.26
0.016,0.448,-0.27347,0.98941,15736,3896.9,-634.88,634.88
0.016,0.432,0.54574,0.022823,40745,3103.5,-1050.6,1050.6
0.016,0.416,1.8457,0.39824,-22077,-1313.9,-2732.2,2732.2
0.016,0.4,2.3142,0.61499,-32938,2980.6,-9971.3,9971.3
0.016,0.384,3.6573,-0.26793,-50444,6123.6,-17439,17439
0.016,0.368,5.4633,-1.0778,8047.8,1505.1,-19046,19046
0.016,0.352,3.694,0.35227,-10370,265.61,-6827.6,6827.6
0.016,0.336,6.4864,2.5645,-14954,-2685.2,3786.6,3786.6
0.016,0.32,3.7693,-0.019161,-16188,-3796.9,9525.9,9525.9
0.016,0.304,0.20253,0.64186,-7474.7,518.56,5274.2,5274.2
0.016,0.288,0.78362,-0.73077,-8381.2,2971.4,3157.3,3157.3
0.016,0.272,1.6348,-1.9293,-11432,4788,798.88,798.88
0.016,0.256,0.80278,1.2558,-9691.6,625.34,2551.5,2551.5
0.016,0.24,3.4803,1.7577,-19294,-1981.5,3678.1,3678.1
0.016,0.224,7.7935,0.73286,-19806,-3775.6,6039.6,6039.6
0.016,0.208,7.0033,-0.4895,-12755,-3310.5,6926.8,6926.8
0.016,0.192,1.1778,0.014855,4763.7,-4865.8,10572,10572
0.016,0.176,-1.1207,-0.51994,8268.6,-2131.6,15926,15926
0.016,0.16,-1.1569,-0.32962,6711.3,3043.3,15573,15573
0.016,0.144,-1.0829,0.63262,2569,5603.6,10302,10302
0.016,0.128,2.4569,-2.0672,-436.74,3681.3,2596.3,2596.3
0.016,0.112,5.9582,0.5903,-12624,-10132,7.0494,7.0494
0.016,0.096,1.5506,1.9633,-20951,-8598.5,3898.4,3898.4
0.016,0.08,4.9656,-1.1415,-17902,-8147.4,4788.3,4788.3
0.016,0.064,10.93,0.24602,-2533.3,-590.71,5474.8,5474.8
0.016,0.048,3.4179,-0.64284,6152.7,-2208.1,2308.2,2308.2
0.016,0.032,1.7966,0.1237,5500.8,-2161.5,1501.6,1501.6
0.016,0.016,3.1067,-9.4499,0,0,779.62,779.62
0.032,0.496,-1.4918,3.2585,2478.6,-32735,-100.9,100.9
0.032,0.48,-1.0278,1.5763,-10327,-33609,-104.19,104.19
0.032,0.464,-0.52223,0.76636,-4699.7,-32247,-144.37,144.37
0.032,0.448,0.26004,1.5683,294.93,-7771.9,399.83,399.83
0.032,0.432,1.0056,0.65347,40889,-8386.2,737.75,737.75
0.032,0.416,1.9778,1.2045,84250,-61364,1460.2,1460.2
0.032,0.4,2.443,1.0465,1.7466e+05,-1.2516e+05,1916.3,1916.3
0.032,0.384,0.10689,-0.038234,2.0568e+05,-1.3459e+05,2317.8,2317.8
0.032,0.368,0.015043,-0.060954,1.3758e+05,-1.0128e+05,1530.9,1530.9
0.032,0.352,-0.0054834,-0.13326,22734,-27811,386.6,386.6
0.032,0.336,-0.39655,0.28076,-39946,-20736,-546.54,546.54
0.032,0.32,-0.13551,-0.12038,-23751,-3222.1,-612.95,612.95
0.032,0.304,-0.21411,-0.22291,-13065,31.686,-400.34,400.34
0.032,0.288,-0.50061,-0.18586,-10228,6056.8,-355.04,355.04
0.032,0.272,-0.31189,-0.39842,-19148,8012.4,-419.7,419.7
0.032,0.256,-0.26328,0.12807,-25293,-4743.6,-539.36,539.36
0.032,0.24,-0.39161,0.52408,-41294,-11004,-555.56,555.56
0.032,0.224,-0.25277,-0.12278,-35434,-16081,-482.66,482.66
0.032,0.208,-0.0195,-0.44118,-21849,-7239.1,-259.93,259.93
0.032,0.192,0.54568,-0.10456,-4923.6,4397.8,-111.5,111.5
0.032,0.176,0.41695,-0.25198,-4076.2,8144.9,-42.253,42.253
0.032,0.16,-0.063413,0.22347,-11804,1327.2,-243.72,243.72
0.032,0.144,-0.50719,0.46512,-38370,-2061.1,-608.93,608.93
0.032,0.128,-0.010368,-0.27327,-71712,172.93,-994.67,994.67
0.032,0.112,-0.057944,-0.016206,-90373,-27203,-1116.9,1116.9
0.032,0.096,-0.62139,-0.22692,-99131,-19688,-996.72,996.72
0.032,0.08,-0.2297,-0.19672,-69517,-13735,-450.91,450.91
0.032,0.064,0.033422,0.088706,-41887,19289,-78.686,78.686
0.032,0.048,0.31245,-0.64286,-6454.3,7598.9,217.14,217.14
0.032,0.032,-0.92674,0.10148,2408.2,-422.77,88.57,88.57
0.032,0.016,-0.88137,-4.7723,0,0,93.327,93.327
0.048,0.496,0.1246,2.8924,-4856.3,-34639,-165.97,165.97
0.048,0.48,0.62356,2.2496,-27859,-29864,-159.35,159.35
0.048,0.464,0.44416,2.3364,-40433,-46495,-233.81,233.81
0.048,0.448,0.50105,1.8064,-30855,-54760,370.84,370.84
0.048,0.432,-0.91747,0.9759,20165,-69548,1092.6,1092.6
0.048,0.416,0.78512,1.6984,85963,-1.2576e+05,2692.9,2692.9
0.048,0.4,6.8693,0.70617,1.575e+05,-1.5779e+05,4198.5,4198.5
0.048,0.384,6.4419,0.13543,1.858e+05,-1.6744e+05,4295.4,4295.4
0.048,0.368,4.1102,2.0055,1.1479e+05,-1.0052e+05,2632.8,2632.8
0.048,0.352,1.7499,1.7783,21714,-25088,461.33,461.33
0.048,0.336,0.27932,1.1313,-38032,-11485,-544.38,544.38
0.048,0.32,-0.51777,-0.086095,-22211,-6829.4,-578.21,578.21
0.048,0.304,-0.84402,-0.045939,-12649,-5206.3,-220.34,220.34
0.048,0.288,-0.52985,0.26474,-8725.8,2355.2,-48.432,48.432
0.048,0.272,-0.42263,-0.32873,-15621,5826.1,157.02,157.02
0.048,0.256,-1.3485,0.056901,-17277,-5307.3,-211.81,211.81
0.048,0.24,-1.3484,-0.13744,-31901,-11096,-350.57,350.57
0.048,0.224,-0.78515,-0.034246,-27865,-19947,-350.95,350.95
0.048,0.208,-0.46934,-0.08082,-17969,-9492,228.7,228.7
0.048,0.192,-0.39416,0.011794,-4077.8,4546.8,275.52,275.52
0.048,0.176,-0.48156,1.1907,-3757,11295,1.389,1.389
0.048,0.16,-0.98524,-0.19874,-8741.6,2080.9,-748.42,748.42
0.048,0.144,-1.5133,-0.55009,-32630,-4134.9,-1367.9,1367.9
0.048,0.128,-1.9453,-0.043323,-61688,-1583.4,-1953.9,1953.9
0.048,0.112,-2.3018,0.17092,-77141,-24003,-1998,1998
0.048,0.096,-1.901,-1.0583,-82965,-15901,-1521.5,1521.5
0.048,0.08,-2.1534,0.56195,-56112,-8707.7,-503.36,503.36
0.048,0.064,-1.1934,0.80147,-35780,23275,203.61,203.61
0.048,0.048,-0.65224,-0.22581,-5836.8,11644,488.31,488.31
0.048,0.032,-0.67677,1.1413,881.43,1790.2,199.79,199.79
0.048,0.016,0.016794,-3.5152,0,0,137.03,137.03
0.064,0.496,1.3317,3.0472,-26218,-22193,-378.45,378.45
0.064,0.48,2.1627,2.6538,-51591,-9055.2,-275.85,275.85
0.064,0.464,2.7084,3.1664,-80501,-64207,-86.248,86.248
0.064,0.448,2.3505,2.7952,-98697,-94412,1118.8,1118.8
0.064,0.432,2.4195,1.8246,-92391,-1.3184e+05,1695.5,1695.5
0.064,0.416,2.2519,2.9572,51249,-1.6933e+05,3365.6,3365.6
0.064,0.4,2.2534,2.5029,1.7206e+05,-1.8707e+05,4219,4219
0.064,0.384,1.526,2.4417,2.0242e+05,-2.0129e+05,3826.7,3826.7
0.064,0.368,1.6544,2.4668,62065,-1.3484e+05,1357.7,1357.7
0.064,0.352,1.4198,3.3278,37285,-90378,-1011.3,1011.3
0.064,0.336,0.030486,0.47791,8213.3,-50536,-1806.1,1806.1
0.064,0.32,-0.22966,-0.0055423,-5173.1,-63839,-1987,1987
0.064,0.304,-0.29999,-0.080796,-50985,-1.0881e+05,-1044.9,1044.9
0.064,0.288,-0.16024,-0.543,-56759,7076.7,-418.47,418.47
0.064,0.272,0.071892,-0.24346,-23407,54850,1315,1315
0.064,0.256,-0.30595,0.1322,-28092,1.132e+05,1509.6,1509.6
0.064,0.24,-0.56658,-0.0614,5678.7,-29716,1693.3,1693.3
0.064,0.224,-0.027982,0.33445,4116.6,-39244,1501.1,1501.1
0.064,0.208,0.12999,0.11761,-10283,-20718,1962.6,1962.6
0.064,0.192,-0.48633,0.12781,-33838,39052,1335.7,1335.7
0.064,0.176,-0.32652,0.47374,-41038,57247,176.72,176.72
0.064,0.16,-0.11418,-0.26973,-42559,56211,-1539.4,1539.4
0.064,0.144,-0.35621,-0.57751,-57279,32430,-2088.4,2088.4
0.064,0.128,-0.19456,-0.13353,-65185,11563,-2596.6,2596.6
0.064,0.112,-0.44646,0.27779,-8216.3,-70761,-2108.5,2108.5
0.064,0.096,-0.75079,-0.10875,40913,-71658,-1198.6,1198.6
0.064,0.08,-0.52592,0.17964,74020,-20598,189.06,189.06
0.064,0.064,-0.17477,0.3573,43961,56819,940.96,940.96
0.064,0.048,-0.24487,0.50163,22886,47423,990.37,990.37
0.064,0.032,-0.2012,0.64245,12104,279.38,410.96,410.96
0.064,0.016,-0.47638,0.65766,0,0,193.61,193.61
0.08,0.496,2.9128,2.1273,-28382,-82945,-518.45,518.45
0.08,0.48,3.4865,2.5617,-46814,-1.1268e+05,-15.704,15.704
0.08,0.464,3.6133,3.7238,-62647,-1.9093e+05,1154.7,1154.7
0.08,0.448,3.4268,3.0562,-85103,-1.5468e+05,4490.8,4490.8
0.08,0.432,2.4994,4.2119,-1.4402e+05,-1.7952e+05,6048.3,6048.3
0.08,0.416,1.9543,3.8683,-1.6476e+05,-1.4089e+05,5976.7,5976.7
0.08,0.4,2.1927,3.2056,-1.3506e+05,-88676,4139.2,4139.2
0.08,0.384,2.011,3.5931,-74936,-1.3015e+05,1622.7,1622.7
0.08,0.368,0.57635,2.7085,-95012,-1.2925e+05,-572.41,572.41
0.08,0.352,2.0799,2.4689,-47513,-1.8224e+05,-2686,2686
0.08,0.336,3.5507,2.3704,-47252,-93406,-2884.6,2884.6
0.08,0.32,-0.56331,1.6431,-18.722,-94277,-2455,2455
0.08,0.304,0.62099,-2.2788,17616,-1.4627e+05,100.97,100.97
0.08,0.288,3.6064,-0.2922,5.4145e+05,-4.5626e+05,2552.1,2552.1
0.08,0.272,-0.49441,4.6471,5.7681e+05,-4.4247e+05,6194.3,6194.3
0.08,0.256,-0.60787,0.75332,5.556e+05,-3.5806e+05,7876,7876
0.08,0.24,1.8075,1.5575,11438,-51734,7448.6,7448.6
0.08,0.224,1.296,1.3121,-77035,7245.6,7064.6,7064.6
0.08,0.208,0.1249,1.8811,-1.5085e+05,73060,6401.6,6401.6
0.08,0.192,-0.90806,1.6474,-1.4636e+05,1.4743e+05,3590.9,3590.9
0.08,0.176,-1.2909,2.3966,-97096,1.5474e+05,109.2,109.2
0.08,0.16,-1.3047,2.4782,-40441,1.1785e+05,-3445.7,3445.7
0.08,0.144,-1.128,1.4111,11618,39684,-3233.7,3233.7
0.08,0.128,-1.0027,0.33949,40520,-30525,-3410.6,3410.6
0.08,0.112,1.6902,-0.26331,95299,-1.1286e+05,-2435.9,2435.9
0.08,0.096,3.484,-2.0117,1.4335e+05,-1.0941e+05,-578.04,578.04
0.08,0.08,3.2664,0.50049,1.6229e+05,-8561.5,1510.5,1510.5
0.08,0.064,2.5786,2.5804,1.1975e+05,54242,2208.4,2208.4
0.08,0.048,2.0572,1.0376,52450,65468,1717.4,1717.4
0.08,0.032,0.15186,-0.46766,17870,-5650.5,631.96,631.96
0.08,0.016,-1.2485,1.2443,0,0,201.37,201.37
0.096,0.496,4.1187,2.2269,-23677,-91171,-441.31,441.31
0.096,0.48,3.7307,2.9443,44245,-4.8214e+05,1304,1304
0.096,0.464,3.8548,4.4944,1.5081e+05,-9.1105e+05,5030.3,5030.3
0.096,0.448,4.4372,5.0425,1.8703e+05,-9.6648e+05,12342,12342
0.096,0.432,3.8479,5.4158,1.3455e+05,-8.699e+05,12515,12515
0.096,0.416,2.2014,4.0979,73876,-6.2979e+05,9815.3,9815.3
0.096,0.4,1.7708,3.5963,87501,-3.7829e+05,2420.9,2420.9
0.096,0.384,3.6782,4.4531,1.1339e+05,-1.8777e+05,-423.68,423.68
0.096,0.368,3.8548,3.855,1.0375e+05,-1.7801e+05,-3382.2,3382.2
0.096,0.352,1.0927,3.8493,27914,-2.8285e+05,-5386.1,5386.1
0.096,0.336,0.83703,3.4004,-54910,-2.4744e+05,-6152.6,6152.6
0.096,0.32,0.79302,3.2282,-39280,-1.4715e+05,-4872.2,4872.2
0.096,0.304,1.6554,3.5944,1.0377e+05,-1.3497e+05,1227.3,1227.3
0.096,0.288,2.7952,3.079,7.3029e+05,-4.4797e+05,6617.3,6617.3
0.096,0.272,22.824,21.381,7.3447e+05,-4.8331e+05,13512,13512
0.096,0.256,5.083,2.694,5.9777e+05,-4.7458e+05,16048,16048
0.096,0.24,5.4684,3.1738,-91581,-67873,16221,16221
0.096,0.224,1.4405,3.2731,-3.1146e+05,1.6593e+05,14868,14868
0.096,0.208,0.15415,4.8691,-4.8063e+05,4.2238e+05,11521,11521
0.096,0.192,-1.3985,5.3607,-5.5143e+05,5.2375e+05,3613.5,3613.5
0.096,0.176,-1.6827,5.3186,-4.9493e+05,4.2062e+05,-4774.8,4774.8
0.096,0.16,-1.5183,4.8464,-2.1467e+05,2.7474e+05,-9908.5,9908.5
0.096,0.144,-0.75786,4.0733,59400,1.1221e+05,-8220.6,8220.6
0.096,0.128,0.53151,3.0153,2.1353e+05,-42469,-6795.1,6795.1
0.096,0.112,1.4384,0.67717,1.6278e+05,-1.7919e+05,-4524.4,4524.4
0.096,0.096,1.1371,0.091336,1.2937e+05,-2.0353e+05,-1358.5,1358.5
0.096,0.08,1.5177,0.44222,1.294e+05,-41362,2428,2428
0.096,0.064,1.5382,2.0827,1.1013e+05,56851,3336.5,3336.5
0.096,0.048,0.81621,1.3986,52134,73654,2768.8,2768.8
0.096,0.032,0.051952,1.5591,17156,1930.5,1085.5,1085.5
0.096,0.016,-1.709,1.7804,0,0,218.21,218.21
0.112,0.496,4.2157,5.7756,-3646.1,-98512,-24.224,24.224
0.112,0.48,4.2894,5.2115,99082,-6.4852e+05,4100.7,4100.7
0.112,0.464,4.6868,4.6834,3.3672e+05,-1.7773e+06,11824,11824
0.112,0.448,5.1376,5.7275,3.5462e+05,-1.7651e+06,19307,19307
0.112,0.432,4.8352,5.9615,2.1396e+05,-1.4512e+06,17788,17788
0.112,0.416,5.1395,3.6956,11073,-8.0631e+05,11556,11556
0.112,0.4,4.8646,4.2748,-46174,-3.49e+05,5812.1,5812.1
0.112,0.384,2.7529,7.3361,89585,-2.098e+05,4830.3,4830.3
0.112,0.368,2.5837,8.0893,1.8546e+05,-2.3297e+05,2875.4,2875.4
0.112,0.352,4.2018,6.1882,-77757,-3.0676e+05,-1042.4,1042.4
0.112,0.336,0.34483,5.1696,-3.589e+05,-2.2366e+05,-3995.7,3995.7
0.112,0.32,0.064079,4.4035,-3.2333e+05,-1.0137e+05,-1836.7,1836.7
0.112,0.304,1.2683,5.2417,83692,-49189,8024.7,8024.7
0.112,0.288,2.5057,4.6943,9.6913e+05,-5.7852e+05,18235,18235
0.112,0.272,3.9236,4.3219,1.0065e+06,-7.8597e+05,28566,28566
0.112,0.256,4.6043,3.2802,8.7336e+05,-9.1812e+05,33999,33999
0.112,0.24,3.0377,1.8251,-32190,-1.5058e+05,33682,33682
0.112,0.224,1.0913,6.9404,-4.447e+05,4.4917e+05,31805,31805
0.112,0.208,-1.471,8.4573,-9.4377e+05,9.8596e+05,24378,24378
0.112,0.192,-3.9569,8.9597,-1.0726e+06,1.1612e+06,7528.2,7528.2
0.112,0.176,-6.9654,6.6267,-8.6813e+05,7.8642e+05,-9761.7,9761.7
0.112,0.16,-6.0287,4.2787,-2.4231e+05,2.15e+05,-23330,23330
0.112,0.144,-1.2024,6.6118,2.2383e+05,-3.2015e+05,-20059,20059
0.112,0.128,0.1635,5.706,3.8858e+05,-5.4022e+05,-15779,15779
0.112,0.112,1.7707,3.8585,2.3007e+05,-4.5851e+05,-8665.1,8665.1
0.112,0.096,1.1413,1.9404,1.0517e+05,-3.5242e+05,-3148.9,3148.9
0.112,0.08,0.1841,1.2842,21299,-1.193e+05,2414.5,2414.5
0.112,0.064,0.48339,1.1881,-1681.3,-13810,4512.5,4512.5
0.112,0.048,0.0028302,1.6481,-16257,17460,4681.3,4681.3
0.112,0.032,-0.83821,3.5716,-13410,-4595.7,2107.6,2107.6
0.112,0.016,-1.2705,1.0668,0,0,541.02,541.02
0.128,0.496,2.6361,10.519,0,0,96.697,96.697
0.128,0.48,1.6768,11.604,1.5438e+05,-7.0233e+05,7387.1,7387.1
0.128,0.464,2.4537,9.7494,6.4368e+05,-3.1024e+06,16482,16482
0.128,0.448,3.3875,8.7789,5.7072e+05,-2.6947e+06,23204,23204
0.128,0.432,1.8835,8.9414,4.6567e+05,-2.4146e+06,20475,20475
0.128,0.416,0.033326,8.001,3.0185e+05,-1.7696e+06,20054,20054
0.128,0.4,-0.4958,8.2645,1.6434e+05,-1.2202e+06,23891,23891
0.128,0.384,1.1128,10.002,79363,-6.1345e+05,26218,26218
0.128,0.368,3.3503,9.3738,1.1015e+05,-3.0951e+05,18160,18160
0.128,0.352,0.80749,7.9687,-2.3201e+05,-3.0687e+05,5181,5181
0.128,0.336,-3.745,6.5929,-5.4033e+05,-2.424e+05,-2233.2,2233.2
0.128,0.32,-4.629,5.6183,-5.4398e+05,-1.1749e+05,679.55,679.55
0.128,0.304,-1.746,4.0942,1407.4,19472,15161,15161
0.128,0.288,0.78274,5.298,4.981e+05,-2.0291e+05,29953,29953
0.128,0.272,4.6099,5.9521,5.6853e+05,-5.8442e+05,45681,45681
0.128,0.256,5.177,3.3438,4.2055e+05,-8.6094e+05,52371,52371
0.128,0.24,4.6433,3.9615,96989,-1.6863e+05,54011,54011
0.128,0.224,-0.57808,10.7,-2.9733e+05,8.5252e+05,52783,52783
0.128,0.208,-2.3719,14.098,-7.4905e+05,1.8481e+06,44420,44420
0.128,0.192,-4.7929,15.928,-1.0353e+06,2.2329e+06,15716,15716
0.128,0.176,-3.0636,14.472,-1.0265e+06,1.97e+06,-13670,13670
0.128,0.16,-0.88053,11.475,-5.1395e+05,1.1212e+06,-40572,40572
0.128,0.144,0.61895,7.3478,46366,-97880,-36503,36503
0.128,0.128,0.41345,8.7635,4.1878e+05,-9.5852e+05,-29304,29304
0.128,0.112,2.116,7.5361,3.39e+05,-1.079e+06,-14940,14940
0.128,0.096,2.8785,4.5539,1.9514e+05,-7.5359e+05,-6486.5,6486.5
0.128,0.08,2.359,4.2601,47155,-2.8479e+05,2099.4,2099.4
0.128,0.064,1.5298,3.3935,1449.2,-91167,6497.4,6497.4
0.128,0.048,-0.086403,1.9141,-22275,-30446,8224.6,8224.6
0.128,0.032,-0.33413,4.3185,-10850,-27172,3976.5,3976.5
0.128,0.016,-0.31899,0.062016,0,0,1274.7,1274.7
0.144,0.496,1.9598,24.546,0,0,114.3,114.3
0.144,0.48,1.1386,28.671,0,0,6959.3,6959.3
0.144,0.464,-0.0084955,27.412,4.8237e+05,-3.609e+06,16426,16426
0.144,0.448,-0.43472,25.289,3.4237e+05,-2.8722e+06,12173,12173
0.144,0.432,1.0013,19.244,2.3475e+05,-2.5345e+06,5828.5,5828.5
0.144,0.416,2.4178,13.562,50338,-1.8355e+06,6450,6450
0.144,0.4,1.0365,11.816,-2.1537e+05,-1.169e+06,21863,21863
0.144,0.384,-0.52262,10.012,-4.8008e+05,-4.1845e+05,28582,28582
0.144,0.368,0.202,9.3344,-5.4838e+05,-46582,22650,22650
0.144,0.352,-1.5412,8.1927,-6.912e+05,-23665,7042.6,7042.6
0.144,0.336,-3.6618,6.9288,-6.721e+05,-1.0843e+05,-3257.1,3257.1
0.144,0.32,-3.4631,7.5728,-4.0901e+05,-1.677e+05,-489.22,489.22
0.144,0.304,-1.0772,8.8202,1.3278e+05,-1.2078e+05,19452,19452
0.144,0.288,-0.28759,8.5953,5.464e+05,-3.8315e+05,40478,40478
0.144,0.272,2.146,5.5401,5.7215e+05,-6.5701e+05,60117,60117
0.144,0.256,3.5201,5.464,4.5651e+05,-7.6501e+05,68836,68836
0.144,0.24,2.5666,5.9415,2.6667e+05,1.5834e+05,72510,72510
0.144,0.224,-0.47175,17.699,-1228.9,1.3538e+06,71543,71543
0.144,0.208,-1.8171,19.146,-3.5427e+05,2.5819e+06,57142,57142
0.144,0.192,-1.9233,24.798,-6.0527e+05,3.2172e+06,14616,14616
0.144,0.176,-3.8339,25.49,-6.4267e+05,3.1198e+06,-31389,31389
0.144,0.16,-3.0185,23.351,-3.9624e+05,2.2718e+06,-68127,68127
0.144,0.144,-1.5505,18.406,3865.2,3.1013e+05,-67232,67232
0.144,0.128,0.07702,13.822,3.5748e+05,-1.2692e+06,-55145,55145
0.144,0.112,1.6226,8.8071,4.0639e+05,-1.8366e+06,-36426,36426
0.144,0.096,2.5326,5.4373,2.5388e+05,-1.2421e+06,-20627,20627
0.144,0.08,2.7948,4.3467,52124,-4.9039e+05,-6157.8,6157.8
0.144,0.064,1.7577,4.6143,4111.6,-2.3325e+05,3019.8,3019.8
0.144,0.048,1.5044,3.1771,-4389.2,-1.2674e+05,7348.5,7348.5
0.144,0.032,0.93098,4.1224,4642,-95142,3583.8,3583.8
0.144,0.016,0.89151,-1.0779,0,0,1248.4,1248.4
0.16,0.496,-1.334,38.401,0,0,-92.2,92.2
0.16,0.48,-2.3146,38.738,0,0,4508.4,4508.4
0.16,0.464,-2.4976,36.463,NaN,NaN,10497,10497
0.16,0.448,-3.0852,31.506,NaN,NaN,3563.5,3563.5
0.16,0.432,-2.5383,25.147,8.7069e+05,-4.3736e+06,-1762.7,1762.7
0.16,0.416,-1.9368,22.481,6.6402e+05,-3.5923e+06,-4706.8,4706.8
0.16,0.4,-1.6531,21.835,-34778,-2.0525e+06,2895.9,2895.9
0.16,0.384,-4.8265,18.193,-6.6439e+05,-5.7996e+05,-1178.5,1178.5
0.16,0.368,-6.4686,15.697,-8.7814e+05,61790,-5413.6,5413.6
0.16,0.352,-4.8881,13.29,-7.0443e+05,-1.5015e+05,-14835,14835
0.16,0.336,-2.4137,11.22,-3.3968e+05,-4.4104e+05,-18376,18376
0.16,0.32,-1.735,11.378,39003,-6.1471e+05,-15722,15722
0.16,0.304,-0.87343,12.963,3.8535e+05,-7.7672e+05,1117.6,1117.6
0.16,0.288,0.27649,13.33,5.8821e+05,-1.4015e+06,22843,22843
0.16,0.272,0.96033,12.297,5.4648e+05,-1.7545e+06,48752,48752
0.16,0.256,-0.56496,11.986,4.2112e+05,-1.4257e+06,62424,62424
0.16,0.24,-0.062684,12.582,3.4792e+05,17829,69848,69848
0.16,0.224,-0.46208,22.775,2.6778e+05,1.4144e+06,67008,67008
0.16,0.208,-1.6284,26.512,2.6089e+05,2.7326e+06,50654,50654
0.16,0.192,-2.432,28.227,54002,3.5701e+06,4547,4547
0.16,0.176,-3.0603,31.494,-2.4931e+05,3.925e+06,-48995,48995
0.16,0.16,-1.5017,30.159,-4.5903e+05,3.2068e+06,-92769,92769
0.16,0.144,-0.56167,26.265,-1.8898e+05,8.6076e+05,-1.0228e+05,1.0228e+05
0.16,0.128,0.8336,17.199,2.8775e+05,-1.4445e+06,-89978,89978
0.16,0.112,1.2416,11.87,4.3506e+05,-2.4049e+06,-67698,67698
0.16,0.096,1.3875,6.5518,2.343e+05,-1.7532e+06,-42094,42094
0.16,0.08,0.62504,4.8367,-13877,-7.3895e+05,-19309,19309
0.16,0.064,1.2187,4.2129,-28599,-3.869e+05,-3203.7,3203.7
0.16,0.048,1.4667,3.4381,-9700.3,-1.776e+05,4846.9,4846.9
0.16,0.032,0.6443,3.7802,11495,-1.1342e+05,2262.6,2262.6
0.16,0.016,0.69411,0.76278,0,0,835.15,835.15
0.176,0.496,-2.4849,36.389,0,0,-30.733,30.733
0.176,0.48,-4.2975,35.255,0,0,-46.1,46.1
0.176,0.464,-3.9635,34.727,NaN,NaN,0,0
0.176,0.448,-4.0018,35.274,NaN,NaN,-52862,52862
0.176,0.432,-5.5995,32.536,NaN,NaN,-37964,37964
0.176,0.416,-4.8143,31.489,NaN,NaN,-35430,35430
0.176,0.4,-3.9654,32.587,-1.1381e+06,-1.0127e+05,-30287,30287
0.176,0.384,-3.3039,33.825,-1.5194e+06,6.7959e+05,-32945,32945
0.176,0.368,-2.6777,32.947,-1.4477e+06,6.448e+05,-63839,63839
0.176,0.352,-3.2401,31.329,-7.6936e+05,7343.4,-87365,87365
0.176,0.336,-1.7371,27.108,-72083,-5.6228e+05,-1.0257e+05,1.0257e+05
0.176,0.32,-1.7417,24.06,3.9308e+05,-8.5308e+05,-72286,72286
0.176,0.304,-0.78468,22.952,6.3065e+05,-9.5356e+05,-30843,30843
0.176,0.288,0.62083,20.576,7.4203e+05,-1.4886e+06,16834,16834
0.176,0.272,3.356,21.007,6.9403e+05,-1.615e+06,44732,44732
0.176,0.256,1.592,23.896,5.8302e+05,-1.4964e+06,59202,59202
0.176,0.24,-1.2022,24.223,4.1552e+05,-6.1548e+05,63276,63276
0.176,0.224,-2.3949,24.394,2.9586e+05,3.2573e+05,52794,52794
0.176,0.208,-1.9146,29.36,2.222e+05,1.4166e+06,28584,28584
0.176,0.192,-2.416,33.35,1.2182e+05,2.3059e+06,-18991,18991
0.176,0.176,-3.0914,33.88,-1.155e+05,2.727e+06,-76461,76461
0.176,0.16,-3.0947,30.513,-2.7084e+05,2.0352e+06,-1.2006e+05,1.2006e+05
0.176,0.144,-1.0319,24.583,-48653,-13429,-1.3667e+05,1.3667e+05
0.176,0.128,0.58501,18.032,3.7581e+05,-2.0736e+06,-1.243e+05,1.243e+05
0.176,0.112,1.2088,13.716,5.392e+05,-2.8775e+06,-1.0154e+05,1.0154e+05
0.176,0.096,1.7876,7.6878,2.8954e+05,-2.2407e+06,-67666,67666
0.176,0.08,1.0439,6.8521,-27703,-1.2403e+06,-34958,34958
0.176,0.064,0.82987,8.4938,-1.4194e+05,-7.2943e+05,-11079,11079
0.176,0.048,1.0277,6.2751,-1.0636e+05,-3.5286e+05,49.12,49.12
0.176,0.032,1.3698,4.5551,-48241,-1.7132e+05,-253.31,253.31
0.176,0.016,1.54,2.6071,0,0,-65.675,65.675
0.192,0.496,-2.2542,34.734,0,0,0,0
0.192,0.48,-3.0446,35.349,0,0,0,0
0.192,0.464,-2.7639,36.773,NaN,NaN,0,0
0.192,0.448,-3.3503,39.535,NaN,NaN,NaN,NaN
0.192,0.432,-4.2336,39.893,NaN,NaN,NaN,NaN
0.192,0.416,-3.467,40.196,NaN,NaN,-64712,64712
0.192,0.4,-2.3954,43.208,NaN,NaN,-68573,68573
0.192,0.384,-1.1015,45.835,NaN,NaN,-72564,72564
0.192,0.368,-0.15233,46.504,NaN,NaN,-1.1787e+05,1.1787e+05
0.192,0.352,-0.22222,46.309,3.856e+05,-1.6385e+06,-1.383e+05,1.383e+05
0.192,0.336,-0.22265,44.385,4.386e+05,-1.3571e+06,-1.4725e+05,1.4725e+05
0.192,0.32,-0.83333,42.815,4.9443e+05,-1.3861e+06,-1.2542e+05,1.2542e+05
0.192,0.304,0.12489,42.068,6.1328e+05,-1.3668e+06,-91272,91272
0.192,0.288,1.8359,41.099,7.5769e+05,-2.0656e+06,-33271,33271
0.192,0.272,2.0615,38.962,7.6545e+05,-1.9152e+06,25821,25821
0.192,0.256,0.78257,36.64,7.7042e+05,-1.8385e+06,59869,59869
0.192,0.24,0.53636,32.513,6.4208e+05,-1.359e+06,54490,54490
0.192,0.224,-0.63761,30.674,4.9294e+05,-9.8101e+05,31573,31573
0.192,0.208,-1.5787,33.659,2.8734e+05,-4.4054e+05,4089,4089
0.192,0.192,-2.4589,35.951,1.2083e+05,61941,-40924,40924
0.192,0.176,-2.2259,33.626,-1.8253e+05,2.5261e+05,-96826,96826
0.192,0.16,-2.4481,28.768,-3.3594e+05,-4.6924e+05,-1.4509e+05,1.4509e+05
0.192,0.144,-0.11412,22.701,-1.9711e+05,-1.7792e+06,-1.6478e+05,1.6478e+05
0.192,0.128,1.7101,17.394,2.4123e+05,-3.1437e+06,-1.4944e+05,1.4944e+05
0.192,0.112,2.7996,15.011,5.1927e+05,-3.537e+06,-1.2017e+05,1.2017e+05
0.192,0.096,3.576,12.056,4.5016e+05,-3.1715e+06,-80423,80423
0.192,0.08,2.4009,11.815,1.729e+05,-2.3403e+06,-41012,41012
0.192,0.064,1.3335,12.186,-52779,-1.7341e+06,-13032,13032
0.192,0.048,1.1995,9.9286,-1.1625e+05,-9.0777e+05,-529.46,529.46
0.192,0.032,2.6664,6.4727,-66565,-4.406e+05,-783.06,783.06
0.192,0.016,2.7683,3.476,0,0,-259.17,259.17
0.208,0.496,-0.87432,36.433,0,0,0,0
0.208,0.48,-1.6787,38.327,0,0,0,0
0.208,0.464,-2.1543,41.844,NaN,NaN,0,0
0.208,0.448,-3.1526,45.158,NaN,NaN,NaN,NaN
0.208,0.432,-4.1398,47.237,NaN,NaN,NaN,NaN
0.208,0.416,-3.4276,47.987,NaN,NaN,NaN,NaN
0.208,0.4,-2.7069,48.392,NaN,NaN,NaN,NaN
0.208,0.384,-2.614,49.671,NaN,NaN,NaN,NaN
0.208,0.368,-2.4097,50.466,NaN,NaN,-2.6876e+05,2.6876e+05
0.208,0.352,-2.0426,50.119,NaN,NaN,-2.6098e+05,2.6098e+05
0.208,0.336,-1.3998,50.599,NaN,NaN,-2.5137e+05,2.5137e+05
0.208,0.32,-1.5779,49.931,NaN,NaN,-1.884e+05,1.884e+05
0.208,0.304,-1.099,48.527,7.7301e+05,5.9201e+05,-1.2355e+05,1.2355e+05
0.208,0.288,0.9807,48.051,8.8516e+05,-28488,-34231,34231
0.208,0.272,1.4858,45.79,6.8867e+05,-2.3779e+05,34608,34608
0.208,0.256,1.4246,43.996,6.8573e+05,-9.7591e+05,60850,60850
0.208,0.24,2.729,41.783,6.3276e+05,-1.4498e+06,50063,50063
0.208,0.224,1.9788,39.139,5.5784e+05,-1.8967e+06,17998,17998
0.208,0.208,-1.0059,38.386,3.5263e+05,-1.9105e+06,-12554,12554
0.208,0.192,-1.5728,35.6,2.0901e+05,-1.8649e+06,-56536,56536
0.208,0.176,-0.892,31.295,34281,-2.0218e+06,-1.1489e+05,1.1489e+05
0.208,0.16,-1.7856,27.066,32763,-2.5844e+06,-1.6422e+05,1.6422e+05
0.208,0.144,0.436,24.862,1.3993e+05,-3.1461e+06,-1.8085e+05,1.8085e+05
0.208,0.128,2.0717,21.356,3.8797e+05,-3.6314e+06,-1.602e+05,1.602e+05
0.208,0.112,2.7564,20.377,5.2338e+05,-3.6932e+06,-1.2634e+05,1.2634e+05
0.208,0.096,3.9691,19.233,4.6612e+05,-3.5043e+06,-83053,83053
0.208,0.08,4.5033,19.1,3.439e+05,-3.1968e+06,-40288,40288
0.208,0.064,2.3468,18.938,1.6726e+05,-2.9073e+06,-11990,11990
0.208,0.048,2.1101,13.935,50749,-1.8173e+06,-592.34,592.34
0.208,0.032,3.3665,9.5649,-11321,-9.0995e+05,-1167.4,1167.4
0.208,0.016,2.3584,6.3565,0,0,-495,495
0.224,0.496,1.0107,42.112,0,0,0,0
0.224,0.48,0.14372,41.162,0,0,0,0
0.224,0.464,-0.88534,44.883,NaN,NaN,0,0
0.224,0.448,-2.3491,47.586,NaN,NaN,NaN,NaN
0.224,0.432,-2.8469,49.972,NaN,NaN,NaN,NaN
0.224,0.416,-2.8115,52.316,NaN,NaN,NaN,NaN
0.224,0.4,-2.5361,53.519,NaN,NaN,NaN,NaN
0.224,0.384,-2.6899,53.965,NaN,NaN,NaN,NaN
0.224,0.368,-2.4174,53.945,NaN,NaN,NaN,NaN
0.224,0.352,-1.4054,53.684,NaN,NaN,NaN,NaN
0.224,0.336,-1.1806,53.285,NaN,NaN,NaN,NaN
0.224,0.32,-1.0769,52.66,NaN,NaN,-2.6022e+05,2.6022e+05
0.224,0.304,-1.0474,51.149,NaN,NaN,-2.013e+05,2.013e+05
0.224,0.288,-0.78652,49.894,NaN,NaN,-53665,53665
0.224,0.272,-0.15524,47.837,3.6229e+05,94182,28317,28317
0.224,0.256,1.2791,46.146,4.5525e+05,-5.7183e+05,48502,48502
0.224,0.24,3.2704,44.624,5.0963e+05,-1.0184e+06,36334,36334
0.224,0.224,3.0711,42.66,4.8672e+05,-1.4855e+06,5757.7,5757.7
0.224,0.208,1.0003,42.219,3.7174e+05,-1.8666e+06,-19256,19256
0.224,0.192,-0.15684,41.027,2.7929e+05,-2.1655e+06,-63128,63128
0.224,0.176,1.0227,38.678,2.2401e+05,-2.5754e+06,-1.1766e+05,1.1766e+05
0.224,0.16,1.8647,35.97,2.6384e+05,-2.9111e+06,-1.6436e+05,1.6436e+05
0.224,0.144,2.9124,35.011,3.2099e+05,-3.0895e+06,-1.7997e+05,1.7997e+05
0.224,0.128,3.4809,35.377,3.9724e+05,-3.1633e+06,-1.5883e+05,1.5883e+05
0.224,0.112,2.5734,34.775,4.2895e+05,-3.1993e+06,-1.2449e+05,1.2449e+05
0.224,0.096,2.3938,31.58,3.4852e+05,-3.234e+06,-78289,78289
0.224,0.08,2.6444,29.374,2.5008e+05,-3.167e+06,-36488,36488
0.224,0.064,3.3785,26.636,66330,-3.0434e+06,-10623,10623
0.224,0.048,2.8848,22.301,-18027,-1.9438e+06,-937.48,937.48
0.224,0.032,3.111,19.722,-54769,-9.6766e+05,-1701.1,1701.1
0.224,0.016,0.28949,18.254,0,0,-843.78,843.78
0.24,0.496,1.8418,46.455,0,0,0,0
0.24,0.48,1.2823,45.279,0,0,0,0
0.24,0.464,1.0386,47.709,NaN,NaN,0,0
0.24,0.448,0.15998,49.473,NaN,NaN,NaN,NaN
0.24,0.432,-0.31066,51.862,NaN,NaN,NaN,NaN
0.24,0.416,-0.69033,53.696,NaN,NaN,NaN,NaN
0.24,0.4,-1.4826,55.072,NaN,NaN,NaN,NaN
0.24,0.384,-1.2903,55.988,NaN,NaN,NaN,NaN
0.24,0.368,-1.603,56.076,NaN,NaN,NaN,NaN
0.24,0.352,-2.1993,55.52,NaN,NaN,NaN,NaN
0.24,0.336,-2.4045,54.94,NaN,NaN,NaN,NaN
0.24,0.32,-1.53,54.645,NaN,NaN,NaN,NaN
0.24,0.304,-1.4894,53.488,NaN,NaN,NaN,NaN
0.24,0.288,-0.86752,51.777,NaN,NaN,24388,24388
0.24,0.272,0.34179,49.952,1.2953e+05,1.0041e+05,43184,43184
0.24,0.256,1.341,48.938,1.9491e+05,-4.7595e+05,30019,30019
0.24,0.24,1.8873,47.646,1.9698e+05,-7.3846e+05,23190,23190
0.24,0.224,1.7714,46.908,1.9518e+05,-9.6638e+05,-1625.2,1625.2
0.24,0.208,0.93221,47.399,1.6701e+05,-1.134e+06,-17938,17938
0.24,0.192,0.27333,47.822,1.9574e+05,-1.3571e+06,-60028,60028
0.24,0.176,0.76492,48.264,2.7919e+05,-1.6925e+06,-1.0457e+05,1.0457e+05
0.24,0.16,0.57829,47.533,3.9664e+05,-2.0063e+06,-1.4071e+05,1.4071e+05
0.24,0.144,0.63662,46.935,5.1712e+05,-2.209e+06,-1.4881e+05,1.4881e+05
0.24,0.128,0.69666,45.815,4.7705e+05,-2.2847e+06,-1.3621e+05,1.3621e+05
0.24,0.112,-0.073181,44.305,3.6621e+05,-2.3216e+06,-1.1144e+05,1.1144e+05
0.24,0.096,0.32442,41.943,1.5985e+05,-2.3577e+06,-72549,72549
0.24,0.08,0.025096,40.066,53265,-2.3735e+06,-34508,34508
0.24,0.064,-0.65379,39.457,-1.2753e+05,-2.264e+06,-11076,11076
0.24,0.048,-1.5929,38.773,-1.3673e+05,-1.4684e+06,-2863,2863
0.24,0.032,-3.1461,38.969,-1.301e+05,-6.8598e+05,-2723.2,2723.2
0.24,0.016,-3.5444,39.11,0,0,-1165.5,1165.5
0.256,0.496,1.6763,50.367,0,0,0,0
0.256,0.48,2.4379,49.865,0,0,0,0
0.256,0.464,2.0861,50.373,NaN,NaN,0,0
0.256,0.448,2.2794,51.624,NaN,NaN,NaN,NaN
0.256,0.432,2.4512,52.912,NaN,NaN,NaN,NaN
0.256,0.416,1.5957,54.161,NaN,NaN,NaN,NaN
0.256,0.4,-0.009812,55.171,NaN,NaN,NaN,NaN
0.256,0.384,-0.25118,54.853,NaN,NaN,NaN,NaN
0.256,0.368,-0.60662,54.734,NaN,NaN,NaN,NaN
0.256,0.352,-2.4153,54.932,NaN,NaN,NaN,NaN
0.256,0.336,-3.8482,54.735,NaN,NaN,NaN,NaN
0.256,0.32,-3.5308,54.157,NaN,NaN,NaN,NaN
0.256,0.304,-2.1023,53.886,NaN,NaN,45774,45774
0.256,0.288,-1.0855,53.44,NaN,NaN,-8654.7,8654.7
0.256,0.272,-0.21362,52.682,NaN,NaN,30367,30367
0.256,0.256,0.38213,52.62,-1.6188e+05,-3.1497e+05,20806,20806
0.256,0.24,1.4034,51.959,-1.3039e+05,-3.9016e+05,27199,27199
0.256,0.224,1.9311,51.622,-1.2394e+05,-4.344e+05,-2378.3,2378.3
0.256,0.208,1.0861,51.71,-1.0639e+05,-5.2747e+05,-19326,19326
0.256,0.192,1.2411,51.884,-61007,-6.203e+05,-58614,58614
0.256,0.176,1.7437,51.234,49350,-8.2996e+05,-91860,91860
0.256,0.16,0.033492,50.523,1.8669e+05,-1.1296e+06,-1.1419e+05,1.1419e+05
0.256,0.144,-0.52369,49.021,3.3624e+05,-1.4774e+06,-1.1032e+05,1.1032e+05
0.256,0.128,-1.0168,47.572,3.8095e+05,-1.7487e+06,-1.0094e+05,1.0094e+05
0.256,0.112,-2.0578,44.507,4.2667e+05,-1.8954e+06,-86939,86939
0.256,0.096,-1.119,43.302,3.537e+05,-1.8837e+06,-60568,60568
0.256,0.08,-1.1174,43.968,2.0094e+05,-1.6228e+06,-30283,30283
0.256,0.064,-2.5019,47.355,-1.5375e+05,-1.2245e+06,-10292,10292
0.256,0.048,-3.8725,48.999,-2.3925e+05,-6.4879e+05,-3059.7,3059.7
0.256,0.032,-5.0762,48.757,-2.0382e+05,-2.5931e+05,-3035.8,3035.8
0.256,0.016,-5.015,49.625,0,0,-1082,1082
0.272,0.496,0.96103,52.071,0,0,0,0
0.272,0.48,1.9717,53.118,0,0,0,0
0.272,0.464,1.9691,53.091,NaN,NaN,0,0
0.272,0.448,2.1744,53.642,NaN,NaN,NaN,NaN
0.272,0.432,2.5788,53.684,NaN,NaN,NaN,NaN
0.272,0.416,1.7837,53.683,NaN,NaN,NaN,NaN
0.272,0.4,0.86051,53.162,NaN,NaN,NaN,NaN
0.272,0.384,-0.47852,51.732,NaN,NaN,NaN,NaN
0.272,0.368,-1.556,51.103,NaN,NaN,NaN,NaN
0.272,0.352,-2.8043,51.184,NaN,NaN,-31949,31949
0.272,0.336,-4.4257,52.139,NaN,NaN,-53333,53333
0.272,0.32,-5.5509,52.286,NaN,NaN,-28603,28603
0.272,0.304,-4.6753,52.322,NaN,NaN,-45120,45120
0.272,0.288,-3.7014,51.934,-1.0857e+06,-1.4394e+06,-36162,36162
0.272,0.272,-2.6103,51.366,-1.0662e+06,-1.4495e+06,13581,13581
0.272,0.256,-0.96406,51.922,-7.6829e+05,-1.0534e+06,43664,43664
0.272,0.24,0.33424,51.536,-4.4712e+05,-7.0271e+05,49255,49255
0.272,0.224,1.4499,50.429,-2.572e+05,-4.4436e+05,7954,7954
0.272,0.208,1.3971,49.373,-1.7511e+05,-3.1854e+05,-19997,19997
0.272,0.192,1.1455,49.12,-1.3004e+05,-2.4706e+05,-52505,52505
0.272,0.176,0.95551,49.425,-30581,-3.3064e+05,-72193,72193
0.272,0.16,0.066388,47.801,1.7046e+05,-6.9676e+05,-81584,81584
0.272,0.144,-1.3242,44.622,3.9409e+05,-1.1784e+06,-70299,70299
0.272,0.128,-2.4133,43.925,5.3814e+05,-1.5616e+06,-60292,60292
0.272,0.112,-2.1283,42.74,6.4753e+05,-1.5424e+06,-49933,49933
0.272,0.096,-0.37231,42.87,7.1757e+05,-1.2414e+06,-32710,32710
0.272,0.08,0.048502,44.198,6.7103e+05,-8.8423e+05,-11648,11648
0.272,0.064,-1.3024,48.39,3.4646e+05,-6.2332e+05,1348,1348
0.272,0.048,-2.5844,49.706,84966,-3.5391e+05,2592.5,2592.5
0.272,0.032,-3.3906,51.392,-65161,-1.5566e+05,-457.91,457.91
0.272,0.016,-5.364,51.799,0,0,-651.27,651.27
0.288,0.496,1.0543,54.001,0,0,0,0
0.288,0.48,1.3566,51.95,0,0,0,0
0.288,0.464,1.214,52.162,NaN,NaN,0,0
0.288,0.448,1.2319,52.276,NaN,NaN,NaN,NaN
0.288,0.432,1.8158,50.894,NaN,NaN,NaN,NaN
0.288,0.416,2.2205,49.205,NaN,NaN,NaN,NaN
0.288,0.4,1.9745,47.794,NaN,NaN,NaN,NaN
0.288,0.384,0.98076,46.367,NaN,NaN,NaN,NaN
0.288,0.368,-0.58313,44.612,NaN,NaN,4622.4,4622.4
0.288,0.352,-2.5001,44.782,NaN,NaN,19919,19919
0.288,0.336,-4.3249,46.805,-1.1997e+06,-3.493e+06,-13896,13896
0.288,0.32,-5.3326,47.717,-1.3022e+06,-3.2106e+06,-34873,34873
0.288,0.304,-5.5295,48.015,-1.3345e+06,-3.0765e+06,-70735,70735
0.288,0.288,-4.6375,47.142,-1.2775e+06,-2.468e+06,-62787,62787
0.288,0.272,-3.5732,45.281,-1.1519e+06,-2.1663e+06,-7552.2,7552.2
0.288,0.256,-2.6312,45.174,-8.7075e+05,-1.5579e+06,44973,44973
0.288,0.24,-1.1741,45.819,-5.7682e+05,-1.098e+06,71779,71779
0.288,0.224,0.003145,45.52,-2.5866e+05,-6.0202e+05,37894,37894
0.288,0.208,1.4376,45.313,-33937,-2.4837e+05,2322.6,2322.6
0.288,0.192,1.2907,44.797,1.0194e+05,10845,-31213,31213
0.288,0.176,0.59125,44.916,1.9662e+05,31495,-47056,47056
0.288,0.16,0.33108,43.526,4.0327e+05,-3.5814e+05,-46414,46414
0.288,0.144,-0.6196,40.612,6.116e+05,-8.5495e+05,-27250,27250
0.288,0.128,-1.1887,39.806,7.64e+05,-1.1462e+06,-9762.8,9762.8
0.288,0.112,-0.50531,40.836,8.6932e+05,-8.3696e+05,1037,1037
0.288,0.096,0.74507,42.576,9.9541e+05,-1.2365e+05,11884,11884
0.288,0.08,1.5826,45.213,1.0119e+06,2.8804e+05,20292,20292
0.288,0.064,0.68192,46.925,7.2352e+05,3.1414e+05,21494,21494
0.288,0.048,-1.3749,47.14,3.4495e+05,62240,14103,14103
0.288,0.032,-2.2059,49.805,55532,-20936,4692.8,4692.8
0.288,0.016,-3.9866,50.402,0,0,736.35,736.35
0.304,0.496,2.1711,51.567,0,0,0,0
0.304,0.48,1.9666,46.944,0,0,0,0
0.304,0.464,2.0427,46.02,NaN,NaN,0,0
0.304,0.448,2.4867,45.851,NaN,NaN,NaN,NaN
0.304,0.432,1.5531,44.637,NaN,NaN,NaN,NaN
0.304,0.416,1.5515,41.716,NaN,NaN,NaN,NaN
0.304,0.4,0.80663,39.751,NaN,NaN,-63502,63502
0.304,0.384,-0.14862,38.949,NaN,NaN,-11260,11260
0.304,0.368,-0.74513,37.384,NaN,NaN,58641,58641
0.304,0.352,-1.5239,35.353,-1.1389e+06,-3.6255e+06,88452,88452
0.304,0.336,-2.7665,34.578,-1.1225e+06,-3.7464e+06,40851,40851
0.304,0.32,-4.2778,35.373,-1.0586e+06,-3.4853e+06,-19608,19608
0.304,0.304,-5.0588,37.239,-9.7895e+05,-3.2401e+06,-82625,82625
0.304,0.288,-4.6118,37.879,-9.1898e+05,-2.6753e+06,-67620,67620
0.304,0.272,-4.1556,37.922,-9.7029e+05,-2.4752e+06,-16835,16835
0.304,0.256,-3.3999,37.422,-8.71e+05,-2.031e+06,49203,49203
0.304,0.24,-2.3506,36.455,-5.8654e+05,-1.522e+06,82214,82214
0.304,0.224,-1.0604,35.539,-98840,-6.3159e+05,75405,75405
0.304,0.208,0.69494,36.202,2.4072e+05,12887,50693,50693
0.304,0.192,0.99721,37.22,4.048e+05,3.5451e+05,6748.8,6748.8
0.304,0.176,0.4753,35.618,4.8672e+05,2.3211e+05,-15187,15187
0.304,0.16,-0.0025444,35.169,5.963e+05,-3.4126e+05,-12721,12721
0.304,0.144,-0.26769,33.32,7.3939e+05,-7.5653e+05,12886,12886
0.304,0.128,0.32082,30.936,8.1337e+05,-7.9207e+05,34025,34025
0.304,0.112,-0.0062203,33.893,8.6706e+05,-1.7202e+05,44895,44895
0.304,0.096,0.61535,36.457,9.6721e+05,7.6657e+05,51124,51124
0.304,0.08,2.0895,40.06,9.9315e+05,1.2276e+06,49129,49129
0.304,0.064,0.77282,40.999,7.8519e+05,1.2983e+06,38484,38484
0.304,0.048,-0.92866,42.467,4.0316e+05,6.9102e+05,22323,22323
0.304,0.032,-1.2394,44.071,95275,3.0445e+05,8494.3,8494.3
0.304,0.016,-2.1746,43.988,0,0,1646.7,1646.7
0.32,0.496,3.6749,47.787,0,0,0,0
0.32,0.48,3.7841,44.331,0,0,0,0
0.32,0.464,4.2764,43.566,NaN,NaN,0,0
0.32,0.448,3.029,41.527,NaN,NaN,NaN,NaN
0.32,0.432,0.88061,38.754,NaN,NaN,NaN,NaN
0.32,0.416,-1.3803,34.763,NaN,NaN,-1.685e+05,1.685e+05
0.32,0.4,-2.1751,32.339,NaN,NaN,-10677,10677
0.32,0.384,-3.1088,31.101,-1.4282e+06,-4.0126e+06,48524,48524
0.32,0.368,-1.8502,31.249,-1.3949e+06,-3.655e+06,1.3268e+05,1.3268e+05
0.32,0.352,-2.1195,30.373,-1.3277e+06,-3.4739e+06,1.5819e+05,1.5819e+05
0.32,0.336,-3.3279,27.011,-1.1979e+06,-3.5199e+06,1.08e+05,1.08e+05
0.32,0.32,-3.7281,22.104,-1.0259e+06,-3.4533e+06,21447,21447
0.32,0.304,-2.5149,20.637,-8.513e+05,-3.3186e+06,-56888,56888
0.32,0.288,-2.3439,21.427,-6.7626e+05,-2.9469e+06,-65309,65309
0.32,0.272,-3.1174,22.911,-6.6724e+05,-2.7101e+06,-23071,23071
0.32,0.256,-5.9162,26.239,-5.3612e+05,-2.104e+06,24209,24209
0.32,0.24,-3.0531,27.919,-2.5772e+05,-1.3065e+06,68631,68631
0.32,0.224,-1.264,23.759,1.98e+05,-2.7939e+05,89233,89233
0.32,0.208,-0.10459,22.556,5.4406e+05,5.3364e+05,87288,87288
0.32,0.192,0.80516,21.931,6.6647e+05,7.7499e+05,42941,42941
0.32,0.176,0.54101,20.697,6.9615e+05,5.0027e+05,5001.3,5001.3
0.32,0.16,-0.031979,19.712,6.4634e+05,-1.6614e+05,-2950.3,2950.3
0.32,0.144,-1.8704,21.613,6.3262e+05,-5.7033e+05,26451,26451
0.32,0.128,-1.4711,25.441,5.7322e+05,-4.5041e+05,53349,53349
0.32,0.112,-1.2747,29.55,5.2197e+05,69937,63968,63968
0.32,0.096,-1.5921,33.637,4.779e+05,9.3154e+05,62331,62331
0.32,0.08,-0.075043,34.674,4.0872e+05,1.3424e+06,53444,53444
0.32,0.064,0.6501,35.651,2.2333e+05,1.4759e+06,38442,38442
0.32,0.048,-0.47021,37.082,72498,8.5642e+05,23724,23724
0.32,0.032,-1.82,36.966,-28776,4.2595e+05,9853.9,9853.9
0.32,0.016,-1.6854,36.277,0,0,2605.9,2605.9
0.336,0.496,2.4047,44.941,0,0,0,0
0.336,0.48,3.4475,39.547,0,0,0,0
0.336,0.464,1.1753,36.779,NaN,NaN,0,0
0.336,0.448,0.1524,35.352,NaN,NaN,NaN,NaN
0.336,0.432,-0.96641,31.974,NaN,NaN,-1.8587e+05,1.8587e+05
0.336,0.416,-1.626,29.038,NaN,NaN,-96307,96307
0.336,0.4,-1.1651,27.04,-8.6729e+05,-3.3417e+06,7156.7,7156.7
0.336,0.384,-1.9639,23.38,-9.8958e+05,-3.6023e+06,90047,90047
0.336,0.368,-3.5955,25.361,-1.048e+06,-3.4571e+06,1.7256e+05,1.7256e+05
0.336,0.352,-3.2265,28.309,-1.1276e+06,-3.3549e+06,1.9987e+05,1.9987e+05
0.336,0.336,-3.0724,26.638,-1.0734e+06,-3.3141e+06,1.5541e+05,1.5541e+05
0.336,0.32,-5.442,18.438,-8.4804e+05,-3.342e+06,85280,85280
0.336,0.304,-4.4107,12.764,-5.5671e+05,-3.2731e+06,12457,12457
0.336,0.288,-4.1339,11.66,-3.2546e+05,-2.949e+06,-2550,2550
0.336,0.272,-3.2875,13.331,-2.5741e+05,-2.5077e+06,-2328.8,2328.8
0.336,0.256,-3.1869,17.433,-73048,-1.6181e+06,19848,19848
0.336,0.24,-1.4887,24.208,2.0697e+05,-4.6714e+05,50156,50156
0.336,0.224,-0.29983,27.915,5.5159e+05,8.0413e+05,73551,73551
0.336,0.208,-0.51571,27.983,8.3296e+05,1.581e+06,90753,90753
0.336,0.192,0.23105,23.964,8.6597e+05,1.7054e+06,58378,58378
0.336,0.176,-0.0093778,19.886,7.933e+05,1.1151e+06,22410,22410
0.336,0.16,-0.88777,19.603,5.2245e+05,1.3937e+05,-895.41,895.41
0.336,0.144,-0.56806,22.459,3.495e+05,-8.066e+05,23928,23928
0.336,0.128,-0.12934,21.569,2.085e+05,-1.0492e+06,44617,44617
0.336,0.112,-1.3723,25.222,1.4743e+05,-6.654e+05,52161,52161
0.336,0.096,-2.1656,28.79,61387,-27049,47310,47310
0.336,0.08,-2.8633,24.983,-45906,1.8597e+05,38729,38729
0.336,0.064,-3.2301,23.866,-1.7257e+05,1.4485e+05,28099,28099
0.336,0.048,-3.5429,26.074,-1.4724e+05,18936,17022,17022
0.336,0.032,-5.8771,23.909,-92689,42250,6331.3,6331.3
0.336,0.016,-4.2045,22.65,0,0,1984,1984
0.352,0.496,0.4976,35.385,0,0,-30.733,30.733
0.352,0.48,0.35616,32.413,0,0,-46.1,46.1
0.352,0.464,-0.046858,30.506,NaN,NaN,0,0
0.352,0.448,-0.92923,28.511,NaN,NaN,-1.5915e+05,1.5915e+05
0.352,0.432,-2.2631,27.627,NaN,NaN,-1.2672e+05,1.2672e+05
0.352,0.416,-2.7731,25.405,-1.1997e+06,-3.5237e+06,-76705,76705
0.352,0.4,-2.6647,21.903,-9.1613e+05,-3.4523e+06,26891,26891
0.352,0.384,-2.7342,18.132,-7.9553e+05,-3.4341e+06,1.1889e+05,1.1889e+05
0.352,0.368,-3.3239,16.242,-7.206e+05,-3.2258e+06,2.0309e+05,2.0309e+05
0.352,0.352,-4.1186,18.174,-8.3474e+05,-3.0043e+06,2.0985e+05,2.0985e+05
0.352,0.336,-5.2317,18.995,-9.1289e+05,-2.7862e+06,1.5806e+05,1.5806e+05
0.352,0.32,-6.2815,16.31,-8.2498e+05,-2.7143e+06,1.2763e+05,1.2763e+05
0.352,0.304,-5.0146,11.236,-5.8687e+05,-2.7048e+06,88567,88567
0.352,0.288,-5.02,9.9537,-3.3122e+05,-2.352e+06,76478,76478
0.352,0.272,-4.6767,12.152,-88184,-1.7081e+06,40275,40275
0.352,0.256,-1.851,16.139,3.1513e+05,-6.2527e+05,22530,22530
0.352,0.24,-0.55595,21.236,6.9274e+05,5.8076e+05,26689,26689
0.352,0.224,0.37931,27.962,9.6108e+05,1.6493e+06,37940,37940
0.352,0.208,1.8217,33.721,1.0537e+06,2.2339e+06,58671,58671
0.352,0.192,1.8251,30.607,8.7001e+05,2.1587e+06,46587,46587
0.352,0.176,-0.11021,26.727,5.7021e+05,1.3937e+06,28147,28147
0.352,0.16,-0.60275,22.884,2.0112e+05,4.818e+05,7478.5,7478.5
0.352,0.144,0.24129,19.787,27701,-7.2961e+05,19771,19771
0.352,0.128,0.086833,18.066,-3835,-1.1909e+06,29109,29109
0.352,0.112,-0.62751,16.895,1827.8,-1.1611e+06,25996,25996
0.352,0.096,-1.8234,17.298,-1.0782e+05,-6.715e+05,23202,23202
0.352,0.08,-3.1867,14.619,-2.764e+05,-6.896e+05,20231,20231
0.352,0.064,-3.7147,11.93,-4.0986e+05,-1.0378e+06,17630,17630
0.352,0.048,-3.4922,12.476,-2.7324e+05,-8.791e+05,10091,10091
0.352,0.032,-3.1385,11.572,-1.2913e+05,-4.4952e+05,2243.1,2243.1
0.352,0.016,-3.5768,6.5162,0,0,555.13,555.13
0.368,0.496,-0.74796,22.281,0,0,-92.2,92.2
0.368,0.48,-2.0131,22.603,0,0,440.08,440.08
0.368,0.464,-0.92904,23.06,NaN,NaN,4652.3,4652.3
0.368,0.448,-2.261,22.443,NaN,NaN,-20708,20708
0.368,0.432,-1.7273,21.44,-3.8106e+05,-1.2215e+06,-43786,43786
0.368,0.416,-2.2804,18.923,-5.9359e+05,-2.0415e+06,-14937,14937
0.368,0.4,-4.5896,15.059,-5.5853e+05,-2.5172e+06,41139,41139
0.368,0.384,-4.4642,12.438,-4.7968e+05,-2.8068e+06,1.1987e+05,1.1987e+05
0.368,0.368,-2.4713,12.088,-3.7799e+05,-2.7627e+06,1.6904e+05,1.6904e+05
0.368,0.352,-2.5007,14.492,-4.4449e+05,-2.4345e+06,1.8654e+05,1.8654e+05
0.368,0.336,-6.0539,15.237,-5.6929e+05,-2.1258e+06,1.5193e+05,1.5193e+05
0.368,0.32,-6.4271,13.916,-5.915e+05,-1.8219e+06,1.5421e+05,1.5421e+05
0.368,0.304,-5.7338,13.732,-5.0404e+05,-1.6128e+06,1.5521e+05,1.5521e+05
0.368,0.288,-6.611,14.056,-3.3921e+05,-1.0854e+06,1.7014e+05,1.7014e+05
0.368,0.272,-5.0032,16.79,-1.069e+05,-4.6498e+05,1.19e+05,1.19e+05
0.368,0.256,-2.4118,17.85,3.5579e+05,3.0525e+05,67001,67001
0.368,0.24,1.1863,18.23,7.3614e+05,7.9543e+05,37309,37309
0.368,0.224,2.9055,20.963,9.6056e+05,1.2144e+06,29933,29933
0.368,0.208,2.2524,24.727,8.4488e+05,1.2416e+06,39706,39706
0.368,0.192,-0.94975,22.468,5.2519e+05,1.2495e+06,34801,34801
0.368,0.176,-3.5663,20.378,2.0657e+05,8.7905e+05,35283,35283
0.368,0.16,-1.0554,18.43,-43655,5.1423e+05,29666,29666
0.368,0.144,0.56338,17.198,-74165,-3.4085e+05,40257,40257
0.368,0.128,-0.65327,15.162,1740.4,-8.4476e+05,33341,33341
0.368,0.112,-0.057557,12.33,1.3827e+05,-1.0417e+06,23667,23667
0.368,0.096,2.0478,10.576,1.2e+05,-9.4722e+05,18023,18023
0.368,0.08,-0.55787,8.8207,-94367,-1.1546e+06,22663,22663
0.368,0.064,-3.4389,7.3879,-2.6321e+05,-1.5126e+06,21703,21703
0.368,0.048,-4.6568,7.801,-2.1875e+05,-1.1336e+06,13897,13897
0.368,0.032,-4.2823,7.7964,-89047,-5.8255e+05,4696.7,4696.7
0.368,0.016,-4.5787,5.317,0,0,1952.9,1952.9
0.384,0.496,0.22233,11.786,0,0,-166.42,166.42
0.384,0.48,1.5234,12.673,0,0,329.58,329.58
0.384,0.464,-0.26282,15.02,-6.6775e+05,-6.2751e+05,4074.9,4074.9
0.384,0.448,-3.4604,15.179,-6.6203e+05,-1.4061e+06,-5264.7,5264.7
0.384,0.432,-4.0058,15.572,-5.5774e+05,-1.2824e+06,3591.8,3591.8
0.384,0.416,-3.1312,14.032,-4.8261e+05,-1.8213e+06,18752,18752
0.384,0.4,-2.4897,13.474,-3.7925e+05,-2.0237e+06,50013,50013
0.384,0.384,-2.7063,11.052,-2.889e+05,-2.2818e+06,86742,86742
0.384,0.368,-3.7223,10.684,-1.4612e+05,-2.1571e+06,1.2724e+05,1.2724e+05
0.384,0.352,-4.5036,11.148,-1.6029e+05,-1.8016e+06,1.5983e+05,1.5983e+05
0.384,0.336,-4.8057,9.7535,-2.1667e+05,-1.5205e+06,1.4439e+05,1.4439e+05
0.384,0.32,-4.9786,8.3945,-2.5868e+05,-1.1001e+06,1.5183e+05,1.5183e+05
0.384,0.304,-4.179,11.935,-2.5167e+05,-7.5667e+05,1.732e+05,1.732e+05
0.384,0.288,-5.3888,17.346,-1.5886e+05,-1.1506e+05,2.1321e+05,2.1321e+05
0.384,0.272,-3.9242,19.838,-38697,4.3744e+05,1.8023e+05,1.8023e+05
0.384,0.256,-3.2114,20.106,2.9839e+05,9.1943e+05,1.2134e+05,1.2134e+05
0.384,0.24,-1.3609,15.156,3.981e+05,5.8519e+05,64048,64048
0.384,0.224,0.55413,9.7699,5.7715e+05,1.5263e+05,39032,39032
0.384,0.208,0.14315,9.9237,3.8027e+05,-2.4412e+05,31545,31545
0.384,0.192,-2.5048,11.346,2.0528e+05,-50098,30105,30105
0.384,0.176,-1.9398,11.252,5487.8,1.211e+05,36492,36492
0.384,0.16,0.051942,13.755,-73633,4.1439e+05,46367,46367
0.384,0.144,0.2969,15.256,46263,4.4393e+05,58931,58931
0.384,0.128,-0.28214,14.959,1.5103e+05,4.0948e+05,56181,56181
0.384,0.112,1.913,12.283,3.3492e+05,12035,40565,40565
0.384,0.096,2.3392,10.775,3.4322e+05,-3.6553e+05,29285,29285
0.384,0.08,1.5282,8.1984,14206,-7.9295e+05,27375,27375
0.384,0.064,-1.698,5.6569,-2.7288e+05,-9.5631e+05,26940,26940
0.384,0.048,-3.8772,6.9678,-3.0968e+05,-6.504e+05,19470,19470
0.384,0.032,-2.7086,6.1984,-1.3757e+05,-3.1077e+05,9524.2,9524.2
0.384,0.016,-2.7777,5.2992,0,0,3986.8,3986.8
0.4,0.496,2.9198,13.953,0,0,-370.37,370.37
0.4,0.48,2.964,10.346,7176.8,-1.1237e+05,-9.0393,9.0393
0.4,0.464,1.345,9.5593,-3.1814e+05,-5.3021e+05,3404.1,3404.1
0.4,0.448,-2.3283,8.7155,-3.4131e+05,-9.1322e+05,15200,15200
0.4,0.432,-5.0242,8.1406,-4.1193e+05,-9.8168e+05,30531,30531
0.4,0.416,-3.34,9.886,-2.3262e+05,-1.2021e+06,49529,49529
0.4,0.4,-3.6569,9.4746,-1.0597e+05,-1.2626e+06,57134,57134
0.4,0.384,-3.8446,8.5554,45311,-1.3973e+06,69631,69631
0.4,0.368,-3.7014,7.1066,58128,-1.3196e+06,93354,93354
0.4,0.352,-3.1805,5.0826,55170,-1.056e+06,1.2521e+05,1.2521e+05
0.4,0.336,-3.2078,4.7645,41009,-8.8531e+05,1.2813e+05,1.2813e+05
0.4,0.32,-2.9881,2.9248,30040,-5.3656e+05,1.4216e+05,1.4216e+05
0.4,0.304,-1.5137,5.3552,-57600,-1.8028e+05,1.6038e+05,1.6038e+05
0.4,0.288,-3.8474,10.706,-89037,68811,2.12e+05,2.12e+05
0.4,0.272,-4.289,11.514,-70343,2.5045e+05,1.9761e+05,1.9761e+05
0.4,0.256,-1.4087,13.146,-3.2201e+05,-3.1986e+05,1.6507e+05,1.6507e+05
0.4,0.24,-1.2572,14.059,-8.0089e+05,-1.2662e+06,1.0407e+05,1.0407e+05
0.4,0.224,-8.7694,8.2761,-9.1195e+05,-1.9407e+06,65790,65790
0.4,0.208,-1.8785,4.3588,-5.002e+05,-1.7147e+06,46387,46387
0.4,0.192,-0.84249,2.9907,4.653e+05,-8.4698e+05,45086,45086
0.4,0.176,-1.3008,6.5301,1.2232e+06,-1.6789e+05,63513,63513
0.4,0.16,-0.84371,11.162,1.314e+06,5.7606e+05,68205,68205
0.4,0.144,-0.86798,12.682,9.6401e+05,1.1999e+06,84615,84615
0.4,0.128,-0.37967,14.688,4.8388e+05,1.4408e+06,81768,81768
0.4,0.112,1.5946,14.991,4.1936e+05,9.9919e+05,74779,74779
0.4,0.096,1.9189,12.918,3.3187e+05,2.0791e+05,50474,50474
0.4,0.08,0.40155,10.098,-69068,-4.9213e+05,37514,37514
0.4,0.064,-2.0823,6.9814,-3.8615e+05,-6.7302e+05,30679,30679
0.4,0.048,-2.9101,6.16,-4.1335e+05,-4.0584e+05,25180,25180
0.4,0.032,-3.3907,4.2554,-2.0407e+05,-1.2774e+05,15246,15246
0.4,0.016,-1.1175,5.4752,0,0,6847.8,6847.8
0.416,0.496,5.2659,13.001,0,0,-560.28,560.28
0.416,0.48,4.2949,8.4362,1.9083e+05,-62757,-741.04,741.04
0.416,0.464,2.6973,4.8078,1.7415e+05,-2.752e+05,1134.5,1134.5
0.416,0.448,-0.47199,2.9865,27939,-5.7565e+05,8669,8669
0.416,0.432,-2.4101,3.4787,-1.9748e+05,-6.4903e+05,22078,22078
0.416,0.416,-3.3533,6.8785,-1.7097e+05,-8.8199e+05,40000,40000
0.416,0.4,-4.2684,6.7766,-1.0189e+05,-9.1918e+05,52644,52644
0.416,0.384,-2.1193,5.3887,28529,-9.9113e+05,62774,62774
0.416,0.368,-0.24206,6.4731,1.8483e+05,-6.3911e+05,72004,72004
0.416,0.352,-0.23076,5.4725,2.8423e+05,-3.5125e+05,92111,92111
0.416,0.336,-0.42808,4.5091,2.9705e+05,-2.6476e+05,89544,89544
0.416,0.32,-2.3877,2.984,99299,-1.9815e+05,1.0732e+05,1.0732e+05
0.416,0.304,-3.1291,4.5152,-67769,-1.4122e+05,1.2384e+05,1.2384e+05
0.416,0.288,-3.545,5.1689,-93614,-2.3058e+05,1.7776e+05,1.7776e+05
0.416,0.272,-4.7698,2.793,-1.662e+05,-5.6208e+05,1.7777e+05,1.7777e+05
0.416,0.256,-3.8824,4.3345,-5.5592e+05,-1.1903e+06,1.7257e+05,1.7257e+05
0.416,0.24,-22.658,6.2433,-2.4139e+06,-2.4671e+06,1.3857e+05,1.3857e+05
0.416,0.224,-22.812,13.578,-3.1872e+06,-3.2413e+06,1.0317e+05,1.0317e+05
0.416,0.208,-6.9603,2.1303,-2.39e+06,-1.9884e+06,81614,81614
0.416,0.192,-2.0516,4.7759,2.6216e+06,-5.7613e+05,77707,77707
0.416,0.176,0.1449,10.294,5.329e+06,3.4592e+05,1.032e+05,1.032e+05
0.416,0.16,0.85028,12.35,5.9739e+06,3.354e+05,95811,95811
0.416,0.144,0.25102,13.043,2.9729e+06,6.7017e+05,96237,96237
0.416,0.128,0.1014,14.307,1.2651e+06,1.1178e+06,90492,90492
0.416,0.112,1.1349,16.276,5.81e+05,9.209e+05,80283,80283
0.416,0.096,0.14123,15.485,1.9527e+05,2.8837e+05,52918,52918
0.416,0.08,-1.669,11.582,-1.787e+05,-4.8174e+05,30664,30664
0.416,0.064,-1.9491,7.537,-3.7203e+05,-7.7694e+05,26717,26717
0.416,0.048,-3.6412,6.6589,-3.4642e+05,-5.0946e+05,23222,23222
0.416,0.032,-4.524,5.8071,-1.8786e+05,-1.571e+05,14518,14518
0.416,0.016,-1.284,5.0896,0,0,6184.8,6184.8
0.432,0.496,1.9015,5.8817,18972,9405.6,-496.47,496.47
0.432,0.48,1.3582,4.7166,1.485e+05,-54478,-640.92,640.92
0.432,0.464,4.35,2.7587,1.7335e+05,-1.4421e+05,1218.8,1218.8
0.432,0.448,3.8919,2.2045,92643,-2.6578e+05,5462,5462
0.432,0.432,-0.86813,0.65172,-1.0344e+05,-4.4569e+05,15429,15429
0.432,0.416,-3.4629,4.2433,-1.0533e+05,-5.9904e+05,32382,32382
0.432,0.4,-3.5314,4.1148,-1.7647e+05,-8.077e+05,59264,59264
0.432,0.384,-3.6835,1.4078,-2.3273e+05,-8.7961e+05,83990,83990
0.432,0.368,-3.5748,2.5512,95739,-4.087e+05,96871,96871
0.432,0.352,1.4304,7.0394,1.2215e+06,4.5588e+05,1.013e+05,1.013e+05
0.432,0.336,0.84108,6.0104,1.3762e+06,7.3878e+05,86800,86800
0.432,0.32,-0.35375,5.0492,9.4404e+05,6.1112e+05,1.0315e+05,1.0315e+05
0.432,0.304,-4.5312,7.1551,-6.7154e+05,-3.228e+05,1.2634e+05,1.2634e+05
0.432,0.288,-4.4365,1.9589,-5.1506e+05,-6.6246e+05,1.8325e+05,1.8325e+05
0.432,0.272,-3.0084,0.96806,-1.3306e+06,-2.0976e+06,1.8906e+05,1.8906e+05
0.432,0.256,-8.068,2.7577,-1.4886e+06,-3.0379e+06,1.9624e+05,1.9624e+05
0.432,0.24,-154.81,4.3995,-6.1843e+06,-3.1844e+06,1.8622e+05,1.8622e+05
0.432,0.224,-48.442,16.67,-7.793e+06,-3.1794e+06,1.6025e+05,1.6025e+05
0.432,0.208,-31.743,11.952,-6.2282e+06,-1.748e+06,1.3113e+05,1.3113e+05
0.432,0.192,-6.1931,24.276,7.3503e+05,-1.4939e+06,1.1299e+05,1.1299e+05
0.432,0.176,0.42701,11.602,5.4521e+06,-4.1545e+05,1.3036e+05,1.3036e+05
0.432,0.16,1.937,12.132,7.1371e+06,-2.8063e+05,1.1567e+05,1.1567e+05
0.432,0.144,1.6168,11.091,4.2912e+06,1.4608e+05,1.0046e+05,1.0046e+05
0.432,0.128,1.5796,12.342,1.9752e+06,7.0864e+05,83721,83721
0.432,0.112,1.6675,14.035,8.389e+05,7.0448e+05,79599,79599
0.432,0.096,-0.19385,12.748,84801,2.3352e+05,56900,56900
0.432,0.08,-1.7734,9.0803,-2.4543e+05,-4.6828e+05,41592,41592
0.432,0.064,-1.3034,7.1707,-4.9692e+05,-4.2488e+05,34230,34230
0.432,0.048,-2.9367,5.589,-3.6748e+05,-1.6254e+05,30613,30613
0.432,0.032,-12.262,34.267,-2.8533e+05,2.0937e+05,17571,17571
0.432,0.016,-16.387,37.469,0,0,7120.1,7120.1
0.448,0.496,0.054923,3.0654,11681,-1445.2,-252.15,252.15
0.448,0.48,0.61878,2.8888,83728,-28256,-199.33,199.33
0.448,0.464,-0.030699,1.9852,1.3801e+05,-68932,1647.6,1647.6
0.448,0.448,-1.2471,0.78328,-18597,-4.62e+05,5097.5,5097.5
0.448,0.432,-2.6925,-0.26058,-3.7076e+05,-1.0859e+06,13308,13308
0.448,0.416,-4.882,-2.1023,-4.2824e+05,-1.1895e+06,29312,29312
0.448,0.4,-2.5374,1.9444,-7.2424e+05,-1.6839e+06,55841,55841
0.448,0.384,-6.1376,-1.1315,-1.9682e+06,-2.9023e+06,1.0136e+05,1.0136e+05
0.448,0.368,-12.615,-1.3074,-3.6464e+06,-3.4027e+06,1.2832e+05,1.2832e+05
0.448,0.352,-1.0209,4.5484,-1.341e+06,-1.5079e+06,1.3619e+05,1.3619e+05
0.448,0.336,1.5594,4.4232,2.7953e+05,3.5526e+05,1.0122e+05,1.0122e+05
0.448,0.32,1.33,3.8253,1.1577e+06,4.6445e+05,1.0504e+05,1.0504e+05
0.448,0.304,0.35079,5.0941,-1.4257e+06,-1.0932e+06,1.282e+05,1.282e+05
0.448,0.288,-25.423,0.4554,-3.591e+06,-6.1741e+05,1.9253e+05,1.9253e+05
0.448,0.272,-1.1227,-0.35947,-5.8758e+06,-7.6699e+05,2.133e+05,2.133e+05
0.448,0.256,-36.973,15.5,-7.0147e+06,-3.6606e+05,2.2731e+05,2.2731e+05
0.448,0.24,-95.214,26.674,-1.0661e+07,-1.0409e+06,2.253e+05,2.253e+05
0.448,0.224,-88.282,30.626,-1.1409e+07,-2.4146e+06,2.0079e+05,2.0079e+05
0.448,0.208,-57.661,18.302,-8.7796e+06,-2.525e+06,1.5873e+05,1.5873e+05
0.448,0.192,-31.775,13.481,-1.6274e+06,-3.1883e+06,1.3436e+05,1.3436e+05
0.448,0.176,-4.7415,3.2146,3.1084e+06,-1.9635e+06,1.3641e+05,1.3641e+05
0.448,0.16,0.53677,7.4814,5.8381e+06,-1.1459e+06,1.3421e+05,1.3421e+05
0.448,0.144,1.4655,7.3476,4.089e+06,-3.5779e+05,1.01e+05,1.01e+05
0.448,0.128,2.8589,8.1262,1.6963e+06,56141,74951,74951
0.448,0.112,4.1958,8.1771,6.5535e+05,2.2919e+05,65706,65706
0.448,0.096,2.1741,7.3684,-4032.7,53338,57554,57554
0.448,0.08,-1.2695,6.928,-3.4074e+05,-83082,60280,60280
0.448,0.064,-1.8881,5.551,-6.4803e+05,1.4129e+06,57042,57042
0.448,0.048,-8.7388,24.347,-5.3882e+05,1.585e+06,50871,50871
0.448,0.032,-6.6354,37.665,-3.7647e+05,1.5958e+06,27360,27360
0.448,0.016,-22.399,25.615,0,0,9107.2,9107.2
0.464,0.496,-1.2904,0.043383,9687,-2093.2,70.649,70.649
0.464,0.48,-0.72911,0.44997,-39290,-7255.4,50.863,50.863
0.464,0.464,-2.1758,0.92348,-80730,-54136,964.29,964.29
0.464,0.448,-1.7237,-0.16265,-2.0681e+05,-3.8916e+05,2786.4,2786.4
0.464,0.432,-7.8658,-12.529,-3.0021e+05,-8.8298e+05,9911.3,9911.3
0.464,0.416,-11.148,-16.221,-6.177e+05,-1.5485e+06,24410,24410
0.464,0.4,-2.7834,-0.12291,-1.3141e+06,-2.9683e+06,48624,48624
0.464,0.384,-17.416,-16.563,-4.4003e+06,-5.4902e+06,85214,85214
0.464,0.368,-61.234,-39.851,-7.6754e+06,-6.4713e+06,1.2397e+05,1.2397e+05
0.464,0.352,-90.386,-40.319,-5.6678e+06,-4.2377e+06,1.3956e+05,1.3956e+05
0.464,0.336,-1.263,2.6763,-3.6198e+06,-1.087e+06,1.1677e+05,1.1677e+05
0.464,0.32,0.15263,0.97252,-4.3454e+05,1.7524e+05,1.0601e+05,1.0601e+05
0.464,0.304,-34.239,7.6592,-3.987e+06,-1.7626e+06,1.1935e+05,1.1935e+05
0.464,0.288,-122.86,-4.9598,-5.5752e+06,-8.8197e+05,1.7272e+05,1.7272e+05
0.464,0.272,-89.752,24.593,-9.12e+06,-5.0447e+05,1.9368e+05,1.9368e+05
0.464,0.256,-86.214,22.867,-1.0285e+07,1.8801e+05,2.0072e+05,2.0072e+05
0.464,0.24,-123.6,27.261,-1.3611e+07,1.306e+05,1.8762e+05,1.8762e+05
0.464,0.224,-209.99,153.55,-1.3977e+07,-1.5292e+05,1.6391e+05,1.6391e+05
0.464,0.208,-117.14,-42.687,-1.206e+07,-2.1617e+06,1.2442e+05,1.2442e+05
0.464,0.192,-45.192,8.3988,-8.0443e+06,-4.8414e+06,1.1146e+05,1.1146e+05
0.464,0.176,-27.173,4.5076,-3.8187e+06,-3.5757e+06,1.1534e+05,1.1534e+05
0.464,0.16,0.11874,4.0592,1.9107e+05,-2.2813e+06,1.2337e+05,1.2337e+05
0.464,0.144,-0.050845,3.1895,2.0571e+06,-3.1826e+05,91114,91114
0.464,0.128,1.3299,3.5493,1.0239e+06,69462,59874,59874
0.464,0.112,1.2431,1.8822,3.7421e+05,2.4625e+05,56289,56289
0.464,0.096,-0.036111,4.5862,-29462,1.4269e+05,64770,64770
0.464,0.08,0.71474,4.5129,-2.4868e+05,1.8264e+05,84065,84065
0.464,0.064,-5.1541,20.582,-9.8509e+05,3.6915e+06,78673,78673
0.464,0.048,-10.172,63.983,-9.0498e+05,3.7171e+06,64087,64087
0.464,0.032,-161.07,436.96,-7.5734e+05,3.5899e+06,31522,31522
0.464,0.016,-40.987,189.52,0,0,9819.2,9819.2
0.48,0.496,-0.95801,-0.10373,-5068.6,-9408.6,93.042,93.042
0.48,0.48,-0.93895,-0.013888,-48772,251,-43.908,43.908
0.48,0.464,-1.6415,2.243,-44614,-25136,15.965,15.965
0.48,0.448,-1.1432,0.40558,-1.275e+05,-3.226e+05,37.867,37.867
0.48,0.432,-0.67553,-0.05838,-1.8871e+05,-6.5206e+05,3458.6,3458.6
0.48,0.416,-1.0724,-0.38096,-5.5946e+05,-1.2978e+06,10162,10162
0.48,0.4,-17.481,-21.787,-1.1784e+06,-2.5878e+06,14314,14314
0.48,0.384,-21.747,-24.374,-4.1054e+06,-5.06e+06,25881,25881
0.48,0.368,-76.917,-52.651,-7.5459e+06,-6.1989e+06,51473,51473
0.48,0.352,-81.755,-40.138,-6.7191e+06,-4.659e+06,80719,80719
0.48,0.336,-111.72,-34.971,-4.9056e+06,-1.7862e+06,79574,79574
0.48,0.32,-70.885,-5.6312,-1.6586e+06,-5.2578e+05,72269,72269
0.48,0.304,-103.93,56.314,-3.2346e+06,-1.3044e+06,69925,69925
0.48,0.288,-102.4,29.625,-4.9678e+06,-1.6092e+05,1.0044e+05,1.0044e+05
0.48,0.272,-215.15,-68.483,-7.1592e+06,1.8572e+06,1.1419e+05,1.1419e+05
0.48,0.256,-180.85,57.878,-7.1592e+06,1.8572e+06,1.2002e+05,1.2002e+05
0.48,0.24,-412.17,384.6,-5.9006e+06,4.3229e+05,1.0774e+05,1.0774e+05
0.48,0.224,-58.111,10.628,-2.9791e+06,-5.6205e+05,91821,91821
0.48,0.208,-284.97,-56.239,-6.1447e+06,-1.9045e+06,69272,69272
0.48,0.192,-78.088,5.4333,-5.6867e+06,-3.4222e+06,74313,74313
0.48,0.176,-45.462,0.83053,-4.0395e+06,-2.8608e+06,90169,90169
0.48,0.16,-11.89,6.5906,-1.0653e+06,-1.9182e+06,1.011e+05,1.011e+05
0.48,0.144,1.6067,0.45196,6.2537e+05,-2.5935e+05,71631,71631
0.48,0.128,1.814,0.57557,2.3633e+05,-76466,37702,37702
0.48,0.112,-0.1614,1.0508,6986.5,41321,31504,31504
0.48,0.096,0.81523,0.39158,-36432,89880,46829,46829
0.48,0.08,0.034741,2.0735,-1.6603e+05,3.3153e+05,67698,67698
0.48,0.064,0.21794,0.020142,-7.2616e+05,3.5375e+06,66055,66055
0.48,0.048,-17.845,99.936,-7.2284e+05,3.4719e+06,50490,50490
0.48,0.032,108.75,217.41,-5.8772e+05,3.2464e+06,24805,24805
0.48,0.016,-12.171,43.588,0,0,7271.9,7271.9
0.496,0.496,-1.7907,-0.68242,-696.29,-808.57,22.987,22.987
0.496,0.48,-1.9035,-0.38728,-10891,32936,-247.02,247.02
0.496,0.464,-1.525,4.1649,-606.95,30985,-727.74,727.74
0.496,0.448,5.4545,-1.0577,26237,68498,-1168.5,1168.5
0.496,0.432,-2.2743,-0.55646,1.5112e+05,1.817e+05,-134.65,134.65
0.496,0.416,-2.2397,-0.13672,-2.1821e+05,-4.6143e+05,1465,1465
0.496,0.4,-126.17,-284.61,-6.528e+05,-1.4684e+06,-1585.4,1585.4
0.496,0.384,-36.194,-36.499,-2.5036e+06,-2.8332e+06,-10793,10793
0.496,0.368,-0.78501,2.6079,-3.9497e+06,-3.0957e+06,-2234.4,2234.4
0.496,0.352,-1.2362,4.8846,-3.9839e+06,-2.3911e+06,18064,18064
0.496,0.336,-885.57,-509.99,-3.7372e+06,-1.2807e+06,34623,34623
0.496,0.32,-351.4,70.439,-1.9501e+06,-2.967e+05,33968,33968
0.496,0.304,-404.83,242.32,-1.9501e+06,-2.967e+05,27255,27255
0.496,0.288,11.654,6.4218,0,0,33306,33306
0.496,0.272,32.561,17.479,0,0,33341,33341
0.496,0.256,-50.701,-268.46,0,0,32420,32420
0.496,0.24,-19.253,21.257,-1.7024e+06,-3.2117e+05,25417,25417
0.496,0.224,-53.181,49.138,-1.7024e+06,-3.2117e+05,22837,22837
0.496,0.208,-48.033,12.915,-3.431e+06,-3.7538e+05,20546,20546
0.496,0.192,-75.632,11.393,-3.097e+06,-1.2955e+06,31137,31137
0.496,0.176,-53.603,-1.885,-2.9586e+06,-1.3058e+06,47331,47331
0.496,0.16,-24.544,3.7286,-1.0669e+06,-1.2679e+06,50246,50246
0.496,0.144,-10.053,3.5523,-1907.3,-2.1199e+05,34816,34816
0.496,0.128,-1.1532,1.275,1.9332e+05,-59605,12834,12834
0.496,0.112,-0.47538,1.7917,37104,-5307.7,10984,10984
0.496,0.096,0.30509,-1.1916,-7794.6,34090,23706,23706
0.496,0.08,0.38676,1.6247,4996.7,33882,36195,36195
0.496,0.064,-0.20458,-0.33519,-4.1266e+05,1.94e+06,35524,35524
0.496,0.048,-17.093,125.66,-4.0567e+05,1.9124e+06,23574,23574
0.496,0.032,-80.515,486.78,-4.0791e+05,1.9145e+06,10380,10380
0.496,0.016,-7.2713,197.38,0,0,3115.5,3115.5
